01    11.283    0.389  -10.978   44.767   52.151 -126.643    1606799572217
02     9.361    1.575  -11.716   72.099   40.609   78.700    1606799572217
01    11.300    0.399  -10.971   44.502   51.860 -126.729    1606799572230
02     9.375    1.594  -11.708   72.002   40.405   78.621    1606799572230
01    11.327    0.419  -10.950   44.386   51.567 -126.880    1606799572243
02     9.393    1.611  -11.697   71.836   40.179   78.418    1606799572243
01    11.336    0.454  -10.941   44.635   51.350 -126.795    1606799572259
02     9.399    1.635  -11.690   71.856   39.959   78.371    1606799572259
01    11.337    0.479  -10.935   44.881   51.196 -126.668    1606799572284
02     9.391    1.646  -11.687   71.985   39.861   78.441    1606799572284
01    11.324    0.489  -10.939   45.127   51.238 -126.561    1606799572294
02     9.377    1.647  -11.684   72.152   39.870   78.561    1606799572294
01    11.308    0.486  -10.945   45.313   51.382 -126.437    1606799572309
02     9.359    1.643  -11.686   72.302   39.945   78.729    1606799572309
01    11.299    0.475  -10.946   45.294   51.546 -126.420    1606799572330
02     9.345    1.637  -11.688   72.424   40.082   78.921    1606799572330
01    11.298    0.457  -10.945   45.129   51.697 -126.461    1606799572344
02     9.337    1.637  -11.685   72.515   40.209   79.059    1606799572344
01    11.298    0.446  -10.945   44.957   51.800 -126.462    1606799572360
02     9.335    1.634  -11.682   72.460   40.298   79.153    1606799572360
01    11.307    0.450  -10.935   44.811   51.796 -126.460    1606799572370
02     9.340    1.640  -11.674   72.366   40.277   79.214    1606799572370
01    11.315    0.453  -10.923   44.664   51.736 -126.495    1606799572395
02     9.348    1.649  -11.664   72.257   40.213   79.200    1606799572395
01    11.323    0.465  -10.912   44.636   51.624 -126.482    1606799572410
02     9.359    1.662  -11.647   72.134   40.105   79.117    1606799572410
01    11.327    0.481  -10.901   44.711   51.509 -126.442    1606799572430
02     9.361    1.687  -11.635   72.152   39.959   79.119    1606799572430
01    11.325    0.506  -10.895   44.894   51.410 -126.333    1606799572445
02     9.362    1.712  -11.618   72.189   39.802   79.098    1606799572445
01    11.319    0.515  -10.891   45.047   51.389 -126.236    1606799572461
02     9.355    1.726  -11.608   72.271   39.690   79.106    1606799572461
01    11.315    0.510  -10.886   45.106   51.421 -126.220    1606799572471
02     9.340    1.716  -11.613   72.352   39.686   79.180    1606799572471
01    11.303    0.509  -10.890   45.204   51.485 -126.140    1606799572496
02     9.330    1.709  -11.614   72.425   39.719   79.258    1606799572496
01    11.302    0.506  -10.892   45.213   51.534 -126.078    1606799572512
02     9.334    1.706  -11.610   72.456   39.758   79.320    1606799572512
01    11.318    0.494  -10.883   45.041   51.534 -126.139    1606799572530
02     9.347    1.699  -11.603   72.421   39.799   79.352    1606799572530
01    11.332    0.495  -10.877   44.907   51.479 -126.156    1606799572547
02     9.366    1.706  -11.594   72.326   39.775   79.359    1606799572547
01    11.347    0.507  -10.868   44.807   51.327 -126.138    1606799572562
02     9.376    1.726  -11.594   72.262   39.659   79.422    1606799572562
01    11.363    0.531  -10.858   44.781   51.047 -126.093    1606799572571
02     9.399    1.748  -11.583   72.101   39.410   79.319    1606799572571
01    11.376    0.552  -10.844   44.837   50.752 -126.093    1606799572597
02     9.411    1.760  -11.578   72.065   39.221   79.219    1606799572597
01    11.370    0.575  -10.850   45.125   50.646 -125.953    1606799572613
02     9.400    1.767  -11.586   72.146   39.108   79.245    1606799572613
01    11.353    0.572  -10.864   45.314   50.699 -125.848    1606799572631
02     9.388    1.767  -11.595   72.275   39.076   79.305    1606799572631
01    11.340    0.562  -10.875   45.450   50.819 -125.772    1606799572648
02     9.378    1.758  -11.598   72.355   39.127   79.333    1606799572648
01    11.328    0.545  -10.888   45.497   51.006 -125.766    1606799572664
02     9.362    1.739  -11.609   72.457   39.265   79.428    1606799572664
01    11.327    0.530  -10.893   45.433   51.099 -125.780    1606799572673
02     9.356    1.719  -11.615   72.508   39.420   79.492    1606799572673
01    11.338    0.513  -10.890   45.200   51.125 -125.914    1606799572699
02     9.362    1.713  -11.614   72.464   39.501   79.500    1606799572699
01    11.346    0.504  -10.894   45.005   51.146 -125.970    1606799572714
02     9.366    1.712  -11.621   72.417   39.538   79.540    1606799572714
01    11.353    0.502  -10.898   44.855   51.085 -126.015    1606799572731
02     9.382    1.710  -11.621   72.307   39.516   79.472    1606799572731
01    11.368    0.510  -10.892   44.769   50.922 -126.063    1606799572750
02     9.403    1.715  -11.617   72.176   39.422   79.329    1606799572750
01    11.380    0.524  -10.889   44.760   50.768 -126.133    1606799572765
02     9.416    1.726  -11.619   72.113   39.307   79.220    1606799572765
01    11.386    0.530  -10.895   44.788   50.689 -126.178    1606799572775
02     9.420    1.734  -11.628   72.112   39.228   79.145    1606799572775
01    11.387    0.534  -10.903   44.841   50.655 -126.203    1606799572800
02     9.420    1.730  -11.640   72.106   39.214   79.098    1606799572800
01    11.384    0.533  -10.915   44.896   50.681 -126.236    1606799572816
02     9.418    1.727  -11.654   72.122   39.223   79.068    1606799572816
01    11.381    0.521  -10.931   44.876   50.754 -126.276    1606799572831
02     9.411    1.710  -11.677   72.142   39.307   79.071    1606799572831
01    11.389    0.500  -10.944   44.736   50.801 -126.407    1606799572851
02     9.414    1.682  -11.695   72.090   39.406   79.045    1606799572851
01    11.400    0.485  -10.966   44.612   50.843 -126.504    1606799572866
02     9.432    1.668  -11.711   71.998   39.461   78.988    1606799572866
01    11.418    0.473  -10.973   44.381   50.817 -126.669    1606799572876
02     9.447    1.670  -11.725   71.877   39.468   78.909    1606799572876
01    11.437    0.476  -10.974   44.227   50.664 -126.808    1606799572901
02     9.462    1.677  -11.741   71.767   39.434   78.777    1606799572901
01    11.442    0.480  -10.985   44.179   50.557 -126.914    1606799572917
02     9.479    1.681  -11.750   71.652   39.370   78.586    1606799572917
01    11.450    0.486  -10.992   44.202   50.424 -127.009    1606799572932
02     9.490    1.684  -11.756   71.588   39.268   78.413    1606799572932
01    11.445    0.491  -11.006   44.290   50.394 -127.043    1606799572947
02     9.480    1.682  -11.775   71.654   39.270   78.402    1606799572947
01    11.443    0.491  -11.018   44.353   50.412 -127.071    1606799572952
02     9.470    1.676  -11.793   71.735   39.287   78.451    1606799572952
01    11.432    0.468  -11.038   44.330   50.548 -127.081    1606799572977
02     9.455    1.655  -11.809   71.806   39.429   78.515    1606799572977
01    11.432    0.451  -11.049   44.247   50.631 -127.119    1606799572993
02     9.444    1.652  -11.818   71.954   39.518   78.656    1606799572993
01    11.440    0.434  -11.053   44.074   50.698 -127.197    1606799573002
02     9.442    1.652  -11.820   72.074   39.593   78.819    1606799573002
01    11.448    0.435  -11.059   43.945   50.708 -127.244    1606799573032
02     9.456    1.652  -11.817   72.078   39.611   78.887    1606799573032
01    11.456    0.434  -11.061   43.795   50.662 -127.287    1606799573047
02     9.465    1.655  -11.820   72.058   39.607   78.913    1606799573047
01    11.464    0.447  -11.061   43.769   50.573 -127.300    1606799573053
02     9.479    1.665  -11.818   72.039   39.540   78.881    1606799573053
01    11.469    0.462  -11.062   43.813   50.478 -127.311    1606799573078
02     9.487    1.661  -11.821   71.999   39.509   78.833    1606799573078
01    11.473    0.470  -11.059   43.886   50.404 -127.330    1606799573094
02     9.494    1.659  -11.822   71.971   39.489   78.748    1606799573094
01    11.465    0.473  -11.069   43.993   50.431 -127.322    1606799573104
02     9.487    1.662  -11.830   72.028   39.474   78.760    1606799573104
01    11.462    0.460  -11.069   44.006   50.481 -127.372    1606799573132
02     9.478    1.647  -11.840   72.040   39.548   78.772    1606799573132
01    11.456    0.451  -11.075   44.024   50.560 -127.377    1606799573148
02     9.474    1.639  -11.842   72.073   39.600   78.800    1606799573148
01    11.454    0.435  -11.078   43.970   50.634 -127.382    1606799573154
02     9.466    1.631  -11.848   72.149   39.718   78.915    1606799573154
01    11.461    0.427  -11.074   43.843   50.656 -127.404    1606799573180
02     9.466    1.635  -11.845   72.248   39.798   79.029    1606799573180
01    11.471    0.418  -11.067   43.624   50.658 -127.464    1606799573195
02     9.469    1.644  -11.839   72.332   39.818   79.156    1606799573195
01    11.485    0.428  -11.055   43.501   50.544 -127.458    1606799573205
02     9.478    1.662  -11.827   72.389   39.711   79.201    1606799573205
01    11.499    0.444  -11.043   43.443   50.371 -127.446    1606799573232
02     9.491    1.679  -11.813   72.368   39.548   79.154    1606799573232
01    11.507    0.470  -11.030   43.527   50.225 -127.384    1606799573248
02     9.500    1.694  -11.800   72.378   39.443   79.121    1606799573248
01    11.506    0.497  -11.023   43.728   50.117 -127.301    1606799573256
02     9.503    1.709  -11.789   72.417   39.349   79.052    1606799573256
01    11.495    0.510  -11.022   43.959   50.108 -127.220    1606799573281
02     9.496    1.708  -11.788   72.454   39.331   79.021    1606799573281
01    11.483    0.511  -11.024   44.138   50.173 -127.177    1606799573297
02     9.490    1.696  -11.788   72.460   39.346   78.984    1606799573297
01    11.466    0.506  -11.034   44.305   50.300 -127.121    1606799573306
02     9.474    1.679  -11.793   72.497   39.451   79.013    1606799573306
01    11.460    0.496  -11.032   44.376   50.427 -127.121    1606799573332
02     9.457    1.668  -11.802   72.598   39.598   79.115    1606799573332
01    11.450    0.475  -11.041   44.310   50.611 -127.136    1606799573348
02     9.449    1.653  -11.804   72.605   39.765   79.202    1606799573348
01    11.455    0.460  -11.037   44.126   50.699 -127.201    1606799573357
02     9.448    1.655  -11.802   72.674   39.878   79.369    1606799573357
01    11.464    0.456  -11.031   43.992   50.698 -127.188    1606799573383
02     9.457    1.665  -11.790   72.689   39.853   79.482    1606799573383
01    11.474    0.461  -11.024   43.878   50.617 -127.180    1606799573398
02     9.473    1.679  -11.777   72.630   39.742   79.477    1606799573398
01    11.485    0.473  -11.012   43.851   50.460 -127.176    1606799573408
02     9.482    1.692  -11.767   72.630   39.598   79.450    1606799573408
01    11.490    0.502  -11.003   44.028   50.287 -127.090    1606799573433
02     9.488    1.707  -11.760   72.662   39.455   79.383    1606799573433
01    11.496    0.528  -10.990   44.210   50.155 -127.073    1606799573449
02     9.491    1.720  -11.757   72.728   39.345   79.278    1606799573449
01    11.485    0.544  -10.993   44.546   50.080 -126.955    1606799573458
02     9.489    1.715  -11.756   72.760   39.299   79.183    1606799573458
01    11.472    0.544  -11.001   44.848   50.132 -126.870    1606799573484
02     9.474    1.705  -11.769   72.824   39.319   79.177    1606799573484
01    11.455    0.532  -11.015   45.030   50.306 -126.805    1606799573499
02     9.462    1.690  -11.777   72.872   39.399   79.209    1606799573499
01    11.449    0.513  -11.021   44.994   50.442 -126.839    1606799573509
02     9.456    1.672  -11.783   72.878   39.536   79.226    1606799573509
01    11.451    0.497  -11.021   44.857   50.497 -126.868    1606799573534
02     9.455    1.663  -11.784   72.863   39.634   79.254    1606799573534
01    11.458    0.486  -11.020   44.642   50.504 -126.924    1606799573550
02     9.460    1.657  -11.781   72.802   39.693   79.270    1606799573550
01    11.469    0.482  -11.014   44.463   50.405 -126.956    1606799573560
02     9.469    1.662  -11.774   72.753   39.669   79.266    1606799573560
01    11.479    0.489  -11.007   44.391   50.249 -126.958    1606799573576
02     9.482    1.676  -11.765   72.702   39.565   79.209    1606799573576
01    11.487    0.498  -10.999   44.379   50.102 -126.994    1606799573585
02     9.491    1.686  -11.762   72.670   39.462   79.145    1606799573585
01    11.489    0.511  -10.997   44.473   49.971 -126.995    1606799573610
02     9.496    1.693  -11.760   72.660   39.373   79.048    1606799573610
01    11.490    0.517  -10.994   44.597   49.868 -127.037    1606799573632
02     9.494    1.696  -11.764   72.679   39.251   78.962    1606799573632
01    11.479    0.519  -11.004   44.781   49.910 -126.960    1606799573636
02     9.488    1.694  -11.769   72.724   39.206   78.929    1606799573636
01    11.468    0.514  -11.014   44.884   49.997 -126.924    1606799573661
02     9.474    1.684  -11.782   72.851   39.333   79.022    1606799573661
01    11.465    0.507  -11.019   44.838   50.040 -126.993    1606799573677
02     9.455    1.668  -11.799   73.067   39.579   79.138    1606799573677
01    11.467    0.496  -11.023   44.665   50.036 -127.111    1606799573686
02     9.398    1.633  -11.849   73.741   40.168   79.703    1606799573686
01    11.471    0.485  -11.028   44.429   50.011 -127.237    1606799573712
02     9.338    1.602  -11.897   75.098   41.147   80.804    1606799573712
01    11.481    0.472  -11.040   44.140   49.907 -127.369    1606799573732
02     9.308    1.596  -11.926   76.251   41.751   81.604    1606799573732
01    11.503    0.462  -11.042   43.495   49.503 -127.773    1606799573737
02     9.317    1.620  -11.932   76.763   41.779   81.738    1606799573737
01    11.530    0.462  -11.050   42.635   48.788 -128.492    1606799573762
02     9.293    1.609  -11.974   77.431   42.147   81.876    1606799573762
01    11.585    0.430  -11.073   40.352   48.083 -130.785    1606799573778
02     9.119    1.519  -12.124   80.526   44.299   83.446    1606799573778
01    11.705    0.311  -11.091   35.257   47.030 -135.519    1606799573788
02     8.654    1.208  -12.432   90.043   49.825   89.959    1606799573788
01    11.926    0.148  -11.056   28.934   44.826 -141.002    1606799573813
02     8.126    0.702  -12.676  108.489   56.532  103.659    1606799573813
01    12.158   -0.095  -11.006   21.632   41.789 -146.680    1606799573832
02     7.821    0.460  -12.733  128.810   58.692  118.515    1606799573832
01    12.356   -0.285  -10.985   15.547   38.442 -150.919    1606799573838
02     7.656    0.427  -12.727  140.848   57.257  127.918    1606799573838
01    12.563   -0.400  -10.898   10.862   34.047 -154.547    1606799573864
02     7.542    0.382  -12.705  148.531   54.949  134.078    1606799573864
01    12.704   -0.446  -10.846    7.987   29.695 -157.291    1606799573879
02     7.448    0.327  -12.715  153.960   52.774  137.710    1606799573879
01    12.782   -0.462  -10.827    6.148   26.090 -159.538    1606799573889
02     7.358    0.270  -12.757  158.088   51.188  139.790    1606799573889
01    12.841   -0.587  -10.838    3.613   23.252 -161.931    1606799573914
02     7.240    0.252  -12.826  160.583   49.606  141.369    1606799573914
01    12.875   -0.792  -10.874    0.030   21.119 -163.990    1606799573932
02     7.152    0.283  -12.868  161.523   48.103  142.846    1606799573932
01    12.880   -0.957  -10.931   -3.330   19.605 -165.495    1606799573940
02     7.106    0.320  -12.899  161.491   46.763  144.172    1606799573940
01    12.886   -1.055  -10.987   -5.496   18.401 -166.320    1606799573965
02     7.069    0.324  -12.959  161.596   45.968  145.344    1606799573965
01    12.903   -1.068  -11.019   -6.246   17.430 -166.824    1606799573980
02     7.060    0.301  -13.037  161.488   45.898  145.861    1606799573980
01    12.886   -1.071  -11.090   -6.142   17.280 -167.256    1606799573990
02     7.052    0.259  -13.138  161.455   46.418  146.067    1606799573990
01    12.833   -0.996  -11.190   -4.745   17.949 -167.270    1606799574015
02     7.032    0.283  -13.289  160.140   47.507  144.726    1606799574015
01    12.778   -0.871  -11.280   -2.351   19.016 -166.111    1606799574033
02     7.112    0.457  -13.428  154.516   49.843  139.785    1606799574033
01    12.705   -0.745  -11.376    0.702   20.647 -164.136    1606799574041
02     7.346    0.716  -13.500  142.728   52.469  130.607    1606799574041
01    12.609   -0.599  -11.490    4.568   22.913 -161.444    1606799574066
02     7.762    0.991  -13.478  124.261   53.917  116.885    1606799574066
01    12.470   -0.438  -11.622    9.260   25.914 -158.217    1606799574082
02     8.309    1.093  -13.387   95.492   52.112   96.936    1606799574082
01    12.213   -0.220  -11.842   14.851   29.935 -154.648    1606799574091
02     8.910    1.033  -13.254   71.899   46.662   81.543    1606799574091
01    11.848   -0.029  -12.092   22.594   35.851 -149.397    1606799574117
02     9.458    0.879  -13.092   56.493   39.521   71.782    1606799574117
01    11.444    0.070  -12.307   32.299   42.864 -142.088    1606799574133
02     9.846    0.760  -12.937   47.052   31.379   67.065    1606799574133
01    11.122   -0.005  -12.480   40.483   49.690 -135.113    1606799574142
02    10.087    0.773  -12.753   42.766   22.968   67.499    1606799574142
01    11.144    0.071  -12.394   41.937   49.703 -135.627    1606799574167
02    10.029    0.861  -12.788   45.286   22.021   67.891    1606799574167
01    11.141    0.011  -12.380   39.890   49.528 -137.602    1606799574183
02    10.032    0.845  -12.793   46.214   21.656   67.342    1606799574183
01    11.155   -0.046  -12.370   37.544   49.138 -139.864    1606799574193
02    10.069    0.825  -12.792   46.708   21.503   66.365    1606799574193
01    11.168   -0.117  -12.389   35.216   49.208 -142.089    1606799574218
02    10.101    0.795  -12.828   46.757   21.899   65.291    1606799574218
01    11.137   -0.283  -12.478   31.845   50.511 -145.105    1606799574233
02    10.067    0.744  -12.947   46.809   23.716   63.947    1606799574233
01    11.198   -0.380  -12.493   27.847   51.148 -149.256    1606799574244
02    10.029    0.629  -13.114   46.705   27.309   61.722    1606799574244
01    11.409   -0.517  -12.400   21.940   48.855 -155.239    1606799574259
02     9.595    0.523  -13.593   51.750   37.346   61.809    1606799574259
01    11.714   -0.718  -12.233   14.408   43.286 -162.079    1606799574269
02     9.117    0.097  -14.060   60.743   51.991   63.521    1606799574269
01    11.986   -0.909  -12.097    7.984   37.137 -167.010    1606799574294
02     8.766   -0.407  -14.380   74.963   66.926   70.306    1606799574294
01    12.272   -1.014  -11.963    2.365   29.946 -170.175    1606799574310
02     8.320   -0.696  -14.582  115.181   75.954  104.734    1606799574310
01    12.458   -1.018  -11.909   -0.374   24.868 -171.205    1606799574334
02     7.898   -0.629  -14.606  147.856   71.711  134.768    1606799574334
01    12.587   -0.959  -11.870   -0.735   21.918 -170.935    1606799574345
02     7.623   -0.448  -14.446  154.095   64.840  140.711    1606799574345
01    12.641   -0.889  -11.884   -0.218   20.889 -170.257    1606799574361
02     7.625   -0.269  -14.319  154.433   61.916  140.290    1606799574361
01    12.632   -0.765  -11.938    1.424   20.879 -169.068    1606799574370
02     7.735   -0.113  -14.342  151.770   62.524  136.800    1606799574370
01    12.581   -0.582  -12.009    4.546   21.947 -167.193    1606799574396
02     7.975    0.083  -14.385  141.415   64.532  127.182    1606799574396
01    12.435   -0.360  -12.147    9.398   24.824 -164.304    1606799574411
02     8.357    0.241  -14.383  123.310   66.305  111.044    1606799574411
01    12.231   -0.188  -12.312   15.086   28.883 -160.727    1606799574434
02     8.794    0.314  -14.345  100.742   65.803   90.926    1606799574434
01    12.035   -0.125  -12.465   19.988   33.074 -157.458    1606799574447
02     9.145    0.317  -14.314   82.933   62.748   75.448    1606799574447
01    11.878   -0.099  -12.585   23.753   36.445 -154.870    1606799574462
02     9.416    0.330  -14.284   71.574   58.827   65.923    1606799574462
01    11.689   -0.086  -12.727   26.990   39.575 -152.685    1606799574472
02     9.754    0.358  -14.157   62.869   53.697   58.925    1606799574472
01    11.484   -0.090  -12.883   30.939   43.672 -150.172    1606799574497
02    10.176    0.410  -13.878   54.461   44.686   53.180    1606799574497
01    11.365   -0.074  -12.959   34.455   46.813 -148.469    1606799574513
02    10.205    0.480  -13.842   51.938   37.563   53.558    1606799574513
01    11.272   -0.114  -13.026   36.407   48.966 -147.728    1606799574534
02    10.166    0.454  -13.861   51.414   35.276   53.354    1606799574534
01    11.211   -0.158  -13.065   36.830   50.126 -147.957    1606799574548
02    10.127    0.422  -13.877   51.308   34.405   53.293    1606799574548
01    11.210   -0.212  -13.071   35.959   50.638 -148.813    1606799574564
02    10.116    0.383  -13.897   50.938   34.647   52.712    1606799574564
01    11.248   -0.298  -13.060   33.439   50.586 -150.867    1606799574573
02     9.888    0.323  -14.104   52.609   38.883   53.181    1606799574573
01    11.399   -0.402  -12.965   28.363   48.369 -155.787    1606799574599
02     9.426    0.069  -14.447   58.299   49.348   55.606    1606799574599
01    11.619   -0.560  -12.817   21.467   43.812 -162.271    1606799574615
02     9.031   -0.321  -14.695   66.674   61.450   59.322    1606799574615
01    11.792   -0.700  -12.709   15.647   39.056 -167.024    1606799574634
02     8.439   -0.833  -14.940   84.523   71.942   72.961    1606799574634
01    11.931   -0.800  -12.623   11.185   34.955 -170.041    1606799574650
02     7.870   -1.097  -15.001  127.432   76.294  112.662    1606799574650
01    12.034   -0.828  -12.565    8.001   31.143 -171.663    1606799574665
02     7.396   -1.057  -14.905  157.344   70.381  140.964    1606799574665
01    12.117   -0.835  -12.520    6.278   28.347 -172.041    1606799574675
02     7.050   -0.876  -14.695  163.140   62.674  146.798    1606799574675
01    12.167   -0.790  -12.489    6.011   26.689 -171.408    1606799574701
02     6.894   -0.689  -14.500  163.292   57.608  147.260    1606799574701
01    12.169   -0.672  -12.481    7.487   26.029 -169.963    1606799574716
02     6.859   -0.561  -14.414  162.625   55.679  146.291    1606799574716
01    12.127   -0.489  -12.495   10.931   26.397 -167.716    1606799574735
02     6.960   -0.426  -14.416  159.935   56.634  142.795    1606799574735
01    12.015   -0.295  -12.551   15.750   28.309 -164.865    1606799574751
02     7.221   -0.250  -14.456  152.229   59.971  134.565    1606799574751
01    11.852   -0.119  -12.628   21.405   31.505 -161.093    1606799574767
02     7.640    0.000  -14.463  133.807   63.102  117.521    1606799574767
01    11.620    0.022  -12.747   27.114   35.422 -156.765    1606799574777
02     8.132    0.195  -14.386  107.796   62.411   95.102    1606799574777
01    11.394    0.062  -12.859   31.457   38.910 -153.354    1606799574792
02     8.570    0.321  -14.269   86.674   57.313   78.486    1606799574792
01    11.188    0.074  -12.965   35.248   42.354 -150.372    1606799574817
02     9.085    0.427  -14.063   70.904   49.461   67.106    1606799574817
01    11.001    0.075  -13.068   38.459   45.489 -148.124    1606799574827
02     9.523    0.465  -13.859   59.912   40.211   59.537    1606799574827
01    10.915    0.040  -13.106   40.071   47.468 -147.766    1606799574850
02     9.539    0.510  -13.909   57.723   36.145   58.011    1606799574850
01    10.842   -0.010  -13.148   41.092   49.358 -147.627    1606799574853
02     9.521    0.496  -13.949   57.612   35.035   57.223    1606799574853
01    10.792   -0.117  -13.194   40.781   51.149 -148.100    1606799574878
02     9.439    0.428  -14.039   58.297   36.440   56.927    1606799574878
01    10.817   -0.202  -13.195   39.139   51.978 -149.582    1606799574893
02     9.229    0.271  -14.241   60.861   41.786   57.091    1606799574893
01    10.972   -0.303  -13.117   34.823   50.650 -153.442    1606799574904
02     8.757   -0.149  -14.587   69.000   53.955   61.008    1606799574904
01    11.220   -0.429  -12.984   28.690   47.134 -158.464    1606799574928
02     8.443   -0.589  -14.790   81.920   66.135   69.169    1606799574928
01    11.458   -0.551  -12.871   22.658   42.901 -162.811    1606799574951
02     8.028   -0.977  -14.926  110.125   73.748   94.058    1606799574951
01    11.658   -0.646  -12.782   17.615   38.770 -165.855    1606799574954
02     7.584   -1.112  -14.926  142.630   72.849  124.655    1606799574954
01    11.846   -0.654  -12.698   13.995   34.316 -167.864    1606799574980
02     7.209   -1.024  -14.793  158.212   66.115  139.671    1606799574980
01    11.947   -0.608  -12.656   12.078   30.959 -168.789    1606799574995
02     7.014   -0.853  -14.623  161.404   60.358  142.766    1606799574995
01    12.005   -0.571  -12.620   11.299   28.922 -169.140    1606799575005
02     6.942   -0.727  -14.542  162.013   57.797  142.979    1606799575005
01    12.030   -0.536  -12.595   11.132   27.772 -168.755    1606799575030
02     6.968   -0.609  -14.541  160.463   57.903  141.138    1606799575030
01    12.017   -0.456  -12.578   12.010   27.467 -167.464    1606799575051
02     7.104   -0.442  -14.573  155.512   59.692  136.495    1606799575051
01    11.931   -0.295  -12.608   14.879   28.458 -164.835    1606799575055
02     7.388   -0.245  -14.596  145.185   62.639  127.210    1606799575055
01    11.790   -0.133  -12.669   19.236   30.396 -161.779    1606799575081
02     7.761   -0.080  -14.593  129.018   65.143  112.254    1606799575081
01    11.633   -0.028  -12.740   23.648   32.912 -159.186    1606799575097
02     8.107    0.064  -14.570  110.543   65.004   94.980    1606799575097
01    11.482    0.022  -12.821   27.310   35.845 -157.001    1606799575106
02     8.526    0.248  -14.491   94.368   61.943   80.710    1606799575106
01    11.309    0.017  -12.927   29.991   39.138 -155.185    1606799575132
02     9.098    0.467  -14.240   76.184   53.830   66.580    1606799575132
01    11.147    0.002  -13.022   32.214   42.119 -153.567    1606799575136
02     9.610    0.541  -13.905   61.838   41.439   58.174    1606799575136
01    11.060   -0.005  -13.064   34.051   44.243 -152.318    1606799575157
02     9.660    0.608  -13.888   57.750   34.450   57.876    1606799575157
01    11.013   -0.026  -13.082   35.088   45.710 -151.477    1606799575183
02     9.698    0.632  -13.866   56.273   31.811   57.432    1606799575183
01    10.988   -0.057  -13.090   35.304   46.608 -151.180    1606799575198
02     9.711    0.602  -13.870   55.527   31.405   56.636    1606799575198
01    10.930   -0.123  -13.129   34.919   47.844 -151.289    1606799575208
02     9.572    0.570  -14.001   56.423   33.631   56.538    1606799575208
01    10.921   -0.145  -13.138   34.390   48.459 -151.908    1606799575234
02     9.165    0.423  -14.324   61.562   41.577   58.058    1606799575234
01    10.995   -0.200  -13.089   32.160   47.539 -154.214    1606799575251
02     8.710    0.020  -14.636   70.355   53.784   61.799    1606799575251
01    11.144   -0.308  -13.001   28.073   45.189 -157.792    1606799575259
02     8.380   -0.367  -14.816   82.430   64.307   69.324    1606799575259
01    11.325   -0.441  -12.906   23.308   42.097 -161.452    1606799575284
02     8.049   -0.668  -14.926  102.726   71.091   86.822    1606799575285
01    11.495   -0.546  -12.827   19.037   39.001 -164.313    1606799575300
02     7.678   -0.856  -14.965  128.409   72.493  111.103    1606799575300
01    11.645   -0.605  -12.760   15.063   35.331 -166.876    1606799575310
02     7.396   -0.870  -14.901  145.827   69.787  127.672    1606799575310
01    11.742   -0.594  -12.723   13.056   32.336 -168.186    1606799575326
02     7.246   -0.808  -14.806  153.828   66.239  134.998    1606799575326
01    11.768   -0.504  -12.714   13.334   30.851 -168.174    1606799575336
02     7.236   -0.763  -14.756  156.713   64.976  137.009    1606799575336
01    11.755   -0.415  -12.714   14.722   30.321 -167.391    1606799575361
02     7.287   -0.705  -14.757  155.619   65.458  135.275    1606799575361
01    11.721   -0.340  -12.727   16.313   30.455 -166.222    1606799575376
02     7.378   -0.619  -14.782  151.015   66.563  130.804    1606799575376
01    11.682   -0.318  -12.739   17.289   30.864 -165.378    1606799575386
02     7.547   -0.490  -14.798  141.864   68.063  122.407    1606799575386
01    11.627   -0.275  -12.761   18.546   31.496 -164.218    1606799575411
02     7.767   -0.353  -14.802  128.507   69.093  110.455    1606799575411
01    11.532   -0.196  -12.806   20.713   32.770 -162.701    1606799575427
02     8.081   -0.191  -14.755  110.407   68.736   93.826    1606799575427
01    11.398   -0.124  -12.883   23.674   34.934 -160.945    1606799575437
02     8.480    0.003  -14.655   93.557   65.913   78.466    1606799575437
01    11.193   -0.061  -13.003   27.083   37.802 -158.961    1606799575462
02     9.036    0.244  -14.424   76.849   58.978   64.116    1606799575462
01    10.982   -0.033  -13.138   31.793   42.050 -155.882    1606799575478
02     9.585    0.382  -14.060   62.610   46.394   54.366    1606799575478
01    10.900   -0.028  -13.173   35.477   44.872 -153.839    1606799575488
02     9.555    0.464  -14.055   59.159   37.857   55.543    1606799575488
01    10.863   -0.046  -13.190   36.951   46.026 -152.871    1606799575513
02     9.569    0.496  -14.032   58.170   34.547   55.760    1606799575513
01    10.879   -0.099  -13.182   36.518   46.146 -152.842    1606799575529
02     9.608    0.505  -14.015   57.366   33.288   55.593    1606799575529
01    10.897   -0.148  -13.173   35.493   46.259 -153.050    1606799575539
02     9.601    0.477  -14.054   56.823   33.984   55.114    1606799575539
01    10.903   -0.160  -13.186   34.416   46.523 -153.575    1606799575564
02     9.332    0.405  -14.290   59.427   39.317   55.812    1606799575564
01    10.992   -0.206  -13.143   31.837   45.430 -155.859    1606799575580
02     8.851    0.136  -14.632   66.599   49.655   59.735    1606799575580
01    11.161   -0.311  -13.046   27.405   42.724 -159.605    1606799575590
02     8.432   -0.296  -14.859   78.190   61.573   67.343    1606799575590
01    11.351   -0.438  -12.941   22.157   39.101 -163.462    1606799575615
02     7.985   -0.715  -15.000  102.922   70.967   88.411    1606799575615
01    11.564   -0.571  -12.825   16.906   34.918 -166.791    1606799575631
02     7.460   -0.967  -15.035  138.075   71.955  120.896    1606799575631
01    11.723   -0.627  -12.737   12.650   30.553 -169.216    1606799575641
02     7.053   -0.992  -14.908  158.652   66.289  140.055    1606799575641
01    11.826   -0.649  -12.681   10.312   27.464 -170.728    1606799575666
02     6.823   -0.918  -14.730  165.551   60.158  146.351    1606799575666
01    11.896   -0.638  -12.631    9.318   25.432 -171.238    1606799575682
02     6.712   -0.860  -14.618  168.706   56.356  148.804    1606799575682
01    11.939   -0.588  -12.601    9.372   24.161 -170.983    1606799575692
02     6.671   -0.830  -14.568  170.408   54.817  149.836    1606799575692
01    11.964   -0.539  -12.580    9.811   23.366 -170.305    1606799575717
02     6.650   -0.726  -14.566  169.372   54.272  148.493    1606799575717
01    11.948   -0.387  -12.592   11.789   23.287 -168.782    1606799575733
02     6.717   -0.553  -14.591  165.052   55.245  144.475    1606799575733
01    11.873   -0.235  -12.638   15.085   24.496 -166.856    1606799575743
02     6.946   -0.352  -14.635  156.351   58.659  136.376    1606799575743
01    11.770   -0.148  -12.701   18.184   26.475 -165.198    1606799575758
02     7.289   -0.160  -14.667  140.552   62.492  122.309    1606799575758
01    11.615   -0.107  -12.810   20.875   29.339 -163.446    1606799575784
02     7.726    0.048  -14.639  116.014   63.485  100.952    1606799575784
01    11.459   -0.062  -12.908   23.700   32.512 -161.424    1606799575793
02     8.362    0.244  -14.505   91.399   59.496   80.865    1606799575793
01    11.272   -0.016  -13.017   26.958   35.772 -158.945    1606799575810
02     9.075    0.396  -14.222   69.545   49.239   65.156    1606799575810
01    11.065    0.025  -13.127   31.303   39.476 -155.932    1606799575819
02     9.624    0.418  -13.887   56.045   35.939   57.150    1606799575819
01    10.969    0.007  -13.163   34.218   41.748 -154.478    1606799575845
02     9.565    0.544  -13.948   55.284   30.875   57.524    1606799575845
01    10.906   -0.037  -13.194   35.507   43.420 -153.876    1606799575860
02     9.544    0.563  -13.960   55.721   29.320   57.496    1606799575860
01    10.877   -0.103  -13.217   34.989   44.518 -154.419    1606799575870
02     9.533    0.531  -13.979   55.844   29.560   56.958    1606799575870
01    10.884   -0.197  -13.229   33.074   45.362 -155.957    1606799575895
02     9.412    0.447  -14.129   56.709   32.901   56.363    1606799575895
01    10.992   -0.279  -13.170   29.734   44.202 -158.937    1606799575911
02     8.984    0.239  -14.512   62.225   42.759   57.671    1606799575911
01    11.191   -0.399  -13.048   24.921   41.038 -162.913    1606799575921
02     8.604   -0.223  -14.828   71.481   57.084   61.263    1606799575921
01    11.431   -0.561  -12.911   19.237   36.760 -166.954    1606799575947
02     8.275   -0.644  -15.025   87.637   69.043   72.781    1606799575947
01    11.682   -0.730  -12.782   13.894   32.524 -170.033    1606799575962
02     7.834   -0.929  -15.120  122.722   74.217  105.048    1606799575962
01    11.870   -0.775  -12.712    9.768   28.456 -171.772    1606799575972
02     7.338   -0.981  -15.065  151.578   69.704  132.614    1606799575972
01    11.993   -0.768  -12.665    7.231   25.195 -172.730    1606799575997
02     6.992   -0.875  -14.866  161.214   62.035  142.055    1606799575997
01    12.077   -0.764  -12.624    5.952   23.033 -173.191    1606799576013
02     6.823   -0.797  -14.696  164.760   56.960  145.310    1606799576013
01    12.120   -0.743  -12.588    5.570   21.655 -173.050    1606799576022
02     6.746   -0.755  -14.617  167.598   54.768  147.068    1606799576022
01    12.176   -0.755  -12.527    5.124   20.403 -172.620    1606799576048
02     6.707   -0.690  -14.593  168.110   53.898  147.015    1606799576048
01    12.213   -0.767  -12.486    4.601   19.514 -172.152    1606799576063
02     6.711   -0.598  -14.590  166.689   53.800  145.862    1606799576063
01    12.197   -0.697  -12.500    5.204   19.384 -171.625    1606799576072
02     6.805   -0.491  -14.612  163.831   55.273  143.150    1606799576072
01    12.139   -0.576  -12.540    7.055   20.034 -171.184    1606799576099
02     6.963   -0.453  -14.657  160.466   58.298  139.647    1606799576099
01    12.053   -0.475  -12.605    9.319   21.462 -170.659    1606799576114
02     7.078   -0.427  -14.727  156.242   60.796  135.394    1606799576114
01    11.938   -0.376  -12.692   11.806   23.639 -169.672    1606799576124
02     7.167   -0.364  -14.780  149.567   62.229  129.633    1606799576124
01    11.795   -0.269  -12.789   14.740   26.386 -168.064    1606799576149
02     7.266   -0.259  -14.801  139.976   62.696  122.062    1606799576149
01    11.660   -0.215  -12.868   17.481   29.141 -166.244    1606799576165
02     7.451   -0.092  -14.786  127.739   62.422  112.543    1606799576165
01    11.543   -0.225  -12.925   19.243   31.470 -164.880    1606799576174
02     7.856    0.160  -14.691  110.098   60.780   98.764    1606799576174
01    11.368   -0.218  -13.001   21.315   34.242 -163.412    1606799576200
02     8.392    0.361  -14.515   89.537   56.391   82.821    1606799576200
01    11.175   -0.221  -13.084   23.634   37.362 -162.250    1606799576215
02     8.891    0.437  -14.319   74.257   50.543   70.412    1606799576215
01    11.017   -0.212  -13.157   25.968   40.390 -161.477    1606799576225
02     9.069    0.452  -14.268   67.270   46.122   64.684    1606799576225
01    10.866   -0.236  -13.226   27.950   43.485 -160.726    1606799576251
02     9.010    0.407  -14.300   65.836   44.560   63.764    1606799576251
01    10.789   -0.274  -13.250   29.150   45.680 -160.383    1606799576266
02     8.898    0.340  -14.344   66.587   45.098   64.136    1606799576266
01    10.797   -0.345  -13.226   28.713   46.215 -160.927    1606799576276
02     8.684    0.194  -14.476   69.651   48.410   65.618    1606799576276
01    10.914   -0.442  -13.139   26.213   44.870 -162.614    1606799576301
02     8.256   -0.150  -14.714   79.369   56.503   72.286    1606799576301
01    11.114   -0.555  -13.020   22.400   41.776 -165.069    1606799576317
02     7.861   -0.579  -14.868   99.105   65.537   87.960    1606799576317
01    11.393   -0.750  -12.868   16.792   37.217 -168.578    1606799576327
02     7.493   -0.906  -14.915  129.427   69.168  114.935    1606799576327
01    11.622   -0.910  -12.762   11.489   32.866 -171.115    1606799576339
02     7.166   -0.940  -14.859  150.364   65.530  133.950    1606799576339
01    11.782   -0.939  -12.707    8.270   29.370 -172.158    1606799576352
02     6.914   -0.829  -14.722  157.509   60.073  140.673    1606799576352
01    11.892   -0.829  -12.657    7.620   26.905 -172.053    1606799576378
02     6.807   -0.714  -14.595  159.414   56.718  142.030    1606799576378
01    11.935   -0.708  -12.626    8.201   25.465 -171.645    1606799576394
02     6.764   -0.640  -14.540  160.634   55.334  142.068    1606799576394
01    11.943   -0.622  -12.614    9.092   24.876 -171.169    1606799576403
02     6.770   -0.512  -14.543  159.184   55.373  139.882    1606799576403
01    11.890   -0.523  -12.640   10.507   25.398 -170.095    1606799576429
02     6.901   -0.311  -14.567  153.096   56.991  134.255    1606799576429
01    11.772   -0.368  -12.704   13.218   27.146 -167.783    1606799576439
02     7.235   -0.024  -14.550  138.421   59.404  121.783    1606799576439
01    11.586   -0.220  -12.805   17.175   30.173 -164.443    1606799576454
02     7.710    0.223  -14.461  116.010   59.695  103.307    1606799576454
01    11.352   -0.086  -12.924   22.142   33.978 -160.467    1606799576480
02     8.448    0.441  -14.245   91.692   55.553   84.122    1606799576480
01    11.052   -0.028  -13.076   30.215   40.333 -154.083    1606799576495
02     9.171    0.491  -13.947   67.956   45.142   66.878    1606799576495
01    10.762   -0.015  -13.230   38.676   46.696 -147.679    1606799576505
02     9.472    0.519  -13.809   56.369   33.988   61.067    1606799576505
01    10.586   -0.027  -13.295   44.540   50.591 -143.347    1606799576530
02     9.394    0.563  -13.846   54.103   29.457   62.083    1606799576530
01    10.503   -0.029  -13.299   47.788   52.346 -141.319    1606799576539
02     9.391    0.497  -13.806   52.693   27.074   61.536    1606799576539
01    10.492   -0.036  -13.271   47.946   52.213 -141.654    1606799576555
02     9.375    0.488  -13.792   52.659   25.816   61.308    1606799576555
01    10.534   -0.057  -13.214   46.483   51.455 -142.839    1606799576581
02     9.397    0.487  -13.770   52.235   25.003   60.833    1606799576581
01    10.572   -0.105  -13.185   44.160   51.017 -144.086    1606799576596
02     9.439    0.475  -13.759   51.254   25.002   59.858    1606799576596
01    10.625   -0.170  -13.164   41.205   50.704 -145.823    1606799576606
02     9.357    0.489  -13.861   51.980   27.582   59.421    1606799576606
01    10.762   -0.227  -13.096   36.685   48.971 -149.392    1606799576631
02     8.995    0.460  -14.161   57.341   35.791   61.425    1606799576631
01    10.959   -0.349  -12.997   30.197   45.820 -154.549    1606799576639
02     8.508    0.180  -14.494   67.610   49.256   66.076    1606799576639
01    11.160   -0.487  -12.905   23.409   41.906 -159.609    1606799576657
02     7.942   -0.217  -14.775   84.183   60.913   77.380    1606799576657
01    11.360   -0.606  -12.818   18.379   38.250 -163.362    1606799576682
02     7.455   -0.499  -14.866  105.877   66.372   95.602    1606799576682
01    11.514   -0.694  -12.760   14.235   34.772 -166.437    1606799576698
02     7.092   -0.616  -14.805  128.823   66.155  116.015    1606799576698
01    11.650   -0.781  -12.701   11.041   31.649 -168.749    1606799576708
02     6.884   -0.674  -14.688  143.988   63.328  129.287    1606799576708
01    11.758   -0.831  -12.644    8.913   29.186 -169.864    1606799576733
02     6.819   -0.674  -14.613  151.659   61.300  135.299    1606799576733
01    11.780   -0.796  -12.628    8.521   27.950 -169.750    1606799576740
02     6.893   -0.586  -14.597  152.655   61.397  135.330    1606799576740
01    11.736   -0.629  -12.649   10.685   27.884 -168.419    1606799576758
02     7.082   -0.450  -14.625  147.660   63.095  130.098    1606799576758
01    11.582   -0.360  -12.738   15.794   29.793 -165.203    1606799576784
02     7.443   -0.270  -14.636  134.203   65.667  116.890    1606799576784
01    11.388   -0.142  -12.824   22.127   32.847 -160.909    1606799576800
02     7.892   -0.066  -14.593  111.355   65.733   95.170    1606799576800
01    11.142   -0.033  -12.950   28.814   37.060 -155.862    1606799576809
02     8.319    0.133  -14.488   89.076   60.412   76.056    1606799576809
01    10.961    0.001  -13.043   34.351   40.870 -151.699    1606799576825
02     8.742    0.312  -14.287   73.721   51.351   65.841    1606799576825
01    10.843   -0.025  -13.115   37.191   43.903 -149.423    1606799576840
02     9.311    0.409  -13.906   62.210   40.745   59.942    1606799576840
01    10.824   -0.074  -13.116   37.375   45.211 -149.359    1606799576860
02     9.377    0.497  -13.896   57.341   33.684   59.864    1606799576860
01    10.805   -0.130  -13.129   36.715   46.227 -149.384    1606799576876
02     9.444    0.514  -13.865   54.886   30.316   59.738    1606799576876
01    10.781   -0.185  -13.146   35.586   47.001 -149.792    1606799576886
02     9.443    0.503  -13.895   53.873   29.967   59.088    1606799576886
01    10.761   -0.256  -13.160   34.080   47.719 -150.684    1606799576911
02     9.175    0.475  -14.126   56.488   34.405   59.647    1606799576911
01    10.781   -0.311  -13.147   32.092   47.710 -152.242    1606799576927
02     8.700    0.261  -14.467   63.244   43.937   62.012    1606799576927
01    10.827   -0.384  -13.131   29.379   47.140 -154.477    1606799576941
02     8.323   -0.064  -14.694   72.458   54.405   65.806    1606799576941
01    10.930   -0.490  -13.085   25.594   45.593 -157.594    1606799576962
02     7.942   -0.377  -14.844   85.944   62.854   75.075    1606799576962
01    11.118   -0.640  -12.998   21.263   43.118 -161.044    1606799576977
02     7.543   -0.606  -14.911  104.771   67.366   91.251    1606799576977
01    11.310   -0.784  -12.918   15.882   39.337 -165.147    1606799576987
02     7.132   -0.705  -14.880  122.905   67.221  108.169    1606799576987
01    11.452   -0.858  -12.860   12.032   35.743 -167.970    1606799577012
02     6.922   -0.682  -14.765  135.692   64.712  120.244    1606799577012
01    11.510   -0.828  -12.838   10.766   33.594 -168.990    1606799577028
02     6.944   -0.593  -14.691  139.396   63.514  123.165    1606799577028
01    11.489   -0.676  -12.849   12.486   32.990 -168.169    1606799577041
02     7.121   -0.455  -14.662  135.298   64.041  118.715    1606799577041
01    11.385   -0.517  -12.897   16.118   34.190 -165.890    1606799577063
02     7.447   -0.276  -14.624  122.024   64.709  106.158    1606799577063
01    11.239   -0.345  -12.956   21.270   36.249 -162.236    1606799577078
02     7.783   -0.128  -14.571  104.334   63.006   90.612    1606799577078
01    11.084   -0.211  -13.006   26.876   38.554 -158.139    1606799577088
02     8.015   -0.016  -14.521   90.960   59.060   80.120    1606799577088
01    10.954   -0.155  -13.052   31.504   40.709 -154.529    1606799577113
02     8.169    0.050  -14.482   82.781   55.229   74.679    1606799577113
01    10.824   -0.127  -13.115   35.297   42.887 -151.316    1606799577129
02     8.337    0.076  -14.435   76.539   52.269   70.235    1606799577129
01    10.698   -0.128  -13.175   38.372   45.146 -148.699    1606799577141
02     8.598    0.107  -14.344   69.754   48.597   64.799    1606799577141
01    10.568   -0.156  -13.244   41.230   47.693 -146.324    1606799577164
02     8.919    0.177  -14.198   62.996   42.918   59.786    1606799577164
01    10.472   -0.189  -13.288   43.788   50.246 -144.438    1606799577180
02     9.127    0.230  -14.084   58.487   37.205   57.214    1606799577180
01    10.394   -0.233  -13.333   45.329   52.207 -143.465    1606799577189
02     9.085    0.226  -14.135   57.942   35.817   56.440    1606799577189
01    10.343   -0.296  -13.371   45.327   54.006 -143.636    1606799577215
02     8.892    0.158  -14.290   60.116   38.560   56.643    1606799577215
01    10.382   -0.359  -13.355   42.872   54.298 -146.159    1606799577230
02     8.444   -0.116  -14.603   66.512   47.086   59.266    1606799577230
01    10.505   -0.460  -13.293   38.101   53.083 -150.719    1606799577241
02     8.100   -0.563  -14.826   75.512   58.240   63.118    1606799577241
01    10.668   -0.571  -13.229   32.363   50.639 -155.823    1606799577265
02     7.782   -0.943  -14.967   89.722   67.282   73.531    1606799577265
01    10.861   -0.700  -13.158   26.546   47.522 -160.669    1606799577281
02     7.452   -1.193  -15.025  111.139   71.727   92.885    1606799577281
01    11.049   -0.795  -13.091   21.876   44.317 -164.399    1606799577291
02     7.113   -1.260  -14.993  131.424   71.085  112.680    1606799577291
01    11.208   -0.850  -13.051   18.413   41.229 -166.997    1606799577316
02     6.868   -1.230  -14.884  144.209   67.532  125.932    1606799577316
01    11.344   -0.892  -13.002   15.709   38.291 -169.134    1606799577332
02     6.779   -1.148  -14.770  149.013   64.481  130.998    1606799577332
01    11.416   -0.859  -12.963   14.685   36.048 -170.031    1606799577342
02     6.791   -1.076  -14.714  150.373   63.455  132.099    1606799577342
01    11.418   -0.791  -12.959   14.992   34.943 -169.889    1606799577367
02     6.852   -0.986  -14.712  148.463   63.676  130.003    1606799577367
01    11.396   -0.725  -12.958   16.073   34.763 -169.097    1606799577382
02     6.988   -0.836  -14.718  141.707   64.476  123.746    1606799577382
01    11.336   -0.645  -12.974   17.916   35.476 -167.527    1606799577392
02     7.220   -0.650  -14.702  128.713   65.099  112.356    1606799577392
01    11.249   -0.603  -13.013   19.720   36.649 -165.952    1606799577418
02     7.491   -0.481  -14.664  112.418   64.239   98.582    1606799577418
01    11.191   -0.567  -13.032   21.329   37.511 -164.723    1606799577433
02     7.725   -0.359  -14.625   98.426   61.792   87.474    1606799577433
01    11.120   -0.502  -13.058   23.460   38.535 -163.203    1606799577443
02     7.987   -0.261  -14.580   88.426   59.066   79.849    1606799577443
01    11.000   -0.438  -13.116   26.175   40.242 -161.437    1606799577459
02     8.407   -0.176  -14.454   76.501   54.728   69.691    1606799577459
01    10.844   -0.408  -13.195   28.966   42.523 -159.603    1606799577468
02     8.885   -0.093  -14.238   64.870   46.990   60.114    1606799577468
01    10.692   -0.409  -13.266   32.220   45.537 -157.318    1606799577494
02     9.207    0.018  -14.015   57.525   37.100   56.419    1606799577494
01    10.609   -0.400  -13.294   35.092   47.572 -155.293    1606799577509
02     9.182    0.092  -14.027   56.630   32.863   56.713    1606799577509
01    10.574   -0.426  -13.311   36.466   49.062 -153.955    1606799577518
02     9.196    0.118  -14.019   56.485   31.410   56.632    1606799577518
01    10.533   -0.476  -13.345   36.551   50.557 -153.342    1606799577544
02     9.045    0.097  -14.158   57.874   33.940   57.109    1606799577544
01    10.568   -0.532  -13.330   35.281   51.150 -154.199    1606799577560
02     8.731    0.002  -14.411   62.197   40.541   58.631    1606799577560
01    10.650   -0.583  -13.295   32.723   50.494 -156.297    1606799577569
02     8.302   -0.274  -14.689   70.457   50.673   62.843    1606799577569
01    10.793   -0.673  -13.227   28.436   48.424 -160.023    1606799577595
02     7.911   -0.619  -14.870   82.997   60.490   71.277    1606799577595
01    10.957   -0.752  -13.155   23.947   45.478 -163.794    1606799577611
02     7.506   -0.905  -14.959  102.489   66.903   88.173    1606799577611
01    11.090   -0.817  -13.102   20.183   42.668 -166.601    1606799577620
02     7.114   -1.039  -14.942  123.752   67.733  108.371    1606799577620
01    11.228   -0.895  -13.043   16.972   40.113 -168.640    1606799577646
02     6.780   -1.072  -14.828  138.304   65.228  122.839    1606799577646
01    11.348   -0.975  -12.972   13.710   37.175 -170.283    1606799577661
02     6.625   -1.008  -14.700  146.215   62.078  130.674    1606799577661
01    11.390   -0.949  -12.941   12.290   35.048 -170.519    1606799577671
02     6.603   -0.882  -14.631  148.009   60.459  132.386    1606799577671
01    11.366   -0.811  -12.940   13.625   34.147 -169.430    1606799577696
02     6.737   -0.752  -14.599  144.907   61.036  129.247    1606799577696
01    11.258   -0.593  -12.977   17.744   34.897 -166.766    1606799577712
02     7.061   -0.589  -14.582  135.045   63.249  119.136    1606799577712
01    11.095   -0.395  -13.026   23.395   36.871 -162.916    1606799577721
02     7.470   -0.439  -14.552  117.882   64.538  102.139    1606799577721
01    10.915   -0.276  -13.079   29.295   39.612 -158.671    1606799577747
02     7.876   -0.281  -14.494   98.025   62.239   83.589    1606799577747
01    10.765   -0.226  -13.137   33.982   42.259 -155.249    1606799577762
02     8.254   -0.104  -14.382   82.993   56.427   71.352    1606799577762
01    10.645   -0.238  -13.190   37.138   44.737 -152.657    1606799577772
02     8.678    0.082  -14.175   71.781   48.241   64.295    1606799577772
01    10.568   -0.248  -13.222   39.171   46.720 -150.640    1606799577797
02     8.918    0.156  -14.061   64.069   40.714   60.694    1606799577797
01    10.518   -0.275  -13.242   40.040   48.116 -149.313    1606799577813
02     8.955    0.221  -14.075   61.237   37.342   59.942    1606799577813
01    10.472   -0.297  -13.264   40.470   49.321 -148.405    1606799577822
02     8.939    0.231  -14.115   60.548   37.117   59.375    1606799577822
01    10.443   -0.330  -13.280   40.174   50.244 -148.339    1606799577848
02     8.622    0.113  -14.353   64.504   42.335   60.841    1606799577848
01    10.454   -0.368  -13.275   38.752   50.532 -149.654    1606799577864
02     8.169   -0.261  -14.631   73.254   52.528   65.091    1606799577864
01    10.517   -0.436  -13.247   35.840   49.839 -152.587    1606799577873
02     7.812   -0.652  -14.791   86.734   62.371   73.355    1606799577873
01    10.651   -0.523  -13.178   31.705   47.757 -156.776    1606799577899
02     7.449   -1.007  -14.873  107.886   68.760   90.894    1606799577899
01    10.795   -0.617  -13.115   27.417   45.053 -160.925    1606799577914
02     7.101   -1.280  -14.868  132.451   70.059  113.356    1606799577914
01    11.000   -0.760  -13.027   22.647   41.621 -165.171    1606799577924
02     6.764   -1.483  -14.773  152.718   67.379  132.124    1606799577924
01    11.213   -0.902  -12.937   17.400   37.447 -169.083    1606799577949
02     6.505   -1.542  -14.633  165.372   62.261  143.683    1606799577949
01    11.358   -0.957  -12.876   13.675   33.946 -171.322    1606799577965
02     6.316   -1.512  -14.497  171.174   57.030  148.862    1606799577965
01    11.399   -0.886  -12.873   12.874   32.121 -171.740    1606799577975
02     6.221   -1.431  -14.405  172.819   53.644  149.921    1606799577975
01    11.383   -0.767  -12.884   14.186   31.516 -171.347    1606799578000
02     6.211   -1.345  -14.385  172.579   52.835  148.987    1606799578000
01    11.323   -0.654  -12.913   16.400   31.880 -170.373    1606799578016
02     6.266   -1.285  -14.420  171.243   54.151  146.972    1606799578016
01    11.245   -0.564  -12.947   18.897   32.822 -168.814    1606799578025
02     6.337   -1.205  -14.482  167.660   56.117  143.640    1606799578025
01    11.115   -0.445  -13.005   22.362   34.743 -165.821    1606799578051
02     6.472   -0.998  -14.535  158.802   58.336  136.327    1606799578051
01    10.945   -0.359  -13.072   26.639   37.697 -161.808    1606799578066
02     6.769   -0.715  -14.538  142.337   60.721  122.969    1606799578066
01    10.739   -0.318  -13.153   31.396   41.363 -157.263    1606799578076
02     7.249   -0.447  -14.460  118.432   61.232  103.186    1606799578076
01    10.560   -0.340  -13.226   35.223   44.855 -153.874    1606799578101
02     7.923   -0.206  -14.298   93.205   57.171   82.796    1606799578101
01    10.356   -0.385  -13.323   38.952   48.803 -150.804    1606799578117
02     8.573   -0.052  -14.056   72.029   47.387   66.809    1606799578117
01    10.246   -0.416  -13.355   41.985   51.795 -148.784    1606799578127
02     8.819    0.042  -13.962   63.179   38.131   62.100    1606799578127
01    10.163   -0.439  -13.374   44.205   53.713 -147.327    1606799578144
02     8.781    0.070  -14.000   62.568   35.649   61.346    1606799578144
01    10.122   -0.431  -13.371   45.739   54.560 -146.544    1606799578168
02     8.762    0.057  -14.009   62.485   34.882   60.804    1606799578168
01    10.106   -0.439  -13.356   46.303   54.929 -146.168    1606799578177
02     8.765    0.053  -14.006   62.454   34.859   60.139    1606799578177
01    10.108   -0.472  -13.343   45.918   55.159 -146.123    1606799578193
02     8.676    0.012  -14.087   63.046   36.792   60.096    1606799578193
01    10.137   -0.495  -13.328   44.570   54.979 -146.973    1606799578203
02     8.303   -0.163  -14.363   68.521   44.352   62.439    1606799578203
01    10.262   -0.556  -13.268   40.456   53.308 -150.611    1606799578228
02     7.857   -0.598  -14.627   79.977   56.547   69.181    1606799578228
01    10.457   -0.654  -13.184   34.354   50.335 -155.731    1606799578244
02     7.484   -0.999  -14.764   99.024   66.142   84.053    1606799578244
01    10.655   -0.755  -13.110   28.229   46.730 -160.632    1606799578253
02     7.047   -1.287  -14.811  126.610   69.400  109.121    1606799578253
01    10.822   -0.798  -13.054   24.154   43.437 -164.030    1606799578279
02     6.662   -1.367  -14.725  146.111   66.553  127.665    1606799578279
01    10.935   -0.807  -13.028   21.370   40.470 -166.461    1606799578294
02     6.396   -1.367  -14.577  155.596   61.837  136.974    1606799578294
01    11.026   -0.785  -12.992   19.838   38.049 -167.768    1606799578304
02     6.277   -1.355  -14.448  160.079   58.470  140.982    1606799578304
01    11.069   -0.769  -12.965   19.118   36.512 -168.141    1606799578329
02     6.234   -1.304  -14.405  162.010   56.989  142.083    1606799578329
01    11.105   -0.752  -12.933   18.813   35.346 -167.806    1606799578345
02     6.298   -1.201  -14.416  160.598   57.545  140.197    1606799578345
01    11.095   -0.675  -12.920   19.826   34.960 -166.472    1606799578355
02     6.467   -1.064  -14.461  156.119   59.605  135.741    1606799578355
01    11.035   -0.536  -12.933   22.615   35.462 -164.112    1606799578380
02     6.727   -0.900  -14.510  147.244   62.333  127.252    1606799578380
01    10.916   -0.422  -12.985   26.215   36.966 -161.509    1606799578396
02     7.026   -0.721  -14.542  134.010   64.199  114.489    1606799578396
01    10.818   -0.373  -13.038   29.107   38.805 -159.744    1606799578405
02     7.267   -0.560  -14.565  119.884   63.866  101.451    1606799578405
01    10.720   -0.347  -13.098   31.442   41.004 -158.212    1606799578431
02     7.542   -0.327  -14.533  105.605   61.019   89.779    1606799578431
01    10.588   -0.337  -13.178   33.802   43.806 -156.383    1606799578445
02     8.039   -0.044  -14.333   88.420   54.858   77.356    1606799578445
01    10.447   -0.353  -13.253   36.123   46.655 -154.375    1606799578456
02     8.656    0.106  -13.990   70.169   43.674   65.648    1606799578456
01    10.365   -0.359  -13.282   38.664   49.060 -152.009    1606799578481
02     8.862    0.174  -13.889   61.671   34.659   62.251    1606799578481
01    10.303   -0.367  -13.299   40.233   50.336 -150.314    1606799578497
02     8.905    0.217  -13.888   59.685   31.611   60.812    1606799578497
01    10.266   -0.342  -13.302   41.371   50.775 -149.393    1606799578506
02     8.940    0.246  -13.885   59.018   30.370   59.530    1606799578506
01    10.238   -0.331  -13.307   42.135   51.200 -149.086    1606799578532
02     8.973    0.258  -13.882   58.721   29.921   58.168    1606799578532
01    10.196   -0.332  -13.327   42.830   51.920 -148.844    1606799578545
02     8.905    0.260  -13.952   59.264   30.586   57.743    1606799578545
01    10.146   -0.345  -13.363   43.575   53.008 -148.539    1606799578558
02     8.809    0.229  -14.051   60.399   32.679   57.616    1606799578558
01    10.171   -0.401  -13.355   42.782   53.643 -149.428    1606799578583
02     8.506    0.115  -14.293   64.140   38.128   58.973    1606799578583
01    10.310   -0.462  -13.282   39.665   52.440 -152.467    1606799578598
02     8.067   -0.214  -14.590   71.567   47.670   62.841    1606799578598
01    10.511   -0.535  -13.188   34.857   49.479 -156.682    1606799578608
02     7.669   -0.622  -14.787   83.405   57.816   70.690    1606799578608
01    10.722   -0.612  -13.110   29.862   45.721 -160.885    1606799578633
02     7.290   -1.057  -14.884  102.570   65.749   86.507    1606799578633
01    10.958   -0.718  -13.019   25.118   41.965 -164.426    1606799578646
02     6.912   -1.412  -14.878  136.120   68.848  116.889    1606799578646
01    11.178   -0.812  -12.944   19.968   37.513 -167.604    1606799578659
02     6.585   -1.531  -14.781  159.565   64.475  138.437    1606799578659
01    11.287   -0.768  -12.912   17.475   33.851 -168.924    1606799578684
02     6.388   -1.437  -14.630  166.155   58.926  144.419    1606799578684
01    11.325   -0.679  -12.899   17.379   32.007 -168.980    1606799578700
02     6.306   -1.308  -14.515  167.000   55.568  144.800    1606799578700
01    11.351   -0.602  -12.884   17.987   30.999 -168.611    1606799578710
02     6.287   -1.219  -14.471  167.025   54.527  144.285    1606799578710
01    11.367   -0.566  -12.867   18.271   30.539 -168.331    1606799578735
02     6.315   -1.081  -14.484  165.170   54.786  142.277    1606799578735
01    11.339   -0.517  -12.883   18.768   30.908 -167.500    1606799578746
02     6.447   -0.890  -14.532  160.292   56.636  137.896    1606799578746
01    11.262   -0.454  -12.925   20.092   32.215 -165.881    1606799578761
02     6.701   -0.653  -14.588  150.476   59.594  129.434    1606799578761
01    11.136   -0.340  -12.985   23.015   34.366 -163.311    1606799578776
02     7.077   -0.390  -14.602  133.591   61.935  114.745    1606799578776
01    10.933   -0.218  -13.079   27.717   37.680 -159.630    1606799578785
02     7.515   -0.134  -14.543  111.988   61.099   96.074    1606799578785
01    10.665   -0.129  -13.212   33.318   41.691 -155.500    1606799578811
02     8.186    0.171  -14.330   91.081   55.803   79.239    1606799578811
01    10.411   -0.123  -13.333   39.267   46.275 -150.987    1606799578827
02     8.832    0.292  -13.991   71.083   44.410   65.369    1606799578827
01    10.291   -0.151  -13.368   43.583   49.248 -148.107    1606799578847
02     8.874    0.338  -13.988   64.365   36.080   63.475    1606799578847
01    10.263   -0.179  -13.368   45.430   50.540 -146.835    1606799578862
02     8.886    0.335  -13.983   62.694   33.045   62.784    1606799578862
01    10.261   -0.222  -13.357   45.347   51.028 -146.568    1606799578878
02     8.899    0.339  -13.982   61.920   31.933   62.304    1606799578878
01    10.259   -0.295  -13.363   44.080   51.585 -146.731    1606799578887
02     8.921    0.305  -13.998   60.776   31.990   61.435    1606799578887
01    10.235   -0.346  -13.395   43.096   52.830 -146.476    1606799578912
02     8.790    0.284  -14.147   61.935   35.030   61.157    1606799578912
01    10.275   -0.373  -13.379   41.440   53.190 -147.249    1606799578928
02     8.351    0.105  -14.468   68.432   43.576   63.943    1606799578928
01    10.363   -0.398  -13.335   38.571   52.253 -149.414    1606799578947
02     7.964   -0.245  -14.702   79.250   54.514   69.558    1606799578947
01    10.471   -0.438  -13.294   34.727   50.320 -152.485    1606799578963
02     7.625   -0.559  -14.835   94.606   62.974   80.267    1606799578963
01    10.625   -0.489  -13.221   30.180   47.420 -156.331    1606799578979
02     7.264   -0.812  -14.888  115.718   67.156   98.335    1606799578979
01    10.805   -0.573  -13.131   25.654   44.229 -159.894    1606799578988
02     6.854   -0.999  -14.849  135.807   66.736  116.730    1606799578988
01    11.041   -0.700  -13.003   20.004   39.812 -163.829    1606799579014
02     6.510   -1.088  -14.717  152.131   62.922  131.975    1606799579014
01    11.192   -0.761  -12.926   15.442   35.658 -166.319    1606799579029
02     6.296   -1.043  -14.564  160.626   57.941  139.705    1606799579029
01    11.249   -0.695  -12.893   14.122   33.071 -166.990    1606799579047
02     6.233   -0.941  -14.454  163.337   54.849  141.707    1606799579047
01    11.269   -0.546  -12.873   15.583   31.749 -166.438    1606799579064
02     6.303   -0.869  -14.430  164.048   54.963  141.230    1606799579064
01    11.224   -0.371  -12.883   18.764   31.650 -164.860    1606799579080
02     6.443   -0.797  -14.492  162.458   57.073  138.303    1606799579080
01    11.149   -0.239  -12.895   22.506   32.470 -162.581    1606799579090
02     6.637   -0.674  -14.567  156.096   59.872  131.855    1606799579090
01    11.043   -0.124  -12.929   26.620   34.027 -159.490    1606799579115
02     6.875   -0.437  -14.611  142.684   61.534  120.239    1606799579115
01    10.905   -0.040  -12.989   30.929   36.345 -156.061    1606799579131
02     7.214   -0.123  -14.565  122.312   60.575  103.544    1606799579131
01    10.760   -0.041  -13.071   33.942   39.153 -153.569    1606799579147
02     7.676    0.181  -14.414  101.931   56.287   88.403    1606799579147
01    10.621   -0.065  -13.153   36.104   42.182 -151.627    1606799579166
02     8.218    0.419  -14.172   84.280   49.013   77.275    1606799579166
01    10.491   -0.084  -13.222   38.220   45.087 -149.864    1606799579181
02     8.592    0.496  -13.986   71.430   41.111   70.330    1606799579181
01    10.333   -0.102  -13.293   40.670   48.009 -148.036    1606799579191
02     8.678    0.527  -13.947   66.055   36.432   67.671    1606799579191
01    10.193   -0.116  -13.336   43.303   50.665 -146.300    1606799579216
02     8.663    0.506  -13.943   64.382   34.618   66.449    1606799579216
01    10.083   -0.121  -13.361   45.709   52.513 -144.793    1606799579232
02     8.628    0.471  -13.942   64.121   34.102   65.399    1606799579232
01    10.020   -0.150  -13.356   46.946   53.381 -144.126    1606799579248
02     8.584    0.439  -13.959   64.392   34.330   64.656    1606799579248
01     9.993   -0.186  -13.353   47.073   53.933 -143.892    1606799579267
02     8.471    0.386  -14.056   65.536   36.280   64.473    1606799579267
01    10.016   -0.232  -13.334   45.793   54.026 -144.643    1606799579283
02     8.114    0.203  -14.305   71.082   42.894   66.860    1606799579283
01    10.096   -0.290  -13.295   43.241   53.365 -146.308    1606799579292
02     7.766   -0.119  -14.516   80.630   51.998   71.932    1606799579292
01    10.245   -0.359  -13.235   39.256   51.714 -149.092    1606799579317
02     7.452   -0.425  -14.648   93.953   59.576   81.390    1606799579317
01    10.411   -0.440  -13.190   34.418   49.571 -152.456    1606799579333
02     7.020   -0.761  -14.735  112.226   63.985   97.124    1606799579333
01    10.574   -0.496  -13.140   29.827   46.923 -156.039    1606799579348
02     6.642   -0.903  -14.696  132.584   63.884  115.552    1606799579348
01    10.707   -0.502  -13.102   26.892   44.288 -158.629    1606799579363
02     6.386   -0.935  -14.570  145.643   60.615  127.481    1606799579363
01    10.819   -0.485  -13.058   24.763   41.675 -160.685    1606799579384
02     6.229   -0.961  -14.431  152.899   57.339  133.807    1606799579384
01    10.920   -0.506  -12.995   22.674   39.124 -162.618    1606799579393
02     6.145   -0.971  -14.341  157.324   55.231  137.020    1606799579393
01    11.001   -0.503  -12.935   21.303   36.900 -163.630    1606799579409
02     6.126   -0.917  -14.309  158.982   54.323  137.730    1606799579409
01    11.029   -0.479  -12.911   20.778   35.540 -163.746    1606799579419
02     6.183   -0.794  -14.322  157.321   54.660  135.810    1606799579419
01    10.987   -0.384  -12.921   22.129   35.449 -162.717    1606799579448
02     6.356   -0.632  -14.364  152.163   56.445  130.943    1606799579448
01    10.887   -0.275  -12.959   25.111   36.575 -160.774    1606799579464
02     6.669   -0.425  -14.401  141.265   59.058  120.889    1606799579464
01    10.777   -0.200  -12.994   28.809   38.376 -158.392    1606799579469
02     7.048   -0.195  -14.402  123.904   59.942  105.522    1606799579469
01    10.642   -0.131  -13.048   33.124   40.751 -155.290    1606799579495
02     7.459    0.038  -14.330  104.090   56.936   89.645    1606799579495
01    10.493   -0.092  -13.111   37.627   43.545 -151.731    1606799579510
02     8.027    0.297  -14.123   87.546   50.540   78.365    1606799579510
01    10.349   -0.085  -13.173   41.853   46.402 -148.131    1606799579520
02     8.697    0.373  -13.757   69.368   39.202   67.163    1606799579520
01    10.285   -0.083  -13.186   44.430   48.058 -146.089    1606799579548
02     8.751    0.469  -13.752   62.700   31.067   66.261    1606799579548
01    10.224   -0.106  -13.204   45.746   49.478 -144.456    1606799579564
02     8.771    0.518  -13.727   60.901   27.946   66.328    1606799579564
01    10.190   -0.126  -13.201   46.097   50.034 -143.618    1606799579571
02     8.801    0.525  -13.702   59.784   26.786   65.952    1606799579571
01    10.161   -0.147  -13.201   46.144   50.620 -143.195    1606799579596
02     8.825    0.524  -13.687   59.297   26.716   64.997    1606799579596
01    10.114   -0.169  -13.217   46.369   51.703 -142.656    1606799579611
02     8.707    0.531  -13.788   60.253   28.523   64.769    1606799579611
01    10.070   -0.180  -13.234   46.334   52.603 -142.610    1606799579621
02     8.403    0.461  -14.005   64.083   33.692   65.767    1606799579621
01    10.103   -0.216  -13.209   44.816   52.503 -144.219    1606799579648
02     7.960    0.245  -14.281   71.720   42.039   69.015    1606799579648
01    10.198   -0.259  -13.161   41.815   51.172 -147.116    1606799579664
02     7.605   -0.040  -14.457   81.234   50.163   74.041    1606799579664
01    10.332   -0.336  -13.111   37.786   49.147 -150.746    1606799579672
02     7.269   -0.350  -14.574   93.606   56.937   82.785    1606799579672
01    10.496   -0.448  -13.053   33.058   46.798 -154.798    1606799579697
02     6.939   -0.700  -14.629  109.666   61.860   95.724    1606799579697
01    10.706   -0.570  -12.977   27.396   43.496 -159.252    1606799579713
02     6.605   -1.050  -14.616  133.759   64.168  116.387    1606799579713
01    10.907   -0.679  -12.898   21.777   39.615 -163.150    1606799579722
02     6.348   -1.235  -14.517  154.257   61.762  133.928    1606799579722
01    11.013   -0.670  -12.863   19.021   36.584 -165.021    1606799579749
02     6.157   -1.238  -14.388  163.488   57.161  141.478    1606799579749
01    11.068   -0.586  -12.827   18.818   34.776 -165.160    1606799579764
02     6.067   -1.185  -14.265  166.523   53.774  143.418    1606799579764
01    11.091   -0.542  -12.800   19.039   33.807 -164.990    1606799579773
02     6.004   -1.134  -14.200  167.624   51.892  143.620    1606799579773
01    11.108   -0.512  -12.773   19.269   33.229 -164.603    1606799579798
02     5.961   -1.059  -14.175  167.318   51.018  142.917    1606799579798
01    11.109   -0.519  -12.760   19.015   32.919 -164.307    1606799579814
02     5.956   -0.938  -14.160  165.502   50.758  141.324    1606799579814
01    11.118   -0.503  -12.747   18.761   32.641 -164.020    1606799579824
02     5.974   -0.832  -14.162  163.419   50.921  139.829    1606799579824
01    11.103   -0.448  -12.746   19.267   32.619 -163.402    1606799579849
02     6.057   -0.686  -14.179  160.050   51.903  137.058    1606799579849
01    11.027   -0.344  -12.772   21.467   33.479 -162.228    1606799579865
02     6.228   -0.554  -14.215  154.694   54.065  132.657    1606799579865
01    10.903   -0.262  -12.819   24.743   35.252 -160.686    1606799579874
02     6.476   -0.447  -14.265  146.488   57.121  125.415    1606799579874
01    10.748   -0.207  -12.880   28.475   37.807 -158.576    1606799579900
02     6.774   -0.296  -14.306  133.472   59.266  113.924    1606799579900
01    10.518   -0.172  -12.988   32.377   40.982 -155.915    1606799579915
02     7.308    0.014  -14.262  113.789   58.242   97.903    1606799579915
01    10.294   -0.173  -13.088   37.620   45.134 -151.781    1606799579925
02     7.782    0.238  -14.113   90.620   51.490   82.359    1606799579925
01    10.186   -0.224  -13.127   41.200   48.331 -148.634    1606799579950
02     8.196    0.306  -13.915   75.962   43.909   73.842    1606799579950
01    10.146   -0.271  -13.139   42.235   50.062 -147.287    1606799579961
02     8.272    0.318  -13.936   71.044   41.068   70.863    1606799579961
01    10.122   -0.292  -13.142   42.180   50.921 -146.752    1606799579982
02     8.186    0.315  -14.000   71.249   41.480   71.536    1606799579982
01    10.091   -0.293  -13.145   42.266   51.562 -146.424    1606799579992
02     8.051    0.265  -14.077   73.784   43.775   72.488    1606799580001
01    10.087   -0.303  -13.135   41.813   51.935 -146.807    1606799580013
02     7.696    0.091  -14.238   81.579   48.866   77.490    1606799580013
01    10.083   -0.305  -13.125   40.995   51.931 -147.557    1606799580034
02     7.313   -0.193  -14.360   93.835   54.865   86.045    1606799580034
01    10.148   -0.299  -13.081   39.132   50.886 -149.363    1606799580044
02     6.995   -0.496  -14.408  109.399   59.556   97.698    1606799580044
01    10.243   -0.353  -13.036   36.123   49.268 -152.103    1606799580064
02     6.741   -0.716  -14.414  124.954   61.520  110.105    1606799580064
01    10.372   -0.448  -12.994   32.046   47.136 -155.596    1606799580083
02     6.566   -0.873  -14.391  137.158   61.640  120.150    1606799580083
01    10.545   -0.574  -12.929   27.332   44.463 -159.329    1606799580095
02     6.440   -0.964  -14.365  146.054   60.919  127.471    1606799580095
01    10.777   -0.699  -12.852   22.189   41.027 -163.096    1606799580116
02     6.347   -1.004  -14.333  152.284   59.774  132.628    1606799580116
01    10.916   -0.736  -12.817   19.110   38.068 -165.492    1606799580134
02     6.321   -0.974  -14.302  154.995   58.628  134.796    1606799580134
01    10.965   -0.655  -12.815   19.083   36.463 -165.968    1606799580146
02     6.352   -0.923  -14.292  154.919   58.265  134.367    1606799580146
01    10.950   -0.543  -12.825   20.841   35.950 -165.318    1606799580167
02     6.427   -0.825  -14.313  152.149   58.621  131.285    1606799580167
01    10.897   -0.454  -12.850   23.165   36.392 -164.207    1606799580180
02     6.546   -0.697  -14.334  145.959   59.366  125.557    1606799580180
01    10.825   -0.413  -12.884   25.149   37.491 -163.074    1606799580197
02     6.701   -0.507  -14.340  135.587   59.461  117.013    1606799580197
01    10.695   -0.388  -12.955   27.400   39.550 -161.313    1606799580215
02     6.939   -0.251  -14.280  120.276   57.918  105.478    1606799580215
01    10.540   -0.365  -13.016   30.292   42.324 -158.509    1606799580231
02     7.392    0.062  -14.104  101.819   53.866   93.015    1606799580231
01    10.368   -0.334  -13.075   33.978   45.348 -154.773    1606799580248
02     7.949    0.219  -13.853   81.006   46.186   80.001    1606799580248
01    10.220   -0.312  -13.119   37.672   47.877 -151.384    1606799580266
02     8.409    0.252  -13.645   67.277   38.109   71.042    1606799580266
01    10.086   -0.300  -13.149   41.667   50.248 -148.268    1606799580282
02     8.589    0.274  -13.581   61.213   32.085   66.522    1606799580282
01     9.979   -0.286  -13.176   44.685   51.861 -146.359    1606799580299
02     8.527    0.319  -13.633   61.083   29.713   66.072    1606799580299
01     9.919   -0.292  -13.186   46.556   52.918 -145.296    1606799580317
02     8.513    0.323  -13.629   61.444   28.480   65.791    1606799580317
01     9.898   -0.302  -13.176   47.338   53.520 -144.930    1606799580332
02     8.513    0.295  -13.616   61.628   28.029   65.538    1606799580332
01     9.895   -0.321  -13.164   47.429   53.870 -144.744    1606799580350
02     8.514    0.294  -13.606   61.749   27.866   65.550    1606799580350
01     9.896   -0.348  -13.160   47.069   54.130 -144.533    1606799580358
02     8.504    0.306  -13.610   61.728   27.945   65.770    1606799580358
01     9.881   -0.410  -13.179   46.367   54.899 -144.352    1606799580383
02     8.476    0.286  -13.646   61.775   29.144   65.845    1606799580383
01     9.904   -0.450  -13.179   45.238   55.379 -144.826    1606799580399
02     8.319    0.258  -13.776   63.748   32.757   66.891    1606799580399
01     9.999   -0.461  -13.141   42.831   54.584 -146.676    1606799580411
02     7.936    0.135  -14.012   70.171   39.973   70.834    1606799580411
01    10.124   -0.511  -13.102   38.783   52.922 -149.823    1606799580433
02     7.378   -0.195  -14.265   81.315   48.956   78.320    1606799580433
01    10.271   -0.560  -13.055   34.077   50.522 -153.581    1606799580450
02     6.770   -0.592  -14.410   98.207   56.458   91.305    1606799580450
01    10.435   -0.622  -13.002   29.625   47.900 -157.097    1606799580462
02     6.400   -0.805  -14.376  119.854   59.769  109.101    1606799580462
01    10.581   -0.672  -12.944   25.260   44.755 -160.347    1606799580482
02     6.200   -0.944  -14.266  137.149   59.130  123.211    1606799580482
01    10.699   -0.763  -12.889   21.150   41.862 -162.912    1606799580493
02     6.072   -1.027  -14.177  149.510   57.235  132.500    1606799580493
01    10.809   -0.798  -12.836   18.248   39.330 -164.257    1606799580513
02     5.994   -1.032  -14.123  157.083   55.326  137.705    1606799580513
01    10.885   -0.757  -12.793   17.206   37.497 -164.600    1606799580534
02     5.984   -0.986  -14.086  160.196   54.089  139.508    1606799580534
01    10.899   -0.641  -12.787   18.314   36.653 -164.002    1606799580544
02     6.016   -0.955  -14.071  161.166   53.740  139.511    1606799580544
01    10.891   -0.495  -12.771   20.907   36.207 -162.736    1606799580564
02     6.068   -0.959  -14.084  161.779   54.276  138.950    1606799580564
01    10.843   -0.369  -12.777   24.012   36.351 -161.017    1606799580582
02     6.124   -0.935  -14.128  161.079   55.200  137.138    1606799580582
01    10.792   -0.282  -12.778   26.739   36.723 -159.137    1606799580595
02     6.162   -0.867  -14.188  158.063   56.054  134.139    1606799580595
01    10.728   -0.242  -12.796   29.013   37.500 -157.309    1606799580615
02     6.216   -0.774  -14.228  152.681   56.800  130.029    1606799580615
01    10.668   -0.244  -12.824   30.257   38.413 -156.092    1606799580633
02     6.276   -0.662  -14.249  146.300   57.135  125.541    1606799580633
01    10.612   -0.245  -12.854   31.044   39.292 -155.154    1606799580645
02     6.385   -0.561  -14.252  139.693   57.731  120.981    1606799580645
01    10.543   -0.251  -12.884   31.888   40.317 -154.195    1606799580666
02     6.513   -0.481  -14.259  132.969   58.425  116.091    1606799580666
01    10.451   -0.229  -12.917   33.616   41.642 -152.889    1606799580676
02     6.673   -0.413  -14.264  126.332   59.016  110.760    1606799580676
01    10.299   -0.206  -12.977   36.041   43.463 -151.313    1606799580697
02     6.865   -0.325  -14.264  119.288   59.023  104.810    1606799580697
01    10.096   -0.227  -13.062   39.829   46.677 -148.815    1606799580717
02     7.148   -0.169  -14.206  107.807   57.654   95.330    1606799580717
01     9.871   -0.272  -13.155   44.542   50.838 -145.203    1606799580727
02     7.483   -0.003  -14.074   92.609   53.389   84.072    1606799580727
01     9.720   -0.316  -13.181   49.085   54.266 -141.404    1606799580748
02     7.835    0.092  -13.877   79.373   46.999   75.373    1606799580748
01     9.617   -0.338  -13.194   52.804   56.298 -137.785    1606799580766
02     8.037    0.113  -13.756   71.949   41.889   70.990    1606799580766
01     9.556   -0.372  -13.186   55.111   57.477 -135.032    1606799580778
02     8.033    0.134  -13.777   70.053   40.113   69.812    1606799580778
01     9.539   -0.368  -13.168   56.247   57.860 -133.640    1606799580799
02     7.993    0.133  -13.808   70.302   40.448   69.837    1606799580799
01     9.511   -0.354  -13.166   57.370   58.250 -132.579    1606799580817
02     7.983    0.155  -13.816   70.912   40.979   69.584    1606799580817
01     9.509   -0.342  -13.158   57.985   58.458 -132.191    1606799580829
02     7.954    0.134  -13.843   71.907   42.108   69.425    1606799580829
01     9.509   -0.363  -13.159   57.532   58.813 -132.985    1606799580849
02     7.796    0.037  -13.943   75.233   45.151   70.731    1606799580849
01     9.565   -0.394  -13.139   54.700   58.406 -136.213    1606799580867
02     7.473   -0.180  -14.115   82.888   50.626   75.431    1606799580867
01     9.696   -0.423  -13.087   49.548   56.703 -141.462    1606799580880
02     7.120   -0.514  -14.252   95.591   57.242   84.496    1606799580880
01     9.862   -0.478  -13.031   43.353   53.891 -147.284    1606799580900
02     6.769   -0.910  -14.333  113.198   62.421   98.373    1606799580900
01    10.037   -0.563  -12.989   37.396   50.778 -152.626    1606799580917
02     6.510   -1.235  -14.338  133.244   64.638  114.832    1606799580917
01    10.236   -0.659  -12.944   32.471   47.966 -156.658    1606799580931
02     6.319   -1.414  -14.321  150.180   63.795  128.988    1606799580931
01    10.405   -0.735  -12.920   28.133   45.359 -159.812    1606799580949
02     6.192   -1.435  -14.289  159.133   61.576  136.282    1606799580949
01    10.510   -0.694  -12.902   26.050   43.035 -161.275    1606799580961
02     6.126   -1.356  -14.249  161.350   59.515  137.938    1606799580961
01    10.554   -0.595  -12.888   26.503   41.709 -161.281    1606799580981
02     6.145   -1.214  -14.231  159.430   58.547  135.724    1606799580981
01    10.529   -0.501  -12.896   28.157   41.318 -160.547    1606799581000
02     6.230   -1.060  -14.231  154.703   58.811  131.256    1606799581000
01    10.487   -0.464  -12.914   29.436   41.491 -160.073    1606799581010
02     6.301   -0.927  -14.246  148.466   59.079  126.005    1606799581010
01    10.462   -0.463  -12.920   30.130   41.834 -159.858    1606799581032
02     6.388   -0.788  -14.247  141.257   59.126  120.554    1606799581032
01    10.385   -0.450  -12.950   31.295   42.778 -158.893    1606799581045
02     6.572   -0.556  -14.222  130.205   58.687  112.090    1606799581051
01    10.281   -0.419  -12.986   33.042   44.148 -157.189    1606799581063
02     6.902   -0.285  -14.141  114.699   57.117  100.186    1606799581063
01    10.165   -0.407  -13.025   35.338   45.919 -155.090    1606799581083
02     7.377   -0.053  -13.984   97.986   53.589   88.000    1606799581083
01    10.020   -0.390  -13.075   38.703   48.128 -152.324    1606799581096
02     7.972    0.078  -13.722   78.561   45.687   74.475    1606799581096
01     9.819   -0.386  -13.138   43.794   51.144 -148.334    1606799581114
02     8.324    0.087  -13.533   66.488   36.543   66.616    1606799581114
01     9.689   -0.382  -13.160   48.799   53.487 -144.759    1606799581132
02     8.229    0.139  -13.567   65.287   32.320   67.532    1606799581132
01     9.613   -0.382  -13.158   51.974   54.813 -142.461    1606799581146
02     8.213    0.112  -13.535   64.821   30.367   67.475    1606799581146
01     9.598   -0.397  -13.129   52.881   55.105 -141.789    1606799581165
02     8.207    0.102  -13.507   64.742   29.457   67.260    1606799581165
01     9.608   -0.404  -13.099   52.587   54.885 -141.673    1606799581183
02     8.220    0.117  -13.482   64.350   28.711   66.847    1606799581183
01     9.615   -0.440  -13.081   51.532   54.865 -141.859    1606799581197
02     8.261    0.112  -13.459   63.273   28.432   66.029    1606799581197
01     9.611   -0.487  -13.087   50.489   55.454 -141.964    1606799581215
02     8.275    0.101  -13.481   62.156   29.165   64.690    1606799581215
01     9.603   -0.518  -13.100   49.930   56.277 -141.812    1606799581234
02     8.134    0.074  -13.621   63.809   32.819   65.053    1606799581234
01     9.664   -0.533  -13.069   48.186   55.950 -143.359    1606799581248
02     7.804   -0.063  -13.860   70.334   40.819   67.747    1606799581248
01     9.763   -0.551  -13.038   45.032   54.604 -146.184    1606799581267
02     7.418   -0.357  -14.092   81.482   50.913   73.644    1606799581267
01     9.889   -0.617  -13.001   40.348   52.793 -150.202    1606799581277
02     6.936   -0.809  -14.299   96.418   59.001   83.891    1606799581277
01    10.107   -0.754  -12.936   34.523   50.403 -154.831    1606799581299
02     6.447   -1.281  -14.377  120.597   64.384  104.229    1606799581299
01    10.356   -0.916  -12.863   26.546   46.513 -160.577    1606799581316
02     6.093   -1.537  -14.308  147.142   63.691  127.631    1606799581316
01    10.549   -0.975  -12.804   20.726   42.519 -164.440    1606799581328
02     5.891   -1.594  -14.159  162.318   59.110  140.598    1606799581328
01    10.654   -0.953  -12.767   18.399   39.716 -166.100    1606799581350
02     5.782   -1.537  -14.016  167.813   54.703  144.703    1606799581350
01    10.685   -0.826  -12.759   19.220   38.281 -165.766    1606799581359
02     5.758   -1.462  -13.940  169.674   52.483  145.038    1606799581359
01    10.663   -0.702  -12.759   21.406   37.693 -164.754    1606799581380
02     5.785   -1.419  -13.941  170.335   52.480  144.283    1606799581380
01    10.626   -0.570  -12.745   24.477   37.607 -163.036    1606799581400
02     5.849   -1.306  -14.006  167.545   53.859  140.845    1606799581400
01    10.535   -0.456  -12.764   27.974   38.328 -160.571    1606799581410
02     5.954   -1.130  -14.074  160.154   55.854  134.507    1606799581410
01    10.430   -0.337  -12.781   32.006   39.417 -157.135    1606799581430
02     6.107   -0.894  -14.112  148.888   57.158  125.607    1606799581430
01    10.293   -0.281  -12.826   35.811   41.177 -153.572    1606799581451
02     6.315   -0.652  -14.113  134.421   57.344  114.785    1606799581451
01    10.178   -0.282  -12.873   38.479   43.093 -150.838    1606799581461
02     6.582   -0.415  -14.069  118.672   56.002  103.447    1606799581461
01    10.070   -0.282  -12.923   40.667   44.972 -148.605    1606799581481
02     6.952   -0.161  -13.976  103.698   53.101   93.168    1606799581481
01     9.971   -0.279  -12.954   42.964   46.705 -146.634    1606799581500
02     7.449    0.033  -13.802   88.361   48.360   82.909    1606799581500
01     9.875   -0.280  -12.979   45.754   48.425 -144.569    1606799581512
02     7.938    0.122  -13.586   74.317   41.139   73.592    1606799581512
01     9.760   -0.264  -13.009   49.662   50.287 -141.764    1606799581533
02     8.239    0.163  -13.424   65.426   33.361   68.433    1606799581533
01     9.712   -0.241  -12.995   52.293   51.073 -140.201    1606799581543
02     8.196    0.230  -13.440   64.209   29.681   68.990    1606799581543
01     9.689   -0.216  -12.974   54.018   51.378 -139.118    1606799581563
02     8.227    0.270  -13.392   64.069   27.643   69.000    1606799581563
01     9.681   -0.225  -12.960   54.424   51.543 -138.733    1606799581584
02     8.239    0.276  -13.362   63.897   26.842   68.965    1606799581584
01     9.682   -0.244  -12.953   53.823   51.685 -138.753    1606799581594
02     8.252    0.268  -13.351   63.417   26.711   68.749    1606799581594
01     9.679   -0.263  -12.955   53.242   51.995 -138.659    1606799581612
02     8.278    0.270  -13.352   62.762   27.050   68.084    1606799581612
01     9.676   -0.302  -12.965   52.368   52.589 -138.716    1606799581632
02     8.210    0.245  -13.429   62.707   28.842   67.789    1606799581632
01     9.711   -0.346  -12.957   50.682   52.813 -139.840    1606799581644
02     7.990    0.214  -13.606   65.465   32.921   68.994    1606799581644
01     9.773   -0.371  -12.945   48.277   52.296 -141.888    1606799581665
02     7.676    0.085  -13.811   70.990   39.134   71.705    1606799581665
01     9.857   -0.419  -12.925   45.025   51.387 -144.766    1606799581683
02     7.363   -0.092  -13.968   78.352   45.296   75.929    1606799581683
01     9.939   -0.458  -12.920   42.039   50.347 -147.404    1606799581693
02     7.065   -0.285  -14.072   86.724   50.207   81.693    1606799581693
01    10.067   -0.528  -12.908   38.871   49.204 -150.276    1606799581715
02     6.760   -0.539  -14.137   96.655   54.403   89.036    1606799581715
01    10.219   -0.641  -12.884   34.273   47.459 -154.057    1606799581733
02     6.571   -0.800  -14.161  109.958   58.610   98.707    1606799581733
01    10.384   -0.731  -12.833   29.662   45.198 -157.498    1606799581745
02     6.463   -0.963  -14.186  123.046   61.173  108.238    1606799581745
01    10.427   -0.698  -12.840   27.949   43.636 -158.838    1606799581766
02     6.449   -0.981  -14.204  131.097   61.986  113.730    1606799581766
01    10.436   -0.622  -12.838   28.698   42.864 -158.548    1606799581782
02     6.525   -0.950  -14.211  133.091   62.387  114.087    1606799581782
01    10.418   -0.531  -12.836   30.659   42.625 -157.558    1606799581796
02     6.599   -0.918  -14.230  132.305   62.559  112.329    1606799581796
01    10.357   -0.444  -12.861   33.203   42.979 -156.003    1606799581814
02     6.670   -0.860  -14.245  129.964   62.387  109.440    1606799581814
01    10.310   -0.400  -12.876   35.213   43.419 -154.794    1606799581832
02     6.740   -0.749  -14.257  125.261   61.561  105.165    1606799581832
01    10.251   -0.375  -12.899   36.915   44.199 -153.531    1606799581847
02     6.873   -0.571  -14.240  117.105   60.048   98.569    1606799581847
01    10.185   -0.373  -12.927   38.395   45.195 -152.118    1606799581867
02     7.086   -0.345  -14.173  105.585   57.057   90.121    1606799581867
01    10.089   -0.368  -12.973   40.230   46.673 -150.122    1606799581883
02     7.349   -0.171  -14.070   93.883   53.051   82.533    1606799581883
01     9.993   -0.365  -13.009   42.445   48.382 -147.816    1606799581895
02     7.682   -0.006  -13.919   84.352   48.582   76.688    1606799581895
01     9.867   -0.330  -13.055   45.792   50.227 -144.774    1606799581916
02     8.007    0.089  -13.776   75.921   43.651   71.195    1606799581916
01     9.740   -0.337  -13.100   49.743   52.424 -141.562    1606799581934
02     8.144    0.149  -13.716   71.130   39.496   68.154    1606799581934
01     9.643   -0.328  -13.128   53.372   54.164 -139.008    1606799581948
02     8.157    0.179  -13.683   69.289   36.741   67.582    1606799581948
01     9.575   -0.327  -13.136   55.669   55.211 -137.656    1606799581967
02     8.159    0.188  -13.646   68.718   34.970   67.619    1606799581967
01     9.551   -0.355  -13.121   56.293   55.653 -137.556    1606799581984
02     8.154    0.173  -13.615   68.383   33.881   67.706    1606799581984
01     9.560   -0.364  -13.090   56.034   55.557 -137.858    1606799581999
02     8.167    0.170  -13.580   68.011   33.166   67.706    1606799581999
01     9.573   -0.371  -13.067   55.463   55.390 -138.077    1606799582018
02     8.175    0.179  -13.561   67.638   32.852   67.777    1606799582018
01     9.589   -0.394  -13.047   54.692   55.368 -138.179    1606799582030
02     8.194    0.179  -13.543   67.242   32.943   67.689    1606799582030
01     9.611   -0.406  -13.035   53.875   55.366 -138.164    1606799582048
02     8.181    0.176  -13.559   67.114   33.788   67.663    1606799582048
01     9.648   -0.416  -13.022   52.708   55.164 -138.494    1606799582061
02     8.127    0.177  -13.597   67.454   35.132   67.966    1606799582061
01     9.702   -0.417  -13.007   51.050   54.600 -139.452    1606799582077
02     7.968    0.164  -13.682   69.429   37.484   69.765    1606799582077
01     9.774   -0.420  -12.980   48.869   53.803 -141.233    1606799582087
02     7.790    0.128  -13.753   72.780   40.425   72.278    1606799582087
01     9.829   -0.433  -12.962   46.784   53.058 -143.073    1606799582112
02     7.603    0.061  -13.805   76.859   43.436   75.319    1606799582112
01     9.896   -0.448  -12.925   44.905   52.354 -144.869    1606799582128
02     7.388   -0.034  -13.838   81.011   45.956   78.381    1606799582128
01     9.947   -0.469  -12.879   43.139   51.698 -146.533    1606799582138
02     7.227   -0.110  -13.830   85.116   48.103   81.422    1606799582138
01     9.961   -0.478  -12.841   41.951   51.336 -147.523    1606799582163
02     7.152   -0.155  -13.794   87.584   49.347   83.347    1606799582163
01     9.952   -0.490  -12.807   41.377   51.272 -147.778    1606799582179
02     7.132   -0.149  -13.742   88.379   49.520   84.234    1606799582179
01     9.917   -0.487  -12.772   41.563   51.447 -147.401    1606799582188
02     7.149   -0.117  -13.672   87.807   49.071   84.216    1606799582188
01     9.860   -0.448  -12.737   42.893   51.810 -146.247    1606799582214
02     7.213   -0.054  -13.576   86.379   47.994   83.433    1606799582214
01     9.806   -0.415  -12.689   44.698   52.277 -144.833    1606799582229
02     7.276    0.014  -13.475   84.619   46.500   82.440    1606799582229
01     9.735   -0.386  -12.649   46.764   52.883 -143.161    1606799582238
02     7.326    0.066  -13.372   82.855   44.948   81.496    1606799582238
