01    12.225    1.306   -9.335 -121.204   25.208   35.927    1608104981450
02    12.330    2.119  -13.456 -154.712   67.050  -82.857    1608104981450
01    12.232    1.302   -9.362 -121.162   25.152   35.991    1608104981466
02    12.324    2.123  -13.481 -154.752   66.974  -82.924    1608104981466
01    12.250    1.301   -9.361 -121.099   25.236   36.119    1608104981482
02    12.331    2.118  -13.504 -154.762   66.960  -82.934    1608104981482
01    12.256    1.296   -9.375 -121.086   25.278   36.202    1608104981497
02    12.340    2.102  -13.528 -154.618   66.925  -82.748    1608104981497
01    12.257    1.301   -9.390 -121.063   25.290   36.205    1608104981513
02    12.358    2.117  -13.530 -154.516   67.005  -82.676    1608104981513
01    12.264    1.305   -9.401 -121.067   25.346   36.238    1608104981529
02    12.369    2.108  -13.547 -154.419   67.017  -82.559    1608104981529
01    12.264    1.310   -9.424 -121.108   25.346   36.213    1608104981551
02    12.368    2.122  -13.563 -154.352   67.008  -82.536    1608104981551
01    12.276    1.317   -9.427 -121.063   25.423   36.300    1608104981566
02    12.388    2.133  -13.559 -154.258   67.086  -82.437    1608104981566
01    12.288    1.314   -9.435 -121.053   25.434   36.421    1608104981582
02    12.396    2.133  -13.575 -154.344   67.069  -82.463    1608104981582
01    12.284    1.333   -9.453 -121.083   25.480   36.400    1608104981598
02    12.398    2.126  -13.591 -154.449   67.031  -82.503    1608104981598
01    12.299    1.344   -9.448 -121.044   25.621   36.547    1608104981613
02    12.407    2.133  -13.594 -154.458   67.042  -82.472    1608104981613
01    12.305    1.346   -9.456 -121.072   25.624   36.608    1608104981629
02    12.406    2.134  -13.604 -154.591   66.987  -82.543    1608104981629
01    12.303    1.351   -9.477 -121.156   25.569   36.521    1608104981651
02    12.426    2.156  -13.598 -154.648   67.006  -82.587    1608104981651
01    12.312    1.371   -9.477 -121.088   25.687   36.599    1608104981667
02    12.434    2.165  -13.596 -154.710   67.012  -82.605    1608104981667
01    12.318    1.378   -9.481 -121.125   25.711   36.684    1608104981682
02    12.432    2.152  -13.612 -154.591   66.896  -82.358    1608104981682
01    12.329    1.383   -9.487 -121.154   25.775   36.765    1608104981698
02    12.428    2.151  -13.638 -154.903   66.693  -82.522    1608104981698
01    12.325    1.394   -9.511 -121.163   25.767   36.731    1608104981714
02    12.437    2.167  -13.641 -154.948   66.746  -82.582    1608104981714
01    12.337    1.400   -9.518 -121.170   25.840   36.807    1608104981729
02    12.450    2.182  -13.650 -154.978   66.799  -82.607    1608104981729
01    12.339    1.404   -9.538 -121.219   25.839   36.791    1608104981751
02    12.453    2.180  -13.667 -155.119   66.739  -82.688    1608104981751
01    12.346    1.407   -9.548 -121.209   25.857   36.817    1608104981767
02    12.457    2.201  -13.667 -155.191   66.785  -82.843    1608104981767
01    12.349    1.404   -9.559 -121.260   25.865   36.804    1608104981782
02    12.469    2.206  -13.673 -155.139   66.767  -82.792    1608104981782
01    12.349    1.412   -9.567 -121.220   25.858   36.793    1608104981798
02    12.476    2.193  -13.672 -155.132   66.710  -82.717    1608104981798
01    12.357    1.413   -9.566 -121.196   25.901   36.833    1608104981814
02    12.483    2.165  -13.673 -154.962   66.651  -82.439    1608104981814
01    12.357    1.411   -9.572 -121.197   25.922   36.827    1608104981829
02    12.474    2.185  -13.680 -155.166   66.534  -82.698    1608104981829
01    12.362    1.404   -9.572 -121.191   25.928   36.844    1608104981836
02    12.457    2.184  -13.693 -155.301   66.297  -82.768    1608104981836
01    12.369    1.409   -9.569 -121.140   25.993   36.891    1608104981867
02    12.473    2.184  -13.678 -155.136   66.310  -82.563    1608104981867
01    12.370    1.413   -9.570 -121.125   26.067   36.927    1608104981883
02    12.463    2.190  -13.688 -155.309   66.204  -82.747    1608104981883
01    12.369    1.405   -9.582 -121.160   26.012   36.935    1608104981898
02    12.457    2.190  -13.697 -155.429   66.065  -82.868    1608104981898
01    12.366    1.398   -9.591 -121.173   25.992   36.976    1608104981914
02    12.450    2.196  -13.704 -155.464   66.055  -82.952    1608104981914
01    12.366    1.401   -9.594 -121.165   26.023   36.971    1608104981930
02    12.447    2.205  -13.711 -155.566   66.013  -83.111    1608104981930
01    12.368    1.395   -9.602 -121.158   26.011   37.023    1608104981936
02    12.459    2.189  -13.708 -155.465   66.059  -82.889    1608104981936
01    12.369    1.395   -9.618 -121.164   26.026   37.024    1608104981968
02    12.455    2.194  -13.718 -155.529   66.061  -83.009    1608104981968
01    12.374    1.391   -9.623 -121.138   26.029   37.089    1608104981983
02    12.449    2.186  -13.737 -155.637   65.952  -83.071    1608104981983
01    12.383    1.397   -9.619 -121.080   26.108   37.139    1608104981999
02    12.458    2.186  -13.739 -155.709   66.080  -83.172    1608104981999
01    12.384    1.393   -9.632 -121.069   26.081   37.157    1608104982014
02    12.463    2.190  -13.748 -155.763   66.194  -83.245    1608104982014
01    12.385    1.376   -9.642 -121.148   26.059   37.211    1608104982030
02    12.477    2.182  -13.755 -155.616   66.327  -83.109    1608104982030
01    12.384    1.382   -9.648 -121.148   26.106   37.256    1608104982037
02    12.501    2.159  -13.770 -155.455   66.476  -82.923    1608104982037
01    12.387    1.383   -9.655 -121.145   26.124   37.324    1608104982068
02    12.514    2.188  -13.780 -155.250   66.850  -82.864    1608104982068
01    12.388    1.384   -9.661 -121.116   26.105   37.377    1608104982083
02    12.521    2.187  -13.792 -155.093   67.072  -82.729    1608104982083
01    12.395    1.386   -9.668 -121.123   26.144   37.358    1608104982099
02    12.538    2.183  -13.798 -154.892   67.330  -82.507    1608104982099
01    12.399    1.397   -9.667 -121.055   26.226   37.392    1608104982115
02    12.553    2.183  -13.797 -154.439   67.536  -82.103    1608104982115
01    12.400    1.395   -9.674 -121.064   26.186   37.409    1608104982130
02    12.562    2.160  -13.810 -154.100   67.599  -81.614    1608104982130
01    12.405    1.392   -9.670 -121.090   26.162   37.473    1608104982137
02    12.576    2.168  -13.819 -153.785   67.821  -81.387    1608104982137
01    12.408    1.388   -9.679 -121.082   26.092   37.524    1608104982152
02    12.594    2.175  -13.825 -153.459   68.211  -81.177    1608104982152
01    12.406    1.390   -9.696 -121.105   26.044   37.485    1608104982184
02    12.602    2.152  -13.852 -152.989   68.382  -80.669    1608104982184
01    12.416    1.392   -9.702 -121.077   26.027   37.540    1608104982199
02    12.628    2.147  -13.864 -152.342   68.726  -80.094    1608104982199
01    12.429    1.402   -9.707 -120.978   26.047   37.627    1608104982215
02    12.647    2.168  -13.886 -151.954   69.094  -79.806    1608104982215
01    12.437    1.395   -9.718 -120.867   25.850   37.726    1608104982231
02    12.685    2.160  -13.905 -151.121   69.569  -78.964    1608104982231
01    12.446    1.412   -9.722 -120.533   25.608   37.763    1608104982237
02    12.702    2.188  -13.935 -150.767   70.102  -78.895    1608104982237
01    12.460    1.422   -9.724 -120.008   25.129   37.806    1608104982253
02    12.753    2.181  -13.935 -149.567   70.951  -77.835    1608104982253
01    12.475    1.416   -9.727 -119.288   24.258   37.855    1608104982284
02    12.782    2.199  -13.976 -149.222   71.704  -77.735    1608104982284
01    12.483    1.415   -9.745 -118.548   23.400   37.582    1608104982300
02    12.818    2.260  -14.011 -149.125   72.839  -78.205    1608104982300
01    12.511    1.415   -9.742 -117.597   22.651   37.618    1608104982315
02    12.831    2.307  -14.061 -149.173   73.815  -78.668    1608104982315
01    12.542    1.398   -9.737 -116.681   21.763   37.674    1608104982331
02    12.875    2.340  -14.094 -149.002   74.972  -78.768    1608104982331
01    12.584    1.378   -9.725 -115.829   20.958   37.746    1608104982337
02    12.918    2.424  -14.142 -148.964   76.172  -79.381    1608104982337
01    12.620    1.357   -9.738 -115.021   20.229   37.684    1608104982353
02    12.981    2.439  -14.155 -148.673   77.461  -79.335    1608104982353
01    12.677    1.321   -9.733 -114.236   19.598   37.800    1608104982384
02    13.030    2.490  -14.197 -148.316   78.466  -79.608    1608104982384
01    12.715    1.330   -9.745 -113.414   19.102   37.674    1608104982400
02    13.088    2.488  -14.224 -146.979   79.322  -78.671    1608104982400
01    12.769    1.294   -9.747 -112.779   18.463   37.810    1608104982416
02    13.160    2.510  -14.248 -145.985   80.229  -78.261    1608104982416
01    12.817    1.265   -9.767 -112.253   17.934   37.832    1608104982431
02    13.194    2.512  -14.294 -145.592   80.901  -78.345    1608104982431
01    12.865    1.245   -9.777 -111.684   17.538   38.081    1608104982438
02    13.276    2.537  -14.299 -144.646   81.745  -77.793    1608104982438
01    12.911    1.255   -9.788 -110.997   17.271   38.226    1608104982453
02    13.290    2.543  -14.361 -143.189   82.122  -76.726    1608104982453
01    12.961    1.235   -9.797 -110.498   16.950   38.394    1608104982485
02    13.323    2.534  -14.409 -141.946   82.438  -75.823    1608104982485
01    13.000    1.198   -9.827 -110.204   16.663   38.415    1608104982500
02    13.387    2.529  -14.419 -140.915   82.900  -74.984    1608104982500
01    13.037    1.180   -9.860 -109.774   16.415   38.441    1608104982516
02    13.425    2.526  -14.444 -139.547   83.252  -73.927    1608104982516
01    13.073    1.190   -9.874 -109.313   16.406   38.529    1608104982531
02    13.470    2.516  -14.466 -138.061   83.481  -72.650    1608104982531
01    13.117    1.192   -9.888 -108.914   16.309   38.669    1608104982538
02    13.454    2.544  -14.528 -140.499   83.499  -75.329    1608104982538
01    13.131    1.196   -9.917 -108.651   16.121   38.640    1608104982554
02    13.499    2.498  -14.538 -138.333   83.634  -73.170    1608104982554
01    13.148    1.192   -9.931 -108.531   16.027   38.754    1608104982569
02    13.539    2.487  -14.540 -134.141   83.727  -69.029    1608104982569
01    13.154    1.180   -9.951 -108.421   15.802   38.790    1608104982601
02    13.517    2.505  -14.602 -134.832   83.584  -69.837    1608104982601
01    13.170    1.188   -9.953 -108.272   15.757   38.943    1608104982616
02    13.539    2.526  -14.601 -134.608   83.835  -69.791    1608104982616
01    13.187    1.169   -9.952 -108.232   15.574   39.076    1608104982632
02    13.524    2.520  -14.636 -134.815   83.755  -70.038    1608104982632
01    13.185    1.173   -9.977 -108.179   15.565   38.964    1608104982638
02    13.557    2.500  -14.629 -132.365   83.863  -67.614    1608104982638
01    13.198    1.171   -9.983 -108.088   15.579   39.100    1608104982654
02    13.594    2.478  -14.617 -129.958   83.888  -65.143    1608104982654
01    13.209    1.163  -10.000 -107.983   15.512   39.169    1608104982670
02    13.592    2.477  -14.641 -129.100   83.916  -64.242    1608104982670
01    13.224    1.171  -10.001 -107.846   15.600   39.283    1608104982701
02    13.602    2.495  -14.652 -128.077   84.048  -63.266    1608104982701
01    13.235    1.179  -10.005 -107.726   15.641   39.347    1608104982716
02    13.626    2.475  -14.654 -126.513   84.043  -61.629    1608104982716
01    13.248    1.178  -10.018 -107.666   15.621   39.391    1608104982732
02    13.625    2.470  -14.672 -126.366   84.043  -61.452    1608104982732
01    13.241    1.195  -10.041 -107.540   15.612   39.284    1608104982739
02    13.628    2.462  -14.689 -125.934   83.955  -61.049    1608104982739
01    13.251    1.196  -10.050 -107.492   15.640   39.330    1608104982754
02    13.654    2.455  -14.689 -124.290   84.064  -59.331    1608104982754
01    13.256    1.182  -10.063 -107.469   15.574   39.360    1608104982770
02    13.657    2.450  -14.699 -124.059   84.016  -59.114    1608104982770
01    13.269    1.178  -10.061 -107.425   15.644   39.474    1608104982801
02    13.633    2.469  -14.738 -125.863   83.958  -61.002    1608104982801
01    13.271    1.171  -10.075 -107.442   15.611   39.455    1608104982817
02    13.654    2.463  -14.728 -124.544   84.030  -59.670    1608104982817
01    13.270    1.175  -10.083 -107.412   15.603   39.458    1608104982832
02    13.662    2.462  -14.736 -124.303   83.982  -59.385    1608104982832
01    13.281    1.183  -10.075 -107.396   15.691   39.534    1608104982839
02    13.651    2.477  -14.756 -124.910   83.906  -60.040    1608104982839
01    13.279    1.186  -10.081 -107.385   15.668   39.514    1608104982855
02    13.646    2.474  -14.761 -125.176   83.870  -60.295    1608104982855
01    13.278    1.186  -10.088 -107.349   15.652   39.509    1608104982870
02    13.659    2.470  -14.754 -124.333   83.905  -59.460    1608104982870
01    13.278    1.180  -10.094 -107.393   15.655   39.499    1608104982886
02    13.668    2.465  -14.756 -124.418   83.896  -59.516    1608104982886
01    13.281    1.173  -10.101 -107.434   15.677   39.519    1608104982917
02    13.678    2.460  -14.745 -124.195   83.977  -59.234    1608104982917
01    13.285    1.175  -10.102 -107.440   15.707   39.545    1608104982933
02    13.688    2.452  -14.745 -123.937   83.949  -58.931    1608104982933
01    13.286    1.180  -10.108 -107.447   15.782   39.573    1608104982939
02    13.687    2.461  -14.752 -124.600   83.917  -59.618    1608104982939
01    13.292    1.186  -10.110 -107.383   15.997   39.729    1608104982954
02    13.698    2.467  -14.748 -124.517   83.936  -59.555    1608104982954
01    13.292    1.192  -10.124 -107.368   16.127   39.838    1608104982970
02    13.702    2.453  -14.758 -124.746   83.847  -59.736    1608104982970
01    13.299    1.196  -10.130 -107.318   16.230   40.000    1608104982986
02    13.708    2.460  -14.763 -124.592   83.840  -59.630    1608104982986
01    13.305    1.189  -10.132 -107.359   16.286   40.113    1608104983017
02    13.721    2.468  -14.760 -124.562   83.858  -59.623    1608104983017
01    13.315    1.191  -10.133 -107.349   16.425   40.289    1608104983033
02    13.723    2.485  -14.774 -125.247   83.836  -60.384    1608104983033
01    13.319    1.184  -10.143 -107.459   16.587   40.377    1608104983039
02    13.728    2.515  -14.778 -126.056   83.782  -61.452    1608104983039
01    13.317    1.177  -10.177 -107.637   16.958   40.632    1608104983055
02    13.720    2.471  -14.796 -127.423   82.877  -63.036    1608104983055
01    13.335    1.134  -10.188 -108.287   17.544   42.075    1608104983070
02    13.725    2.395  -14.782 -129.719   80.110  -65.558    1608104983070
01    13.346    1.106  -10.211 -109.803   19.014   44.759    1608104983086
02    13.730    2.207  -14.700 -133.691   75.035  -68.102    1608104983086
01    13.304    1.124  -10.271 -112.400   20.816   48.359    1608104983117
02    13.703    2.016  -14.459 -142.624   67.759  -73.454    1608104983117
01    13.179    1.196  -10.407 -116.055   22.503   51.515    1608104983133
02    13.673    2.053  -13.957 -153.204   57.623  -80.416    1608104983133
01    12.961    1.374  -10.648 -119.870   24.205   53.787    1608104983139
02    13.578    1.968  -13.070 -161.284   42.400  -82.831    1608104983139
01    12.729    1.518  -10.931 -124.538   26.100   55.322    1608104983155
02    13.101    1.692  -12.743 -166.949   20.353  -80.900    1608104983155
01    12.547    1.676  -11.239 -129.401   29.040   55.440    1608104983171
02    12.447    1.473  -12.715 -173.271   -5.372  -77.015    1608104983171
01    12.585    1.850  -11.243 -131.310   32.135   55.995    1608104983186
02    12.274    1.760  -12.445 -176.936  -18.403  -77.692    1608104983186
01    12.579    1.938  -11.288 -132.086   33.102   55.609    1608104983218
02    12.242    2.003  -12.284 -178.317  -22.694  -78.508    1608104983218
01    12.593    1.928  -11.343 -132.722   33.680   54.899    1608104983233
02    12.269    2.131  -12.200 -178.851  -23.935  -78.520    1608104983233
01    12.614    1.904  -11.400 -133.202   34.247   54.024    1608104983240
02    12.301    2.203  -12.184 -178.960  -24.309  -77.925    1608104983240
01    12.643    1.899  -11.456 -133.416   35.011   53.419    1608104983255
02    12.352    2.217  -12.190 -179.308  -23.638  -76.582    1608104983255
01    12.688    1.899  -11.487 -133.399   35.797   52.995    1608104983271
02    12.396    2.254  -12.206 -178.808  -22.775  -75.600    1608104983271
01    12.735    1.919  -11.500 -133.168   36.313   51.934    1608104983287
02    12.430    2.317  -12.211 -177.050  -22.173  -74.812    1608104983287
01    12.762    1.909  -11.509 -133.069   36.437   50.274    1608104983302
02    12.363    2.505  -12.259 -172.184  -22.570  -76.291    1608104983302
01    12.768    1.917  -11.507 -134.846   37.020   47.902    1608104983333
02    12.333    2.549  -12.293 -165.648  -19.890  -80.964    1608104983333
01    12.836    1.970  -11.374 -135.024   37.272   46.286    1608104983340
02    12.337    2.322  -12.403 -162.900  -13.761  -83.559    1608104983340
01    12.878    2.037  -11.215 -132.464   35.230   45.492    1608104983356
02    12.205    1.979  -12.791 -161.673   -5.437  -85.871    1608104983356
01    12.897    2.099  -11.040 -127.081   30.754   44.903    1608104983371
02    11.964    1.473  -13.624 -161.378    4.352  -88.161    1608104983371
01    12.919    2.028  -10.896 -118.868   22.024   43.399    1608104983387
02    11.868    1.205  -14.533 -161.248   16.184  -90.632    1608104983387
01    13.049    1.758  -10.686 -113.096   13.589   41.478    1608104983402
02    12.118    1.253  -15.025 -160.600   32.821  -93.522    1608104983402
01    13.284    1.472  -10.423 -110.142    9.121   40.460    1608104983434
02    12.591    1.396  -15.145 -158.795   49.235  -94.774    1608104983434
01    13.494    1.330  -10.197 -108.832    7.078   40.669    1608104983440
02    13.014    1.545  -15.143 -156.253   60.875  -94.058    1608104983440
01    13.601    1.299  -10.095 -108.350    5.784   41.042    1608104983456
02    13.333    1.625  -15.135 -151.787   67.879  -90.084    1608104983456
01    13.648    1.288  -10.088 -108.222    4.743   40.956    1608104983472
02    13.534    1.712  -15.167 -146.955   71.737  -85.789    1608104983472
01    13.694    1.250  -10.121 -108.007    3.999   40.618    1608104983487
02    13.685    1.738  -15.209 -142.016   73.996  -81.068    1608104983487
01    13.776    1.206  -10.139 -107.598    3.671   40.593    1608104983503
02    13.786    1.846  -15.253 -140.093   75.952  -79.906    1608104983503
01    13.847    1.183  -10.153 -107.131    3.663   40.651    1608104983534
02    13.890    1.850  -15.290 -136.704   77.040  -76.561    1608104983534
01    13.893    1.172  -10.174 -106.813    3.529   40.674    1608104983541
02    13.990    1.821  -15.320 -132.755   77.856  -72.370    1608104983541
01    13.939    1.204  -10.170 -106.523    3.555   40.758    1608104983556
02    14.060    1.860  -15.349 -130.033   78.602  -69.771    1608104983556
01    13.960    1.215  -10.184 -106.521    3.382   40.690    1608104983572
02    14.115    1.884  -15.385 -128.167   79.032  -67.938    1608104983572
01    13.979    1.224  -10.203 -106.478    3.368   40.563    1608104983587
02    14.152    1.913  -15.418 -126.701   79.608  -66.311    1608104983587
01    13.994    1.233  -10.211 -106.429    3.514   40.594    1608104983603
02    14.192    1.975  -15.420 -125.404   80.253  -65.305    1608104983603
01    13.995    1.247  -10.230 -106.387    3.706   40.530    1608104983634
02    14.198    1.972  -15.452 -124.354   80.183  -64.086    1608104983634
01    13.982    1.257  -10.256 -106.401    3.859   40.507    1608104983641
02    14.223    1.992  -15.434 -122.853   80.580  -62.573    1608104983641
01    13.967    1.269  -10.277 -106.386    4.062   40.682    1608104983656
02    14.225    2.018  -15.432 -121.419   80.513  -61.312    1608104983656
01    13.958    1.274  -10.283 -106.579    4.466   41.109    1608104983672
02    14.227    2.021  -15.418 -121.885   79.963  -61.792    1608104983672
01    13.962    1.257  -10.285 -107.098    5.183   42.096    1608104983688
02    14.239    1.980  -15.379 -123.555   77.997  -63.052    1608104983688
01    13.964    1.211  -10.297 -108.391    6.702   44.577    1608104983703
02    14.262    1.904  -15.285 -127.749   74.261  -65.903    1608104983703
01    13.925    1.117  -10.380 -111.824   10.404   50.183    1608104983735
02    14.347    1.782  -14.976 -136.269   67.414  -70.152    1608104983735
01    13.740    1.087  -10.664 -116.048   14.777   54.655    1608104983741
02    14.358    1.802  -14.271 -148.759   55.696  -77.354    1608104983741
01    13.430    1.201  -11.126 -120.723   18.991   56.955    1608104983757
02    14.205    1.647  -13.380 -158.866   37.898  -79.289    1608104983757
01    13.137    1.344  -11.632 -125.228   23.042   57.836    1608104983772
02    13.635    1.396  -13.157 -166.500   15.471  -77.703    1608104983772
01    13.044    1.498  -11.961 -128.637   28.003   57.589    1608104983788
02    13.007    1.424  -13.183 -172.796   -7.367  -75.979    1608104983788
01    13.102    1.638  -12.026 -129.493   32.154   57.821    1608104983804
02    12.916    1.736  -12.989 -175.385  -16.032  -78.472    1608104983804
01    13.160    1.657  -12.051 -129.768   34.432   58.217    1608104983819
02    12.928    1.901  -12.910 -176.555  -18.633  -80.189    1608104983819
01    13.180    1.663  -12.099 -129.873   35.740   58.372    1608104983841
02    12.964    1.980  -12.878 -177.149  -19.034  -80.527    1608104983841
01    13.204    1.665  -12.123 -129.755   36.847   58.560    1608104983857
02    13.028    2.047  -12.846 -177.173  -18.217  -80.218    1608104983857
01    13.241    1.681  -12.121 -129.286   37.766   58.504    1608104983873
02    13.048    2.076  -12.862 -176.481  -17.801  -79.657    1608104983873
01    13.291    1.658  -12.095 -128.827   38.125   57.890    1608104983888
02    13.045    2.146  -12.880 -174.440  -17.723  -79.031    1608104983888
01    13.317    1.636  -12.039 -129.002   37.980   56.273    1608104983904
02    12.961    2.507  -12.858 -167.451  -17.612  -82.769    1608104983904
01    13.385    1.694  -11.874 -129.248   37.859   54.155    1608104983920
02    12.996    2.277  -12.874 -164.363  -13.590  -84.196    1608104983920
01    13.439    1.752  -11.625 -126.292   35.151   53.201    1608104983942
02    12.871    1.920  -13.203 -162.701   -6.592  -86.727    1608104983942
01    13.435    1.801  -11.400 -120.954   29.368   52.139    1608104983957
02    12.649    1.583  -13.764 -162.474    2.405  -90.181    1608104983957
01    13.421    1.724  -11.197 -115.637   21.936   50.303    1608104983973
02    12.386    1.272  -14.596 -162.991   12.851  -93.455    1608104983973
01    13.425    1.532  -10.995 -112.040   14.789   47.326    1608104983989
02    12.390    1.156  -15.278 -163.130   26.083  -96.048    1608104983989
01    13.516    1.335  -10.743 -109.575   10.437   45.202    1608104984004
02    12.708    1.190  -15.508 -160.753   42.628  -96.638    1608104984004
01    13.604    1.233  -10.522 -108.302    8.118   44.241    1608104984020
02    13.114    1.330  -15.475 -156.667   56.939  -95.120    1608104984020
01    13.624    1.235  -10.381 -107.821    6.710   43.611    1608104984042
02    13.405    1.442  -15.429 -150.944   65.662  -90.517    1608104984042
01    13.617    1.249  -10.304 -107.600    5.590   43.049    1608104984058
02    13.594    1.561  -15.382 -144.892   71.013  -85.214    1608104984058
01    13.626    1.230  -10.237 -107.515    4.827   42.671    1608104984073
02    13.683    1.694  -15.371 -142.363   73.955  -83.539    1608104984073
01    13.635    1.193  -10.214 -107.418    4.290   42.273    1608104984089
02    13.744    1.780  -15.356 -140.028   75.736  -81.626    1608104984089
01    13.643    1.205  -10.196 -107.102    4.274   42.139    1608104984105
02    13.780    1.839  -15.346 -139.633   77.031  -81.338    1608104984105
01    13.645    1.206  -10.169 -107.163    4.486   42.403    1608104984120
02    13.809    1.901  -15.341 -138.855   77.799  -80.807    1608104984120
01    13.632    1.227  -10.162 -107.311    4.693   42.723    1608104984142
02    13.825    1.942  -15.328 -137.920   78.120  -79.849    1608104984142
01    13.606    1.230  -10.164 -107.567    4.791   42.870    1608104984158
02    13.823    1.998  -15.328 -138.620   78.212  -80.670    1608104984158
01    13.578    1.230  -10.182 -107.755    4.905   42.921    1608104984174
02    13.814    1.996  -15.326 -138.641   77.657  -80.451    1608104984174
01    13.557    1.219  -10.208 -107.995    5.180   43.083    1608104984189
02    13.790    2.008  -15.308 -141.124   76.571  -82.943    1608104984189
01    13.555    1.175  -10.223 -108.436    5.859   43.866    1608104984205
02    13.757    2.006  -15.249 -144.216   73.545  -85.588    1608104984205
01    13.560    1.084  -10.249 -109.562    7.333   45.863    1608104984221
02    13.738    1.977  -15.067 -148.118   67.366  -86.763    1608104984221
01    13.506    1.027  -10.341 -111.997    9.979   48.814    1608104984243
02    13.735    2.071  -14.325 -154.099   57.622  -89.920    1608104984243
01    13.365    1.046  -10.516 -117.351   14.580   52.631    1608104984258
02    13.571    1.946  -13.431 -158.343   42.062  -88.984    1608104984258
01    12.973    1.117  -10.982 -125.335   18.963   54.294    1608104984274
02    13.023    1.676  -13.186 -162.725   16.461  -85.089    1608104984274
01    12.566    1.359  -11.571 -132.646   24.002   52.544    1608104984289
02    12.505    1.515  -13.107 -167.919   -7.165  -81.453    1608104984289
01    12.516    1.598  -11.791 -135.498   29.047   51.512    1608104984305
02    12.425    1.674  -12.826 -171.243  -18.418  -80.670    1608104984305
01    12.547    1.708  -11.883 -136.334   32.244   51.172    1608104984321
02    12.436    1.816  -12.722 -172.689  -21.505  -81.093    1608104984321
01    12.572    1.772  -11.961 -136.767   34.163   50.672    1608104984343
02    12.468    1.948  -12.693 -172.952  -21.843  -81.358    1608104984343
01    12.605    1.811  -12.008 -137.057   35.745   50.442    1608104984359
02    12.502    2.004  -12.707 -173.585  -21.256  -80.610    1608104984359
01    12.646    1.831  -12.031 -137.192   37.079   50.261    1608104984374
02    12.523    2.077  -12.737 -173.391  -20.564  -80.138    1608104984374
01    12.689    1.874  -12.024 -136.674   37.894   49.535    1608104984390
02    12.520    2.202  -12.759 -171.572  -20.453  -80.251    1608104984390
01    12.754    1.907  -11.951 -135.719   38.122   48.287    1608104984405
02    12.469    2.363  -12.770 -168.061  -21.125  -81.359    1608104984405
01    12.778    1.928  -11.871 -136.291   38.241   46.071    1608104984421
02    12.443    2.392  -12.755 -162.885  -19.345  -85.302    1608104984421
01    12.845    1.961  -11.676 -134.131   37.124   45.152    1608104984443
02    12.405    2.240  -12.864 -160.610  -13.419  -88.383    1608104984443
01    12.881    2.009  -11.444 -129.278   33.503   45.289    1608104984459
02    12.250    1.991  -13.215 -160.184   -5.537  -91.592    1608104984459
01    12.884    1.976  -11.249 -123.510   27.568   45.421    1608104984474
02    11.958    1.698  -13.920 -160.955    3.716  -95.129    1608104984474
01    12.895    1.878  -11.075 -118.497   20.991   44.465    1608104984490
02    11.752    1.522  -14.781 -161.911   14.692  -97.996    1608104984490
01    12.993    1.686  -10.840 -113.996   14.732   43.087    1608104984506
02    11.916    1.477  -15.293 -162.172   30.303  -99.968    1608104984506
01    13.126    1.540  -10.605 -111.138   10.806   42.015    1608104984521
02    12.355    1.672  -15.382 -161.081   47.492 -101.474    1608104984521
01    13.222    1.478  -10.428 -109.499    8.442   41.165    1608104984543
02    12.739    1.842  -15.348 -159.601   59.592 -101.617    1608104984543
01    13.312    1.437  -10.281 -108.509    6.824   40.547    1608104984559
02    13.027    2.009  -15.271 -157.320   67.411 -100.440    1608104984559
01    13.368    1.403  -10.227 -107.709    5.775   39.693    1608104984575
02    13.202    2.116  -15.246 -155.069   71.789  -98.879    1608104984575
01    13.417    1.379  -10.197 -106.919    5.128   38.952    1608104984590
02    13.287    2.175  -15.251 -152.821   74.110  -97.059    1608104984590
01    13.467    1.383  -10.151 -106.231    4.836   38.692    1608104984606
02    13.352    2.232  -15.250 -151.585   75.899  -96.139    1608104984606
01    13.505    1.379  -10.105 -105.961    4.702   38.781    1608104984622
02    13.385    2.274  -15.250 -150.621   76.904  -95.214    1608104984622
01    13.503    1.406  -10.096 -105.788    4.665   38.868    1608104984644
02    13.435    2.316  -15.238 -149.401   78.081  -93.666    1608104984644
01    13.498    1.401  -10.089 -105.899    4.615   38.970    1608104984659
02    13.471    2.390  -15.229 -150.299   79.126  -94.543    1608104984659
01    13.493    1.405  -10.107 -105.742    4.538   38.791    1608104984675
02    13.496    2.424  -15.231 -149.894   79.566  -94.128    1608104984675
01    13.486    1.404  -10.142 -105.475    4.535   38.439    1608104984691
02    13.497    2.477  -15.239 -150.923   79.840  -95.413    1608104984691
01    13.507    1.415  -10.145 -105.156    4.746   38.438    1608104984706
02    13.536    2.528  -15.214 -150.690   80.527  -95.429    1608104984706
01    13.523    1.410  -10.143 -105.000    5.023   38.648    1608104984722
02    13.569    2.511  -15.211 -148.779   80.386  -93.381    1608104984722
01    13.531    1.398  -10.147 -105.052    5.357   39.115    1608104984744
02    13.575    2.519  -15.208 -148.186   79.864  -92.874    1608104984744
01    13.532    1.388  -10.158 -105.463    6.134   40.028    1608104984760
02    13.597    2.428  -15.176 -143.953   77.757  -87.697    1608104984760
01    13.540    1.293  -10.173 -106.915    7.442   42.304    1608104984775
02    13.624    2.307  -15.084 -142.133   73.780  -83.740    1608104984775
01    13.492    1.206  -10.274 -109.712   10.306   46.158    1608104984791
02    13.631    2.230  -14.883 -146.366   66.884  -84.274    1608104984791
01    13.332    1.191  -10.526 -114.614   15.072   50.670    1608104984807
02    13.589    2.215  -14.330 -152.652   56.696  -86.760    1608104984807
01    13.063    1.275  -10.917 -120.396   19.622   53.239    1608104984822
02    13.410    2.038  -13.593 -158.453   39.346  -85.929    1608104984822
01    12.696    1.427  -11.463 -126.708   23.542   53.480    1608104984844
02    13.033    1.864  -13.242 -163.054   20.053  -83.791    1608104984844
01    12.435    1.621  -11.954 -132.822   28.408   51.685    1608104984860
02    12.623    1.683  -13.128 -168.035    0.809  -81.031    1608104984860
01    12.467    1.785  -12.093 -135.440   33.468   51.394    1608104984876
02    12.439    1.830  -12.987 -171.007  -10.699  -81.367    1608104984876
01    12.535    1.898  -12.133 -135.789   36.610   51.829    1608104984891
02    12.415    1.986  -12.937 -172.309  -13.646  -82.631    1608104984891
01    12.593    1.946  -12.156 -135.586   38.283   52.166    1608104984907
02    12.442    2.064  -12.921 -172.833  -14.026  -82.647    1608104984907
01    12.657    1.918  -12.169 -135.541   39.108   52.463    1608104984922
02    12.465    2.114  -12.934 -173.017  -14.104  -82.285    1608104984922
01    12.705    1.940  -12.154 -135.491   39.772   52.083    1608104984944
02    12.482    2.140  -12.948 -172.863  -14.147  -81.769    1608104984944
01    12.755    1.938  -12.117 -135.369   39.886   51.140    1608104984960
02    12.462    2.222  -12.954 -171.337  -14.809  -81.881    1608104984960
01    12.754    1.923  -12.098 -135.335   39.391   49.212    1608104984984
02    12.398    2.422  -12.934 -167.265  -15.585  -84.103    1608104984984
01    12.822    1.980  -11.955 -134.440   39.633   47.659    1608104984985
02    12.374    2.363  -12.924 -164.189  -13.217  -85.525    1608104984985
01    12.899    2.031  -11.710 -130.627   37.512   47.418    1608104985017
02    12.273    2.181  -13.122 -162.314   -7.168  -87.519    1608104985017
01    12.930    2.081  -11.461 -124.876   32.494   47.327    1608104985032
02    12.089    1.968  -13.524 -161.780    0.644  -90.329    1608104985032
01    12.920    2.056  -11.255 -118.975   25.364   46.362    1608104985045
02    11.812    1.739  -14.288 -162.434   10.063  -93.830    1608104985045
01    12.945    1.899  -11.053 -114.207   17.784   44.077    1608104985060
02    11.708    1.674  -15.021 -163.077   21.073  -96.923    1608104985060
01    13.044    1.698  -10.839 -111.041   12.597   41.832    1608104985076
02    11.948    1.708  -15.384 -162.441   35.733  -98.881    1608104985076
01    13.175    1.604  -10.606 -109.037   10.120   40.749    1608104985092
02    12.405    1.902  -15.393 -160.855   51.421 -100.318    1608104985092
01    13.253    1.610  -10.437 -107.794    8.500   40.029    1608104985107
02    12.695    2.122  -15.396 -160.328   61.650 -101.772    1608104985107
01    13.289    1.589  -10.348 -107.250    6.859   39.060    1608104985123
02    12.918    2.241  -15.359 -158.386   68.103 -100.678    1608104985123
01    13.331    1.586  -10.287 -106.623    5.851   38.045    1608104985145
02    13.034    2.346  -15.356 -157.275   71.726 -100.037    1608104985145
01    13.396    1.582  -10.237 -105.839    5.306   37.313    1608104985160
02    13.162    2.444  -15.309 -154.028   74.718  -97.435    1608104985160
01    13.466    1.563  -10.174 -105.382    5.015   37.064    1608104985176
02    13.245    2.535  -15.288 -152.742   76.427  -96.611    1608104985176
01    13.514    1.580  -10.114 -105.025    4.840   37.117    1608104985192
02    13.299    2.559  -15.278 -150.990   77.161  -94.748    1608104985192
01    13.517    1.609  -10.106 -104.912    4.777   36.972    1608104985207
02    13.349    2.613  -15.250 -150.724   78.238  -94.505    1608104985207
01    13.538    1.587  -10.091 -105.125    4.700   37.231    1608104985223
02    13.376    2.662  -15.246 -151.139   78.659  -95.069    1608104985223
01    13.552    1.576  -10.101 -105.199    5.150   37.664    1608104985245
02    13.405    2.691  -15.251 -150.878   79.038  -94.842    1608104985245
01    13.536    1.579  -10.133 -105.474    5.866   38.141    1608104985261
02    13.446    2.719  -15.240 -150.103   79.281  -94.016    1608104985261
01    13.532    1.589  -10.147 -105.954    6.712   39.152    1608104985276
02    13.486    2.677  -15.220 -146.416   77.960  -89.944    1608104985276
01    13.536    1.540  -10.164 -107.156    7.961   41.318    1608104985292
02    13.526    2.615  -15.154 -143.894   75.043  -86.359    1608104985292
01    13.506    1.425  -10.246 -109.567   10.109   45.269    1608104985308
02    13.609    2.510  -14.974 -143.565   68.974  -82.466    1608104985308
01    13.350    1.363  -10.489 -114.242   14.056   50.268    1608104985323
02    13.714    2.453  -14.493 -148.871   59.062  -83.713    1608104985323
01    13.001    1.442  -11.004 -121.248   19.597   53.633    1608104985345
02    13.756    2.308  -13.626 -154.274   46.152  -83.937    1608104985345
01    12.536    1.693  -11.755 -128.576   25.127   52.627    1608104985361
02    13.415    2.001  -13.194 -161.647   23.635  -81.722    1608104985361
01    12.515    1.927  -12.115 -132.182   32.244   51.587    1608104985377
02    12.819    1.929  -13.169 -168.232   -1.147  -80.018    1608104985377
01    12.639    2.074  -12.178 -132.841   36.923   51.769    1608104985392
02    12.601    2.131  -13.077 -170.966  -10.975  -82.210    1608104985392
01    12.716    2.092  -12.228 -133.052   39.240   52.136    1608104985408
02    12.570    2.233  -13.035 -172.411  -13.689  -83.513    1608104985408
01    12.772    2.080  -12.245 -133.154   40.567   52.656    1608104985424
02    12.597    2.266  -13.016 -173.561  -14.096  -83.566    1608104985424
01    12.792    2.089  -12.269 -133.196   41.340   52.884    1608104985446
02    12.582    2.327  -13.041 -173.633  -14.210  -83.386    1608104985446
01    12.832    2.099  -12.251 -133.049   41.871   52.557    1608104985461
02    12.584    2.390  -13.044 -172.901  -14.168  -83.332    1608104985461
01    12.867    2.122  -12.209 -132.698   41.940   51.227    1608104985477
02    12.555    2.479  -13.043 -170.610  -14.875  -83.184    1608104985477
01    12.844    2.126  -12.201 -132.633   41.026   48.766    1608104985493
02    12.445    2.713  -13.033 -164.989  -15.909  -85.792    1608104985493
01    12.916    2.156  -12.051 -131.615   40.860   47.116    1608104985508
02    12.425    2.610  -13.040 -162.198  -13.078  -87.227    1608104985508
01    12.985    2.200  -11.827 -127.453   38.164   46.789    1608104985524
02    12.337    2.400  -13.263 -161.034   -6.907  -89.513    1608104985524
01    13.021    2.189  -11.612 -121.533   32.473   46.890    1608104985546
02    12.164    2.191  -13.679 -161.106    0.589  -92.768    1608104985546
01    13.041    2.121  -11.426 -115.897   25.615   46.073    1608104985562
02    11.883    1.976  -14.483 -161.640    9.829  -95.953    1608104985562
01    13.111    1.950  -11.222 -111.496   18.894   44.040    1608104985577
02    11.826    1.844  -15.237 -162.080   20.762  -98.188    1608104985577
01    13.238    1.772  -11.004 -108.694   14.577   42.380    1608104985593
02    12.127    1.950  -15.574 -161.741   36.613 -100.483    1608104985593
01    13.352    1.710  -10.818 -107.080   12.348   41.592    1608104985609
02    12.569    2.216  -15.586 -161.545   52.499 -103.053    1608104985609
01    13.414    1.705  -10.687 -106.495   11.101   41.305    1608104985624
02    12.907    2.368  -15.573 -160.595   62.699 -103.278    1608104985624
01    13.434    1.705  -10.623 -106.227   10.022   40.819    1608104985646
02    13.149    2.458  -15.568 -158.093   69.244 -101.080    1608104985646
01    13.454    1.707  -10.597 -105.793    9.272   40.199    1608104985662
02    13.307    2.615  -15.539 -156.951   73.660 -100.900    1608104985662
01    13.499    1.700  -10.566 -105.364    8.902   39.922    1608104985678
02    13.407    2.711  -15.525 -157.856   75.974 -102.243    1608104985678
01    13.540    1.678  -10.536 -105.023    8.939   39.853    1608104985693
02    13.488    2.820  -15.488 -159.801   77.812 -104.876    1608104985693
01    13.565    1.699  -10.511 -104.657    9.063   39.977    1608104985709
02    13.512    2.884  -15.493 -160.682   78.443 -105.989    1608104985709
01    13.572    1.702  -10.501 -104.645    9.107   40.171    1608104985724
02    13.543    2.945  -15.484 -162.281   79.153 -107.573    1608104985724
01    13.557    1.708  -10.510 -104.727    9.229   40.218    1608104985747
02    13.552    3.002  -15.475 -163.956   79.368 -109.269    1608104985747
01    13.532    1.720  -10.533 -104.788    9.397   40.388    1608104985762
02    13.539    3.044  -15.474 -164.038   78.898 -109.395    1608104985762
01    13.518    1.704  -10.554 -105.124    9.774   40.690    1608104985778
02    13.519    3.055  -15.450 -161.439   77.118 -106.759    1608104985778
01    13.509    1.672  -10.579 -105.826   10.670   41.530    1608104985793
02    13.510    3.009  -15.354 -157.502   73.143 -101.369    1608104985793
01    13.492    1.615  -10.642 -107.132   12.219   43.432    1608104985809
02    13.477    2.976  -15.130 -156.352   65.317  -97.520    1608104985809
01    13.406    1.541  -10.797 -109.667   14.610   45.900    1608104985825
02    13.477    2.930  -14.349 -157.512   53.797  -95.355    1608104985825
01    13.193    1.510  -11.131 -114.472   19.063   48.981    1608104985847
02    13.210    2.719  -13.646 -158.937   35.677  -91.683    1608104985847
01    12.854    1.618  -11.654 -120.144   24.689   50.573    1608104985862
02    12.723    2.393  -13.408 -162.582    9.797  -86.790    1608104985862
01    12.627    1.847  -12.076 -125.144   30.707   50.533    1608104985878
02    12.283    2.272  -13.291 -167.622  -12.981  -83.399    1608104985878
01    12.580    2.075  -12.250 -127.183   35.393   50.427    1608104985894
02    12.229    2.442  -13.081 -170.555  -19.087  -85.118    1608104985894
01    12.598    2.175  -12.353 -127.921   38.557   50.603    1608104985909
02    12.235    2.600  -13.023 -171.594  -20.384  -86.482    1608104985909
01    12.664    2.203  -12.399 -128.050   40.767   51.220    1608104985925
02    12.270    2.675  -13.023 -172.300  -20.069  -86.250    1608104985925
01    12.699    2.229  -12.431 -127.904   41.993   51.740    1608104985947
02    12.300    2.728  -13.048 -172.714  -19.349  -85.250    1608104985947
01    12.745    2.238  -12.434 -127.759   42.846   51.942    1608104985963
02    12.334    2.776  -13.071 -172.572  -18.574  -84.187    1608104985963
01    12.794    2.243  -12.413 -127.569   43.232   51.522    1608104985978
02    12.343    2.830  -13.090 -171.447  -18.032  -82.796    1608104985978
01    12.808    2.226  -12.381 -128.421   43.102   49.992    1608104985994
02    12.283    3.116  -13.070 -165.929  -16.963  -86.279    1608104985994
01    12.823    2.272  -12.292 -130.886   43.201   46.952    1608104986010
02    12.280    2.988  -13.123 -162.436  -13.633  -88.124    1608104986010
01    12.870    2.309  -12.103 -129.564   41.646   45.666    1608104986025
02    12.211    2.721  -13.362 -160.970   -7.254  -89.999    1608104986025
01    12.906    2.360  -11.880 -124.515   37.559   45.342    1608104986047
02    12.071    2.455  -13.784 -160.751    1.017  -92.779    1608104986047
01    12.931    2.340  -11.666 -117.386   30.584   45.073    1608104986063
02    11.860    2.232  -14.565 -161.695   10.973  -96.567    1608104986063
01    12.979    2.167  -11.460 -112.116   23.025   43.234    1608104986079
02    11.806    2.177  -15.319 -163.429   24.223 -100.877    1608104986079
01    13.104    1.945  -11.226 -108.172   17.132   40.866    1608104986094
02    12.113    2.273  -15.606 -164.189   40.957 -104.292    1608104986094
01    13.265    1.829  -10.951 -105.792   13.940   39.629    1608104986110
02    12.485    2.495  -15.627 -164.768   55.886 -107.565    1608104986110
01    13.338    1.808  -10.761 -104.812   11.865   38.756    1608104986126
02    12.755    2.616  -15.610 -164.819   64.795 -108.412    1608104986126
01    13.356    1.815  -10.636 -104.467   10.075   37.905    1608104986147
02    12.957    2.719  -15.556 -162.867   70.715 -106.773    1608104986147
01    13.365    1.806  -10.563 -104.145    8.752   36.927    1608104986163
02    13.077    2.841  -15.508 -162.001   74.150 -106.421    1608104986163
01    13.399    1.808  -10.517 -103.629    8.015   35.969    1608104986179
02    13.128    2.970  -15.486 -163.081   76.069 -108.375    1608104986179
01    13.453    1.817  -10.455 -103.070    7.591   35.279    1608104986194
02    13.157    3.035  -15.467 -163.847   77.122 -109.396    1608104986194
01    13.481    1.854  -10.409 -102.609    7.315   34.684    1608104986210
02    13.160    3.078  -15.450 -164.767   77.759 -110.266    1608104986210
01    13.481    1.888  -10.368 -102.490    6.953   34.232    1608104986226
02    13.146    3.137  -15.446 -165.565   78.080 -111.193    1608104986226
01    13.482    1.901  -10.342 -102.485    6.462   33.678    1608104986248
02    13.140    3.197  -15.424 -166.555   78.569 -112.304    1608104986248
01    13.493    1.903  -10.316 -102.340    6.132   33.128    1608104986263
02    13.131    3.222  -15.400 -166.966   78.628 -112.727    1608104986263
01    13.520    1.901  -10.289 -102.053    5.920   32.843    1608104986279
02    13.140    3.247  -15.366 -167.418   78.990 -113.337    1608104986279
01    13.539    1.890  -10.276 -101.924    5.951   32.831    1608104986295
02    13.139    3.273  -15.354 -167.830   79.094 -113.925    1608104986295
01    13.561    1.885  -10.260 -101.819    6.046   33.125    1608104986310
02    13.165    3.281  -15.334 -167.885   79.649 -113.839    1608104986310
01    13.560    1.879  -10.280 -101.933    6.198   33.277    1608104986326
02    13.198    3.286  -15.318 -167.241   80.104 -113.330    1608104986326
01    13.555    1.861  -10.306 -102.169    6.467   33.597    1608104986348
02    13.239    3.312  -15.306 -167.563   80.347 -113.938    1608104986348
01    13.562    1.847  -10.325 -102.491    6.894   34.138    1608104986364
02    13.282    3.308  -15.297 -166.159   80.442 -112.401    1608104986364
01    13.569    1.842  -10.337 -103.003    7.849   34.996    1608104986379
02    13.332    3.230  -15.277 -159.921   79.609 -105.389    1608104986379
01    13.573    1.763  -10.350 -104.274    9.010   37.035    1608104986395
02    13.382    3.144  -15.248 -152.605   77.138  -97.039    1608104986395
01    13.542    1.657  -10.419 -107.259   11.486   41.490    1608104986411
02    13.487    2.944  -15.124 -148.173   72.405  -89.790    1608104986411
01    13.406    1.617  -10.612 -111.617   15.434   46.936    1608104986426
02    13.606    2.745  -14.798 -149.897   63.271  -86.722    1608104986426
01    13.127    1.663  -11.018 -115.921   19.059   50.226    1608104986448
02    13.550    2.672  -14.340 -155.549   49.470  -87.725    1608104986448
01    12.834    1.767  -11.501 -120.288   22.652   52.128    1608104986464
02    13.339    2.542  -13.806 -159.525   33.457  -86.779    1608104986464
01    12.579    1.878  -11.981 -124.959   26.740   52.482    1608104986480
02    12.982    2.309  -13.529 -163.247   16.008  -84.252    1608104986480
01    12.430    2.034  -12.370 -129.203   31.837   51.295    1608104986495
02    12.602    2.212  -13.413 -167.383   -0.930  -82.367    1608104986495
01    12.545    2.192  -12.387 -130.438   36.853   51.626    1608104986511
02    12.435    2.367  -13.276 -169.864  -10.205  -83.746    1608104986511
01    12.576    2.296  -12.412 -130.953   39.327   51.400    1608104986526
02    12.360    2.486  -13.216 -171.437  -13.644  -84.554    1608104986526
01    12.594    2.336  -12.432 -131.472   40.756   51.024    1608104986548
02    12.333    2.577  -13.195 -172.008  -14.503  -84.086    1608104986548
01    12.607    2.372  -12.463 -132.030   41.733   50.208    1608104986564
02    12.328    2.656  -13.198 -171.887  -14.349  -83.046    1608104986564
01    12.634    2.391  -12.471 -132.101   42.425   49.373    1608104986580
02    12.324    2.698  -13.213 -171.240  -14.190  -81.782    1608104986580
01    12.654    2.376  -12.469 -132.698   42.749   47.919    1608104986595
02    12.262    2.966  -13.218 -167.015  -13.981  -84.180    1608104986595
01    12.634    2.446  -12.470 -134.882   43.310   44.666    1608104986611
02    12.222    2.999  -13.270 -162.858  -11.983  -86.340    1608104986611
01    12.725    2.511  -12.328 -134.481   43.515   42.765    1608104986626
02    12.193    2.819  -13.408 -160.587   -7.610  -88.093    1608104986626
01    12.809    2.542  -12.134 -130.611   41.297   42.446    1608104986649
02    12.121    2.605  -13.713 -159.500   -0.778  -90.624    1608104986649
01    12.885    2.524  -11.918 -124.321   36.594   43.107    1608104986664
02    11.983    2.393  -14.230 -159.830    7.204  -94.066    1608104986664
01    12.928    2.475  -11.724 -117.807   29.984   43.229    1608104986680
02    11.800    2.237  -15.043 -161.144   16.203  -97.779    1608104986680
01    13.000    2.301  -11.557 -112.424   22.694   41.866    1608104986696
02    11.881    2.303  -15.602 -162.475   27.847 -101.328    1608104986696
01    13.163    2.105  -11.346 -108.364   17.635   40.591    1608104986711
02    12.240    2.383  -15.809 -162.818   42.813 -103.754    1608104986711
01    13.332    1.953  -11.126 -106.124   14.526   39.827    1608104986727
02    12.618    2.600  -15.810 -162.625   56.145 -106.023    1608104986727
01    13.431    1.916  -10.957 -104.819   12.543   39.161    1608104986751
02    12.924    2.748  -15.751 -162.019   65.078 -106.539    1608104986751
01    13.481    1.906  -10.869 -104.036   11.143   38.495    1608104986753
02    13.110    2.886  -15.705 -162.100   70.516 -107.486    1608104986753
01    13.522    1.859  -10.816 -103.471   10.221   37.845    1608104986769
02    13.235    2.988  -15.674 -162.189   73.808 -108.294    1608104986769
01    13.568    1.842  -10.783 -102.849    9.839   37.194    1608104986800
02    13.296    3.070  -15.671 -163.571   75.859 -110.250    1608104986800
01    13.617    1.848  -10.736 -102.109    9.618   36.822    1608104986816
02    13.314    3.174  -15.661 -166.789   77.126 -114.237    1608104986816
01    13.656    1.855  -10.684 -101.648    9.447   36.574    1608104986831
02    13.335    3.225  -15.644 -168.224   77.927 -115.865    1608104986831
01    13.675    1.891  -10.632 -101.328    9.381   36.270    1608104986849
02    13.367    3.301  -15.597 -171.005   78.885 -118.999    1608104986849
01    13.670    1.898  -10.620 -101.032    9.005   35.697    1608104986864
02    13.368    3.360  -15.575 -172.617   79.152 -120.942    1608104986864
01    13.687    1.859  -10.595 -100.827    8.668   35.326    1608104986880
02    13.372    3.366  -15.556 -173.092   79.316 -121.416    1608104986880
01    13.701    1.848  -10.578 -100.525    8.644   35.051    1608104986896
02    13.391    3.412  -15.513 -174.949   79.911 -123.613    1608104986896
01    13.707    1.837  -10.545 -100.452    8.749   35.209    1608104986911
02    13.387    3.404  -15.498 -174.728   79.957 -123.034    1608104986911
01    13.704    1.812  -10.523 -100.852    9.337   35.779    1608104986927
02    13.409    3.409  -15.466 -174.044   80.387 -122.377    1608104986927
01    13.678    1.809  -10.543 -101.459   10.170   36.632    1608104986949
02    13.447    3.365  -15.426 -166.569   80.103 -114.370    1608104986949
01    13.654    1.753  -10.568 -102.818   11.572   38.614    1608104986965
02    13.487    3.308  -15.381 -156.135   78.153 -102.889    1608104986965
01    13.600    1.640  -10.638 -105.410   13.624   42.176    1608104986981
02    13.585    3.120  -15.254 -149.246   73.590  -92.756    1608104986981
01    13.425    1.598  -10.867 -109.423   17.089   46.518    1608104986996
02    13.671    2.958  -14.999 -150.214   65.832  -89.504    1608104986996
01    13.157    1.635  -11.253 -114.423   21.635   50.001    1608104987012
02    13.688    2.937  -14.545 -154.231   54.364  -89.813    1608104987012
01    12.822    1.758  -11.762 -119.609   26.338   51.384    1608104987027
02    13.510    2.816  -14.017 -157.842   37.684  -88.931    1608104987027
01    12.524    1.978  -12.263 -125.228   31.617   50.621    1608104987049
02    13.177    2.619  -13.648 -161.134   20.092  -86.955    1608104987049
01    12.365    2.223  -12.683 -130.042   37.930   48.595    1608104987065
02    12.785    2.386  -13.508 -165.493    2.787  -84.709    1608104987065
01    12.543    2.347  -12.636 -131.112   43.504   49.994    1608104987081
02    12.537    2.482  -13.458 -168.383   -6.225  -86.463    1608104987081
01    12.579    2.400  -12.648 -131.491   45.487   50.555    1608104987096
02    12.429    2.618  -13.443 -169.785   -9.540  -87.993    1608104987096
01    12.613    2.435  -12.639 -131.701   46.476   51.134    1608104987112
02    12.384    2.693  -13.431 -170.785  -10.902  -88.303    1608104987112
01    12.634    2.470  -12.633 -132.140   47.167   50.975    1608104987127
02    12.378    2.735  -13.421 -171.382  -11.390  -88.039    1608104987127
01    12.648    2.505  -12.630 -132.500   47.519   50.621    1608104987149
02    12.381    2.822  -13.408 -171.045  -11.409  -88.051    1608104987149
01    12.670    2.519  -12.616 -132.499   47.599   50.096    1608104987165
02    12.342    2.884  -13.430 -170.132  -11.882  -87.772    1608104987165
01    12.692    2.527  -12.569 -132.373   47.280   48.817    1608104987180
02    12.306    2.941  -13.420 -168.090  -12.246  -87.175    1608104987180
01    12.663    2.555  -12.538 -133.900   46.687   45.668    1608104987196
02    12.213    3.102  -13.402 -163.041  -11.984  -90.330    1608104987196
01    12.736    2.569  -12.367 -132.967   46.009   44.094    1608104987212
02    12.164    2.977  -13.486 -161.083   -8.725  -92.191    1608104987212
01    12.818    2.592  -12.108 -128.264   43.000   44.431    1608104987227
02    12.068    2.763  -13.769 -161.162   -2.290  -94.679    1608104987227
01    12.858    2.565  -11.867 -121.730   37.013   45.087    1608104987249
02    11.857    2.624  -14.300 -162.253    5.540  -98.693    1608104987249
01    12.916    2.445  -11.600 -115.635   29.799   45.191    1608104987265
02    11.585    2.523  -15.114 -163.887   14.495 -102.131    1608104987265
01    12.981    2.245  -11.418 -111.541   22.599   43.598    1608104987281
02    11.711    2.469  -15.623 -165.153   26.655 -104.266    1608104987281
01    13.117    2.075  -11.232 -109.081   18.490   42.602    1608104987296
02    12.105    2.593  -15.777 -165.483   42.245 -106.192    1608104987296
01    13.207    1.998  -11.100 -107.744   16.165   41.976    1608104987312
02    12.494    2.819  -15.771 -166.443   55.343 -109.061    1608104987312
01    13.252    1.954  -11.009 -107.027   14.420   41.336    1608104987328
02    12.812    2.960  -15.722 -167.253   64.175 -110.772    1608104987328
01    13.314    1.950  -10.922 -106.333   13.230   40.818    1608104987350
02    13.049    3.039  -15.676 -167.621   69.953 -111.536    1608104987350
01    13.343    1.927  -10.897 -105.634   12.263   40.054    1608104987365
02    13.177    3.177  -15.666 -168.763   73.377 -113.844    1608104987365
01    13.385    1.920  -10.860 -104.886   11.745   39.533    1608104987381
02    13.279    3.253  -15.646 -169.745   75.731 -115.318    1608104987381
01    13.421    1.921  -10.817 -104.270   11.407   39.164    1608104987397
02    13.344    3.312  -15.615 -171.529   77.368 -117.382    1608104987397
01    13.441    1.932  -10.768 -103.887   11.169   38.833    1608104987412
02    13.392    3.357  -15.586 -172.831   78.511 -118.699    1608104987412
01    13.464    1.928  -10.725 -103.672   10.825   38.661    1608104987428
02    13.381    3.398  -15.602 -173.967   78.676 -120.073    1608104987428
01    13.466    1.936  -10.700 -103.359   10.550   38.240    1608104987450
02    13.377    3.407  -15.604 -174.677   78.845 -120.726    1608104987450
01    13.463    1.912  -10.697 -103.299   10.323   37.825    1608104987466
02    13.385    3.434  -15.581 -176.414   79.392 -122.435    1608104987466
01    13.476    1.903  -10.668 -103.194   10.289   37.839    1608104987481
02    13.387    3.485  -15.553 -178.365   79.830 -124.634    1608104987481
01    13.480    1.927  -10.641 -103.010   10.521   37.975    1608104987497
02    13.410    3.489  -15.518 -177.830   80.203 -123.756    1608104987497
01    13.471    1.940  -10.621 -103.142   10.759   38.391    1608104987513
02    13.414    3.526  -15.482 -176.622   79.685 -122.829    1608104987513
01    13.445    1.916  -10.631 -103.874   11.151   38.974    1608104987528
02    13.387    3.500  -15.446 -170.008   77.053 -115.603    1608104987528
01    13.422    1.881  -10.643 -105.119   12.151   40.574    1608104987550
02    13.407    3.418  -15.322 -162.426   72.316 -106.005    1608104987550
01    13.386    1.795  -10.691 -107.258   13.793   43.626    1608104987566
02    13.438    3.280  -14.944 -159.493   63.490  -99.742    1608104987566
01    13.273    1.751  -10.856 -110.789   16.674   47.453    1608104987582
02    13.384    3.276  -14.222 -160.063   50.990  -97.753    1608104987582
01    13.037    1.788  -11.177 -116.010   21.008   50.728    1608104987597
02    13.107    2.967  -13.676 -160.912   29.991  -92.872    1608104987597
01    12.660    1.904  -11.677 -122.591   25.490   52.071    1608104987613
02    12.648    2.638  -13.460 -163.588    8.757  -88.386    1608104987613
01    12.307    2.191  -12.186 -130.239   30.939   50.012    1608104987628
02    12.282    2.472  -13.338 -167.265   -8.882  -84.862    1608104987628
01    12.325    2.440  -12.296 -133.836   36.255   48.815    1608104987651
02    12.202    2.561  -13.192 -170.305  -15.891  -83.680    1608104987651
01    12.352    2.552  -12.390 -135.801   39.350   47.847    1608104987666
02    12.230    2.712  -13.131 -171.824  -16.859  -83.142    1608104987666
01    12.398    2.595  -12.463 -136.712   41.493   47.354    1608104987682
02    12.259    2.809  -13.155 -172.742  -16.442  -82.447    1608104987682
01    12.458    2.667  -12.486 -137.138   43.386   46.831    1608104987697
02    12.311    2.922  -13.172 -172.716  -15.495  -81.974    1608104987697
01    12.510    2.705  -12.512 -137.126   44.364   46.311    1608104987713
02    12.336    3.021  -13.215 -172.107  -15.038  -81.848    1608104987713
01    12.545    2.728  -12.530 -137.060   44.833   45.263    1608104987729
02    12.298    3.240  -13.257 -169.207  -15.153  -83.688    1608104987729
01    12.560    2.758  -12.529 -138.608   45.182   43.141    1608104987751
02    12.255    3.385  -13.278 -164.613  -13.463  -86.862    1608104987751
01    12.596    2.800  -12.459 -139.623   45.447   40.845    1608104987767
02    12.244    3.254  -13.345 -161.836  -10.604  -89.262    1608104987767
01    12.684    2.807  -12.284 -137.203   44.424   40.461    1608104987782
02    12.166    3.055  -13.580 -160.478   -5.351  -91.722    1608104987782
01    12.762    2.804  -12.051 -131.722   41.279   41.585    1608104987798
02    12.053    2.856  -13.943 -160.562    1.751  -94.563    1608104987798
01    12.812    2.749  -11.818 -125.168   35.923   43.176    1608104987813
02    11.875    2.750  -14.523 -161.969    9.873  -98.527    1608104987813
01    12.827    2.654  -11.629 -119.763   29.646   43.473    1608104987829
02    11.738    2.771  -15.191 -164.407   19.261 -102.702    1608104987829
01    12.861    2.496  -11.456 -115.144   23.197   42.629    1608104987845
02    11.809    2.828  -15.657 -167.038   31.411 -106.347    1608104987851
01    12.972    2.361  -11.231 -111.970   18.873   42.047    1608104987867
02    12.111    3.003  -15.808 -168.882   44.947 -109.539    1608104987867
01    13.058    2.303  -11.038 -110.308   16.197   41.354    1608104987883
02    12.479    3.136  -15.765 -170.758   56.684 -112.210    1608104987883
01    13.087    2.242  -10.948 -109.620   14.160   40.679    1608104987898
02    12.718    3.297  -15.731 -172.127   64.037 -114.704    1608104987898
01    13.136    2.228  -10.862 -108.861   12.996   40.164    1608104987914
02    12.896    3.428  -15.676 -173.795   69.108 -117.191    1608104987914
01    13.157    2.213  -10.829 -108.188   12.128   39.228    1608104987929
02    13.035    3.473  -15.645 -174.829   72.265 -118.483    1608104987929
01    13.216    2.217  -10.777 -107.340   11.693   38.656    1608104987951
02    13.120    3.565  -15.614 -176.361   74.405 -120.877    1608104987951
01    13.259    2.216  -10.727 -106.680   11.196   38.173    1608104987967
02    13.183    3.607  -15.581 -178.319   75.829 -122.966    1608104987967
01    13.318    2.205  -10.642 -106.279   10.802   38.029    1608104987982
02    13.207    3.620  -15.569 -178.877   76.640 -123.574    1608104987982
01    13.316    2.205  -10.631 -106.060   10.234   37.430    1608104987998
02    13.236    3.645  -15.543 -179.775   77.533 -124.537    1608104987998
01    13.336    2.187  -10.585 -105.721    9.738   37.132    1608104988014
02    13.241    3.672  -15.519  179.138   77.968 -125.694    1608104988014
01    13.356    2.185  -10.545 -105.325    9.501   36.641    1608104988029
02    13.252    3.675  -15.499  179.704   78.342 -125.206    1608104988029
01    13.378    2.164  -10.505 -104.963    9.206   36.235    1608104988051
02    13.277    3.691  -15.451  177.074   78.896 -127.925    1608104988051
01    13.380    2.133  -10.506 -104.728    8.907   35.849    1608104988067
02    13.282    3.715  -15.416  174.898   79.051 -130.161    1608104988067
01    13.390    2.121  -10.485 -104.590    8.924   35.779    1608104988083
02    13.278    3.751  -15.393  173.385   79.082 -131.721    1608104988083
01    13.386    2.124  -10.476 -104.595    9.204   35.972    1608104988098
02    13.294    3.743  -15.370  173.468   79.381 -131.290    1608104988098
01    13.381    2.132  -10.471 -104.671    9.653   36.524    1608104988114
02    13.286    3.748  -15.366  176.549   79.216 -128.274    1608104988114
01    13.356    2.111  -10.487 -105.213   10.213   37.254    1608104988130
02    13.276    3.716  -15.364 -177.639   78.340 -122.141    1608104988130
01    13.348    2.067  -10.500 -106.142   11.063   38.643    1608104988145
02    13.276    3.642  -15.343 -169.154   76.295 -112.780    1608104988145
01    13.327    2.002  -10.536 -107.717   12.595   41.361    1608104988167
02    13.321    3.521  -15.213 -162.378   72.208 -104.090    1608104988167
01    13.231    1.940  -10.682 -110.732   15.268   45.282    1608104988183
02    13.438    3.327  -14.812 -159.391   63.681  -97.619    1608104988183
01    13.044    1.948  -10.942 -114.925   19.084   49.333    1608104988199
02    13.351    3.282  -14.318 -161.241   49.377  -96.043    1608104988199
01    12.754    2.049  -11.334 -119.501   22.448   51.131    1608104988214
02    13.118    3.086  -13.805 -162.820   32.618  -93.495    1608104988214
01    12.445    2.189  -11.805 -124.496   26.095   51.282    1608104988230
02    12.744    2.864  -13.546 -164.105   14.714  -90.178    1608104988230
01    12.201    2.360  -12.278 -129.460   30.671   49.810    1608104988245
02    12.307    2.713  -13.480 -166.451   -3.376  -87.230    1608104988245
01    12.270    2.567  -12.402 -132.414   36.530   48.771    1608104988268
02    12.211    2.799  -13.255 -169.017  -13.549  -86.610    1608104988268
01    12.380    2.672  -12.408 -133.053   39.874   48.735    1608104988283
02    12.179    2.960  -13.195 -170.046  -16.680  -87.544    1608104988283
01    12.428    2.737  -12.453 -133.444   41.594   48.185    1608104988299
02    12.176    3.094  -13.201 -170.121  -17.623  -88.026    1608104988299
01    12.472    2.754  -12.511 -133.498   42.679   47.745    1608104988315
02    12.202    3.166  -13.227 -169.917  -17.588  -87.916    1608104988315
01    12.519    2.783  -12.551 -133.495   43.647   47.002    1608104988330
02    12.224    3.241  -13.267 -168.987  -17.276  -87.877    1608104988330
01    12.580    2.799  -12.548 -133.331   44.223   46.152    1608104988346
02    12.236    3.313  -13.293 -167.437  -17.191  -87.901    1608104988346
01    12.589    2.801  -12.565 -133.506   44.118   44.605    1608104988368
02    12.200    3.497  -13.275 -163.104  -16.139  -91.036    1608104988368
01    12.663    2.820  -12.464 -133.260   44.334   43.079    1608104988384
02    12.186    3.411  -13.308 -160.471  -13.299  -92.918    1608104988384
01    12.761    2.850  -12.262 -129.913   42.972   42.719    1608104988399
02    12.100    3.232  -13.533 -159.690   -7.431  -95.065    1608104988399
01    12.826    2.830  -12.049 -123.857   38.829   43.262    1608104988415
02    11.949    3.041  -13.922 -160.454   -0.122  -97.908    1608104988415
01    12.886    2.727  -11.837 -117.085   32.653   43.774    1608104988430
02    11.737    2.911  -14.528 -162.129    8.326 -101.247    1608104988430
01    12.959    2.598  -11.584 -111.945   26.008   42.884    1608104988446
02    11.561    2.962  -15.178 -164.329   17.403 -104.551    1608104988446
01    13.036    2.431  -11.344 -109.044   20.739   41.155    1608104988453
02    11.661    3.012  -15.582 -166.621   29.353 -107.217    1608104988453
01    13.116    2.346  -11.119 -107.388   17.409   39.643    1608104988484
02    11.922    3.087  -15.744 -167.954   42.576 -109.117    1608104988484
01    13.153    2.293  -10.970 -106.628   15.113   38.302    1608104988499
02    12.267    3.284  -15.677 -169.695   54.669 -112.109    1608104988499
01    13.187    2.279  -10.862 -106.052   13.660   37.314    1608104988515
02    12.490    3.407  -15.636 -170.905   62.097 -114.171    1608104988515
01    13.245    2.255  -10.760 -105.478   12.752   36.829    1608104988531
02    12.670    3.493  -15.597 -171.551   67.096 -115.447    1608104988531
01    13.277    2.242  -10.719 -104.978   12.245   36.246    1608104988546
02    12.800    3.605  -15.548 -172.936   70.465 -117.712    1608104988546
01    13.295    2.260  -10.686 -104.590   11.984   35.939    1608104988553
02    12.909    3.682  -15.495 -174.854   72.784 -119.845    1608104988553
01    13.314    2.243  -10.658 -104.417   11.727   35.751    1608104988584
02    12.958    3.727  -15.489 -175.514   73.943 -120.678    1608104988584
01    13.345    2.242  -10.632 -104.192   11.674   35.765    1608104988600
02    13.015    3.780  -15.468 -177.665   75.059 -122.969    1608104988600
01    13.358    2.242  -10.632 -104.004   11.637   35.783    1608104988615
02    13.037    3.795  -15.478 -177.611   75.578 -122.859    1608104988615
01    13.400    2.230  -10.585 -104.036   11.917   36.320    1608104988631
02    13.057    3.881  -15.466 -178.433   76.141 -124.424    1608104988631
01    13.392    2.199  -10.597 -104.459   12.267   36.796    1608104988647
02    13.088    3.865  -15.453 -176.188   75.829 -121.697    1608104988647
01    13.368    2.198  -10.628 -105.013   12.976   37.486    1608104988653
02    13.116    3.841  -15.390 -171.379   73.852 -116.240    1608104988653
01    13.343    2.132  -10.681 -106.358   13.987   39.073    1608104988685
02    13.149    3.767  -15.249 -165.369   68.938 -108.082    1608104988685
01    13.279    2.092  -10.782 -108.440   16.015   41.666    1608104988700
02    13.175    3.717  -14.880 -162.421   59.664 -102.622    1608104988700
01    13.133    2.049  -11.008 -111.868   18.679   44.562    1608104988716
02    13.169    3.647  -14.090 -161.630   46.952  -99.637    1608104988716
01    12.901    2.083  -11.355 -117.051   23.004   47.146    1608104988732
02    12.832    3.374  -13.692 -161.383   26.537  -95.073    1608104988732
01    12.549    2.244  -11.880 -122.694   28.086   47.882    1608104988747
02    12.355    3.078  -13.535 -163.433    2.073  -90.342    1608104988747
01    12.428    2.501  -12.153 -127.412   34.306   47.498    1608104988753
02    12.025    2.983  -13.371 -166.543  -16.725  -87.714    1608104988753
01    12.401    2.688  -12.288 -129.591   38.178   46.959    1608104988769
02    11.985    3.112  -13.185 -168.829  -21.518  -89.000    1608104988769
01    12.412    2.782  -12.365 -130.797   40.538   46.648    1608104988800
02    11.985    3.222  -13.119 -169.963  -22.891  -89.320    1608104988800
01    12.402    2.836  -12.458 -132.156   42.202   45.895    1608104988816
02    12.014    3.288  -13.105 -170.987  -22.552  -88.327    1608104988816
01    12.422    2.892  -12.512 -132.956   43.516   45.210    1608104988831
02    12.042    3.371  -13.117 -171.140  -21.731  -87.193    1608104988831
01    12.488    2.914  -12.497 -133.012   44.443   44.665    1608104988847
02    12.058    3.465  -13.129 -170.136  -20.888  -85.958    1608104988847
01    12.518    2.894  -12.467 -133.876   44.543   43.642    1608104988854
02    12.026    3.800  -13.081 -164.348  -19.029  -89.742    1608104988854
01    12.485    2.972  -12.430 -137.305   44.583   39.918    1608104988869
02    12.013    3.740  -13.154 -160.710  -15.577  -91.772    1608104988869
01    12.552    3.029  -12.242 -137.138   44.010   38.577    1608104988900
02    11.986    3.519  -13.330 -159.638   -9.775  -93.294    1608104988900
01    12.581    3.049  -12.054 -134.177   41.458   38.371    1608104988916
02    11.890    3.294  -13.678 -159.964   -2.338  -95.353    1608104988916
01    12.620    3.036  -11.848 -128.852   37.528   39.254    1608104988932
02    11.749    3.129  -14.181 -161.168    5.842  -98.288    1608104988932
01    12.659    2.999  -11.633 -123.193   32.304   40.276    1608104988947
02    11.644    3.040  -14.853 -163.066   14.840 -101.099    1608104988947
01    12.676    2.901  -11.493 -118.596   26.722   40.056    1608104988954
02    11.697    3.106  -15.395 -165.494   26.701 -104.286    1608104988954
