01    14.992   11.319  -12.409  -77.026   50.007   64.427    1598610957022
02    12.885   14.223  -15.181 -147.376   64.145    0.559    1598610957022
01    14.994   11.324  -12.410  -76.960   50.098   64.406    1598610957037
02    12.898   14.231  -15.161 -147.517   64.286    0.378    1598610957037
01    15.011   11.320  -12.400  -76.834   50.123   64.526    1598610957069
02    12.889   14.241  -15.165 -147.473   64.246    0.331    1598610957069
01    15.049   11.310  -12.383  -76.763   50.156   64.634    1598610957084
02    12.907   14.228  -15.157 -147.484   64.286    0.388    1598610957084
01    15.091   11.314  -12.345  -76.548   50.325   64.825    1598610957091
02    12.889   14.241  -15.163 -147.732   64.217    0.051    1598610957091
01    15.117   11.319  -12.311  -76.273   50.375   65.129    1598610957106
02    12.893   14.228  -15.169 -147.730   64.158    0.066    1598610957106
01    15.099   11.375  -12.288  -75.979   50.510   65.248    1598610957122
02    12.898   14.224  -15.175 -147.660   64.133    0.128    1598610957122
01    15.121   11.325  -12.290  -75.983   50.331   65.416    1598610957138
02    12.903   14.240  -15.159 -147.810   64.186   -0.036    1598610957138
01    15.071   11.350  -12.331  -76.130   50.318   65.007    1598610957169
02    12.897   14.216  -15.181 -147.547   64.023    0.257    1598610957169
01    15.086   11.342  -12.318  -76.016   50.403   65.176    1598610957185
02    12.895   14.222  -15.174 -147.446   64.049    0.326    1598610957185
01    15.106   11.331  -12.310  -75.925   50.348   65.294    1598610957191
02    12.910   14.233  -15.154 -147.456   64.173    0.318    1598610957191
01    15.103   11.335  -12.312  -75.987   50.372   65.222    1598610957207
02    12.925   14.229  -15.150 -147.422   64.225    0.376    1598610957207
01    15.103   11.339  -12.321  -76.042   50.377   65.142    1598610957222
02    12.951   14.201  -15.157 -147.261   64.232    0.623    1598610957222
01    15.105   11.349  -12.316  -75.917   50.375   65.204    1598610957238
02    12.939   14.206  -15.161 -147.206   64.248    0.622    1598610957238
01    15.117   11.343  -12.317  -75.847   50.382   65.301    1598610957269
02    12.951   14.200  -15.164 -147.196   64.250    0.659    1598610957269
01    15.134   11.347  -12.297  -75.696   50.446   65.491    1598610957285
02    12.972   14.173  -15.160 -147.006   64.277    0.939    1598610957285
01    15.124   11.318  -12.337  -75.841   50.260   65.299    1598610957291
02    12.997   14.102  -15.178 -146.731   64.202    1.378    1598610957291
01    15.124   11.306  -12.351  -75.928   50.242   65.235    1598610957307
02    13.006   14.122  -15.168 -146.585   64.315    1.495    1598610957307
01    15.126   11.294  -12.355  -75.967   50.232   65.210    1598610957323
02    13.005   14.146  -15.143 -146.736   64.393    1.328    1598610957323
01    15.127   11.291  -12.359  -75.992   50.218   65.186    1598610957338
02    12.998   14.159  -15.139 -146.447   64.389    1.516    1598610957338
01    15.122   11.316  -12.337  -75.839   50.274   65.325    1598610957369
02    13.039   14.115  -15.147 -146.294   64.355    1.850    1598610957369
01    15.123   11.317  -12.342  -75.866   50.321   65.331    1598610957385
02    13.024   14.126  -15.151 -146.403   64.404    1.705    1598610957385
01    15.122   11.323  -12.347  -75.840   50.312   65.331    1598610957392
02    13.021   14.148  -15.126 -146.451   64.540    1.630    1598610957392
01    15.111   11.321  -12.361  -75.925   50.292   65.213    1598610957407
02    12.999   14.161  -15.136 -146.275   64.451    1.700    1598610957407
01    15.115   11.313  -12.369  -75.997   50.291   65.182    1598610957423
02    12.988   14.184  -15.129 -146.401   64.475    1.505    1598610957423
01    15.113   11.293  -12.392  -76.137   50.224   65.072    1598610957439
02    13.004   14.156  -15.139 -146.171   64.445    1.807    1598610957439
01    15.125   11.284  -12.384  -76.137   50.158   65.130    1598610957454
02    12.975   14.169  -15.148 -146.110   64.376    1.770    1598610957454
01    15.125   11.284  -12.381  -76.148   50.126   65.144    1598610957485
02    12.970   14.172  -15.149 -146.226   64.408    1.641    1598610957485
01    15.121   11.279  -12.389  -76.134   50.056   65.096    1598610957492
02    12.978   14.162  -15.158 -146.157   64.382    1.743    1598610957492
01    15.125   11.277  -12.387  -76.178   50.009   65.054    1598610957508
02    12.969   14.171  -15.154 -146.115   64.389    1.738    1598610957508
01    15.123   11.280  -12.382  -76.151   50.053   65.089    1598610957523
02    12.966   14.163  -15.165 -146.177   64.338    1.716    1598610957523
01    15.130   11.289  -12.373  -76.008   50.052   65.222    1598610957539
02    12.968   14.162  -15.173 -146.000   64.402    1.921    1598610957539
01    15.140   11.297  -12.357  -75.922   50.067   65.367    1598610957554
02    12.985   14.163  -15.173 -145.966   64.469    2.019    1598610957554
01    15.136   11.309  -12.352  -75.895   50.138   65.366    1598610957586
02    12.989   14.167  -15.169 -145.990   64.503    1.983    1598610957586
01    15.142   11.300  -12.357  -75.924   50.058   65.350    1598610957592
02    12.985   14.177  -15.164 -146.088   64.494    1.828    1598610957592
01    15.134   11.315  -12.353  -75.762   50.076   65.386    1598610957608
02    13.032   14.135  -15.171 -146.030   64.522    2.111    1598610957608
01    15.128   11.336  -12.341  -75.586   50.121   65.487    1598610957623
02    13.033   14.117  -15.202 -145.854   64.507    2.364    1598610957623
01    15.134   11.330  -12.338  -75.526   50.030   65.497    1598610957639
02    13.040   14.137  -15.190 -145.969   64.647    2.251    1598610957639
01    15.154   11.324  -12.327  -75.548   49.967   65.562    1598610957655
02    13.052   14.144  -15.186 -145.988   64.705    2.231    1598610957655
01    15.152   11.321  -12.338  -75.587   49.920   65.472    1598610957686
02    13.045   14.147  -15.200 -145.967   64.680    2.286    1598610957686
01    15.156   11.312  -12.346  -75.572   49.863   65.439    1598610957692
02    13.039   14.180  -15.181 -146.167   64.815    1.975    1598610957692
01    15.162   11.314  -12.348  -75.523   49.819   65.463    1598610957708
02    13.039   14.153  -15.206 -146.117   64.683    2.073    1598610957708
01    15.159   11.308  -12.365  -75.686   49.698   65.167    1598610957724
02    13.046   14.132  -15.226 -145.859   64.557    2.415    1598610957724
01    15.164   11.289  -12.385  -75.754   49.616   65.090    1598610957739
02    13.060   14.127  -15.226 -145.838   64.559    2.480    1598610957739
01    15.159   11.303  -12.378  -75.617   49.770   65.068    1598610957755
02    13.052   14.127  -15.225 -145.935   64.523    2.355    1598610957755
01    15.170   11.310  -12.369  -75.460   49.784   65.252    1598610957786
02    13.053   14.138  -15.214 -146.133   64.582    2.148    1598610957786
01    15.167   11.305  -12.385  -75.552   49.738   65.112    1598610957793
02    13.065   14.143  -15.193 -146.064   64.673    2.249    1598610957793
01    15.176   11.302  -12.384  -75.516   49.711   65.137    1598610957808
02    13.049   14.149  -15.203 -146.138   64.598    2.107    1598610957808
01    15.176   11.319  -12.372  -75.312   49.829   65.270    1598610957824
02    13.061   14.159  -15.180 -146.478   64.716    1.793    1598610957824
01    15.183   11.312  -12.374  -75.344   49.754   65.249    1598610957840
02    13.052   14.163  -15.184 -146.485   64.692    1.767    1598610957840
01    15.181   11.316  -12.377  -75.331   49.767   65.211    1598610957855
02    13.043   14.150  -15.207 -146.383   64.580    1.902    1598610957855
01    15.188   11.321  -12.365  -75.179   49.818   65.369    1598610957871
02    13.041   14.165  -15.188 -146.574   64.702    1.661    1598610957871
01    15.185   11.313  -12.376  -75.281   49.791   65.243    1598610957893
02    13.038   14.173  -15.186 -146.581   64.763    1.623    1598610957893
01    15.180   11.315  -12.382  -75.340   49.833   65.149    1598610957909
02    13.011   14.202  -15.197 -146.600   64.750    1.463    1598610957909
01    15.185   11.305  -12.387  -75.421   49.765   65.110    1598610957924
02    13.013   14.207  -15.197 -146.556   64.764    1.505    1598610957924
01    15.201   11.277  -12.395  -75.456   49.680   65.146    1598610957940
02    13.023   14.199  -15.202 -146.593   64.740    1.508    1598610957940
01    15.192   11.284  -12.405  -75.482   49.706   65.069    1598610957956
02    13.005   14.212  -15.215 -146.667   64.716    1.394    1598610957956
01    15.201   11.286  -12.396  -75.384   49.713   65.173    1598610957971
02    13.016   14.198  -15.226 -146.566   64.694    1.535    1598610957971
01    15.210   11.280  -12.392  -75.340   49.699   65.239    1598610957993
02    13.035   14.202  -15.210 -146.606   64.821    1.491    1598610957993
01    15.212   11.279  -12.391  -75.274   49.643   65.278    1598610958009
02    13.026   14.203  -15.217 -146.575   64.798    1.473    1598610958009
01    15.218   11.284  -12.385  -75.191   49.661   65.359    1598610958025
02    13.035   14.207  -15.205 -146.547   64.898    1.458    1598610958025
01    15.219   11.295  -12.381  -75.126   49.684   65.401    1598610958040
02    13.050   14.200  -15.201 -146.554   64.922    1.486    1598610958040
01    15.227   11.282  -12.385  -75.110   49.603   65.459    1598610958056
02    13.060   14.195  -15.207 -146.547   64.914    1.505    1598610958056
01    15.243   11.286  -12.365  -74.975   49.655   65.646    1598610958071
02    13.062   14.180  -15.221 -146.398   64.848    1.676    1598610958071
01    15.259   11.272  -12.359  -75.031   49.639   65.649    1598610958094
02    13.075   14.145  -15.246 -146.298   64.784    1.849    1598610958094
01    15.259   11.269  -12.365  -75.082   49.628   65.629    1598610958109
02    13.119   14.100  -15.242 -146.305   64.782    1.932    1598610958109
01    15.260   11.266  -12.375  -75.156   49.613   65.562    1598610958125
02    13.118   14.101  -15.251 -146.346   64.768    1.908    1598610958125
01    15.240   11.279  -12.391  -75.104   49.599   65.511    1598610958140
02    13.110   14.073  -15.275 -146.159   64.666    2.195    1598610958140
01    15.249   11.262  -12.401  -75.175   49.525   65.478    1598610958156
02    13.151   14.077  -15.235 -146.002   64.824    2.388    1598610958156
01    15.266   11.277  -12.368  -75.036   49.627   65.680    1598610958172
02    13.159   14.132  -15.178 -146.408   65.105    1.946    1598610958172
01    15.267   11.286  -12.367  -74.952   49.607   65.716    1598610958194
02    13.133   14.177  -15.165 -146.483   65.146    1.697    1598610958194
01    15.285   11.254  -12.378  -75.035   49.520   65.743    1598610958209
02    13.146   14.162  -15.155 -146.632   65.148    1.579    1598610958209
01    15.274   11.260  -12.390  -75.036   49.566   65.689    1598610958225
02    13.129   14.130  -15.199 -146.370   64.930    1.831    1598610958225
01    15.280   11.265  -12.382  -74.960   49.609   65.794    1598610958241
02    13.138   14.131  -15.198 -146.205   64.966    1.988    1598610958241
01    15.276   11.273  -12.382  -74.919   49.593   65.823    1598610958256
02    13.131   14.111  -15.234 -146.026   64.798    2.220    1598610958256
01    15.265   11.266  -12.400  -75.073   49.559   65.647    1598610958272
02    13.124   14.126  -15.231 -145.779   64.789    2.403    1598610958272
01    15.271   11.266  -12.397  -75.014   49.575   65.739    1598610958294
02    13.155   14.108  -15.213 -145.619   64.884    2.677    1598610958294
01    15.268   11.272  -12.393  -74.971   49.618   65.786    1598610958310
02    13.139   14.095  -15.238 -145.531   64.750    2.777    1598610958310
01    15.270   11.266  -12.396  -74.985   49.624   65.800    1598610958325
02    13.149   14.112  -15.206 -145.488   64.859    2.751    1598610958325
01    15.262   11.254  -12.411  -75.120   49.615   65.679    1598610958341
02    13.148   14.100  -15.223 -145.420   64.783    2.844    1598610958341
01    15.251   11.252  -12.429  -75.174   49.630   65.595    1598610958357
02    13.120   14.115  -15.230 -145.384   64.738    2.765    1598610958357
01    15.253   11.254  -12.419  -75.151   49.638   65.628    1598610958372
02    13.106   14.117  -15.239 -145.109   64.665    2.942    1598610958372
01    15.245   11.256  -12.416  -75.101   49.642   65.640    1598610958394
02    13.119   14.102  -15.242 -145.046   64.647    3.095    1598610958394
01    15.247   11.262  -12.412  -75.117   49.663   65.622    1598610958410
02    13.114   14.095  -15.250 -145.054   64.599    3.136    1598610958410
01    15.247   11.277  -12.389  -75.011   49.796   65.749    1598610958426
02    13.148   14.075  -15.235 -144.967   64.703    3.365    1598610958426
01    15.255   11.292  -12.362  -74.837   49.881   65.947    1598610958441
02    13.145   14.078  -15.232 -144.791   64.700    3.498    1598610958441
01    15.265   11.291  -12.343  -74.835   49.836   66.036    1598610958457
02    13.136   14.063  -15.250 -144.711   64.569    3.630    1598610958457
01    15.247   11.299  -12.361  -74.899   49.847   65.909    1598610958473
02    13.150   14.061  -15.243 -144.491   64.668    3.864    1598610958473
01    15.248   11.301  -12.363  -74.885   49.856   65.948    1598610958495
02    13.153   14.071  -15.228 -144.407   64.762    3.924    1598610958495
01    15.253   11.301  -12.354  -74.896   49.885   65.966    1598610958510
02    13.143   14.074  -15.219 -144.106   64.758    4.147    1598610958510
01    15.257   11.301  -12.346  -74.886   50.039   66.059    1598610958526
02    13.145   14.086  -15.210 -144.387   64.813    3.875    1598610958526
01    15.258   11.287  -12.361  -75.071   49.980   65.936    1598610958542
02    13.147   14.091  -15.199 -144.175   64.833    4.088    1598610958542
01    15.248   11.275  -12.377  -75.193   49.902   65.760    1598610958557
02    13.173   14.077  -15.188 -143.980   64.865    4.408    1598610958557
01    15.247   11.280  -12.387  -75.154   49.888   65.763    1598610958573
02    13.159   14.073  -15.211 -143.975   64.708    4.400    1598610958573
01    15.236   11.300  -12.392  -75.084   49.974   65.690    1598610958595
02    13.144   14.082  -15.221 -144.053   64.638    4.252    1598610958595
01    15.217   11.331  -12.387  -74.955   50.049   65.682    1598610958611
02    13.125   14.102  -15.225 -144.031   64.561    4.189    1598610958611
01    15.217   11.335  -12.389  -74.974   50.071   65.697    1598610958626
02    13.121   14.117  -15.212 -144.025   64.608    4.158    1598610958626
01    15.221   11.340  -12.387  -74.886   50.048   65.761    1598610958642
02    13.121   14.120  -15.214 -143.961   64.627    4.187    1598610958642
01    15.234   11.321  -12.386  -74.885   49.992   65.819    1598610958658
02    13.140   14.098  -15.217 -143.892   64.607    4.367    1598610958658
01    15.245   11.309  -12.388  -74.915   49.974   65.842    1598610958673
02    13.140   14.101  -15.214 -143.856   64.613    4.360    1598610958673
01    15.260   11.285  -12.401  -75.029   49.926   65.794    1598610958695
02    13.157   14.074  -15.224 -143.645   64.569    4.703    1598610958695
01    15.255   11.284  -12.420  -75.021   49.870   65.720    1598610958711
02    13.131   14.074  -15.249 -143.498   64.374    4.747    1598610958711
01    15.254   11.293  -12.414  -74.983   49.938   65.766    1598610958727
02    13.152   14.070  -15.229 -143.358   64.542    4.951    1598610958727
01    15.246   11.287  -12.436  -75.091   49.901   65.638    1598610958742
02    13.164   14.068  -15.222 -143.198   64.543    5.143    1598610958742
01    15.252   11.291  -12.427  -75.072   49.917   65.717    1598610958758
02    13.184   14.051  -15.214 -142.935   64.516    5.463    1598610958758
01    15.256   11.298  -12.424  -75.014   49.972   65.773    1598610958773
02    13.186   14.050  -15.215 -142.878   64.470    5.477    1598610958773
01    15.260   11.304  -12.420  -74.954   50.033   65.821    1598610958796
02    13.191   14.061  -15.199 -142.848   64.543    5.456    1598610958796
01    15.256   11.319  -12.421  -74.914   50.119   65.799    1598610958811
02    13.184   14.066  -15.204 -142.533   64.500    5.651    1598610958811
01    15.249   11.333  -12.417  -74.838   50.294   65.781    1598610958827
02    13.208   14.046  -15.194 -142.630   64.543    5.647    1598610958827
01    15.239   11.337  -12.432  -74.844   50.306   65.708    1598610958842
02    13.235   14.011  -15.200 -142.345   64.491    5.995    1598610958842
01    15.250   11.328  -12.427  -74.717   50.200   65.895    1598610958858
02    13.221   13.994  -15.224 -142.381   64.284    5.917    1598610958858
01    15.255   11.332  -12.420  -74.622   50.205   66.006    1598610958874
02    13.210   13.996  -15.226 -142.332   64.244    5.916    1598610958874
01    15.267   11.325  -12.419  -74.569   50.161   66.065    1598610958896
02    13.199   14.017  -15.213 -142.413   64.223    5.768    1598610958896
01    15.260   11.325  -12.428  -74.566   50.134   65.984    1598610958911
02    13.167   14.015  -15.238 -142.345   63.937    5.736    1598610958911
01    15.265   11.319  -12.425  -74.530   50.116   66.030    1598610958927
02    13.194   14.005  -15.223 -142.270   64.071    5.894    1598610958927
01    15.274   11.302  -12.420  -74.529   50.075   66.086    1598610958943
02    13.205   13.996  -15.215 -141.916   64.138    6.235    1598610958943
01    15.279   11.292  -12.418  -74.591   50.021   66.073    1598610958958
02    13.214   14.009  -15.189 -141.789   64.321    6.328    1598610958958
01    15.299   11.277  -12.406  -74.654   50.019   66.107    1598610958974
02    13.221   13.996  -15.199 -141.575   64.225    6.630    1598610958974
01    15.300   11.266  -12.403  -74.689   50.017   66.094    1598610958996
02    13.202   14.001  -15.216 -141.531   64.141    6.515    1598610958996
01    15.283   11.282  -12.406  -74.625   50.008   66.062    1598610959012
02    13.174   14.007  -15.227 -141.551   64.014    6.418    1598610959012
01    15.287   11.309  -12.379  -74.515   50.075   66.139    1598610959027
02    13.153   14.001  -15.242 -141.656   63.853    6.309    1598610959027
01    15.291   11.283  -12.396  -74.617   49.992   66.066    1598610959043
02    13.145   14.026  -15.225 -141.634   63.956    6.224    1598610959043
01    15.292   11.281  -12.390  -74.543   49.942   66.124    1598610959059
02    13.167   14.029  -15.197 -141.677   64.051    6.267    1598610959059
01    15.277   11.292  -12.395  -74.529   49.968   66.085    1598610959074
02    13.178   14.025  -15.189 -141.851   64.078    6.149    1598610959074
01    15.271   11.273  -12.410  -74.661   49.926   65.990    1598610959096
02    13.180   14.035  -15.172 -141.986   64.146    6.030    1598610959096
01    15.274   11.286  -12.388  -74.574   49.960   66.064    1598610959112
02    13.183   14.033  -15.164 -141.922   64.156    6.091    1598610959112
01    15.283   11.277  -12.392  -74.582   49.916   66.049    1598610959128
02    13.182   14.015  -15.178 -141.879   64.069    6.151    1598610959128
01    15.272   11.284  -12.405  -74.557   49.907   65.991    1598610959143
02    13.180   14.001  -15.198 -141.747   63.945    6.321    1598610959143
01    15.280   11.282  -12.400  -74.580   49.923   66.000    1598610959159
02    13.165   13.991  -15.220 -141.627   63.823    6.400    1598610959159
01    15.279   11.289  -12.402  -74.529   49.927   66.013    1598610959175
02    13.191   13.979  -15.214 -141.523   63.884    6.570    1598610959175
01    15.281   11.295  -12.395  -74.417   49.936   66.112    1598610959197
02    13.195   13.970  -15.223 -141.480   63.846    6.606    1598610959197
01    15.276   11.286  -12.415  -74.490   49.864   65.999    1598610959212
02    13.180   13.979  -15.235 -141.432   63.804    6.638    1598610959212
01    15.274   11.295  -12.414  -74.418   49.877   66.012    1598610959228
02    13.183   13.975  -15.248 -141.514   63.774    6.563    1598610959228
01    15.288   11.276  -12.425  -74.491   49.805   65.993    1598610959244
02    13.191   13.996  -15.228 -141.617   63.904    6.455    1598610959244
01    15.303   11.258  -12.439  -74.529   49.762   66.005    1598610959259
02    13.216   13.979  -15.228 -141.611   63.888    6.575    1598610959259
01    15.319   11.253  -12.444  -74.457   49.726   66.075    1598610959275
02    13.224   13.993  -15.211 -141.693   64.010    6.468    1598610959275
01    15.326   11.256  -12.439  -74.360   49.741   66.160    1598610959297
02    13.212   14.012  -15.209 -141.846   64.020    6.257    1598610959297
01    15.330   11.270  -12.434  -74.280   49.750   66.197    1598610959313
02    13.221   14.003  -15.212 -141.653   63.985    6.426    1598610959313
01    15.329   11.284  -12.428  -74.219   49.796   66.217    1598610959328
02    13.227   13.997  -15.217 -141.625   63.997    6.483    1598610959328
01    15.331   11.295  -12.424  -74.094   49.850   66.309    1598610959344
02    13.237   13.988  -15.223 -141.527   63.975    6.656    1598610959344
01    15.331   11.304  -12.423  -74.098   49.922   66.257    1598610959360
02    13.295   13.941  -15.212 -141.460   64.011    6.923    1598610959360
01    15.327   11.297  -12.441  -74.157   49.879   66.148    1598610959375
02    13.293   13.946  -15.226 -141.528   63.967    6.860    1598610959375
01    15.325   11.284  -12.460  -74.262   49.824   66.035    1598610959397
02    13.265   13.969  -15.226 -141.592   63.953    6.716    1598610959397
01    15.340   11.265  -12.455  -74.374   49.817   66.062    1598610959413
02    13.262   13.983  -15.213 -141.625   64.014    6.649    1598610959413
01    15.331   11.275  -12.457  -74.372   49.859   66.000    1598610959429
02    13.261   13.970  -15.226 -141.483   63.948    6.779    1598610959429
01    15.339   11.283  -12.440  -74.252   49.894   66.161    1598610959444
02    13.264   13.982  -15.210 -141.514   64.043    6.782    1598610959444
01    15.353   11.281  -12.430  -74.212   49.919   66.260    1598610959460
02    13.244   14.005  -15.212 -141.651   64.036    6.563    1598610959460
01    15.343   11.291  -12.429  -74.159   49.993   66.253    1598610959475
02    13.228   13.998  -15.222 -141.733   63.933    6.447    1598610959475
01    15.335   11.286  -12.444  -74.261   50.003   66.124    1598610959498
02    13.220   14.007  -15.227 -141.736   63.963    6.380    1598610959498
01    15.336   11.283  -12.446  -74.253   49.983   66.135    1598610959513
02    13.158   14.021  -15.275 -141.796   63.825    6.196    1598610959513
01    15.343   11.303  -12.418  -74.035   50.153   66.390    1598610959529
02    13.170   14.006  -15.280 -141.862   63.814    6.209    1598610959529
01    15.331   11.310  -12.420  -74.069   50.173   66.354    1598610959544
02    13.183   14.017  -15.258 -141.954   63.876    6.122    1598610959544
01    15.310   11.316  -12.442  -74.184   50.164   66.148    1598610959560
02    13.159   14.038  -15.265 -141.983   63.825    5.988    1598610959560
01    15.308   11.312  -12.448  -74.218   50.184   66.126    1598610959576
02    13.195   14.022  -15.244 -142.060   63.900    5.992    1598610959576
01    15.312   11.318  -12.440  -74.164   50.213   66.163    1598610959598
02    13.192   14.023  -15.249 -142.010   63.861    6.010    1598610959598
01    15.303   11.329  -12.443  -74.131   50.264   66.112    1598610959614
02    13.179   14.031  -15.250 -142.057   63.830    5.933    1598610959614
01    15.305   11.326  -12.444  -74.168   50.243   66.110    1598610959629
02    13.205   14.019  -15.228 -142.055   63.947    6.006    1598610959629
01    15.316   11.318  -12.441  -74.174   50.235   66.188    1598610959645
02    13.216   14.015  -15.216 -141.911   63.987    6.182    1598610959645
01    15.327   11.311  -12.427  -74.163   50.282   66.296    1598610959660
02    13.235   13.985  -15.224 -141.758   63.909    6.418    1598610959660
01    15.342   11.311  -12.411  -74.018   50.263   66.503    1598610959676
02    13.240   13.998  -15.214 -141.848   63.993    6.315    1598610959676
01    15.337   11.313  -12.422  -74.046   50.243   66.424    1598610959698
02    13.234   14.012  -15.208 -141.829   64.011    6.306    1598610959698
01    15.342   11.317  -12.414  -74.003   50.269   66.498    1598610959714
02    13.259   14.001  -15.199 -141.681   64.057    6.521    1598610959714
01    15.344   11.314  -12.421  -74.047   50.251   66.451    1598610959729
02    13.250   14.010  -15.209 -141.748   63.975    6.424    1598610959729
01    15.332   11.310  -12.445  -74.171   50.211   66.255    1598610959745
02    13.241   14.002  -15.228 -141.639   63.880    6.543    1598610959745
01    15.341   11.295  -12.447  -74.274   50.145   66.228    1598610959761
02    13.245   14.012  -15.219 -141.658   63.946    6.502    1598610959761
01    15.337   11.290  -12.457  -74.343   50.102   66.150    1598610959776
02    13.237   14.021  -15.216 -141.495   63.967    6.613    1598610959776
01    15.332   11.301  -12.448  -74.287   50.174   66.186    1598610959798
02    13.236   14.031  -15.215 -141.368   63.986    6.708    1598610959798
01    15.322   11.308  -12.460  -74.312   50.160   66.062    1598610959814
02    13.226   14.030  -15.220 -141.275   63.950    6.798    1598610959814
01    15.321   11.313  -12.458  -74.336   50.182   66.007    1598610959830
02    13.216   14.035  -15.215 -141.289   63.951    6.752    1598610959830
01    15.319   11.312  -12.459  -74.363   50.248   65.990    1598610959845
02    13.211   14.034  -15.212 -141.198   63.931    6.861    1598610959845
01    15.328   11.319  -12.441  -74.281   50.309   66.110    1598610959861
02    13.207   14.039  -15.207 -141.227   63.930    6.825    1598610959861
01    15.323   11.312  -12.448  -74.376   50.323   65.995    1598610959877
02    13.200   14.039  -15.215 -141.260   63.862    6.781    1598610959877
01    15.322   11.309  -12.445  -74.379   50.384   65.985    1598610959899
02    13.176   14.083  -15.186 -141.228   63.914    6.708    1598610959899
01    15.298   11.327  -12.465  -74.675   50.902   65.397    1598610959914
02    13.171   14.052  -15.201 -141.022   63.832    6.952    1598610959914
01    15.268   11.365  -12.482  -74.672   52.007   65.115    1598610959930
02    13.181   14.062  -15.154 -140.908   63.897    7.046    1598610959930
01    15.261   11.410  -12.492  -74.315   52.660   65.347    1598610959946
02    13.205   14.031  -15.170 -140.482   63.836    7.594    1598610959946
01    15.292   11.414  -12.466  -73.927   52.941   66.071    1598610959961
02    13.242   14.011  -15.168 -140.197   64.097    8.070    1598610959961
01    15.274   11.409  -12.512  -74.342   53.195   65.612    1598610959977
02    13.238   13.998  -15.201 -140.146   64.158    8.213    1598610959977
01    15.266   11.435  -12.522  -74.060   53.341   65.701    1598610959999
02    13.202   14.055  -15.193 -140.274   64.432    7.783    1598610959999
01    15.281   11.437  -12.520  -73.941   53.260   65.969    1598610960015
02    13.223   14.060  -15.186 -140.156   64.584    7.966    1598610960015
01    15.306   11.425  -12.492  -73.658   53.197   66.422    1598610960030
02    13.214   14.082  -15.180 -140.263   64.560    7.762    1598610960030
01    15.292   11.440  -12.489  -73.834   53.107   66.207    1598610960046
02    13.210   14.081  -15.176 -140.363   64.548    7.761    1598610960046
01    15.292   11.444  -12.460  -73.669   52.893   66.418    1598610960062
02    13.214   14.060  -15.190 -140.158   64.408    8.021    1598610960062
01    15.302   11.428  -12.438  -73.845   52.629   66.423    1598610960077
02    13.234   14.041  -15.182 -140.051   64.429    8.285    1598610960077
01    15.313   11.424  -12.416  -73.868   52.444   66.577    1598610960099
02    13.252   14.057  -15.137 -139.980   64.618    8.366    1598610960099
01    15.286   11.428  -12.422  -74.188   52.271   66.258    1598610960115
02    13.223   14.078  -15.133 -139.647   64.445    8.501    1598610960115
01    15.278   11.422  -12.417  -74.367   52.096   66.337    1598610960131
02    13.224   14.047  -15.145 -139.309   64.209    8.884    1598610960131
01    15.266   11.408  -12.435  -74.517   51.778   66.252    1598610960146
02    13.234   14.044  -15.129 -138.843   64.181    9.286    1598610960146
01    15.264   11.409  -12.439  -74.322   51.527   66.562    1598610960162
02    13.231   14.033  -15.149 -138.399   63.899    9.686    1598610960162
01    15.264   11.417  -12.429  -74.110   51.521   66.910    1598610960177
02    13.241   14.024  -15.152 -137.797   63.942   10.216    1598610960177
01    15.270   11.411  -12.428  -74.039   51.352   67.128    1598610960200
02    13.269   14.017  -15.138 -137.347   64.103   10.714    1598610960200
01    15.263   11.420  -12.435  -74.010   51.302   67.094    1598610960215
02    13.248   14.041  -15.142 -137.276   64.097   10.527    1598610960215
01    15.278   11.395  -12.441  -74.524   50.903   67.088    1598610960231
02    13.247   14.035  -15.162 -137.326   64.017   10.568    1598610960231
01    15.273   11.384  -12.451  -74.717   50.685   67.034    1598610960247
02    13.255   14.040  -15.170 -137.450   64.208   10.575    1598610960247
01    15.284   11.387  -12.427  -74.217   50.660   67.814    1598610960262
02    13.272   14.027  -15.178 -137.427   64.286   10.761    1598610960262
01    15.286   11.392  -12.419  -74.339   50.593   67.737    1598610960278
02    13.285   14.024  -15.185 -137.117   64.358   11.138    1598610960278
01    15.283   11.402  -12.411  -74.472   50.658   67.590    1598610960300
02    13.296   14.035  -15.172 -136.744   64.489   11.496    1598610960300
01    15.286   11.400  -12.403  -74.401   50.527   67.701    1598610960316
02    13.330   14.006  -15.169 -136.227   64.482   12.283    1598610960316
01    15.278   11.414  -12.400  -74.430   50.509   67.545    1598610960331
02    13.335   13.979  -15.185 -135.858   64.314   12.688    1598610960331
01    15.284   11.400  -12.401  -74.588   50.265   67.437    1598610960347
02    13.355   13.952  -15.185 -135.833   64.263   12.883    1598610960347
01    15.276   11.411  -12.406  -74.520   50.333   67.306    1598610960362
02    13.446   13.936  -15.109 -135.858   64.504   13.121    1598610960362
01    15.276   11.407  -12.417  -74.627   50.321   67.231    1598610960378
02    13.407   13.973  -15.102 -135.431   64.415   13.262    1598610960378
01    15.274   11.396  -12.431  -74.837   50.267   67.087    1598610960400
02    13.362   13.962  -15.137 -134.904   64.005   13.683    1598610960400
01    15.261   11.411  -12.438  -74.765   50.393   67.060    1598610960416
02    13.299   13.953  -15.212 -134.643   63.572   13.815    1598610960416
01    15.273   11.397  -12.438  -74.757   50.333   67.221    1598610960431
02    13.343   13.967  -15.183 -134.373   63.872   14.180    1598610960431
01    15.292   11.375  -12.444  -74.946   50.281   67.212    1598610960447
02    13.384   13.969  -15.151 -134.297   64.046   14.326    1598610960447
01    15.296   11.375  -12.444  -74.864   50.311   67.286    1598610960463
02    13.395   13.978  -15.146 -134.349   64.122   14.301    1598610960463
01    15.297   11.371  -12.450  -74.852   50.268   67.275    1598610960478
02    13.409   13.980  -15.131 -134.153   64.191   14.511    1598610960478
01    15.285   11.381  -12.464  -74.763   50.258   67.199    1598610960501
02    13.420   13.972  -15.130 -133.962   64.180   14.702    1598610960501
01    15.291   11.376  -12.472  -74.629   50.273   67.329    1598610960516
02    13.396   13.967  -15.153 -133.823   64.067   14.790    1598610960516
01    15.305   11.386  -12.461  -74.364   50.365   67.574    1598610960532
02    13.388   13.985  -15.147 -133.899   64.177   14.641    1598610960532
01    15.310   11.394  -12.456  -74.131   50.471   67.795    1598610960547
02    13.397   14.005  -15.131 -133.909   64.273   14.598    1598610960547
01    15.316   11.392  -12.453  -73.958   50.435   67.941    1598610960563
02    13.416   14.008  -15.107 -133.952   64.340   14.570    1598610960563
01    15.315   11.410  -12.443  -73.708   50.680   68.106    1598610960579
02    13.444   13.985  -15.095 -133.875   64.382   14.777    1598610960579
01    15.317   11.416  -12.439  -73.611   50.634   68.172    1598610960601
02    13.441   13.993  -15.089 -133.749   64.377   14.824    1598610960601
01    15.292   11.440  -12.453  -73.709   50.638   67.818    1598610960616
02    13.401   13.988  -15.129 -133.812   64.147   14.671    1598610960616
01    15.295   11.433  -12.448  -73.772   50.641   67.822    1598610960632
02    13.398   13.985  -15.132 -133.744   64.111   14.760    1598610960632
01    15.288   11.440  -12.446  -73.791   50.629   67.683    1598610960648
02    13.388   13.986  -15.118 -133.682   64.092   14.775    1598610960648
01    15.284   11.442  -12.438  -73.796   50.627   67.660    1598610960663
02    13.382   13.966  -15.135 -133.786   63.968   14.754    1598610960663
01    15.292   11.436  -12.420  -73.761   50.602   67.737    1598610960679
02    13.374   13.968  -15.126 -133.947   63.972   14.618    1598610960679
01    15.310   11.424  -12.400  -73.866   50.561   67.742    1598610960701
02    13.355   13.961  -15.143 -134.159   63.817   14.378    1598610960701
01    15.306   11.415  -12.403  -74.046   50.478   67.539    1598610960717
02    13.285   13.976  -15.194 -134.366   63.509   13.960    1598610960717
01    15.292   11.419  -12.413  -74.053   50.445   67.420    1598610960732
02    13.292   13.956  -15.201 -134.227   63.479   14.215    1598610960732
01    15.290   11.425  -12.401  -74.014   50.492   67.432    1598610960748
02    13.259   13.993  -15.191 -134.412   63.486   13.764    1598610960748
01    15.294   11.416  -12.404  -74.069   50.472   67.391    1598610960764
02    13.300   13.950  -15.182 -134.603   63.497   13.875    1598610960764
01    15.301   11.408  -12.397  -74.016   50.444   67.446    1598610960779
02    13.355   13.914  -15.163 -134.397   63.544   14.332    1598610960779
01    15.305   11.400  -12.404  -74.084   50.420   67.384    1598610960801
02    13.325   13.928  -15.171 -134.535   63.459   14.047    1598610960801
01    15.305   11.410  -12.389  -73.974   50.494   67.486    1598610960817
02    13.339   13.900  -15.176 -134.436   63.391   14.302    1598610960817
01    15.295   11.423  -12.392  -73.954   50.545   67.430    1598610960833
02    13.305   13.935  -15.172 -134.501   63.396   13.996    1598610960833
01    15.294   11.405  -12.407  -74.106   50.499   67.301    1598610960848
02    13.306   13.940  -15.169 -134.397   63.442   14.114    1598610960848
01    15.302   11.397  -12.407  -74.162   50.514   67.296    1598610960864
02    13.326   13.920  -15.160 -134.542   63.476   14.110    1598610960864
01    15.293   11.403  -12.416  -74.180   50.552   67.200    1598610960880
02    13.345   13.912  -15.145 -134.259   63.479   14.487    1598610960880
01    15.295   11.404  -12.416  -74.123   50.590   67.245    1598610960902
02    13.326   13.912  -15.163 -134.067   63.370   14.585    1598610960902
01    15.290   11.411  -12.421  -74.093   50.627   67.231    1598610960917
02    13.334   13.907  -15.167 -134.019   63.446   14.764    1598610960917
01    15.304   11.420  -12.407  -73.946   50.669   67.385    1598610960933
02    13.344   13.906  -15.166 -133.874   63.490   14.941    1598610960933
01    15.300   11.414  -12.414  -73.940   50.648   67.356    1598610960949
02    13.354   13.936  -15.147 -133.654   63.673   15.098    1598610960949
01    15.287   11.425  -12.430  -73.933   50.702   67.191    1598610960964
02    13.341   13.933  -15.165 -133.469   63.575   15.265    1598610960964
01    15.283   11.431  -12.431  -73.872   50.797   67.177    1598610960980
02    13.365   13.923  -15.154 -133.349   63.650   15.477    1598610960980
01    15.282   11.438  -12.424  -73.774   50.810   67.240    1598610961002
02    13.366   13.927  -15.158 -133.428   63.624   15.397    1598610961002
01    15.286   11.426  -12.433  -74.026   50.682   67.024    1598610961018
02    13.328   13.941  -15.175 -133.480   63.520   15.193    1598610961018
01    15.304   11.419  -12.420  -73.915   50.733   67.282    1598610961033
02    13.327   13.964  -15.152 -133.681   63.619   14.956    1598610961033
01    15.310   11.415  -12.419  -73.913   50.702   67.286    1598610961049
02    13.332   13.956  -15.148 -133.595   63.641   15.072    1598610961049
01    15.307   11.398  -12.432  -74.187   50.586   67.069    1598610961064
02    13.331   13.940  -15.160 -133.647   63.563   15.026    1598610961064
01    15.293   11.404  -12.436  -74.206   50.657   66.986    1598610961080
02    13.348   13.928  -15.155 -133.733   63.591   15.019    1598610961080
01    15.293   11.424  -12.418  -73.943   50.679   67.182    1598610961102
02    13.334   13.944  -15.141 -133.812   63.650   14.858    1598610961102
01    15.301   11.426  -12.402  -73.932   50.707   67.278    1598610961118
02    13.349   13.939  -15.127 -133.850   63.640   14.871    1598610961118
01    15.297   11.432  -12.401  -73.984   50.748   67.166    1598610961134
02    13.324   13.967  -15.123 -134.047   63.614   14.545    1598610961134
01    15.308   11.421  -12.396  -73.990   50.717   67.188    1598610961149
02    13.316   13.962  -15.128 -134.021   63.534   14.574    1598610961149
01    15.294   11.423  -12.413  -74.116   50.731   66.930    1598610961165
02    13.277   13.968  -15.158 -134.207   63.249   14.180    1598610961165
01    15.278   11.429  -12.424  -74.118   50.707   66.792    1598610961180
02    13.272   13.977  -15.145 -134.223   63.377   14.145    1598610961180
01    15.267   11.423  -12.434  -74.228   50.669   66.579    1598610961203
02    13.272   13.983  -15.141 -134.292   63.362   14.117    1598610961203
01    15.261   11.419  -12.438  -74.315   50.641   66.411    1598610961218
02    13.266   14.009  -15.102 -134.386   63.533   13.935    1598610961218
01    15.264   11.412  -12.433  -74.490   50.677   66.305    1598610961234
02    13.288   13.974  -15.096 -134.315   63.428   14.141    1598610961234
01    15.251   11.433  -12.421  -74.270   50.824   66.361    1598610961249
02    13.300   13.964  -15.076 -133.908   63.387   14.521    1598610961249
01    15.261   11.419  -12.420  -74.431   50.814   66.366    1598610961265
02    13.281   13.948  -15.103 -133.768   63.147   14.713    1598610961265
01    15.263   11.405  -12.429  -74.670   50.963   66.353    1598610961281
02    13.296   13.913  -15.131 -133.812   63.139   14.899    1598610961281
01    15.273   11.400  -12.422  -74.559   51.127   66.747    1598610961303
02    13.295   13.936  -15.136 -133.902   63.327   14.770    1598610961303
01    15.273   11.410  -12.421  -74.704   51.731   66.911    1598610961318
02    13.345   13.927  -15.104 -133.821   63.595   15.025    1598610961318
01    15.259   11.437  -12.445  -75.505   53.505   66.293    1598610961334
02    13.357   13.938  -15.066 -133.234   63.573   15.431    1598610961334
01    15.231   11.467  -12.524  -76.392   55.335   65.737    1598610961350
02    13.368   13.914  -15.068 -132.509   63.247   16.130    1598610961350
01    15.126   11.578  -12.679  -77.309   57.282   65.138    1598610961365
02    13.366   13.903  -15.078 -131.071   62.736   17.360    1598610961365
01    15.107   11.615  -12.693  -77.892   58.743   66.343    1598610961381
02    13.566   13.916  -14.805 -128.715   63.094   19.769    1598610961381
01    15.006   11.708  -12.779  -79.965   60.206   66.346    1598610961403
02    13.999   14.043  -13.750 -119.810   61.341   27.490    1598610961403
01    14.847   11.779  -12.971  -82.809   61.712   65.943    1598610961419
02    14.014   13.939  -13.341 -112.178   52.508   32.702    1598610961419
01    14.673   11.985  -13.155  -84.159   64.195   66.105    1598610961434
02    13.959   13.678  -13.327 -108.685   42.117   33.834    1598610961434
01    14.665   12.161  -13.190  -84.757   67.574   67.234    1598610961450
02    13.735   13.237  -13.728 -107.858   30.905   32.055    1598610961450
01    14.648   12.300  -13.204  -84.181   69.138   68.572    1598610961466
02    13.714   13.129  -13.847 -109.832   28.759   30.783    1598610961466
01    14.707   12.310  -13.226  -82.329   68.681   70.682    1598610961481
02    13.713   13.110  -13.873 -110.444   28.060   31.114    1598610961481
01    14.697   12.350  -13.265  -81.572   68.281   71.755    1598610961497
02    13.718   13.121  -13.889 -110.521   27.792   32.553    1598610961497
01    14.734   12.364  -13.230  -79.839   68.039   74.017    1598610961519
02    13.775   13.094  -13.913 -111.182   27.793   34.038    1598610961519
01    14.688   12.474  -13.238  -78.682   68.269   74.922    1598610961535
02    13.761   13.080  -14.003 -111.336   27.671   35.167    1598610961535
01    14.713   12.461  -13.296  -78.435   68.287   75.370    1598610961550
02    13.808   13.066  -14.035 -111.310   27.893   36.373    1598610961550
01    14.727   12.481  -13.308  -77.732   68.495   75.790    1598610961566
02    13.901   12.999  -14.042 -111.671   28.198   37.094    1598610961566
01    14.772   12.485  -13.316  -76.847   68.429   76.414    1598610961582
02    13.924   12.995  -14.090 -111.623   28.250   37.135    1598610961582
01    14.803   12.489  -13.352  -76.124   68.230   76.693    1598610961597
02    13.973   12.979  -14.117 -111.185   28.202   37.259    1598610961597
01    14.761   12.532  -13.422  -76.392   68.449   75.858    1598610961619
02    14.024   12.955  -14.159 -110.999   27.997   37.167    1598610961619
01    14.818   12.532  -13.454  -76.038   68.813   76.309    1598610961635
02    14.022   12.951  -14.255 -110.575   27.962   37.148    1598610961635
01    14.793   12.639  -13.535  -75.699   69.519   76.083    1598610961651
02    14.027   12.947  -14.421 -109.928   28.090   37.348    1598610961651
01    14.887   12.754  -13.554  -72.685   70.016   77.329    1598610961666
02    14.081   12.896  -14.651 -108.778   28.285   37.431    1598610961666
01    15.176   12.651  -13.471  -67.732   68.807   80.512    1598610961682
02    14.038   12.682  -15.072 -106.961   28.218   37.495    1598610961682
01    15.492   12.456  -13.283  -62.919   64.282   82.865    1598610961697
02    13.881   12.188  -16.003 -107.822   29.982   37.086    1598610961697
01    15.715   12.205  -13.128  -61.676   57.851   80.630    1598610961720
02    13.641   12.402  -16.543 -109.885   35.142   35.865    1598610961720
01    15.802   12.032  -12.962  -61.787   52.630   76.893    1598610961735
02    13.593   13.094  -16.415 -115.522   48.033   31.641    1598610961735
01    15.957   11.751  -12.782  -62.847   47.602   73.514    1598610961751
02    13.436   13.641  -16.316 -125.861   58.896   22.050    1598610961751
01    15.989   11.537  -12.700  -64.425   44.327   69.721    1598610961766
02    13.271   13.993  -16.347 -141.369   64.995    7.678    1598610961766
01    16.050   11.336  -12.597  -65.820   42.164   67.029    1598610961782
02    13.271   14.242  -16.253 -155.865   68.615   -5.737    1598610961782
01    16.108   11.117  -12.564  -67.894   41.282   65.243    1598610961798
02    13.389   14.276  -16.177 -162.133   70.950  -11.027    1598610961798
01    16.042   11.033  -12.655  -70.093   41.779   63.894    1598610961804
02    13.455   14.349  -16.125 -161.894   72.498  -10.954    1598610961804
01    16.006   10.976  -12.706  -71.621   43.185   64.520    1598610961835
02    13.641   14.291  -16.087 -160.158   73.959   -8.353    1598610961835
01    15.907   10.934  -12.889  -73.569   44.750   64.997    1598610961851
02    13.773   14.361  -16.035 -159.046   74.903   -7.340    1598610961851
01    15.767   11.063  -12.989  -74.752   47.082   66.147    1598610961867
02    13.943   14.356  -16.004 -157.441   75.777   -5.536    1598610961867
01    15.639   11.197  -13.109  -76.134   49.608   66.968    1598610961882
02    14.037   14.433  -15.900 -155.642   76.539   -3.916    1598610961882
01    15.476   11.350  -13.266  -78.324   52.189   66.529    1598610961898
02    14.289   14.346  -15.581 -144.155   76.296    7.310    1598610961898
01    15.340   11.441  -13.443  -80.869   54.057   65.562    1598610961904
02    14.780   14.277  -14.502 -127.733   72.984   21.907    1598610961904
01    15.100   11.638  -13.790  -83.781   57.109   63.839    1598610961936
02    15.025   14.672  -12.780 -108.145   64.864   36.703    1598610961936
01    15.209   11.771  -13.801  -82.988   62.555   67.503    1598610961951
02    14.746   13.290  -13.827 -105.012   41.832   36.778    1598610961951
01    15.214   11.998  -13.746  -81.554   66.046   69.992    1598610961967
02    14.555   12.997  -14.116 -106.237   32.830   34.247    1598610961967
01    15.234   12.070  -13.696  -80.685   66.586   70.946    1598610961983
02    14.413   12.866  -14.250 -107.343   28.247   32.925    1598610961983
01    15.260   12.077  -13.678  -79.609   65.959   71.574    1598610961998
02    14.386   12.796  -14.292 -107.737   26.194   32.693    1598610961998
01    15.277   12.054  -13.723  -78.881   65.192   71.953    1598610962005
02    14.412   12.717  -14.327 -108.012   25.319   33.601    1598610962005
01    15.315   12.052  -13.698  -77.092   65.063   73.951    1598610962036
02    14.429   12.618  -14.425 -108.592   24.782   34.454    1598610962036
01    15.401   12.008  -13.674  -75.712   64.748   75.979    1598610962052
02    14.529   12.573  -14.434 -108.775   25.004   35.906    1598610962052
01    15.510   11.951  -13.647  -74.302   64.441   77.997    1598610962067
02    14.587   12.563  -14.438 -108.864   25.380   36.964    1598610962067
01    15.535   12.003  -13.604  -72.865   64.884   79.293    1598610962083
02    14.703   12.546  -14.389 -108.771   25.876   38.057    1598610962083
01    15.548   12.026  -13.592  -72.834   65.306   79.103    1598610962099
02    14.721   12.545  -14.386 -108.595   26.029   38.106    1598610962099
01    15.543   12.050  -13.638  -73.289   65.606   77.959    1598610962105
02    14.735   12.483  -14.460 -108.229   25.793   37.709    1598610962105
01    15.542   12.089  -13.685  -72.930   66.187   77.207    1598610962121
02    14.777   12.471  -14.505 -107.188   25.921   37.164    1598610962121
01    15.551   12.126  -13.734  -72.009   66.441   76.894    1598610962152
02    14.814   12.480  -14.529 -105.508   26.151   36.609    1598610962152
01    15.635   12.109  -13.706  -69.573   65.374   78.459    1598610962168
02    14.659   12.368  -14.849 -105.050   25.832   35.813    1598610962168
01    15.709   12.083  -13.615  -67.305   63.050   79.477    1598610962183
02    14.308   12.110  -15.760 -106.972   28.498   34.701    1598610962183
01    15.827   11.962  -13.470  -65.700   58.312   78.886    1598610962199
02    13.865   12.393  -16.460 -109.875   33.933   32.689    1598610962199
01    15.943   11.764  -13.305  -65.437   52.798   76.552    1598610962205
02    13.904   12.801  -16.608 -114.936   44.737   30.384    1598610962205
01    16.066   11.588  -13.072  -65.528   48.422   74.745    1598610962221
02    13.878   13.299  -16.656 -121.874   56.391   25.571    1598610962221
01    16.165   11.347  -12.966  -66.574   45.123   72.853    1598610962252
02    13.952   13.686  -16.620 -128.456   65.802   20.732    1598610962252
01    16.167   11.236  -12.926  -67.660   43.301   71.203    1598610962268
02    13.965   14.031  -16.606 -136.298   72.024   13.649    1598610962268
01    16.282   11.098  -12.761  -68.447   42.161   71.524    1598610962283
02    14.162   14.136  -16.575 -142.543   76.210    9.277    1598610962283
01    16.264   10.989  -12.788  -69.711   41.479   71.163    1598610962299
02    14.347   14.269  -16.485 -146.974   79.613    5.739    1598610962299
01    16.202   10.955  -12.846  -70.791   41.987   70.984    1598610962306
02    14.473   14.317  -16.411 -151.358   81.140    1.963    1598610962306
01    16.123   10.997  -12.947  -71.865   43.395   70.892    1598610962321
02    14.621   14.350  -16.258 -144.083   81.949    8.533    1598610962321
01    16.012   11.014  -13.161  -73.372   45.419   70.623    1598610962353
02    14.785   14.183  -16.097 -127.659   79.475   24.398    1598610962353
01    15.782   11.166  -13.478  -75.686   48.877   69.645    1598610962368
02    14.984   14.096  -15.584 -114.478   75.365   35.580    1598610962368
01    15.564   11.413  -13.776  -77.682   53.625   69.111    1598610962384
02    15.501   14.557  -13.264  -96.586   68.546   49.525    1598610962384
01    15.647   11.467  -13.864  -77.530   58.075   71.433    1598610962399
02    15.081   13.316  -13.996  -99.951   42.279   42.540    1598610962399
01    15.634   11.659  -13.796  -76.718   61.734   73.679    1598610962406
02    14.805   12.974  -14.235 -102.114   33.704   39.770    1598610962406
01    15.487   11.800  -13.869  -77.311   62.831   72.967    1598610962422
02    14.659   12.771  -14.392 -103.706   29.274   38.845    1598610962422
01    15.424   11.881  -13.914  -77.272   63.693   73.290    1598610962437
02    14.576   12.732  -14.473 -104.790   27.440   38.802    1598610962453
01    15.360   11.988  -13.935  -76.713   64.475   73.991    1598610962468
02    14.612   12.689  -14.461 -105.880   27.030   39.096    1598610962468
01    15.379   12.034  -13.870  -75.423   64.740   75.825    1598610962484
02    14.599   12.707  -14.464 -106.509   26.734   39.605    1598610962484
01    15.375   12.007  -13.861  -75.856   64.477   75.803    1598610962500
02    14.558   12.728  -14.476 -107.231   26.579   39.841    1598610962500
01    15.315   12.068  -13.835  -76.367   64.684   75.064    1598610962506
02    14.553   12.719  -14.460 -107.893   26.381   39.885    1598610962506
01    15.223   12.144  -13.828  -77.284   64.945   73.639    1598610962522
02    14.515   12.687  -14.469 -108.345   25.856   39.505    1598610962522
01    15.194   12.160  -13.830  -78.188   65.180   72.554    1598610962537
02    14.480   12.661  -14.476 -108.506   25.529   38.911    1598610962537
01    15.212   12.169  -13.786  -78.492   65.594   72.186    1598610962569
02    14.371   12.711  -14.519 -108.026   25.335   37.784    1598610962569
01    15.212   12.181  -13.782  -78.691   65.666   71.647    1598610962584
02    14.358   12.679  -14.559 -107.278   25.047   37.283    1598610962584
01    15.192   12.156  -13.853  -78.753   65.218   71.255    1598610962600
02    14.368   12.657  -14.584 -106.230   25.024   36.804    1598610962600
01    15.247   12.153  -13.808  -76.931   64.156   72.612    1598610962606
02    14.267   12.500  -14.878 -105.768   24.764   35.983    1598610962606
01    15.355   12.117  -13.649  -74.310   62.093   74.639    1598610962622
02    13.943   12.179  -15.793 -107.130   26.923   34.740    1598610962622
01    15.395   12.093  -13.504  -72.059   58.586   75.429    1598610962638
02    13.634   12.406  -16.410 -109.061   31.666   33.375    1598610962638
01    15.425   11.984  -13.401  -71.600   54.682   74.267    1598610962669
02    13.631   12.832  -16.555 -112.501   42.340   31.798    1598610962669
01    15.447   11.856  -13.327  -71.486   51.396   72.867    1598610962685
02    13.574   13.357  -16.577 -115.377   53.785   30.236    1598610962685
01    15.500   11.717  -13.198  -70.850   48.388   72.451    1598610962700
02    13.679   13.743  -16.529 -118.277   63.421   29.212    1598610962700
01    15.540   11.651  -13.052  -70.556   46.668   72.308    1598610962707
02    13.861   14.014  -16.457 -121.650   70.681   27.963    1598610962707
01    15.572   11.538  -12.998  -70.632   45.074   71.886    1598610962722
02    13.956   14.266  -16.363 -125.975   75.825   24.871    1598610962722
01    15.582   11.428  -12.949  -71.186   44.036   71.042    1598610962738
02    13.943   14.437  -16.385 -135.046   78.323   16.269    1598610962738
01    15.568   11.320  -13.029  -72.049   43.427   69.736    1598610962769
02    14.069   14.488  -16.318 -137.725   80.481   14.822    1598610962769
01    15.584   11.283  -13.071  -72.285   44.438   69.626    1598610962785
02    14.161   14.421  -16.310 -132.256   80.659   20.523    1598610962785
01    15.583   11.256  -13.170  -72.661   45.892   69.880    1598610962801
02    14.121   14.448  -16.294 -132.194   80.286   20.280    1598610962801
01    15.604   11.245  -13.197  -73.095   47.726   70.753    1598610962807
02    14.201   14.495  -16.123 -130.598   80.768   21.905    1598610962807
01    15.416   11.353  -13.378  -75.148   50.119   69.618    1598610962823
02    14.416   14.420  -15.616 -120.947   78.146   30.751    1598610962823
01    15.240   11.472  -13.588  -78.409   53.857   68.027    1598610962838
02    14.853   14.488  -13.741 -105.519   70.717   42.444    1598610962838
01    14.979   11.594  -13.904  -82.940   57.615   65.270    1598610962854
02    14.397   14.577  -13.106  -96.434   53.470   44.138    1598610962854
01    14.924   11.748  -13.913  -84.776   61.363   66.427    1598610962885
02    14.306   13.530  -13.752 -100.815   38.699   40.791    1598610962885
01    14.928   11.854  -13.857  -85.183   63.793   68.822    1598610962901
02    14.281   13.085  -14.046 -104.642   31.924   38.928    1598610962901
01    14.889   11.958  -13.841  -85.546   64.980   69.624    1598610962907
02    14.229   12.852  -14.253 -107.654   27.990   37.299    1598610962907
01    14.879   12.036  -13.794  -85.482   65.537   69.881    1598610962923
02    14.234   12.760  -14.272 -109.402   26.337   36.223    1598610962923
01    14.923   12.014  -13.747  -85.960   65.214   69.497    1598610962939
02    14.197   12.723  -14.263 -110.105   25.025   35.327    1598610962939
01    14.932   12.053  -13.689  -86.279   65.368   68.541    1598610962954
02    14.140   12.645  -14.337 -110.565   23.861   34.504    1598610962954
01    14.877   12.064  -13.780  -87.570   65.336   66.330    1598610962985
02    14.078   12.576  -14.468 -110.374   23.130   34.013    1598610962985
01    14.912   12.120  -13.779  -85.641   66.197   67.517    1598610963001
02    14.090   12.574  -14.533 -109.272   23.627   34.278    1598610963001
01    14.977   12.117  -13.792  -83.165   66.014   69.207    1598610963008
02    14.161   12.553  -14.557 -107.688   23.867   34.781    1598610963008
01    15.095   12.106  -13.686  -79.109   64.925   72.604    1598610963023
02    14.155   12.621  -14.557 -105.202   23.672   34.657    1598610963023
01    15.206   12.037  -13.547  -75.643   61.615   74.917    1598610963039
02    14.096   12.292  -14.939 -105.887   22.716   34.035    1598610963039
01    15.278   11.907  -13.374  -74.309   57.451   74.561    1598610963054
02    13.819   12.104  -15.640 -108.607   26.898   32.247    1598610963054
01    15.286   11.760  -13.270  -74.001   52.523   72.054    1598610963086
02    13.328   12.287  -16.384 -112.724   33.166   29.189    1598610963086
01    15.320   11.616  -13.108  -73.586   48.384   69.941    1598610963101
02    13.019   12.790  -16.749 -117.649   41.273   25.705    1598610963101
01    15.345   11.428  -12.988  -73.972   45.001   68.116    1598610963108
02    13.041   13.291  -16.795 -123.976   52.912   22.169    1598610963108
01    15.382   11.262  -12.860  -74.390   43.058   67.496    1598610963124
02    13.225   13.742  -16.640 -129.071   63.742   19.555    1598610963124
01    15.417   11.141  -12.810  -74.917   41.974   67.807    1598610963139
02    13.403   14.028  -16.510 -133.131   71.099   17.413    1598610963139
01    15.369   11.148  -12.876  -75.416   41.904   67.776    1598610963155
02    13.491   14.179  -16.505 -135.553   74.549   15.914    1598610963155
01    15.313   11.197  -12.929  -75.371   42.301   68.001    1598610963186
02    13.660   14.322  -16.402 -141.033   77.916   11.479    1598610963186
01    15.294   11.248  -12.922  -75.005   42.612   68.288    1598610963202
02    13.711   14.481  -16.374 -151.035   79.726    1.807    1598610963202
01    15.308   11.276  -12.908  -75.167   42.920   68.286    1598610963208
02    13.799   14.605  -16.283 -166.652   81.384  -12.834    1598610963208
01    15.300   11.215  -12.980  -76.197   43.065   67.955    1598610963224
02    13.864   14.660  -16.159 -164.334   81.548  -11.106    1598610963224
01    15.242   11.163  -13.130  -77.916   43.955   67.705    1598610963239
02    14.113   14.580  -15.733 -137.029   80.020   15.038    1598610963239
01    15.044   11.190  -13.428  -80.823   46.302   67.088    1598610963255
02    14.519   14.643  -14.298 -109.412   72.244   38.673    1598610963255
01    14.770   11.404  -13.697  -84.108   50.494   66.495    1598610963271
02    14.640   15.025  -12.339  -95.161   58.828   47.949    1598610963271
01    14.657   11.601  -13.783  -87.522   56.334   66.938    1598610963302
02    14.294   13.645  -13.433 -100.906   37.398   40.897    1598610963302
01    14.615   11.838  -13.734  -88.544   60.491   67.272    1598610963308
02    14.139   13.106  -13.900 -104.233   29.092   37.973    1598610963308
01    14.644   11.969  -13.693  -87.119   62.082   69.050    1598610963324
02    14.078   12.948  -14.091 -105.798   25.536   37.125    1598610963324
01    14.663   12.022  -13.729  -86.360   62.696   70.197    1598610963340
02    14.060   12.855  -14.270 -107.224   23.596   37.035    1598610963340
01    14.741   12.037  -13.697  -84.816   63.165   72.559    1598610963355
02    14.124   12.792  -14.298 -108.294   22.867   37.668    1598610963355
01    14.767   12.075  -13.696  -83.937   63.675   73.588    1598610963371
02    14.154   12.779  -14.342 -109.079   22.496   38.143    1598610963371
01    14.809   12.079  -13.707  -84.056   64.191   73.658    1598610963402
02    14.167   12.796  -14.344 -109.158   22.461   38.710    1598610963402
01    14.792   12.113  -13.750  -84.940   64.489   72.077    1598610963409
02    14.224   12.787  -14.323 -109.428   22.539   38.758    1598610963409
01    14.782   12.201  -13.720  -85.576   65.483   70.332    1598610963424
02    14.178   12.788  -14.365 -109.101   22.245   37.959    1598610963424
01    14.739   12.312  -13.731  -85.753   65.753   68.028    1598610963440
02    14.156   12.791  -14.396 -107.972   21.964   36.959    1598610963440
01    14.770   12.341  -13.732  -84.477   65.428   67.368    1598610963456
02    14.148   12.745  -14.443 -106.434   21.674   35.352    1598610963456
01    14.912   12.332  -13.574  -80.128   63.995   70.370    1598610963471
02    13.951   12.434  -14.918 -106.351   21.649   33.559    1598610963471
01    14.979   12.246  -13.410  -77.074   60.515   71.826    1598610963503
02    13.440   12.327  -15.773 -108.109   25.405   31.561    1598610963503
01    14.956   12.210  -13.265  -75.481   57.073   71.371    1598610963509
02    12.971   12.606  -16.456 -110.696   30.990   29.762    1598610963509
01    14.914   12.138  -13.165  -74.785   52.900   69.655    1598610963525
02    12.781   13.130  -16.607 -114.568   40.941   27.562    1598610963525
01    14.925   12.005  -13.047  -74.006   48.734   68.477    1598610963540
02    12.745   13.547  -16.676 -120.112   52.053   24.507    1598610963540
01    14.915   11.847  -12.993  -73.748   45.149   66.809    1598610963556
02    12.739   13.986  -16.600 -127.349   62.339   19.333    1598610963556
01    14.878   11.711  -12.933  -73.673   43.041   65.600    1598610963572
02    12.781   14.283  -16.481 -137.565   69.119   11.023    1598610963572
01    14.934   11.597  -12.791  -73.905   42.202   65.600    1598610963603
02    12.765   14.502  -16.421 -149.707   72.927    0.137    1598610963603
01    14.932   11.478  -12.742  -74.887   41.630   64.892    1598610963609
02    12.949   14.544  -16.347 -153.849   76.158   -2.177    1598610963609
01    14.925   11.428  -12.681  -75.167   40.996   64.681    1598610963625
02    13.098   14.572  -16.322 -153.458   78.343   -0.746    1598610963625
01    14.974   11.351  -12.642  -75.381   40.425   64.531    1598610963641
02    13.191   14.622  -16.258 -154.271   80.091   -1.255    1598610963641
01    15.011   11.223  -12.704  -76.484   40.261   63.898    1598610963656
02    13.229   14.598  -16.142 -150.563   79.543    1.908    1598610963656
01    14.963   11.225  -12.848  -77.603   42.020   63.654    1598610963672
02    13.455   14.482  -15.701 -136.751   77.174   13.853    1598610963672
01    14.865   11.297  -13.002  -79.380   44.783   63.673    1598610963687
02    13.630   14.285  -15.169 -121.484   70.599   26.169    1598610963687
01    14.689   11.406  -13.159  -82.556   48.161   62.835    1598610963710
02    13.810   14.112  -14.323 -112.699   63.373   31.833    1598610963710
01    14.365   11.538  -13.466  -88.641   51.766   59.487    1598610963725
02    13.994   14.853  -12.161  -99.872   56.578   38.957    1598610963725
01    14.254   11.697  -13.563  -92.376   56.030   59.051    1598610963741
02    13.662   13.627  -13.203  -99.311   38.923   36.058    1598610963741
01    14.260   11.859  -13.464  -92.301   59.057   61.391    1598610963756
02    13.432   13.081  -13.812 -101.366   28.781   33.913    1598610963756
01    14.258   11.942  -13.448  -91.530   60.042   63.205    1598610963772
02    13.510   12.786  -13.996 -103.370   23.918   34.055    1598610963772
01    14.267   12.028  -13.439  -90.456   61.147   64.476    1598610963788
02    13.575   12.680  -14.082 -104.488   21.983   34.201    1598610963788
01    14.278   12.088  -13.465  -90.047   61.857   64.826    1598610963810
02    13.659   12.631  -14.127 -105.125   21.332   34.473    1598610963810
01    14.310   12.128  -13.482  -90.099   62.766   64.633    1598610963826
02    13.725   12.588  -14.207 -105.433   21.008   34.594    1598610963826
01    14.333   12.171  -13.532  -90.111   63.275   63.853    1598610963841
02    13.752   12.635  -14.209 -104.896   21.536   34.474    1598610963841
01    14.370   12.170  -13.597  -90.150   63.354   62.961    1598610963857
02    13.781   12.604  -14.278 -104.364   21.503   33.906    1598610963857
01    14.410   12.229  -13.597  -89.202   63.872   62.764    1598610963872
02    13.851   12.571  -14.298 -103.460   21.935   33.347    1598610963872
01    14.528   12.240  -13.536  -86.783   63.853   64.456    1598610963888
02    13.849   12.666  -14.281 -101.821   22.625   32.248    1598610963888
01    14.648   12.234  -13.397  -83.087   62.422   67.669    1598610963910
02    13.751   12.560  -14.448 -101.170   21.750   30.571    1598610963910
01    14.686   12.199  -13.289  -81.170   59.445   68.710    1598610963926
02    13.506   12.358  -14.958 -103.571   23.766   28.519    1598610963926
01    14.642   12.156  -13.218  -80.858   56.347   67.603    1598610963941
02    12.815   12.379  -15.914 -107.556   28.777   25.684    1598610963941
01    14.567   12.112  -13.171  -80.976   52.990   65.508    1598610963957
02    12.307   12.834  -16.483 -111.806   36.050   23.647    1598610963957
01    14.531   12.041  -13.107  -80.908   49.500   63.890    1598610963973
02    12.135   13.479  -16.580 -118.073   47.833   21.230    1598610963973
01    14.466   11.950  -13.038  -81.142   46.637   62.380    1598610963988
02    12.230   13.986  -16.425 -125.974   59.767   17.335    1598610963988
01    14.399   11.847  -12.959  -81.554   44.603   61.276    1598610964010
02    12.199   14.372  -16.354 -136.951   67.046    8.766    1598610964010
01    14.369   11.773  -12.840  -81.707   43.790   60.821    1598610964026
02    12.259   14.671  -16.222 -149.378   72.250   -1.769    1598610964026
01    14.353   11.669  -12.786  -82.087   42.703   60.243    1598610964042
02    12.311   14.819  -16.205 -158.701   74.793   -9.122    1598610964042
01    14.289   11.625  -12.796  -83.218   42.430   59.103    1598610964057
02    12.427   14.833  -16.162 -160.187   76.930   -9.253    1598610964057
01    14.259   11.540  -12.871  -84.839   42.943   58.483    1598610964073
02    12.714   14.772  -15.782 -153.151   77.739   -2.605    1598610964073
01    14.162   11.529  -13.060  -86.788   45.090   58.549    1598610964089
02    12.952   14.639  -15.278 -133.448   73.926   13.747    1598610964089
01    14.041   11.587  -13.293  -89.341   48.505   59.053    1598610964111
02    13.071   14.515  -14.893 -121.143   67.114   22.817    1598610964111
01    13.829   11.762  -13.570  -92.804   52.836   58.172    1598610964126
02    13.525   14.681  -13.576 -110.937   62.606   30.072    1598610964126
01    13.791   12.039  -13.683  -94.941   58.847   57.953    1598610964142
02    13.146   14.057  -13.890 -105.305   43.832   28.489    1598610964142
01    13.869   12.225  -13.660  -93.268   63.074   60.692    1598610964158
02    13.121   13.603  -14.099 -104.911   35.487   28.149    1598610964158
01    13.925   12.353  -13.643  -89.961   64.826   64.189    1598610964173
02    13.125   13.381  -14.231 -104.578   31.288   28.630    1598610964173
01    13.968   12.434  -13.669  -87.871   65.771   66.596    1598610964189
02    13.192   13.279  -14.289 -104.412   29.117   29.820    1598610964189
01    14.040   12.505  -13.651  -85.375   67.006   69.736    1598610964211
02    13.292   13.209  -14.328 -104.753   28.335   30.978    1598610964211
01    14.110   12.572  -13.659  -83.909   68.045   71.601    1598610964227
02    13.390   13.206  -14.331 -104.697   28.305   32.225    1598610964227
01    14.173   12.603  -13.689  -83.502   68.744   72.050    1598610964242
02    13.477   13.184  -14.355 -104.761   28.318   33.174    1598610964242
01    14.208   12.654  -13.741  -83.714   69.378   71.136    1598610964258
02    13.534   13.193  -14.355 -104.782   28.719   33.316    1598610964258
01    14.288   12.663  -13.746  -83.363   69.876   70.591    1598610964274
02    13.563   13.173  -14.394 -104.458   28.715   32.720    1598610964274
01    14.297   12.706  -13.774  -83.757   70.057   68.713    1598610964289
02    13.618   13.159  -14.385 -103.629   28.791   32.136    1598610964289
01    14.259   12.750  -13.819  -85.023   69.996   66.320    1598610964311
02    13.605   13.144  -14.421 -102.724   28.351   30.926    1598610964311
01    14.327   12.683  -13.826  -84.810   69.511   66.527    1598610964327
02    13.511   13.093  -14.557 -102.148   27.708   28.803    1598610964327
01    14.393   12.642  -13.736  -81.828   68.015   69.008    1598610964343
02    13.187   12.785  -15.202 -103.259   27.968   26.797    1598610964343
01    14.422   12.599  -13.609  -79.160   65.152   70.522    1598610964358
02    12.510   12.704  -16.305 -106.041   31.141   24.792    1598610964358
01    14.418   12.546  -13.498  -77.986   61.877   70.395    1598610964374
02    12.253   13.224  -16.711 -109.125   37.142   23.776    1598610964374
01    14.392   12.471  -13.420  -77.715   57.433   68.685    1598610964389
02    12.170   13.937  -16.740 -115.437   49.568   21.708    1598610964389
01    14.394   12.361  -13.287  -77.886   53.638   67.380    1598610964412
02    12.381   14.426  -16.607 -123.941   62.796   18.187    1598610964412
01    14.393   12.214  -13.201  -78.482   50.967   66.221    1598610964427
02    12.520   14.834  -16.460 -134.617   72.753   10.768    1598610964427
01    14.386   12.098  -13.171  -79.382   49.626   65.180    1598610964443
02    12.637   15.100  -16.372 -147.432   78.435    0.170    1598610964443
01    14.348   12.072  -13.118  -79.617   49.193   64.674    1598610964458
02    12.839   15.230  -16.259 -161.466   82.462  -11.757    1598610964458
01    14.328   12.076  -13.064  -79.886   49.127   64.318    1598610964474
02    12.902   15.357  -16.204 -171.330   84.423  -20.739    1598610964474
01    14.355   11.960  -13.062  -80.838   48.418   63.901    1598610964490
02    12.964   15.407  -16.162 -171.738   85.881  -20.620    1598610964490
01    14.306   11.970  -13.085  -81.057   48.428   63.273    1598610964512
02    12.958   15.384  -16.246 -170.841   85.864  -19.309    1598610964512
01    14.288   11.959  -13.103  -81.023   48.708   63.153    1598610964527
02    12.940   15.431  -16.253  171.142   86.029  -37.206    1598610964527
01    14.291   11.921  -13.140  -81.554   48.946   63.092    1598610964543
02    12.956   15.404  -16.184  175.114   86.073  -33.557    1598610964543
01    14.163   11.874  -13.373  -84.213   50.018   61.521    1598610964559
02    13.229   15.201  -15.752 -125.366   83.411   23.738    1598610964559
01    13.972   12.023  -13.623  -87.229   53.706   60.349    1598610964574
02    13.738   15.038  -14.333 -101.635   74.863   41.995    1598610964574
01    13.756   12.377  -13.958  -90.385   59.599   59.461    1598610964590
02    13.880   15.181  -12.816  -90.779   61.668   45.984    1598610964590
01    13.833   12.653  -13.923  -88.859   66.355   63.180    1598610964612
02    13.631   14.166  -13.674  -95.746   46.987   38.013    1598610964612
01    13.912   12.766  -13.876  -87.205   69.277   65.915    1598610964628
02    13.450   13.797  -14.046  -98.633   39.367   33.463    1598610964628
01    13.969   12.796  -13.836  -86.958   70.051   66.729    1598610964643
02    13.295   13.674  -14.228 -100.642   35.121   30.627    1598610964643
01    14.015   12.743  -13.837  -87.307   69.418   67.390    1598610964659
02    13.214   13.549  -14.383 -102.153   32.418   29.909    1598610964659
01    14.038   12.723  -13.823  -86.839   69.097   68.852    1598610964675
02    13.253   13.502  -14.375 -103.059   31.324   30.939    1598610964675
01    14.078   12.703  -13.797  -85.557   68.940   71.017    1598610964690
02    13.316   13.431  -14.410 -103.709   30.316   32.239    1598610964690
01    14.118   12.671  -13.801  -84.603   68.937   72.498    1598610964712
02    13.397   13.333  -14.448 -104.410   29.972   33.147    1598610964712
01    14.154   12.687  -13.786  -83.133   69.447   73.908    1598610964728
02    13.487   13.268  -14.473 -104.469   29.942   33.923    1598610964728
01    14.193   12.719  -13.791  -81.720   69.888   74.804    1598610964744
02    13.600   13.214  -14.469 -103.852   29.889   34.636    1598610964744
01    14.229   12.773  -13.794  -80.529   70.434   74.917    1598610964759
02    13.676   13.151  -14.518 -102.898   29.609   34.644    1598610964759
01    14.319   12.783  -13.792  -79.313   70.588   75.021    1598610964775
02    13.746   13.137  -14.529 -101.449   29.519   34.133    1598610964775
01    14.395   12.787  -13.812  -78.223   70.449   74.921    1598610964791
02    13.782   13.107  -14.583 -100.058   29.443   32.925    1598610964791
01    14.562   12.705  -13.783  -75.804   69.239   76.521    1598610964813
02    13.702   12.995  -14.812  -99.974   29.168   31.186    1598610964813
01    14.632   12.668  -13.683  -73.375   66.917   77.518    1598610964828
02    13.450   12.914  -15.314 -101.496   31.157   29.281    1598610964828
01    14.737   12.584  -13.463  -70.653   62.278   77.897    1598610964844
02    12.798   13.094  -16.115 -104.489   35.128   26.269    1598610964844
01    14.735   12.486  -13.344  -71.179   57.280   74.751    1598610964860
02    12.251   13.604  -16.655 -110.421   42.775   21.730    1598610964860
01    14.703   12.356  -13.250  -72.739   53.355   71.360    1598610964875
02    12.154   14.254  -16.651 -118.397   54.197   16.941    1598610964875
01    14.626   12.288  -13.181  -74.205   50.697   68.389    1598610964891
02    12.107   14.785  -16.574 -127.635   64.096   10.942    1598610964891
01    14.563   12.216  -13.137  -75.563   49.033   66.254    1598610964913
02    12.265   15.064  -16.470 -138.064   71.628    4.551    1598610964913
01    14.516   12.151  -13.094  -76.203   47.834   65.196    1598610964929
02    12.334   15.237  -16.447 -147.473   76.175   -2.112    1598610964929
01    14.517   12.130  -12.992  -75.889   46.952   65.385    1598610964944
02    12.383   15.424  -16.366 -159.462   79.254  -12.452    1598610964944
01    14.480   12.047  -12.977  -77.157   46.276   64.325    1598610964960
02    12.475   15.502  -16.273 -168.734   80.854  -20.273    1598610964960
01    14.459   11.945  -13.015  -78.532   46.094   63.537    1598610964975
02    12.622   15.448  -16.127 -169.320   81.476  -20.468    1598610964975
01    14.440   11.879  -13.090  -80.080   47.119   62.893    1598610964991
02    12.743   15.311  -15.980 -151.084   80.462   -3.639    1598610964991
01    14.381   11.910  -13.164  -81.465   49.174   62.750    1598610965013
02    12.912   15.129  -15.794 -134.135   78.232   11.849    1598610965013
01    14.274   11.956  -13.297  -83.627   51.886   62.694    1598610965029
02    13.153   15.006  -15.400 -119.744   75.281   24.232    1598610965029
01    14.072   12.087  -13.522  -87.617   55.297   61.187    1598610965044
02    13.941   15.071  -13.494 -103.303   70.562   37.120    1598610965044
01    13.891   12.426  -13.708  -91.528   60.527   59.347    1598610965060
02    13.182   14.420  -13.926  -99.330   49.101   30.976    1598610965060
01    13.958   12.517  -13.692  -92.845   64.452   60.864    1598610965076
02    13.126   13.879  -14.160  -99.295   38.278   29.123    1598610965076
01    14.018   12.538  -13.711  -91.728   65.691   63.315    1598610965091
02    13.158   13.612  -14.276  -99.287   31.772   29.417    1598610965091
01    14.089   12.554  -13.717  -90.276   66.452   65.796    1598610965113
02    13.320   13.313  -14.383 -100.475   28.095   30.605    1598610965113
01    14.155   12.564  -13.736  -88.397   67.456   68.370    1598610965129
02    13.420   13.195  -14.489 -101.239   26.961   31.445    1598610965129
01    14.215   12.583  -13.768  -86.411   68.403   70.659    1598610965145
02    13.611   13.139  -14.458 -101.770   27.363   32.878    1598610965145
01    14.296   12.582  -13.786  -85.543   69.223   71.849    1598610965160
02    13.654   13.198  -14.452 -101.729   28.026   33.187    1598610965160
01    14.342   12.584  -13.810  -85.592   69.699   71.281    1598610965176
02    13.750   13.187  -14.408 -101.602   28.425   33.378    1598610965176
01    14.322   12.670  -13.817  -85.892   70.136   69.105    1598610965192
02    13.753   13.174  -14.459 -101.260   28.227   32.482    1598610965192
01    14.317   12.690  -13.841  -86.905   69.805   66.614    1598610965214
02    13.703   13.153  -14.518 -100.471   27.930   31.404    1598610965214
01    14.297   12.712  -13.869  -86.551   69.415   65.771    1598610965229
02    13.695   13.145  -14.531  -99.408   27.792   30.617    1598610965229
01    14.348   12.685  -13.868  -84.420   68.715   67.629    1598610965245
02    13.614   13.195  -14.556  -98.288   27.849   29.580    1598610965245
01    14.450   12.636  -13.789  -80.208   67.123   71.398    1598610965261
02    13.398   12.938  -15.025  -99.425   27.483   27.793    1598610965261
01    14.525   12.605  -13.653  -76.276   64.210   74.051    1598610965276
02    12.887   12.790  -15.945 -102.080   30.682   26.308    1598610965276
01    14.581   12.482  -13.547  -74.316   59.699   74.071    1598610965292
02    12.560   13.072  -16.473 -105.573   36.603   25.191    1598610965292
01    14.678   12.322  -13.354  -73.372   55.307   73.162    1598610965314
02    12.406   13.600  -16.643 -112.164   47.682   22.557    1598610965314
01    14.708   12.186  -13.199  -73.212   51.818   71.223    1598610965330
02    12.390   14.134  -16.617 -121.696   60.330   17.061    1598610965330
01    14.772   11.985  -13.114  -74.139   49.090   69.212    1598610965345
02    12.473   14.542  -16.531 -132.891   70.083    9.013    1598610965345
01    14.750   11.809  -13.154  -75.286   47.021   66.899    1598610965361
02    12.565   14.779  -16.504 -142.196   75.954    2.410    1598610965361
01    14.772   11.737  -13.098  -75.575   46.284   66.249    1598610965377
02    12.689   14.951  -16.437 -150.122   80.225   -3.356    1598610965377
01    14.801   11.630  -13.083  -76.263   46.086   65.932    1598610965392
02    12.757   15.135  -16.335 -161.714   83.003  -13.925    1598610965392
01    14.717   11.625  -13.153  -77.334   46.656   65.027    1598610965414
02    12.786   15.171  -16.380 -162.259   83.622  -13.805    1598610965414
01    14.647   11.662  -13.180  -77.715   47.415   64.819    1598610965430
02    12.855   15.203  -16.372 -167.330   84.957  -18.314    1598610965430
01    14.631   11.693  -13.163  -78.102   48.147   65.064    1598610965446
02    12.910   15.213  -16.334 -163.330   85.530  -13.950    1598610965446
01    14.452   11.710  -13.388  -80.420   49.028   63.383    1598610965461
02    13.041   15.071  -16.111 -130.344   82.804   17.304    1598610965461
01    14.256   11.820  -13.616  -83.635   52.062   62.236    1598610965477
02    13.394   14.920  -15.317 -106.422   76.768   37.430    1598610965477
01    13.939   12.091  -13.932  -87.802   56.528   60.404    1598610965492
02    13.848   14.982  -13.510  -93.449   66.811   45.278    1598610965492
01    13.893   12.373  -13.956  -90.951   63.207   60.769    1598610965515
02    13.531   13.920  -14.103  -96.878   46.669   37.046    1598610965515
01    13.892   12.564  -13.937  -92.284   67.302   61.601    1598610965530
02    13.302   13.592  -14.404  -98.997   39.163   32.975    1598610965530
01    13.923   12.701  -13.909  -89.822   68.878   64.435    1598610965546
02    13.301   13.467  -14.485 -100.401   35.440   30.935    1598610965546
01    13.993   12.750  -13.884  -86.914   69.173   67.634    1598610965562
02    13.337   13.346  -14.569 -101.367   33.101   29.798    1598610965562
01    14.031   12.769  -13.905  -85.913   69.317   68.538    1598610965577
02    13.342   13.324  -14.577 -101.643   32.224   29.093    1598610965577
01    14.082   12.763  -13.900  -85.309   69.438   69.186    1598610965593
02    13.395   13.317  -14.541 -101.898   31.977   28.951    1598610965593
01    14.122   12.731  -13.892  -85.677   69.488   68.748    1598610965615
02    13.468   13.306  -14.462 -101.972   31.938   29.041    1598610965615
01    14.129   12.712  -13.899  -86.819   69.557   67.211    1598610965631
02    13.490   13.237  -14.470 -102.240   31.440   28.491    1598610965631
01    14.133   12.700  -13.890  -87.319   69.489   65.947    1598610965646
02    13.463   13.199  -14.480 -101.341   30.872   27.917    1598610965646
01    14.153   12.680  -13.882  -87.376   69.119   65.089    1598610965662
02    13.457   13.154  -14.495 -100.512   30.382   27.110    1598610965662
01    14.173   12.664  -13.843  -86.323   68.463   65.570    1598610965677
02    13.428   13.259  -14.390  -98.830   30.566   26.850    1598610965677
01    14.223   12.621  -13.789  -83.604   66.790   67.759    1598610965693
02    13.329   13.150  -14.516  -98.813   27.967   25.097    1598610965693
01    14.312   12.564  -13.610  -80.332   64.428   70.221    1598610965715
02    13.126   12.973  -14.871 -102.015   28.889   22.071    1598610965715
01    14.357   12.463  -13.437  -77.337   60.227   71.586    1598610965731
02    12.415   12.848  -15.870 -106.900   32.836   18.796    1598610965731
01    14.354   12.332  -13.356  -77.080   55.836   70.472    1598610965746
02    11.957   13.205  -16.489 -111.600   40.120   17.344    1598610965746
01    14.344   12.243  -13.219  -77.401   52.994   69.464    1598610965762
02    11.996   13.691  -16.633 -115.240   48.757   18.136    1598610965762
01    14.312   12.127  -13.198  -78.179   50.553   67.972    1598610965778
02    12.143   14.176  -16.540 -118.815   59.133   19.267    1598610965778
01    14.289   12.057  -13.201  -78.599   49.209   66.621    1598610965793
02    12.353   14.527  -16.405 -124.152   68.472   18.456    1598610965793
01    14.340   11.940  -13.181  -78.581   48.539   66.257    1598610965815
02    12.456   14.799  -16.319 -132.053   74.865   13.170    1598610965815
01    14.346   11.892  -13.184  -79.338   48.678   65.576    1598610965831
02    12.631   14.952  -16.178 -136.232   79.015   10.634    1598610965831
01    14.313   11.782  -13.259  -81.237   48.899   64.590    1598610965847
02    12.780   14.990  -16.154 -136.084   80.630   11.965    1598610965847
01    14.226   11.835  -13.312  -82.266   50.247   64.111    1598610965862
02    12.862   15.073  -16.100 -135.129   82.274   13.445    1598610965862
01    14.171   11.884  -13.383  -82.757   51.578   63.797    1598610965878
02    12.856   15.099  -16.161 -133.486   82.396   15.124    1598610965878
01    14.180   11.921  -13.388  -82.757   52.571   64.113    1598610965894
02    12.866   15.116  -16.192 -133.938   82.637   14.614    1598610965894
01    14.135   11.965  -13.444  -83.582   53.555   63.566    1598610965916
02    12.925   15.133  -15.990 -128.882   82.378   18.629    1598610965916
01    14.012   12.066  -13.570  -84.993   55.459   62.465    1598610965931
02    13.224   14.995  -15.416 -110.514   77.670   34.237    1598610965931
01    13.912   12.161  -13.779  -86.864   58.043   61.838    1598610965947
02    13.659   14.785  -14.223 -102.092   68.550   36.963    1598610965947
01    13.741   12.349  -14.139  -89.925   62.862   61.952    1598610965963
02    13.578   14.762  -13.565  -95.754   56.413   35.858    1598610965963
01    13.766   12.600  -14.157  -92.658   69.454   64.343    1598610965978
02    13.378   14.121  -14.082  -97.368   43.311   31.952    1598610965978
01    13.973   12.703  -13.924  -87.328   71.861   72.340    1598610965994
02    13.358   13.898  -14.181 -100.209   38.012   29.795    1598610965994
01    14.097   12.730  -13.714  -84.873   71.520   74.669    1598610966016
02    13.326   13.766  -14.169 -101.542   34.295   28.743    1598610966016
01    14.121   12.659  -13.683  -85.863   69.754   72.761    1598610966032
02    13.313   13.567  -14.207 -102.100   30.838   28.545    1598610966032
01    14.171   12.577  -13.635  -85.700   68.588   72.724    1598610966047
02    13.279   13.432  -14.279 -102.020   28.325   29.365    1598610966047
01    14.159   12.501  -13.702  -86.379   67.884   72.137    1598610966063
02    13.316   13.287  -14.335 -102.417   27.274   30.707    1598610966063
01    14.167   12.513  -13.686  -85.133   68.186   73.527    1598610966079
02    13.423   13.131  -14.405 -102.903   26.793   32.511    1598610966079
01    14.174   12.511  -13.731  -84.179   68.558   74.680    1598610966094
02    13.523   13.049  -14.450 -102.964   27.027   34.081    1598610966094
01    14.245   12.554  -13.687  -81.598   69.154   77.245    1598610966116
02    13.575   13.061  -14.471 -102.427   28.017   34.935    1598610966116
01    14.276   12.596  -13.692  -80.506   69.453   77.512    1598610966132
02    13.624   13.052  -14.493 -101.300   28.328   35.264    1598610966132
01    14.285   12.599  -13.729  -80.854   69.276   76.077    1598610966148
02    13.707   13.045  -14.450 -100.152   28.728   34.911    1598610966148
01    14.315   12.584  -13.734  -80.833   68.880   75.038    1598610966163
02    13.625   13.033  -14.532  -99.308   28.562   32.340    1598610966163
01    14.380   12.581  -13.654  -78.212   67.725   76.288    1598610966182
02    13.476   12.861  -14.856 -100.583   29.071   29.705    1598610966182
01    14.481   12.504  -13.500  -75.609   64.913   77.351    1598610966198
02    13.029   12.794  -15.523 -103.151   32.219   26.993    1598610966198
01    14.454   12.425  -13.420  -75.619   60.422   74.936    1598610966216
02    12.569   13.073  -16.036 -106.249   37.343   24.604    1598610966216
01    14.399   12.370  -13.317  -76.369   56.663   72.265    1598610966232
02    12.271   13.488  -16.345 -110.803   45.235   22.183    1598610966232
01    14.332   12.312  -13.200  -76.597   53.299   70.170    1598610966248
02    12.236   13.921  -16.423 -115.822   55.512   20.660    1598610966248
01    14.280   12.262  -13.102  -76.989   51.561   68.534    1598610966263
02    12.304   14.344  -16.379 -121.160   65.394   18.931    1598610966263
01    14.305   12.103  -13.109  -77.700   49.824   67.424    1598610966279
02    12.387   14.714  -16.283 -125.564   73.039   16.934    1598610966279
01    14.289   12.030  -13.146  -78.178   49.335   66.557    1598610966294
02    12.502   14.920  -16.202 -131.111   77.832   13.470    1598610966294
01    14.212   11.992  -13.253  -79.649   49.973   65.196    1598610966317
02    12.679   14.953  -16.094 -128.806   79.926   17.118    1598610966317
01    14.142   11.976  -13.379  -81.632   51.449   64.313    1598610966332
02    12.826   14.884  -15.933 -116.883   78.606   28.746    1598610966332
01    14.034   12.039  -13.527  -84.136   54.355   63.263    1598610966348
02    12.957   14.781  -15.641 -107.193   75.200   37.072    1598610966348
01    13.900   12.197  -13.662  -86.378   58.347   62.724    1598610966363
02    13.026   14.666  -15.400 -104.654   70.447   37.756    1598610966363
01    13.729   12.440  -13.823  -89.521   62.679   61.610    1598610966379
02    13.251   14.665  -14.846 -100.577   67.186   40.451    1598610966379
01    13.611   12.884  -13.903  -92.130   68.058   60.702    1598610966395
02    13.240   14.735  -14.119  -95.297   57.867   39.842    1598610966395
01    13.798   12.932  -13.851  -89.126   70.837   66.002    1598610966417
02    13.191   14.370  -14.216  -97.380   49.229   36.541    1598610966417
01    13.898   12.959  -13.804  -85.613   71.423   70.107    1598610966432
02    13.254   14.063  -14.278  -98.418   44.190   35.533    1598610966432
01    13.955   12.957  -13.767  -83.488   71.503   72.236    1598610966448
02    13.260   13.851  -14.370  -99.308   40.865   34.310    1598610966448
01    14.018   12.913  -13.775  -83.239   71.486   72.533    1598610966464
02    13.316   13.672  -14.409 -100.377   38.643   32.930    1598610966464
01    14.024   12.891  -13.788  -83.892   71.480   71.633    1598610966479
02    13.387   13.565  -14.362 -101.166   37.444   31.668    1598610966479
01    14.056   12.860  -13.772  -84.560   71.491   70.766    1598610966495
02    13.453   13.457  -14.323 -101.553   36.360   30.711    1598610966495
01    14.065   12.849  -13.732  -85.596   71.531   69.369    1598610966517
02    13.456   13.366  -14.339 -101.820   35.203   29.146    1598610966517
01    14.067   12.828  -13.711  -87.043   71.424   67.288    1598610966533
02    13.427   13.274  -14.388 -101.780   34.153   27.265    1598610966533
01    14.075   12.774  -13.731  -88.056   70.906   65.556    1598610966548
02    13.343   13.267  -14.408 -100.752   33.776   25.662    1598610966548
01    14.132   12.738  -13.682  -86.468   70.073   66.456    1598610966564
02    13.281   13.249  -14.428  -99.686   32.509   24.657    1598610966564
01    14.215   12.671  -13.594  -83.674   68.405   68.577    1598610966580
02    13.147   13.134  -14.669 -101.089   32.359   22.989    1598610966580
01    14.276   12.548  -13.508  -81.041   65.076   69.924    1598610966595
02    12.765   13.053  -15.247 -104.558   35.068   20.699    1598610966595
01    14.246   12.510  -13.409  -79.015   61.211   70.006    1598610966617
02    12.347   13.198  -15.840 -109.042   40.114   18.428    1598610966617
01    14.192   12.479  -13.345  -78.895   57.931   68.129    1598610966633
02    12.027   13.610  -16.156 -113.707   46.739   16.147    1598610966633
01    14.154   12.426  -13.269  -79.311   55.490   66.554    1598610966649
02    12.033   14.034  -16.210 -117.914   54.323   15.145    1598610966649
01    14.095   12.353  -13.284  -80.271   53.483   64.433    1598610966664
02    12.046   14.446  -16.230 -121.984   62.614   14.545    1598610966664
01    14.106   12.263  -13.235  -80.308   52.185   63.943    1598610966680
02    12.180   14.694  -16.217 -125.238   69.689   15.062    1598610966680
01    14.089   12.238  -13.190  -80.053   51.639   63.493    1598610966696
02    12.324   14.874  -16.183 -125.632   74.625   17.463    1598610966696
01    14.137   12.161  -13.148  -80.315   50.999   63.418    1598610966718
02    12.419   15.005  -16.148 -124.616   77.695   20.118    1598610966718
01    14.174   12.096  -13.125  -80.545   50.850   63.544    1598610966733
02    12.509   15.073  -16.123 -121.284   78.964   24.118    1598610966733
01    14.198   12.006  -13.152  -81.736   51.006   63.350    1598610966749
02    12.648   15.086  -16.015 -117.164   79.737   28.932    1598610966749
01    14.114   11.993  -13.286  -84.144   52.217   62.048    1598610966765
02    12.735   15.015  -15.946 -112.532   78.287   33.259    1598610966765
01    13.939   12.116  -13.442  -86.491   54.417   60.776    1598610966780
02    12.875   14.952  -15.717 -105.400   76.256   39.412    1598610966780
01    13.837   12.239  -13.553  -89.073   57.315   60.143    1598610966796
02    13.167   14.944  -14.995  -99.218   73.255   43.943    1598610966796
01    13.602   12.423  -13.805  -93.432   60.311   57.298    1598610966818
02    13.888   15.541  -12.159  -87.799   66.921   50.103    1598610966818
01    13.620   12.535  -13.818  -95.388   63.562   57.470    1598610966834
02    13.100   14.553  -13.362  -94.032   49.334   37.504    1598610966834
01    13.659   12.614  -13.746  -95.501   65.460   58.872    1598610966849
02    12.905   13.968  -13.918  -96.754   39.565   33.668    1598610966849
01    13.638   12.681  -13.705  -95.123   66.155   60.331    1598610966865
02    12.836   13.725  -14.152  -98.582   33.545   32.572    1598610966865
01    13.641   12.721  -13.703  -94.126   66.443   62.083    1598610966880
02    12.914   13.568  -14.256 -100.093   30.618   33.023    1598610966880
01    13.657   12.763  -13.709  -92.766   67.211   63.833    1598610966896
02    13.021   13.491  -14.303 -100.912   29.531   33.784    1598610966896
01    13.702   12.766  -13.742  -91.716   67.633   65.055    1598610966918
02    13.090   13.391  -14.414 -101.464   28.910   34.036    1598610966918
01    13.705   12.833  -13.764  -90.674   68.484   65.575    1598610966934
02    13.209   13.335  -14.448 -101.412   28.836   34.379    1598610966934
01    13.781   12.857  -13.741  -89.420   69.071   66.342    1598610966949
02    13.270   13.347  -14.438 -100.750   29.026   34.138    1598610966949
01    13.838   12.874  -13.730  -89.320   69.241   65.549    1598610966965
02    13.356   13.303  -14.429 -100.142   29.111   33.415    1598610966965
01    13.884   12.869  -13.740  -89.759   69.264   64.451    1598610966981
02    13.379   13.312  -14.415  -99.290   29.374   32.071    1598610966981
01    13.944   12.841  -13.717  -89.083   68.808   64.890    1598610966996
02    13.343   13.329  -14.450  -98.759   29.653   30.492    1598610966996
01    13.999   12.803  -13.658  -87.349   67.359   66.137    1598610967018
02    13.178   13.134  -14.838 -100.336   29.822   28.072    1598610967018
01    14.066   12.695  -13.574  -85.237   64.863   67.518    1598610967034
02    12.851   13.095  -15.338 -103.108   32.900   25.442    1598610967034
01    14.104   12.608  -13.458  -83.015   61.611   68.095    1598610967050
02    12.285   13.376  -15.913 -106.661   37.811   22.482    1598610967050
01    14.072   12.557  -13.394  -81.411   58.073   66.903    1598610967065
02    11.911   13.763  -16.372 -112.328   45.358   19.340    1598610967065
01    14.059   12.487  -13.315  -80.789   55.403   65.661    1598610967081
02    11.870   14.313  -16.406 -117.893   55.900   17.473    1598610967081
01    14.090   12.364  -13.209  -80.380   53.043   64.945    1598610967097
02    11.984   14.672  -16.375 -122.682   65.128   16.673    1598610967097
01    14.069   12.300  -13.120  -80.924   51.684   63.839    1598610967119
02    12.136   14.936  -16.242 -128.493   72.376   13.953    1598610967119
01    14.101   12.185  -13.046  -81.434   50.669   63.320    1598610967134
02    12.264   15.090  -16.142 -135.894   76.841    8.934    1598610967134
01    14.026   12.170  -13.062  -82.140   50.323   62.251    1598610967150
02    12.392   15.128  -16.057 -134.382   78.963   11.448    1598610967150
01    14.048   12.071  -13.094  -83.217   50.508   61.896    1598610967166
02    12.486   15.133  -15.958 -132.117   79.438   14.060    1598610967166
01    13.944   12.049  -13.279  -84.658   51.353   60.806    1598610967181
02    12.548   15.074  -15.879 -124.820   78.318   20.714    1598610967181
01    13.913   12.078  -13.370  -86.041   53.317   60.902    1598610967197
02    12.698   14.968  -15.645 -116.416   76.677   28.274    1598610967197
01    13.723   12.187  -13.603  -89.260   55.810   59.364    1598610967219
02    13.232   14.908  -14.622 -102.138   73.014   40.697    1598610967219
01    13.546   12.428  -13.802  -92.900   60.081   57.686    1598610967235
02    13.601   15.542  -12.217  -87.759   63.424   47.807    1598610967235
01    13.524   12.659  -13.843  -92.486   63.748   59.179    1598610967250
02    13.332   14.291  -13.403  -93.712   46.688   38.790    1598610967250
01    13.652   12.761  -13.756  -90.331   66.547   62.922    1598610967266
02    13.160   13.771  -14.024  -96.323   38.790   35.606    1598610967266
01    13.783   12.770  -13.722  -87.723   67.875   66.941    1598610967282
02    13.108   13.566  -14.301  -98.026   34.508   34.541    1598610967282
01    13.874   12.803  -13.698  -85.491   68.823   69.556    1598610967297
02    13.211   13.508  -14.319  -98.953   32.634   34.665    1598610967297
01    13.955   12.828  -13.664  -84.450   69.448   70.690    1598610967319
02    13.290   13.489  -14.297  -99.406   31.688   34.689    1598610967319
01    14.022   12.795  -13.674  -85.269   69.522   69.993    1598610967335
02    13.438   13.348  -14.295 -100.151   30.757   34.768    1598610967335
01    14.028   12.790  -13.713  -86.101   69.589   68.308    1598610967351
02    13.461   13.279  -14.350 -100.247   30.138   34.188    1598610967351
01    14.051   12.792  -13.730  -86.325   69.858   67.259    1598610967366
02    13.498   13.246  -14.366 -100.107   30.351   33.344    1598610967366
01    14.085   12.804  -13.719  -85.747   70.146   66.961    1598610967382
02    13.533   13.243  -14.374  -99.411   30.386   32.516    1598610967382
01    14.125   12.774  -13.720  -85.437   69.821   66.839    1598610967397
02    13.581   13.294  -14.279  -98.204   30.605   32.121    1598610967397
01    14.163   12.728  -13.690  -84.408   68.634   67.694    1598610967413
02    13.510   13.222  -14.364  -97.781   29.176   30.583    1598610967413
01    14.237   12.630  -13.602  -83.308   66.620   68.557    1598610967435
02    13.322   13.070  -14.705  -99.140   29.325   28.794    1598610967435
01    14.295   12.491  -13.493  -82.334   64.079   68.858    1598610967451
02    13.005   13.002  -15.203 -101.674   32.102   26.965    1598610967451
01    14.276   12.417  -13.406  -81.563   60.783   68.021    1598610967466
02    12.499   13.146  -15.856 -105.055   36.768   24.939    1598610967466
01    14.260   12.364  -13.302  -80.234   57.470   67.243    1598610967482
02    12.162   13.501  -16.308 -109.987   44.016   22.766    1598610967482
01    14.233   12.301  -13.237  -80.133   54.879   65.586    1598610967498
02    12.062   14.049  -16.344 -115.885   55.089   20.420    1598610967498
01    14.211   12.192  -13.187  -80.551   52.710   64.189    1598610967513
02    12.130   14.451  -16.260 -123.487   64.939   16.581    1598610967513
01    14.206   12.081  -13.143  -81.329   51.178   63.148    1598610967535
02    12.236   14.697  -16.116 -131.010   71.182   11.504    1598610967535
01    14.162   11.990  -13.212  -83.002   51.061   61.812    1598610967551
02    12.427   14.779  -15.865 -131.070   73.917   12.347    1598610967551
01    14.084   12.013  -13.298  -84.399   52.685   60.747    1598610967567
02    12.578   14.683  -15.650 -124.079   72.379   18.676    1598610967567
01    14.070   12.016  -13.410  -85.556   54.625   60.801    1598610967582
02    12.729   14.537  -15.451 -115.560   69.480   26.233    1598610967582
01    14.046   12.085  -13.473  -86.802   57.370   61.469    1598610967598
02    12.890   14.427  -15.223 -109.505   66.604   31.117    1598610967598
01    13.857   12.249  -13.639  -90.395   60.304   59.873    1598610967614
02    13.392   14.635  -14.083  -99.672   65.227   39.273    1598610967614
01    13.744   12.460  -13.778  -93.928   64.287   58.270    1598610967636
02    13.184   14.244  -14.164  -97.816   48.478   34.933    1598610967636
01    13.842   12.536  -13.742  -93.845   66.816   60.493    1598610967651
02    13.149   14.013  -14.174  -98.092   41.089   33.624    1598610967651
01    13.866   12.640  -13.662  -92.472   67.900   62.447    1598610967667
02    13.168   13.800  -14.187  -98.899   36.672   33.281    1598610967667
01    13.876   12.679  -13.636  -92.436   68.264   62.636    1598610967683
02    13.194   13.607  -14.215  -99.844   33.735   32.891    1598610967683
01    13.887   12.673  -13.626  -93.232   68.423   61.826    1598610967698
02    13.214   13.502  -14.209 -100.311   32.172   32.362    1598610967698
01    13.874   12.679  -13.641  -94.407   68.567   60.346    1598610967714
02    13.251   13.375  -14.214 -100.858   30.684   31.743    1598610967714
01    13.875   12.701  -13.632  -95.337   69.046   58.944    1598610967720
02    13.277   13.270  -14.242 -101.047   29.743   30.711    1598610967720
