01    17.320   -3.425   -6.177  125.847    8.472  -90.659    1607329967157
02    17.943   -7.895   -9.828 -153.862   69.287 -148.064    1607329967157
01    17.317   -3.436   -6.171  125.682    8.485  -90.534    1607329967167
02    17.943   -7.887   -9.813 -154.097   69.320 -148.342    1607329967167
01    17.314   -3.439   -6.166  125.548    8.499  -90.439    1607329967192
02    17.941   -7.876   -9.804 -154.324   69.317 -148.578    1607329967192
01    17.317   -3.427   -6.162  125.612    8.470  -90.407    1607329967201
02    17.933   -7.844   -9.826 -154.828   69.129 -149.266    1607329967201
01    17.322   -3.405   -6.153  125.710    8.490  -90.482    1607329967217
02    17.927   -7.846   -9.819 -154.940   69.055 -149.282    1607329967217
01    17.321   -3.407   -6.153  125.619    8.548  -90.339    1607329967243
02    17.926   -7.826   -9.812 -154.968   68.925 -149.409    1607329967243
01    17.326   -3.406   -6.150  125.557    8.593  -90.294    1607329967259
02    17.919   -7.825   -9.808 -155.196   68.779 -149.517    1607329967259
01    17.335   -3.400   -6.141  125.540    8.673  -90.249    1607329967268
02    17.919   -7.830   -9.792 -155.195   68.727 -149.382    1607329967268
01    17.341   -3.401   -6.135  125.480    8.717  -90.217    1607329967293
02    17.906   -7.831   -9.802 -155.888   68.437 -149.985    1607329967293
01    17.346   -3.412   -6.130  125.360    8.810  -90.198    1607329967301
02    17.914   -7.826   -9.786 -155.661   68.465 -149.830    1607329967301
01    17.346   -3.399   -6.132  125.446    8.792  -90.178    1607329967319
02    17.896   -7.844   -9.801 -156.299   68.172 -150.214    1607329967319
01    17.349   -3.398   -6.120  125.436    8.870  -90.248    1607329967335
02    17.867   -7.872   -9.824 -156.884   67.799 -150.551    1607329967335
01    17.338   -3.409   -6.131  125.387    8.881  -90.106    1607329967360
02    17.847   -7.885   -9.834 -157.102   67.706 -150.821    1607329967360
01    17.339   -3.420   -6.133  125.351    8.914  -90.049    1607329967370
02    17.851   -7.868   -9.821 -156.526   67.817 -150.521    1607329967370
01    17.336   -3.423   -6.137  125.332    8.968  -89.950    1607329967385
02    17.855   -7.874   -9.799 -156.261   67.907 -150.196    1607329967385
01    17.342   -3.412   -6.129  125.410    9.062  -90.000    1607329967402
02    17.856   -7.853   -9.802 -156.524   67.806 -150.523    1607329967402
01    17.343   -3.400   -6.140  125.431    8.990  -89.943    1607329967420
02    17.858   -7.840   -9.808 -156.653   67.702 -150.706    1607329967420
01    17.348   -3.403   -6.135  125.334    9.091  -89.952    1607329967436
02    17.855   -7.851   -9.809 -156.747   67.719 -150.633    1607329967436
01    17.352   -3.404   -6.140  125.301    9.057  -89.929    1607329967446
02    17.857   -7.844   -9.810 -156.712   67.708 -150.659    1607329967446
01    17.352   -3.407   -6.139  125.290    9.086  -89.933    1607329967471
02    17.856   -7.831   -9.827 -156.997   67.640 -151.064    1607329967471
01    17.355   -3.408   -6.131  125.304    9.153  -89.996    1607329967487
02    17.857   -7.834   -9.824 -156.991   67.708 -150.973    1607329967487
01    17.355   -3.400   -6.135  125.400    9.162  -89.968    1607329967502
02    17.862   -7.835   -9.818 -156.715   67.754 -150.717    1607329967502
01    17.355   -3.397   -6.131  125.448    9.195  -89.987    1607329967522
02    17.860   -7.837   -9.824 -156.952   67.753 -150.951    1607329967522
01    17.357   -3.398   -6.133  125.453    9.179  -89.976    1607329967537
02    17.867   -7.824   -9.825 -156.978   67.829 -151.065    1607329967537
01    17.353   -3.407   -6.142  125.385    9.171  -89.894    1607329967547
02    17.863   -7.835   -9.828 -156.881   67.796 -150.918    1607329967547
01    17.351   -3.408   -6.150  125.389    9.154  -89.866    1607329967572
02    17.864   -7.838   -9.826 -156.760   67.781 -150.831    1607329967572
01    17.347   -3.418   -6.163  125.335    9.144  -89.837    1607329967588
02    17.867   -7.840   -9.819 -156.535   67.802 -150.643    1607329967588
01    17.345   -3.426   -6.165  125.326    9.181  -89.832    1607329967602
02    17.875   -7.836   -9.816 -156.391   67.852 -150.569    1607329967602
01    17.342   -3.428   -6.180  125.324    9.181  -89.802    1607329967623
02    17.881   -7.837   -9.810 -156.322   67.921 -150.493    1607329967623
01    17.344   -3.433   -6.183  125.267    9.155  -89.847    1607329967638
02    17.886   -7.844   -9.795 -156.020   68.032 -150.161    1607329967638
01    17.339   -3.435   -6.217  125.207    9.053  -89.769    1607329967648
02    17.882   -7.843   -9.805 -156.113   67.978 -150.258    1607329967648
01    17.348   -3.445   -6.203  125.132    9.087  -89.820    1607329967674
02    17.878   -7.842   -9.818 -156.211   67.915 -150.343    1607329967674
01    17.362   -3.424   -6.177  125.186    9.159  -89.918    1607329967690
02    17.868   -7.858   -9.835 -156.395   67.883 -150.423    1607329967690
01    17.361   -3.422   -6.184  125.158    9.177  -89.946    1607329967702
02    17.869   -7.871   -9.836 -156.292   67.920 -150.252    1607329967702
01    17.368   -3.426   -6.184  125.138    9.202  -89.982    1607329967725
02    17.875   -7.855   -9.844 -156.134   67.955 -150.240    1607329967725
01    17.368   -3.434   -6.188  125.069    9.211  -90.042    1607329967741
02    17.880   -7.859   -9.847 -155.972   67.980 -150.042    1607329967741
01    17.372   -3.431   -6.194  125.023    9.220  -90.156    1607329967751
02    17.885   -7.852   -9.858 -156.103   68.019 -150.184    1607329967751
01    17.378   -3.425   -6.193  125.042    9.285  -90.232    1607329967776
02    17.901   -7.833   -9.876 -156.046   68.072 -150.194    1607329967776
01    17.379   -3.414   -6.205  125.060    9.270  -90.305    1607329967791
02    17.908   -7.847   -9.883 -155.903   68.089 -150.006    1607329967791
01    17.378   -3.428   -6.218  124.977    9.284  -90.326    1607329967803
02    17.918   -7.859   -9.890 -155.758   68.139 -149.837    1607329967803
01    17.384   -3.421   -6.221  125.028    9.291  -90.430    1607329967826
02    17.932   -7.853   -9.885 -155.441   68.411 -149.545    1607329967826
01    17.386   -3.432   -6.222  124.906    9.318  -90.515    1607329967842
02    17.938   -7.856   -9.898 -155.465   68.461 -149.575    1607329967842
01    17.393   -3.427   -6.227  124.950    9.317  -90.594    1607329967852
02    17.944   -7.881   -9.896 -155.242   68.467 -149.219    1607329967852
01    17.396   -3.428   -6.229  125.002    9.337  -90.640    1607329967877
02    17.954   -7.868   -9.903 -155.046   68.565 -149.133    1607329967877
01    17.400   -3.432   -6.236  124.990    9.355  -90.652    1607329967893
02    17.951   -7.903   -9.902 -154.760   68.523 -148.702    1607329967893
01    17.395   -3.439   -6.238  124.994    9.371  -90.657    1607329967903
02    17.954   -7.912   -9.899 -154.539   68.612 -148.476    1607329967903
01    17.397   -3.439   -6.242  125.021    9.321  -90.649    1607329967919
02    17.954   -7.915   -9.905 -154.390   68.572 -148.406    1607329967919
01    17.398   -3.436   -6.236  125.096    9.355  -90.644    1607329967928
02    17.960   -7.952   -9.876 -153.933   68.642 -147.823    1607329967928
01    17.398   -3.440   -6.233  125.080    9.406  -90.654    1607329967955
02    17.959   -7.944   -9.886 -154.081   68.660 -148.076    1607329967955
01    17.402   -3.427   -6.225  125.198    9.368  -90.740    1607329967970
02    17.945   -7.951   -9.910 -154.430   68.514 -148.412    1607329967970
01    17.400   -3.439   -6.227  125.118    9.346  -90.722    1607329967980
02    17.952   -7.949   -9.899 -154.174   68.639 -148.227    1607329967980
01    17.395   -3.446   -6.242  125.083    9.284  -90.627    1607329968005
02    17.954   -7.966   -9.899 -153.956   68.605 -147.979    1607329968005
01    17.395   -3.446   -6.249  125.093    9.258  -90.621    1607329968021
02    17.967   -7.943   -9.905 -153.813   68.686 -147.956    1607329968021
01    17.394   -3.455   -6.264  125.023    9.236  -90.609    1607329968031
02    17.977   -7.937   -9.909 -153.787   68.761 -147.967    1607329968031
01    17.400   -3.459   -6.260  124.998    9.282  -90.646    1607329968056
02    17.989   -7.949   -9.901 -153.537   68.839 -147.641    1607329968056
01    17.404   -3.448   -6.264  125.051    9.269  -90.698    1607329968072
02    17.980   -7.960   -9.925 -153.845   68.788 -147.877    1607329968072
01    17.405   -3.445   -6.278  125.073    9.232  -90.713    1607329968081
02    17.984   -7.950   -9.937 -153.785   68.829 -147.932    1607329968081
01    17.400   -3.445   -6.305  125.091    9.215  -90.649    1607329968107
02    17.987   -7.943   -9.942 -153.671   68.849 -147.863    1607329968107
01    17.404   -3.454   -6.302  125.042    9.273  -90.681    1607329968123
02    17.973   -7.970   -9.955 -153.576   68.758 -147.624    1607329968123
01    17.403   -3.472   -6.302  124.969    9.294  -90.693    1607329968133
02    17.969   -7.990   -9.967 -153.502   68.773 -147.492    1607329968133
01    17.403   -3.471   -6.309  124.951    9.291  -90.704    1607329968158
02    17.972   -7.996   -9.973 -153.317   68.758 -147.292    1607329968158
01    17.404   -3.471   -6.312  124.944    9.314  -90.683    1607329968173
02    17.967   -7.995   -9.987 -153.360   68.772 -147.331    1607329968173
01    17.407   -3.471   -6.304  124.936    9.347  -90.710    1607329968184
02    17.967   -8.003   -9.978 -153.137   68.789 -147.093    1607329968184
01    17.407   -3.462   -6.309  124.951    9.324  -90.717    1607329968209
02    17.971   -8.015   -9.972 -153.069   68.869 -146.939    1607329968209
01    17.407   -3.467   -6.309  124.892    9.335  -90.740    1607329968225
02    17.982   -8.017   -9.956 -152.590   69.036 -146.416    1607329968225
01    17.410   -3.465   -6.295  124.855    9.409  -90.820    1607329968235
02    17.994   -8.014   -9.953 -152.285   69.140 -146.129    1607329968235
01    17.413   -3.469   -6.286  124.758    9.501  -90.923    1607329968260
02    18.000   -8.006   -9.950 -151.970   69.196 -145.878    1607329968260
01    17.415   -3.460   -6.280  124.830    9.532  -91.017    1607329968275
02    18.011   -8.018   -9.938 -151.418   69.428 -145.201    1607329968275
01    17.409   -3.480   -6.292  124.674    9.506  -90.891    1607329968286
02    18.010   -8.024   -9.955 -151.553   69.344 -145.322    1607329968286
01    17.402   -3.482   -6.304  124.711    9.429  -90.844    1607329968303
02    18.014   -8.023   -9.961 -151.399   69.324 -145.269    1607329968303
01    17.402   -3.463   -6.305  124.897    9.396  -90.935    1607329968327
02    18.015   -8.008   -9.965 -151.371   69.374 -145.374    1607329968327
01    17.398   -3.466   -6.309  124.896    9.436  -90.903    1607329968337
02    18.017   -8.005   -9.964 -151.241   69.413 -145.224    1607329968337
01    17.392   -3.465   -6.317  124.906    9.386  -90.863    1607329968352
02    18.012   -8.005   -9.972 -151.340   69.349 -145.312    1607329968352
01    17.387   -3.461   -6.327  124.931    9.344  -90.820    1607329968362
02    18.010   -8.003   -9.989 -151.343   69.271 -145.341    1607329968362
01    17.391   -3.463   -6.314  124.916    9.413  -90.938    1607329968388
02    18.004   -8.012   -9.985 -151.206   69.288 -145.180    1607329968388
01    17.388   -3.461   -6.316  124.962    9.398  -90.890    1607329968403
02    18.000   -8.016   -9.986 -151.039   69.341 -145.012    1607329968403
01    17.384   -3.461   -6.313  124.998    9.411  -90.925    1607329968419
02    18.007   -8.018   -9.975 -150.673   69.434 -144.665    1607329968419
01    17.385   -3.456   -6.302  125.023    9.466  -90.986    1607329968435
02    18.003   -8.016   -9.976 -150.623   69.409 -144.603    1607329968435
01    17.381   -3.456   -6.312  125.026    9.414  -90.944    1607329968444
02    17.999   -8.013   -9.988 -150.973   69.395 -144.958    1607329968444
01    17.378   -3.463   -6.313  124.978    9.447  -90.919    1607329968470
02    17.996   -7.986  -10.008 -151.224   69.321 -145.380    1607329968470
01    17.377   -3.469   -6.304  124.958    9.492  -90.935    1607329968486
02    18.002   -8.001   -9.979 -150.777   69.350 -144.872    1607329968486
01    17.373   -3.472   -6.308  124.949    9.448  -90.889    1607329968504
02    17.990   -8.028   -9.983 -150.809   69.239 -144.771    1607329968504
01    17.372   -3.472   -6.306  124.948    9.470  -90.890    1607329968521
02    17.987   -8.032   -9.970 -150.413   69.219 -144.398    1607329968521
01    17.373   -3.479   -6.291  124.921    9.528  -90.901    1607329968537
02    17.982   -8.048   -9.963 -150.341   69.188 -144.228    1607329968537
01    17.374   -3.472   -6.280  124.931    9.535  -90.946    1607329968547
02    17.975   -8.044   -9.973 -150.557   69.132 -144.459    1607329968547
01    17.370   -3.467   -6.287  124.935    9.472  -90.911    1607329968572
02    17.980   -8.052   -9.959 -150.296   69.166 -144.168    1607329968572
01    17.367   -3.465   -6.288  124.934    9.474  -90.879    1607329968588
02    17.978   -8.048   -9.956 -150.235   69.195 -144.100    1607329968588
01    17.366   -3.466   -6.289  124.940    9.473  -90.849    1607329968603
02    17.983   -8.041   -9.947 -150.183   69.265 -144.075    1607329968603
01    17.364   -3.470   -6.286  124.924    9.478  -90.834    1607329968623
02    17.988   -8.026   -9.949 -150.164   69.271 -144.149    1607329968623
01    17.363   -3.466   -6.277  124.934    9.495  -90.842    1607329968638
02    17.976   -8.054   -9.944 -150.226   69.216 -144.053    1607329968638
01    17.370   -3.445   -6.268  125.007    9.487  -90.886    1607329968648
02    17.979   -8.048   -9.939 -150.179   69.284 -144.045    1607329968648
01    17.366   -3.459   -6.268  124.942    9.483  -90.861    1607329968673
02    17.991   -8.032   -9.932 -150.157   69.351 -144.070    1607329968673
01    17.363   -3.463   -6.270  124.936    9.475  -90.830    1607329968689
02    17.997   -8.043   -9.913 -149.997   69.366 -143.886    1607329968689
01    17.358   -3.469   -6.282  124.928    9.442  -90.733    1607329968703
02    17.990   -8.041   -9.916 -150.053   69.287 -143.953    1607329968703
01    17.355   -3.469   -6.288  124.939    9.391  -90.681    1607329968724
02    17.986   -8.048   -9.911 -150.054   69.302 -143.921    1607329968724
01    17.360   -3.462   -6.272  124.993    9.439  -90.787    1607329968740
02    17.980   -8.050   -9.911 -150.085   69.252 -143.959    1607329968740
01    17.360   -3.466   -6.270  124.995    9.471  -90.764    1607329968750
02    17.984   -8.042   -9.905 -149.990   69.278 -143.908    1607329968750
01    17.363   -3.473   -6.263  124.960    9.517  -90.787    1607329968775
02    17.997   -8.053   -9.888 -149.843   69.348 -143.749    1607329968775
01    17.365   -3.475   -6.261  124.957    9.529  -90.823    1607329968790
02    17.989   -8.056   -9.905 -149.917   69.280 -143.817    1607329968790
01    17.369   -3.469   -6.257  125.028    9.561  -90.854    1607329968804
02    18.001   -8.049   -9.894 -149.653   69.347 -143.629    1607329968804
01    17.370   -3.478   -6.260  125.016    9.591  -90.836    1607329968826
02    17.993   -8.070   -9.901 -149.747   69.276 -143.666    1607329968826
01    17.372   -3.486   -6.259  125.007    9.618  -90.856    1607329968841
02    18.005   -8.066   -9.899 -149.515   69.340 -143.483    1607329968841
01    17.372   -3.493   -6.260  125.025    9.724  -90.856    1607329968851
02    18.004   -8.078   -9.910 -149.600   69.303 -143.526    1607329968851
01    17.371   -3.507   -6.268  125.007    9.756  -90.863    1607329968876
02    18.006   -8.086   -9.910 -149.476   69.335 -143.396    1607329968876
01    17.375   -3.501   -6.277  125.112    9.729  -90.882    1607329968892
02    17.988   -8.158   -9.902 -149.405   69.316 -143.180    1607329968892
01    17.377   -3.520   -6.273  125.064    9.792  -90.891    1607329968904
02    17.977   -8.171   -9.929 -149.465   69.255 -143.214    1607329968904
01    17.379   -3.531   -6.273  125.073    9.873  -90.903    1607329968920
02    17.996   -8.158   -9.911 -149.302   69.317 -143.080    1607329968920
01    17.376   -3.543   -6.286  125.074    9.882  -90.875    1607329968928
02    18.007   -8.147   -9.903 -149.248   69.353 -143.040    1607329968928
01    17.373   -3.530   -6.310  125.155    9.862  -90.842    1607329968954
02    18.013   -8.163   -9.903 -149.140   69.347 -142.875    1607329968954
01    17.374   -3.541   -6.309  125.133    9.916  -90.885    1607329968969
02    18.021   -8.143   -9.918 -149.138   69.324 -142.946    1607329968969
01    17.377   -3.551   -6.307  125.162   10.013  -90.954    1607329968979
02    18.020   -8.141   -9.926 -149.224   69.342 -142.970    1607329968979
01    17.374   -3.554   -6.316  125.312   10.055  -91.028    1607329969005
02    18.030   -8.124   -9.921 -149.293   69.354 -143.075    1607329969005
01    17.370   -3.555   -6.319  125.587   10.107  -91.270    1607329969020
02    18.058   -8.095   -9.855 -149.433   69.398 -143.222    1607329969020
01    17.371   -3.562   -6.300  126.123   10.459  -91.837    1607329969030
02    18.098   -8.004   -9.711 -151.594   69.229 -145.369    1607329969030
01    17.372   -3.558   -6.264  127.813   11.061  -92.829    1607329969055
02    18.078   -7.892   -9.661 -159.430   67.660 -152.913    1607329969055
01    17.355   -3.579   -6.185  131.193   12.609  -93.552    1607329969071
02    18.025   -7.743   -9.632 -167.433   65.538 -160.412    1607329969071
01    17.327   -3.575   -6.155  136.285   14.838  -93.826    1607329969081
02    18.127   -7.429   -9.309 -173.714   64.640 -166.498    1607329969081
01    17.303   -3.558   -6.215  143.171   18.510  -92.475    1607329969106
02    18.439   -7.039   -8.307  179.660   63.421 -172.679    1607329969106
01    17.270   -3.601   -6.410  151.822   23.368  -88.117    1607329969122
02    18.555   -6.864   -7.131  167.467   57.163  177.522    1607329969122
01    17.182   -3.904   -6.917  159.842   26.911  -80.879    1607329969131
02    17.916   -6.481   -7.701  159.728   36.225  171.206    1607329969131
01    17.151   -4.579   -7.138  164.759   30.127  -72.734    1607329969157
02    16.710   -6.176   -8.979  154.859    2.469  173.585    1607329969157
01    17.124   -4.940   -7.179  165.373   30.598  -71.166    1607329969172
02    16.624   -6.109   -8.678  154.424   -6.319  173.839    1607329969172
01    17.095   -4.979   -7.156  164.339   29.206  -71.981    1607329969182
02    16.672   -5.854   -8.437  154.619  -10.284  172.378    1607329969182
01    17.078   -4.920   -7.132  164.012   28.050  -72.177    1607329969207
02    16.729   -5.721   -8.176  154.628  -11.058  171.096    1607329969207
01    17.071   -4.890   -7.131  163.526   27.811  -72.008    1607329969223
02    16.783   -5.602   -8.063  154.516  -10.976  169.997    1607329969223
01    17.100   -4.810   -7.118  163.548   28.289  -72.091    1607329969232
02    16.831   -5.510   -8.025  154.554  -10.591  169.770    1607329969232
01    17.109   -4.777   -7.101  163.801   28.781  -72.053    1607329969258
02    16.858   -5.453   -8.014  154.912  -10.263  169.776    1607329969258
01    17.072   -4.799   -7.163  163.115   28.448  -72.178    1607329969273
02    16.868   -5.436   -7.962  154.539   -9.407  169.841    1607329969273
01    17.047   -4.872   -7.140  160.234   28.266  -72.955    1607329969283
02    16.846   -5.549   -7.817  151.447   -6.219  170.278    1607329969283
01    16.944   -5.050   -7.164  152.492   25.931  -76.450    1607329969308
02    16.862   -5.268   -7.834  151.917    2.059  166.679    1607329969308
01    16.790   -4.887   -7.274  143.853   17.904  -82.407    1607329969324
02    16.525   -5.031   -9.001  153.873    9.835  164.754    1607329969324
01    16.793   -4.448   -7.076  137.791    8.514  -88.503    1607329969334
02    16.233   -5.360  -10.586  157.056   21.114  166.234    1607329969334
01    16.896   -4.069   -6.740  135.632    5.187  -91.849    1607329969359
02    16.566   -6.016  -10.974  163.569   38.131  171.409    1607329969359
01    17.016   -3.805   -6.437  133.948    4.848  -93.924    1607329969375
02    16.967   -6.636  -10.986  171.825   52.877  179.634    1607329969375
01    17.085   -3.699   -6.370  131.673    4.088  -95.581    1607329969385
02    17.370   -7.143  -10.825 -177.569   64.066 -170.093    1607329969385
01    17.138   -3.682   -6.395  128.959    2.777  -96.918    1607329969410
02    17.702   -7.510  -10.655 -165.715   70.900 -158.785    1607329969410
01    17.208   -3.696   -6.422  126.385    2.089  -97.920    1607329969426
02    17.947   -7.781  -10.552 -153.069   73.574 -146.519    1607329969426
01    17.297   -3.721   -6.451  124.470    2.405  -98.742    1607329969436
02    18.140   -8.121  -10.470 -141.483   74.423 -134.500    1607329969436
01    17.395   -3.782   -6.465  123.043    3.269 -100.245    1607329969451
02    18.372   -8.407  -10.437 -132.317   75.179 -125.873    1607329969451
01    17.471   -3.846   -6.532  122.418    3.881 -101.465    1607329969461
02    18.593   -8.699  -10.438 -123.352   75.684 -117.513    1607329969461
01    17.524   -3.906   -6.647  121.634    3.774 -102.006    1607329969487
02    18.763   -8.959  -10.452 -116.405   75.777 -110.919    1607329969487
01    17.587   -3.964   -6.757  120.295    3.325 -102.242    1607329969506
02    18.871   -9.114  -10.527 -113.117   75.283 -108.079    1607329969506
01    17.658   -4.026   -6.802  119.568    3.764 -102.574    1607329969512
02    18.969   -9.314  -10.484 -108.485   74.447 -103.402    1607329969512
01    17.740   -4.083   -6.820  120.279    4.951 -103.097    1607329969537
02    19.039   -9.493  -10.499 -105.836   73.861 -100.652    1607329969537
01    17.795   -4.157   -6.860  122.194    6.872 -103.423    1607329969553
02    19.087   -9.649  -10.587 -103.975   73.079  -98.926    1607329969553
01    17.804   -4.268   -6.951  125.043    9.288 -103.344    1607329969563
02    19.157   -9.784  -10.624 -101.808   72.621  -96.216    1607329969563
01    17.769   -4.419   -7.152  126.572   10.760 -103.165    1607329969588
02    19.180   -9.847  -10.725 -101.678   73.123  -94.837    1607329969588
01    17.783   -4.523   -7.298  127.713   11.941 -103.623    1607329969606
02    19.270   -9.779  -10.704 -101.846   74.232  -94.397    1607329969606
01    17.809   -4.539   -7.333  129.597   13.481 -104.145    1607329969614
02    19.392   -9.533  -10.162 -110.216   75.885 -102.055    1607329969614
01    17.846   -4.489   -7.344  134.490   17.257 -104.124    1607329969639
02    19.940   -8.694   -8.389 -129.662   76.976 -121.109    1607329969639
01    17.866   -4.388   -7.532  143.053   22.973 -100.717    1607329969655
02    20.070   -8.090   -6.444 -173.285   72.321 -162.533    1607329969655
01    17.775   -4.437   -8.069  154.797   29.028  -91.793    1607329969665
02    18.873   -7.471   -8.119  163.615   41.446  175.554    1607329969665
01    17.716   -5.036   -8.273  165.157   35.608  -79.285    1607329969689
02    18.242   -6.779   -8.669  160.903    6.628  172.687    1607329969689
01    17.727   -5.419   -8.215  170.073   38.712  -73.492    1607329969706
02    17.947   -6.803   -8.794  160.467   -3.503  173.304    1607329969706
01    17.768   -5.487   -8.009  172.378   39.264  -72.080    1607329969715
02    17.764   -6.705   -8.866  161.465   -8.296  173.250    1607329969715
01    17.722   -5.488   -7.836  173.230   37.164  -71.782    1607329969741
02    17.597   -6.563   -8.855  162.601  -11.757  172.952    1607329969741
01    17.611   -5.458   -7.765  173.279   34.200  -72.338    1607329969756
02    17.460   -6.435   -8.774  163.714  -13.864  171.878    1607329969756
01    17.486   -5.404   -7.752  172.813   32.187  -73.408    1607329969766
02    17.380   -6.372   -8.626  163.869  -13.892  170.639    1607329969766
01    17.382   -5.375   -7.751  171.532   31.469  -74.619    1607329969792
02    17.336   -6.314   -8.494  163.308  -13.048  169.563    1607329969792
01    17.329   -5.354   -7.743  168.626   31.563  -76.553    1607329969808
02    17.331   -6.310   -8.318  161.110   -9.938  168.664    1607329969808
01    17.304   -5.373   -7.696  163.079   31.485  -80.037    1607329969827
02    17.348   -6.292   -8.126  158.427   -2.878  168.993    1607329969827
01    17.169   -5.555   -7.695  154.070   27.390  -85.032    1607329969843
02    17.112   -6.002   -8.841  157.674    5.915  163.970    1607329969843
01    16.998   -5.363   -7.779  146.969   17.756  -90.929    1607329969859
02    16.771   -5.831  -10.220  160.185   14.894  163.540    1607329969859
01    16.982   -5.041   -7.635  143.077   10.319  -94.811    1607329969870
02    16.731   -6.333  -11.387  164.794   28.182  168.415    1607329969870
01    17.060   -4.751   -7.370  141.363    7.668  -96.756    1607329969893
02    17.069   -7.115  -11.573  171.796   42.673  177.491    1607329969893
01    17.157   -4.491   -7.140  141.392    7.817  -97.416    1607329969908
02    17.464   -7.702  -11.466 -178.854   55.341 -171.666    1607329969908
01    17.218   -4.397   -7.051  141.789    8.683  -97.934    1607329969921
02    17.822   -8.099  -11.384 -168.403   64.180 -161.264    1607329969921
01    17.229   -4.424   -7.109  141.973    9.154  -98.163    1607329969941
02    18.140   -8.376  -11.292 -156.146   69.903 -149.410    1607329969941
01    17.237   -4.482   -7.201  142.007    9.590  -98.375    1607329969960
02    18.377   -8.641  -11.208 -144.307   72.632 -137.291    1607329969960
01    17.261   -4.568   -7.290  141.750   10.167  -98.409    1607329969972
02    18.581   -8.924  -11.060 -131.254   73.697 -123.664    1607329969972
01    17.300   -4.617   -7.367  141.756   10.688  -98.654    1607329969992
02    18.738   -9.183  -11.059 -126.598   73.550 -118.758    1607329969992
01    17.337   -4.675   -7.433  142.004   11.379  -98.783    1607329970003
02    18.875   -9.415  -11.061 -122.337   73.660 -114.462    1607329970003
01    17.373   -4.732   -7.487  142.324   12.214  -99.035    1607329970023
02    19.020   -9.565  -11.098 -116.887   73.656 -109.245    1607329970023
01    17.398   -4.817   -7.568  142.358   13.006  -99.152    1607329970042
02    19.129   -9.774  -11.095 -112.462   73.584 -104.299    1607329970042
01    17.425   -4.873   -7.653  142.488   13.640  -99.440    1607329970054
02    19.166   -9.955  -11.149 -110.717   73.472 -102.207    1607329970054
01    17.454   -4.965   -7.715  142.577   14.422  -99.665    1607329970074
02    19.271   -9.989  -11.054 -106.637   73.328  -98.548    1607329970074
01    17.478   -5.049   -7.806  142.967   15.092  -99.800    1607329970093
02    19.234  -10.070  -11.076 -111.223   73.349 -102.499    1607329970093
01    17.520   -5.060   -7.886  144.286   16.481  -99.835    1607329970105
02    19.267   -9.946  -10.953 -119.438   74.121 -110.983    1607329970105
01    17.575   -5.029   -8.061  147.908   19.956  -98.594    1607329970126
02    19.505   -9.583  -10.266 -134.032   75.071 -125.215    1607329970126
01    17.556   -5.118   -8.676  155.551   25.728  -92.966    1607329970136
02    20.160   -8.868   -7.964 -152.514   74.262 -142.586    1607329970136
01    17.484   -5.770   -9.363  164.244   32.396  -82.624    1607329970156
02    20.241   -7.930   -6.882 -172.083   63.934 -163.074    1607329970156
01    17.699   -6.406   -9.194  171.435   38.963  -73.868    1607329970175
02    18.872   -7.977   -8.356  169.107   29.527 -177.851    1607329970175
01    17.944   -6.605   -8.713  174.325   42.386  -70.802    1607329970187
02    18.268   -8.041   -8.947  165.891   15.654 -178.993    1607329970187
01    17.976   -6.562   -8.456  175.009   40.967  -70.733    1607329970207
02    18.003   -7.843   -9.153  165.380    8.717 -179.903    1607329970207
01    17.862   -6.460   -8.456  174.382   37.936  -71.757    1607329970226
02    17.773   -7.661   -9.282  164.612    4.297  179.155    1607329970226
01    17.730   -6.375   -8.484  173.830   35.856  -72.329    1607329970238
02    17.660   -7.513   -9.261  164.326    3.239  178.511    1607329970238
01    17.646   -6.319   -8.458  172.944   35.062  -73.163    1607329970258
02    17.560   -7.415   -9.264  163.996    2.554  177.916    1607329970258
01    17.604   -6.299   -8.385  171.201   34.747  -74.396    1607329970276
02    17.487   -7.335   -9.260  163.415    2.312  176.531    1607329970276
01    17.581   -6.255   -8.271  167.567   34.051  -76.812    1607329970289
02    17.398   -7.272   -9.233  161.434    1.567  174.781    1607329970289
01    17.481   -6.290   -8.187  160.894   31.203  -81.131    1607329970309
02    17.265   -7.248   -9.113  157.628    4.466  172.547    1607329970309
01    17.232   -6.220   -8.269  152.551   23.615  -86.927    1607329970327
02    16.712   -6.866  -10.384  157.420   10.363  166.790    1607329970327
01    17.085   -5.876   -8.197  147.085   13.790  -91.698    1607329970339
02    16.405   -6.736  -12.157  158.469   21.844  163.992    1607329970339
01    17.088   -5.541   -7.934  144.419    8.446  -94.076    1607329970360
02    16.944   -7.238  -12.378  163.075   38.941  167.296    1607329970360
01    17.171   -5.241   -7.638  142.481    7.230  -95.696    1607329970370
02    17.424   -8.003  -12.170  171.359   51.646  177.475    1607329970370
01    17.213   -5.065   -7.567  141.467    6.668  -96.473    1607329970388
02    17.784   -8.708  -11.900 -176.844   60.836 -168.983    1607329970388
01    17.230   -5.035   -7.570  140.519    5.927  -96.854    1607329970409
02    18.099   -9.129  -11.653 -161.925   67.512 -153.995    1607329970409
01    17.263   -5.080   -7.551  139.871    5.920  -97.031    1607329970421
02    18.317   -9.489  -11.484 -146.793   70.133 -138.519    1607329970421
01    17.339   -5.112   -7.527  139.348    7.035  -97.577    1607329970441
02    18.495   -9.748  -11.399 -134.177   70.983 -125.416    1607329970441
01    17.397   -5.179   -7.594  138.673    8.159  -98.332    1607329970460
02    18.657   -9.959  -11.383 -125.329   71.502 -116.408    1607329970460
01    17.452   -5.239   -7.687  137.965    8.867  -99.516    1607329970470
02    18.817  -10.204  -11.354 -116.992   72.091 -107.837    1607329970470
01    17.481   -5.330   -7.811  137.045    8.797 -100.039    1607329970492
02    18.954  -10.397  -11.392 -111.876   72.142 -103.037    1607329970492
01    17.538   -5.369   -7.878  136.579    8.945 -100.229    1607329970505
02    19.036  -10.659  -11.348 -107.945   71.168  -98.772    1607329970505
01    17.585   -5.424   -7.933  136.279    9.219 -100.096    1607329970520
02    19.113  -10.809  -11.398 -106.176   70.215  -97.026    1607329970520
01    17.648   -5.438   -7.937  136.702   10.053 -100.229    1607329970543
02    19.087  -11.017  -11.501 -106.950   69.707  -97.583    1607329970543
01    17.663   -5.495   -7.986  137.168   10.712 -100.186    1607329970556
02    19.086  -11.135  -11.602 -105.773   69.363  -96.643    1607329970556
01    17.676   -5.553   -8.058  137.447   11.438 -100.502    1607329970573
02    19.099  -11.285  -11.627 -104.278   69.146  -94.461    1607329970573
01    17.707   -5.630   -8.114  137.765   12.661 -101.208    1607329970592
02    19.173  -11.232  -11.655 -103.278   69.725  -93.383    1607329970592
01    17.769   -5.656   -8.199  139.122   14.965 -102.005    1607329970607
02    19.320  -11.064  -11.335 -105.649   71.184  -94.883    1607329970607
01    17.851   -5.669   -8.383  143.291   19.685 -101.637    1607329970625
02    19.485  -10.671  -10.928 -119.112   73.117 -107.750    1607329970625
01    17.815   -5.725   -8.958  150.541   25.419  -97.606    1607329970643
02    20.076  -10.040   -9.167 -131.702   74.938 -120.185    1607329970643
01    17.699   -6.191   -9.760  159.965   32.001  -88.255    1607329970658
02    20.775   -8.678   -6.559 -153.001   71.544 -143.395    1607329970658
01    17.876   -7.011   -9.569  170.978   40.562  -75.695    1607329970675
02    19.203   -8.326   -8.558  175.574   35.776 -173.597    1607329970675
01    18.076   -7.268   -9.121  176.556   44.780  -70.404    1607329970686
02    18.521   -8.497   -9.273  171.796   20.388 -175.412    1607329970686
01    18.173   -7.219   -8.807  178.311   45.104  -69.106    1607329970709
02    18.213   -8.472   -9.511  170.601   13.199 -176.157    1607329970709
01    18.159   -7.086   -8.539  178.412   43.711  -69.477    1607329970726
02    18.020   -8.328   -9.513  170.774    9.339 -177.357    1607329970726
01    18.031   -6.930   -8.455  177.720   40.432  -71.014    1607329970736
02    17.825   -8.193   -9.441  171.030    6.333 -178.584    1607329970736
01    17.844   -6.835   -8.473  176.499   37.498  -72.418    1607329970760
02    17.649   -8.074   -9.363  170.703    4.526 -179.952    1607329970760
01    17.710   -6.760   -8.450  175.122   36.304  -73.891    1607329970775
02    17.528   -7.989   -9.298  169.743    4.289  178.388    1607329970775
01    17.649   -6.756   -8.393  171.625   36.197  -76.116    1607329970787
02    17.430   -7.963   -9.275  167.267    4.780  176.265    1607329970787
01    17.611   -6.785   -8.268  165.197   35.353  -79.901    1607329970810
02    17.341   -7.898   -9.218  162.904    7.233  173.914    1607329970810
01    17.288   -6.940   -8.382  153.286   28.075  -86.997    1607329970826
02    16.794   -7.537  -10.464  160.171   11.906  168.354    1607329970826
01    17.012   -6.562   -8.529  144.251   14.973  -92.887    1607329970838
02    16.233   -7.478  -12.581  160.691   21.523  166.850    1607329970838
01    17.065   -6.091   -8.220  139.271    6.509  -95.686    1607329970858
02    16.884   -8.124  -12.572  167.407   40.462  172.238    1607329970858
01    17.240   -5.690   -7.835  137.202    4.856  -96.887    1607329970869
02    17.333   -8.849  -12.280  177.861   51.870 -175.474    1607329970869
01    17.382   -5.409   -7.570  137.900    5.782  -97.141    1607329970889
02    17.718   -9.389  -11.999 -171.848   59.274 -163.694    1607329970889
01    17.411   -5.333   -7.537  138.832    6.134  -97.357    1607329970909
02    18.016   -9.732  -11.816 -159.993   64.605 -151.749    1607329970909
01    17.370   -5.405   -7.636  138.696    5.660  -97.341    1607329970920
02    18.288   -9.906  -11.686 -148.694   68.742 -140.981    1607329970920
01    17.387   -5.450   -7.707  137.446    5.387  -97.530    1607329970940
02    18.426  -10.117  -11.611 -139.319   69.952 -130.586    1607329970940
01    17.448   -5.476   -7.734  136.235    5.563  -97.789    1607329970959
02    18.546  -10.286  -11.545 -131.609   69.987 -122.206    1607329970959
01    17.529   -5.470   -7.698  135.990    6.302  -98.213    1607329970971
02    18.580  -10.439  -11.549 -129.402   69.880 -119.181    1607329970971
01    17.591   -5.458   -7.668  136.585    7.210  -98.683    1607329970991
02    18.624  -10.534  -11.588 -127.504   70.160 -117.343    1607329970991
01    17.618   -5.469   -7.685  137.578    8.192  -98.928    1607329971010
02    18.702  -10.629  -11.582 -123.589   70.518 -113.397    1607329971010
01    17.608   -5.504   -7.753  138.673    8.764  -98.952    1607329971022
02    18.760  -10.710  -11.603 -121.628   71.053 -111.361    1607329971022
01    17.600   -5.560   -7.781  139.972    9.541  -98.869    1607329971040
02    18.817  -10.707  -11.580 -119.673   71.283 -109.899    1607329971040
01    17.612   -5.559   -7.778  142.215   10.838  -98.651    1607329971052
02    18.870  -10.619  -11.451 -122.641   71.094 -113.293    1607329971052
01    17.625   -5.562   -7.794  146.225   13.519  -97.523    1607329971073
02    19.073  -10.368  -10.857 -128.746   70.413 -119.291    1607329971073
01    17.620   -5.592   -7.906  153.926   18.630  -93.816    1607329971093
02    19.917   -9.306   -8.361 -137.349   68.853 -127.228    1607329971093
01    17.476   -5.901   -8.539  163.157   24.160  -86.379    1607329971103
02    20.353   -7.971   -6.619 -153.284   63.859 -145.043    1607329971103
01    17.457   -6.681   -8.871  171.665   30.823  -75.151    1607329971124
02    18.757   -7.759   -8.344  177.024   27.666 -171.890    1607329971124
01    17.605   -6.987   -8.757  176.685   34.866  -70.578    1607329971142
02    17.999   -8.172   -9.022  170.763    9.562 -174.160    1607329971142
01    17.671   -7.023   -8.589  178.343   34.844  -69.373    1607329971154
02    17.644   -8.238   -9.273  168.911    1.032 -175.472    1607329971154
01    17.597   -7.019   -8.516  178.130   33.042  -69.396    1607329971172
02    17.487   -8.184   -9.240  168.650   -2.122 -176.300    1607329971172
01    17.497   -6.994   -8.524  177.790   31.902  -69.597    1607329971193
02    17.410   -8.118   -9.180  168.638   -2.382 -177.279    1607329971193
01    17.431   -7.003   -8.515  177.341   31.976  -70.017    1607329971205
02    17.382   -8.054   -9.149  168.723   -1.589 -178.386    1607329971205
01    17.415   -6.991   -8.452  176.340   32.540  -71.050    1607329971225
02    17.301   -8.029   -9.212  168.046   -1.637 -179.442    1607329971225
01    17.417   -6.931   -8.341  173.161   32.634  -73.630    1607329971243
02    17.228   -7.980   -9.205  166.238   -1.683  178.916    1607329971243
01    17.370   -6.914   -8.236  166.943   31.282  -77.982    1607329971254
02    17.150   -7.956   -9.070  163.161    0.138  177.916    1607329971254
01    17.168   -6.915   -8.303  157.074   25.493  -84.639    1607329971276
02    16.773   -7.778   -9.837  162.366    6.821  174.295    1607329971276
01    16.987   -6.657   -8.351  150.089   17.050  -90.075    1607329971293
02    16.152   -7.695  -11.716  162.856   14.609  172.471    1607329971293
01    16.965   -6.311   -8.173  145.994   10.244  -93.673    1607329971306
02    16.284   -8.255  -12.483  166.470   28.224  174.817    1607329971306
01    17.006   -5.968   -7.888  144.042    7.334  -95.111    1607329971326
02    16.717   -8.853  -12.475  173.276   41.137 -178.641    1607329971326
01    17.013   -5.763   -7.760  142.388    5.324  -95.875    1607329971334
02    17.135   -9.403  -12.231 -176.368   53.221 -167.309    1607329971334
01    17.026   -5.672   -7.705  141.150    4.075  -96.194    1607329971357
02    17.511   -9.724  -11.973 -163.763   61.983 -155.286    1607329971357
01    17.089   -5.632   -7.624  140.626    4.033  -96.451    1607329971375
02    17.811   -9.959  -11.733 -151.518   66.555 -143.293    1607329971375
01    17.153   -5.663   -7.578  139.417    4.869  -96.790    1607329971387
02    17.983  -10.225  -11.604 -141.213   67.774 -132.205    1607329971387
01    17.237   -5.647   -7.576  139.064    5.822  -97.585    1607329971406
02    18.131  -10.353  -11.602 -135.670   68.822 -126.906    1607329971406
01    17.284   -5.662   -7.588  139.535    6.690  -98.376    1607329971421
02    18.245  -10.509  -11.594 -131.228   69.900 -122.374    1607329971421
01    17.297   -5.719   -7.640  140.041    7.202  -98.636    1607329971436
02    18.366  -10.605  -11.619 -127.948   71.015 -119.469    1607329971436
01    17.290   -5.770   -7.746  140.172    7.227  -98.685    1607329971446
02    18.503  -10.651  -11.596 -123.252   71.446 -114.890    1607329971446
01    17.303   -5.817   -7.817  139.936    7.533  -98.602    1607329971471
02    18.536  -10.774  -11.637 -122.802   71.025 -113.702    1607329971471
01    17.334   -5.840   -7.849  140.011    8.294  -98.566    1607329971487
02    18.546  -10.872  -11.705 -122.931   70.474 -113.470    1607329971487
01    17.360   -5.844   -7.872  140.725    9.104  -98.592    1607329971497
02    18.629  -10.897  -11.624 -119.843   70.633 -110.534    1607329971497
01    17.422   -5.784   -7.835  143.098   11.086  -98.660    1607329971522
02    18.702  -10.807  -11.530 -122.685   70.249 -113.733    1607329971522
01    17.468   -5.714   -7.901  148.699   14.970  -97.114    1607329971538
02    18.965  -10.592  -10.861 -127.240   69.106 -117.330    1607329971538
01    17.426   -5.796   -8.220  158.756   21.080  -90.685    1607329971548
02    19.812   -9.618   -8.672 -135.520   67.258 -124.488    1607329971548
01    17.216   -6.358   -9.006  169.918   26.292  -80.046    1607329971573
02    20.261   -8.413   -6.687 -150.209   62.741 -139.891    1607329971573
01    17.326   -6.961   -9.056 -179.616   32.698  -69.520    1607329971589
02    18.526   -8.279   -8.492  178.988   27.854 -168.155    1607329971589
01    17.416   -7.249   -8.921 -176.481   35.381  -66.628    1607329971598
02    17.815   -8.470   -9.226  173.612   12.762 -171.329    1607329971598
01    17.481   -7.292   -8.715 -176.026   35.818  -66.991    1607329971623
02    17.571   -8.447   -9.282  171.510    7.647 -172.608    1607329971623
01    17.430   -7.267   -8.662 -177.089   34.222  -68.159    1607329971639
02    17.372   -8.372   -9.354  170.000    4.501 -174.047    1607329971639
01    17.378   -7.189   -8.630 -178.187   33.294  -69.621    1607329971649
02    17.262   -8.217   -9.391  169.456    3.360 -175.477    1607329971649
01    17.321   -7.128   -8.618 -179.347   32.561  -70.866    1607329971674
02    17.162   -8.112   -9.481  168.703    2.418 -176.862    1607329971674
01    17.298   -7.068   -8.558  179.100   32.625  -72.176    1607329971690
02    17.136   -7.969   -9.473  168.435    2.334 -178.045    1607329971690
01    17.313   -7.001   -8.423  176.227   32.831  -74.220    1607329971699
02    17.079   -7.838   -9.473  167.072    1.232 -179.636    1607329971699
01    17.272   -7.008   -8.239  169.506   31.138  -78.839    1607329971725
02    16.957   -7.885   -9.323  164.020    5.103  178.249    1607329971725
01    17.071   -6.895   -8.278  161.080   23.462  -85.362    1607329971740
02    16.412   -7.756  -10.477  163.993   10.560  174.903    1607329971740
01    16.904   -6.614   -8.256  156.401   14.965  -89.703    1607329971749
02    16.055   -7.917  -11.855  165.534   20.362  174.193    1607329971749
01    16.812   -6.264   -8.038  153.317    9.140  -91.978    1607329971775
02    16.320   -8.261  -12.253  169.671   33.741  176.456    1607329971775
01    16.823   -5.997   -7.755  151.609    7.318  -92.899    1607329971791
02    16.698   -8.659  -12.225  175.130   44.389 -178.132    1607329971791
01    16.824   -5.843   -7.648  151.000    6.587  -93.460    1607329971801
02    17.004   -9.095  -12.120 -177.713   52.539 -170.407    1607329971801
01    16.785   -5.857   -7.663  150.569    5.674  -93.801    1607329971826
02    17.279   -9.388  -11.990 -169.622   59.469 -162.911    1607329971826
01    16.755   -5.915   -7.691  149.447    4.308  -94.189    1607329971841
02    17.517   -9.598  -11.856 -161.929   64.554 -155.939    1607329971841
01    16.758   -5.969   -7.703  148.359    3.583  -94.189    1607329971851
02    17.676   -9.768  -11.789 -155.877   66.767 -149.902    1607329971851
01    16.832   -5.963   -7.649  147.994    4.193  -94.536    1607329971876
02    17.819   -9.900  -11.730 -149.654   67.973 -143.689    1607329971876
01    16.901   -5.957   -7.629  148.207    5.291  -94.771    1607329971892
02    17.961  -10.055  -11.685 -144.753   68.834 -138.288    1607329971892
01    16.950   -5.967   -7.643  149.050    6.529  -95.200    1607329971902
02    18.063  -10.231  -11.709 -142.757   69.186 -135.966    1607329971902
01    17.001   -5.988   -7.663  150.586    8.039  -95.700    1607329971927
02    18.182  -10.342  -11.732 -140.447   70.126 -133.860    1607329971927
01    17.015   -6.058   -7.722  152.586    9.478  -95.487    1607329971943
02    18.253  -10.481  -11.741 -139.826   70.657 -132.990    1607329971943
01    17.037   -6.116   -7.783  155.233   11.528  -94.874    1607329971953
02    18.486  -10.368  -11.411 -138.395   71.073 -132.262    1607329971953
01    17.044   -6.216   -7.909  158.111   14.145  -93.545    1607329971969
02    18.703  -10.171  -10.885 -144.835   69.165 -137.933    1607329971969
01    17.039   -6.408   -8.299  162.617   18.464  -90.639    1607329971978
02    19.608   -9.432   -8.668 -147.226   67.702 -139.485    1607329971978
01    16.958   -6.846   -9.166  168.217   23.685  -84.561    1607329972004
02    20.083   -8.187   -7.352 -157.738   58.924 -151.504    1607329972004
01    17.201   -7.427   -9.261  176.177   31.455  -74.362    1607329972017
02    18.743   -8.306   -8.489 -179.250   29.734 -168.726    1607329972017
01    17.458   -7.651   -8.990  179.719   35.852  -70.741    1607329972030
02    17.999   -8.740   -9.121  172.934   14.224 -171.957    1607329972030
01    17.584   -7.600   -8.764 -179.409   35.675  -70.741    1607329972055
02    17.681   -8.672   -9.430  170.936    5.744 -174.569    1607329972055
01    17.537   -7.587   -8.687  179.754   33.559  -71.040    1607329972071
02    17.450   -8.674   -9.507  169.055    1.150 -175.644    1607329972071
01    17.462   -7.549   -8.687  178.606   32.249  -71.520    1607329972081
02    17.341   -8.657   -9.462  167.777   -0.034 -176.512    1607329972081
01    17.420   -7.457   -8.688  178.161   31.773  -71.968    1607329972106
02    17.311   -8.539   -9.431  167.575   -0.328 -177.323    1607329972106
01    17.420   -7.403   -8.616  177.461   32.131  -72.563    1607329972117
02    17.309   -8.438   -9.390  167.438   -0.039 -178.076    1607329972117
01    17.424   -7.330   -8.541  175.754   32.283  -73.893    1607329972132
02    17.256   -8.330   -9.440  166.575   -1.081 -179.776    1607329972132
01    17.423   -7.269   -8.428  173.325   31.906  -75.422    1607329972157
02    17.215   -8.188   -9.428  165.485   -2.217  178.338    1607329972157
01    17.364   -7.266   -8.333  168.773   30.163  -78.458    1607329972172
02    17.134   -8.273   -9.176  162.342    2.304  177.827    1607329972172
01    17.203   -7.192   -8.318  162.314   25.473  -83.754    1607329972183
02    16.774   -8.152   -9.959  161.968    8.402  174.417    1607329972183
01    17.032   -7.003   -8.312  156.404   17.543  -89.006    1607329972208
02    16.346   -8.129  -11.291  162.492   15.925  172.357    1607329972208
01    16.921   -6.767   -8.157  152.826   11.182  -91.629    1607329972217
02    16.333   -8.460  -12.218  164.470   26.738  173.311    1607329972217
01    16.890   -6.548   -7.967  150.469    7.934  -92.776    1607329972234
02    16.604   -8.938  -12.512  168.067   37.714  176.555    1607329972234
01    16.918   -6.366   -7.851  149.127    6.529  -93.503    1607329972259
02    16.993   -9.457  -12.347  176.365   50.039 -174.679    1607329972259
01    16.941   -6.332   -7.785  148.516    5.962  -93.827    1607329972274
02    17.313   -9.836  -12.156 -173.677   58.676 -164.436    1607329972274
01    16.954   -6.367   -7.762  148.376    6.072  -94.170    1607329972284
02    17.531  -10.088  -12.097 -165.957   63.690 -156.985    1607329972284
01    17.003   -6.379   -7.752  148.361    7.022  -94.833    1607329972309
02    17.733  -10.298  -12.043 -159.263   67.569 -150.199    1607329972309
01    17.054   -6.431   -7.790  148.028    8.170  -95.275    1607329972317
02    17.957  -10.435  -11.965 -151.614   70.417 -142.613    1607329972317
01    17.100   -6.463   -7.889  147.772    9.008  -95.662    1607329972336
02    18.097  -10.630  -11.966 -146.857   71.497 -137.052    1607329972336
01    17.130   -6.518   -7.999  147.048    9.264  -96.323    1607329972351
02    18.282  -10.796  -11.945 -140.425   72.939 -130.148    1607329972351
01    17.162   -6.542   -8.099  146.416    9.250  -96.902    1607329972376
02    18.406  -10.935  -11.974 -136.536   73.296 -125.884    1607329972376
01    17.213   -6.540   -8.161  145.893    9.469  -97.493    1607329972386
02    18.546  -11.049  -11.962 -132.097   73.711 -121.270    1607329972386
01    17.271   -6.522   -8.201  145.758    9.955  -97.869    1607329972402
02    18.559  -11.169  -12.060 -132.069   73.473 -120.430    1607329972402
01    17.331   -6.498   -8.220  146.051   10.926  -98.204    1607329972417
02    18.604  -11.189  -12.106 -130.879   73.268 -119.334    1607329972417
01    17.433   -6.415   -8.247  147.520   12.910  -98.038    1607329972438
02    18.701  -11.182  -11.853 -132.725   72.697 -120.391    1607329972438
01    17.512   -6.344   -8.508  151.185   16.589  -96.048    1607329972453
02    19.123  -10.777  -10.904 -138.470   71.238 -125.663    1607329972453
01    17.399   -6.597   -9.208  159.887   22.812  -88.733    1607329972462
02    20.325   -9.681   -7.581 -141.996   69.123 -129.223    1607329972462
01    17.260   -7.281   -9.961  170.926   28.822  -77.542    1607329972488
02    20.342   -8.190   -7.487 -157.327   57.561 -148.466    1607329972488
01    17.454   -7.856   -9.741  177.762   35.477  -70.069    1607329972503
02    18.810   -8.842   -8.904  179.309   31.190 -166.183    1607329972503
01    17.642   -7.977   -9.476 -179.306   38.106  -67.662    1607329972517
02    18.207   -9.034   -9.472  172.817   18.435 -170.201    1607329972517
01    17.682   -8.047   -9.335 -179.555   38.035  -67.392    1607329972538
02    17.859   -9.045   -9.828  169.658   11.702 -172.220    1607329972538
01    17.643   -8.052   -9.306 -179.955   37.360  -67.637    1607329972554
02    17.721   -9.009   -9.925  169.079    9.844 -173.115    1607329972554
01    17.647   -7.983   -9.216 -179.994   37.275  -68.046    1607329972564
02    17.610   -8.976  -10.002  168.679    8.625 -173.594    1607329972564
01    17.663   -7.903   -9.088  179.487   37.105  -68.657    1607329972589
02    17.570   -8.900   -9.956  168.366    8.529 -173.872    1607329972589
01    17.674   -7.815   -8.967  177.729   36.899  -69.933    1607329972605
02    17.524   -8.815   -9.912  167.339    8.070 -174.896    1607329972605
01    17.701   -7.704   -8.775  174.447   36.570  -72.071    1607329972617
02    17.454   -8.715   -9.852  165.457    6.344 -176.496    1607329972617
01    17.630   -7.691   -8.588  167.788   34.341  -76.781    1607329972643
02    17.344   -8.568   -9.757  163.128    4.832 -179.699    1607329972643
01    17.428   -7.524   -8.595  158.827   27.824  -83.987    1607329972657
02    16.991   -8.440  -10.180  162.335    9.284  177.152    1607329972657
01    17.211   -7.229   -8.612  152.677   18.265  -89.011    1607329972665
02    16.479   -8.291  -11.447  163.067   15.930  175.171    1607329972665
01    17.067   -6.829   -8.404  148.779   10.468  -92.174    1607329972691
02    16.311   -8.485  -12.478  165.516   26.092  176.398    1607329972691
01    17.094   -6.395   -8.052  147.041    7.712  -94.053    1607329972706
02    16.574   -8.853  -12.790  169.435   37.446 -179.902    1607329972706
01    17.147   -6.112   -7.898  146.131    7.397  -95.037    1607329972717
02    17.000   -9.302  -12.669  174.508   47.779 -174.079    1607329972717
01    17.152   -6.013   -7.931  145.763    6.785  -95.707    1607329972741
02    17.397   -9.614  -12.494 -178.323   57.325 -166.859    1607329972741
01    17.154   -5.999   -7.977  145.373    6.024  -96.579    1607329972757
02    17.735   -9.779  -12.396 -170.546   64.535 -160.061    1607329972757
01    17.184   -6.028   -8.021  144.088    5.996  -97.362    1607329972767
02    18.028   -9.949  -12.279 -160.292   69.630 -149.878    1607329972767
01    17.284   -5.983   -8.025  143.038    7.162  -98.177    1607329972792
02    18.249  -10.167  -12.169 -148.906   72.150 -137.335    1607329972792
01    17.390   -5.929   -8.065  142.583    8.423  -98.955    1607329972808
02    18.428  -10.348  -12.125 -139.166   73.203 -126.735    1607329972808
01    17.456   -5.966   -8.133  142.303    9.930  -99.418    1607329972817
02    18.619  -10.495  -12.096 -131.550   74.007 -118.684    1607329972817
01    17.518   -5.953   -8.212  143.153   11.229  -99.978    1607329972843
02    18.729  -10.696  -12.106 -127.981   74.137 -114.386    1607329972843
01    17.555   -5.971   -8.289  144.556   12.457 -100.151    1607329972859
02    18.828  -10.702  -12.182 -127.013   74.903 -114.033    1607329972859
01    17.578   -6.013   -8.345  146.178   13.913  -99.888    1607329972868
02    18.916  -10.663  -12.136 -127.414   75.281 -115.041    1607329972868
01    17.615   -5.966   -8.448  148.857   16.074  -99.117    1607329972893
02    19.137  -10.469  -11.644 -133.967   75.371 -121.438    1607329972893
01    17.601   -5.956   -8.886  153.709   20.020  -96.026    1607329972909
02    20.034   -9.684   -9.316 -142.037   74.409 -128.602    1607329972909
01    17.393   -6.388  -10.002  162.621   25.852  -86.681    1607329972919
02    20.656   -8.636   -6.873 -159.427   68.262 -147.064    1607329972919
01    17.635   -7.233   -9.821  171.721   34.819  -75.177    1607329972935
02    18.855   -8.894   -8.839  173.916   40.666 -167.961    1607329972935
01    17.880   -7.459   -9.493  175.558   38.904  -72.083    1607329972945
02    18.288   -8.685   -9.699  168.989   24.413 -172.198    1607329972945
01    18.017   -7.421   -9.176  177.055   39.175  -71.981    1607329972970
02    18.049   -8.478   -9.959  167.659   14.763 -174.305    1607329972970
01    17.969   -7.324   -9.088  177.211   36.950  -72.797    1607329972986
02    17.869   -8.326   -9.977  167.331    9.239 -175.427    1607329972986
01    17.892   -7.218   -9.027  177.118   35.449  -73.329    1607329972995
02    17.767   -8.195   -9.900  167.193    6.967 -176.262    1607329972995
01    17.791   -7.203   -8.978  176.696   34.581  -73.396    1607329973021
02    17.677   -8.128   -9.845  166.882    5.913 -176.547    1607329973021
01    17.719   -7.171   -8.978  176.163   34.064  -73.642    1607329973037
02    17.573   -8.126   -9.836  166.168    5.458 -176.759    1607329973037
01    17.687   -7.178   -8.920  174.305   34.400  -74.076    1607329973047
02    17.495   -8.155   -9.819  164.398    5.479 -177.260    1607329973047
01    17.711   -7.151   -8.818  170.606   34.733  -75.997    1607329973072
02    17.482   -8.098   -9.775  161.806    6.001 -178.228    1607329973072
01    17.710   -7.147   -8.639  163.847   33.483  -80.635    1607329973088
02    17.261   -7.993  -10.123  159.392    9.158  179.533    1607329973088
01    17.614   -6.995   -8.587  157.302   28.421  -86.246    1607329973097
02    17.033   -7.873  -10.941  159.176   15.407  177.556    1607329973097
01    17.498   -6.751   -8.556  152.575   21.453  -90.600    1607329973123
02    16.893   -7.978  -11.881  160.705   23.619  177.277    1607329973123
01    17.402   -6.453   -8.395  149.458   15.296  -93.154    1607329973139
02    16.846   -8.395  -12.599  163.893   31.841  179.505    1607329973139
01    17.362   -6.198   -8.180  147.633   11.955  -94.827    1607329973149
02    17.004   -8.925  -12.864  168.368   40.648 -176.555    1607329973149
01    17.377   -6.053   -8.066  146.351   11.016  -96.045    1607329973174
02    17.369   -9.387  -12.790  175.254   50.729 -170.006    1607329973174
01    17.381   -5.982   -8.130  145.177    9.900  -96.906    1607329973190
02    17.735   -9.819  -12.555 -173.969   60.002 -159.369    1607329973190
01    17.430   -5.962   -8.128  144.772   10.063  -97.537    1607329973199
02    18.038  -10.048  -12.401 -164.382   65.477 -150.673    1607329973199
01    17.484   -5.984   -8.138  144.902   10.784  -97.873    1607329973225
02    18.266  -10.262  -12.320 -155.809   68.537 -142.487    1607329973225
01    17.518   -6.015   -8.224  144.744   11.540  -98.374    1607329973241
02    18.470  -10.450  -12.252 -146.206   70.542 -132.951    1607329973241
01    17.569   -6.024   -8.322  144.839   12.497  -98.744    1607329973250
02    18.649  -10.647  -12.189 -138.388   71.852 -124.734    1607329973250
01    17.610   -6.062   -8.412  144.688   13.510  -99.136    1607329973276
02    18.820  -10.814  -12.167 -133.885   72.860 -119.868    1607329973276
01    17.646   -6.109   -8.501  144.652   14.554  -99.427    1607329973292
02    18.880  -10.961  -12.276 -133.437   72.686 -118.927    1607329973292
01    17.691   -6.105   -8.611  145.172   15.801  -99.524    1607329973301
02    19.024  -10.915  -12.218 -131.279   73.448 -117.175    1607329973301
01    17.737   -6.120   -8.737  146.297   17.850  -98.953    1607329973327
02    19.161  -10.785  -11.997 -137.429   74.283 -123.193    1607329973327
01    17.792   -6.099   -9.055  149.054   20.845  -97.400    1607329973344
02    19.338  -10.535  -11.634 -150.268   74.274 -135.930    1607329973344
01    17.721   -6.318   -9.673  155.104   25.644  -92.708    1607329973353
02    19.929  -10.085  -10.078 -158.160   73.355 -144.018    1607329973353
01    17.579   -6.834  -10.392  164.328   31.378  -83.602    1607329973368
02    20.587   -9.111   -7.866 -165.513   66.744 -152.519    1607329973368
01    17.819   -7.541  -10.173  175.523   39.277  -71.512    1607329973378
02    19.153   -8.735   -9.469  176.468   39.548 -168.704    1607329973378
01    18.059   -7.785   -9.776 -179.971   43.471  -67.191    1607329973403
02    18.507   -8.986   -9.984  171.832   26.346 -170.447    1607329973403
01    18.144   -7.771   -9.519 -179.651   44.071  -66.552    1607329973419
02    18.295   -8.943  -10.081  169.374   20.109 -171.697    1607329973419
01    18.134   -7.602   -9.430  179.916   42.824  -67.441    1607329973429
02    18.162   -8.845  -10.055  167.774   16.896 -172.686    1607329973429
01    18.047   -7.513   -9.399  179.147   41.316  -68.382    1607329973454
02    18.055   -8.659  -10.080  167.707   14.524 -173.685    1607329973454
01    17.971   -7.476   -9.322  178.859   40.246  -68.682    1607329973470
02    17.909   -8.602  -10.116  167.448   12.714 -174.062    1607329973470
01    17.889   -7.417   -9.270  177.702   39.044  -69.701    1607329973480
02    17.784   -8.521  -10.128  167.097   11.257 -174.812    1607329973480
01    17.866   -7.339   -9.134  175.487   38.519  -71.431    1607329973506
02    17.734   -8.383  -10.067  166.020   10.254 -176.244    1607329973506
01    17.831   -7.245   -9.013  172.356   37.484  -73.699    1607329973519
02    17.663   -8.228  -10.020  164.308    8.217 -177.758    1607329973519
01    17.764   -7.223   -8.836  167.628   36.000  -77.305    1607329973532
02    17.491   -8.163  -10.065  162.689    9.098 -179.528    1607329973532
01    17.651   -7.066   -8.758  162.498   32.278  -82.184    1607329973557
02    17.204   -8.130  -10.630  163.169   12.949 -179.983    1607329973557
01    17.500   -6.904   -8.730  158.143   27.451  -86.124    1607329973573
02    16.713   -8.256  -11.803  164.079   18.178 -179.481    1607329973573
01    17.332   -6.686   -8.712  153.944   21.436  -89.515    1607329973583
02    16.391   -8.745  -12.969  166.018   26.206 -177.119    1607329973583
01    17.202   -6.463   -8.704  151.061   16.554  -91.249    1607329973609
02    16.594   -9.244  -13.379  169.235   36.665 -174.195    1607329973609
01    17.149   -6.297   -8.667  148.524   12.735  -92.864    1607329973619
02    17.103   -9.645  -13.201  174.799   48.244 -169.980    1607329973619
01    17.164   -6.143   -8.599  147.024   10.281  -94.312    1607329973634
02    17.534   -9.857  -13.002 -176.931   58.110 -163.503    1607329973634
01    17.204   -6.048   -8.524  146.414    9.441  -95.050    1607329973660
02    17.835  -10.045  -12.827 -167.211   64.620 -154.723    1607329973660
01    17.271   -6.005   -8.466  145.906   10.103  -95.816    1607329973677
02    18.098  -10.218  -12.652 -156.898   68.606 -144.608    1607329973677
01    17.286   -6.046   -8.544  145.066   10.735  -96.227    1607329973686
02    18.271  -10.381  -12.605 -148.945   70.732 -136.266    1607329973686
01    17.307   -6.079   -8.641  143.869   11.038  -97.202    1607329973702
02    18.508  -10.469  -12.525 -136.872   73.032 -124.457    1607329973702
01    17.322   -6.112   -8.749  141.966   10.663  -98.282    1607329973719
02    18.693  -10.572  -12.454 -127.001   74.083 -114.227    1607329973719
01    17.389   -6.081   -8.805  140.349   10.256  -99.270    1607329973738
02    18.760  -10.774  -12.457 -124.221   73.688 -110.253    1607329973738
01    17.469   -6.036   -8.819  138.897   10.068 -100.095    1607329973753
02    18.805  -10.885  -12.484 -122.037   73.285 -107.876    1607329973753
01    17.554   -5.974   -8.789  138.549   10.527 -100.684    1607329973763
02    18.890  -10.909  -12.469 -119.430   73.379 -105.578    1607329973763
01    17.615   -5.948   -8.768  138.705   11.358 -100.961    1607329973788
02    18.894  -10.962  -12.538 -120.911   73.558 -106.576    1607329973788
01    17.656   -5.922   -8.767  139.500   12.467 -101.123    1607329973804
02    18.914  -11.077  -12.522 -119.319   73.220 -104.563    1607329973804
01    17.690   -5.914   -8.779  140.683   13.944 -101.146    1607329973819
02    19.040  -10.995  -12.484 -116.334   73.554 -102.226    1607329973819
01    17.698   -5.912   -8.854  142.431   15.751 -100.794    1607329973839
02    19.087  -11.014  -12.429 -116.239   73.445 -101.975    1607329973839
01    17.728   -5.859   -8.982  145.037   18.373 -100.072    1607329973855
02    19.183  -10.912  -12.196 -120.800   73.279 -106.011    1607329973855
01    17.719   -5.812   -9.430  151.231   23.340  -96.352    1607329973865
02    19.684  -10.395  -10.861 -131.851   72.456 -115.183    1607329973865
01    17.548   -6.212  -10.160  160.838   29.540  -86.956    1607329973890
02    20.410   -9.462   -8.411 -148.455   70.786 -131.301    1607329973890
01    17.531   -6.925  -10.496  172.480   36.438  -74.044    1607329973906
02    20.343   -8.672   -7.495 -168.679   63.160 -152.221    1607329973906
01    17.777   -7.397  -10.090  178.123   42.948  -68.161    1607329973920
02    19.028   -8.536   -9.317  170.981   35.968 -172.042    1607329973920
01    18.006   -7.455   -9.671 -179.772   45.371  -66.856    1607329973940
02    18.423   -8.539   -9.949  168.356   23.984 -174.749    1607329973940
01    18.078   -7.364   -9.448  179.316   44.670  -68.000    1607329973956
02    18.246   -8.271  -10.088  167.596   18.961 -176.593    1607329973956
01    18.091   -7.254   -9.275  178.710   43.379  -68.812    1607329973966
02    18.109   -8.138  -10.089  167.055   15.855 -176.992    1607329973966
01    18.064   -7.093   -9.145  178.317   41.848  -69.928    1607329973991
02    17.980   -7.951  -10.075  167.288   13.548 -177.474    1607329973991
01    17.970   -6.962   -9.102  177.847   39.754  -70.662    1607329974007
02    17.857   -7.794  -10.032  167.463   11.890 -177.722    1607329974007
01    17.889   -6.878   -9.048  177.392   38.372  -70.829    1607329974020
02    17.778   -7.711   -9.936  167.155   11.315 -178.077    1607329974020
01    17.813   -6.875   -8.975  175.479   37.416  -71.499    1607329974042
02    17.656   -7.701   -9.908  165.369   10.178 -178.794    1607329974042
01    17.751   -6.912   -8.833  171.763   36.693  -73.329    1607329974057
02    17.459   -7.727   -9.953  162.013    8.094 -179.537    1607329974057
01    17.652   -6.927   -8.694  163.748   34.022  -79.266    1607329974067
02    17.182   -7.665  -10.213  160.748   10.565  178.150    1607329974067
01    17.481   -6.780   -8.693  157.128   27.665  -84.871    1607329974092
02    16.697   -7.602  -11.244  160.376   15.400  176.231    1607329974092
01    17.241   -6.518   -8.710  151.579   17.860  -89.420    1607329974108
02    16.319   -7.755  -12.531  161.661   23.684  175.355    1607329974108
01    17.081   -6.173   -8.558  149.087   10.681  -91.319    1607329974120
02    16.360   -8.239  -13.134  165.266   34.085  177.035    1607329974120
01    17.014   -5.944   -8.336  147.042    7.110  -92.618    1607329974143
02    16.748   -8.673  -13.169  171.507   44.921 -178.380    1607329974143
01    16.997   -5.833   -8.267  145.059    5.442  -93.503    1607329974159
02    17.181   -9.180  -12.888 -179.915   54.433 -169.425    1607329974159
01    17.046   -5.763   -8.211  143.623    5.183  -94.434    1607329974168
02    17.533   -9.525  -12.651 -169.449   61.665 -158.594    1607329974168
01    17.121   -5.706   -8.176  142.802    5.554  -95.282    1607329974193
02    17.796   -9.749  -12.503 -160.642   65.966 -149.755    1607329974193
01    17.199   -5.649   -8.185  142.624    6.386  -95.902    1607329974209
02    17.999   -9.927  -12.442 -153.799   68.515 -142.698    1607329974209
01    17.279   -5.649   -8.227  142.576    7.770  -96.395    1607329974220
02    18.199  -10.052  -12.420 -146.834   70.370 -135.678    1607329974220
01    17.309   -5.684   -8.371  142.535    8.413  -96.657    1607329974236
02    18.362  -10.214  -12.399 -140.150   71.742 -128.324    1607329974244
01    17.358   -5.767   -8.440  142.354    9.615  -97.178    1607329974260
02    18.527  -10.413  -12.384 -134.330   72.582 -121.733    1607329974260
01    17.404   -5.794   -8.525  142.723   10.442  -97.577    1607329974270
02    18.673  -10.555  -12.352 -129.929   73.096 -117.393    1607329974270
01    17.451   -5.800   -8.601  143.035   11.056  -97.990    1607329974286
02    18.754  -10.703  -12.375 -128.821   72.899 -115.945    1607329974286
01    17.473   -5.851   -8.684  143.237   11.732  -98.122    1607329974296
02    18.797  -10.819  -12.386 -128.368   72.639 -115.428    1607329974296
01    17.502   -5.871   -8.740  144.108   12.724  -98.238    1607329974321
02    18.876  -10.772  -12.369 -129.078   72.536 -116.799    1607329974321
01    17.561   -5.826   -8.784  146.145   14.695  -98.122    1607329974337
02    19.043  -10.595  -12.060 -133.035   72.710 -120.571    1607329974337
01    17.578   -5.860   -9.041  150.506   18.430  -95.882    1607329974347
02    19.402  -10.235  -11.283 -142.828   72.043 -129.608    1607329974347
01    17.517   -6.129   -9.601  157.845   23.989  -90.109    1607329974372
02    20.177   -9.506   -9.004 -154.336   69.220 -139.925    1607329974372
01    17.418   -6.696  -10.217  165.671   29.138  -81.673    1607329974388
02    20.581   -8.340   -7.439 -163.254   61.262 -150.057    1607329974388
01    17.613   -7.196  -10.109  170.776   35.310  -73.964    1607329974398
02    18.993   -8.203   -9.183  176.483   26.664 -166.130    1607329974398
01    17.817   -7.367   -9.771  171.870   39.031  -72.309    1607329974423
02    18.288   -8.493   -9.835  168.309   13.930 -169.597    1607329974423
01    17.889   -7.324   -9.560  172.690   39.204  -72.224    1607329974439
02    17.993   -8.492  -10.048  166.323    8.512 -171.057    1607329974439
01    17.859   -7.282   -9.466  172.274   38.292  -73.187    1607329974449
02    17.821   -8.442  -10.162  165.795    5.811 -172.762    1607329974449
01    17.836   -7.216   -9.387  171.761   37.631  -74.067    1607329974475
02    17.763   -8.370  -10.114  165.891    5.203 -174.336    1607329974475
01    17.793   -7.181   -9.337  170.796   37.057  -74.906    1607329974490
02    17.691   -8.295  -10.101  165.667    4.788 -175.788    1607329974490
01    17.743   -7.103   -9.351  168.991   36.512  -76.117    1607329974499
02    17.650   -8.214  -10.089  164.719    4.785 -177.314    1607329974499
01    17.736   -7.029   -9.325  167.230   36.561  -77.168    1607329974525
02    17.673   -8.056  -10.065  163.901    5.232 -177.943    1607329974525
01    17.759   -6.982   -9.195  165.232   36.949  -78.787    1607329974541
02    17.665   -7.983  -10.036  162.968    6.659 -177.391    1607329974541
01    17.769   -6.949   -9.033  162.554   36.562  -81.302    1607329974551
02    17.495   -7.998  -10.372  162.529   10.024 -177.645    1607329974551
01    17.718   -6.848   -8.937  159.736   34.363  -84.318    1607329974576
02    17.268   -8.083  -10.961  162.364   14.530 -177.854    1607329974576
01    17.630   -6.701   -8.919  157.289   31.249  -86.758    1607329974592
02    17.030   -8.229  -11.765  162.618   20.048 -178.129    1607329974592
01    17.538   -6.548   -8.895  154.970   27.904  -88.759    1607329974601
02    16.844   -8.504  -12.760  163.121   26.359 -177.915    1607329974601
01    17.465   -6.399   -8.844  153.399   24.775  -90.339    1607329974626
02    17.037   -8.882  -13.109  164.304   35.775 -176.990    1607329974626
01    17.381   -6.299   -8.845  152.360   21.804  -91.411    1607329974642
02    17.364   -9.226  -13.116  167.398   47.406 -174.920    1607329974642
01    17.325   -6.247   -8.836  151.161   19.225  -92.543    1607329974652
02    17.754   -9.495  -12.930  174.044   57.606 -170.420    1607329974652
01    17.292   -6.186   -8.840  150.248   17.382  -93.342    1607329974677
02    17.996   -9.704  -12.848 -178.033   63.591 -163.438    1607329974677
01    17.317   -6.122   -8.831  149.751   16.929  -93.789    1607329974694
02    18.163   -9.939  -12.768 -170.270   67.480 -155.275    1607329974694
01    17.332   -6.135   -8.852  149.199   17.039  -93.883    1607329974704
02    18.367  -10.096  -12.635 -161.656   70.493 -146.610    1607329974704
01    17.366   -6.132   -8.892  149.235   17.448  -94.162    1607329974721
02    18.500  -10.232  -12.590 -156.788   71.867 -141.753    1607329974721
01    17.390   -6.117   -8.971  149.879   17.611  -94.372    1607329974730
02    18.608  -10.255  -12.600 -154.982   72.902 -140.628    1607329974730
01    17.412   -6.098   -9.024  150.786   17.905  -94.585    1607329974756
02    18.713  -10.296  -12.549 -152.201   73.732 -138.161    1607329974756
01    17.428   -6.132   -9.054  151.476   18.563  -94.539    1607329974772
02    18.784  -10.315  -12.600 -152.181   74.042 -138.360    1607329974772
01    17.435   -6.199   -9.096  152.152   19.475  -94.092    1607329974782
02    18.846  -10.376  -12.644 -150.326   74.328 -136.139    1607329974782
01    17.451   -6.229   -9.158  153.181   20.458  -93.564    1607329974807
02    18.883  -10.479  -12.644 -147.383   74.259 -132.655    1607329974807
01    17.453   -6.254   -9.238  154.248   21.462  -93.017    1607329974822
02    18.974  -10.553  -12.539 -143.713   74.525 -128.819    1607329974822
01    17.477   -6.299   -9.340  155.807   22.923  -91.899    1607329974832
02    19.046  -10.579  -12.374 -145.072   73.654 -129.703    1607329974832
01    17.446   -6.375   -9.716  159.424   25.242  -88.567    1607329974857
02    19.219  -10.349  -11.972 -153.426   72.821 -137.276    1607329974857
01    17.374   -6.706  -10.184  165.284   28.919  -81.853    1607329974873
02    19.626  -10.014  -10.744 -163.963   71.125 -147.003    1607329974873
01    17.343   -7.143  -10.573  172.030   32.918  -73.797    1607329974882
02    20.230   -9.253   -8.865 -174.348   66.511 -158.214    1607329974882
