01    17.736    4.892   -6.377 -123.377   28.505   38.265    1609908774027
02    17.897    7.440  -10.494  150.362   62.721  133.568    1609908774027
01    17.738    4.889   -6.380 -123.407   28.519   38.388    1609908774049
02    17.897    7.448  -10.497  150.422   62.681  133.468    1609908774049
01    17.744    4.886   -6.376 -123.352   28.581   38.576    1609908774065
02    17.904    7.452  -10.492  150.281   62.679  133.284    1609908774065
01    17.743    4.895   -6.386 -123.320   28.597   38.464    1609908774080
02    17.910    7.442  -10.496  150.278   62.638  133.349    1609908774080
01    17.748    4.879   -6.402 -123.545   28.482   38.464    1609908774096
02    17.906    7.442  -10.514  150.601   62.490  133.599    1609908774096
01    17.755    4.874   -6.405 -123.516   28.548   38.586    1609908774111
02    17.912    7.446  -10.505  150.461   62.465  133.428    1609908774111
01    17.766    4.852   -6.401 -123.660   28.527   38.726    1609908774127
02    17.910    7.454  -10.508  150.431   62.145  133.305    1609908774127
01    17.773    4.857   -6.389 -123.626   28.635   38.793    1609908774149
02    17.904    7.466  -10.518  150.633   62.010  133.331    1609908774149
01    17.775    4.852   -6.393 -123.632   28.612   38.879    1609908774165
02    17.913    7.459  -10.515  150.231   62.115  133.086    1609908774165
01    17.777    4.851   -6.398 -123.709   28.671   38.860    1609908774181
02    17.925    7.461  -10.515  150.066   62.174  132.929    1609908774181
01    17.780    4.861   -6.400 -123.661   28.798   38.867    1609908774196
02    17.932    7.463  -10.519  149.954   62.196  132.841    1609908774196
01    17.780    4.877   -6.413 -123.610   28.772   38.798    1609908774212
02    17.942    7.466  -10.517  149.905   62.248  132.735    1609908774212
01    17.786    4.868   -6.406 -123.743   28.864   38.850    1609908774227
02    17.947    7.463  -10.521  150.075   62.158  132.908    1609908774227
01    17.786    4.880   -6.399 -123.685   28.945   38.861    1609908774250
02    17.952    7.454  -10.516  150.114   62.079  133.039    1609908774250
01    17.788    4.877   -6.390 -123.778   28.960   38.844    1609908774265
02    17.937    7.462  -10.531  150.482   61.886  133.332    1609908774265
01    17.785    4.879   -6.391 -123.856   28.899   38.776    1609908774281
02    17.942    7.446  -10.526  150.599   61.915  133.609    1609908774281
01    17.781    4.881   -6.395 -123.908   28.849   38.769    1609908774296
02    17.935    7.464  -10.519  150.650   61.870  133.505    1609908774296
01    17.783    4.880   -6.390 -123.999   28.881   38.779    1609908774312
02    17.931    7.466  -10.525  150.679   61.748  133.525    1609908774312
01    17.782    4.885   -6.394 -124.008   28.873   38.782    1609908774328
02    17.938    7.449  -10.525  150.618   61.768  133.619    1609908774328
01    17.784    4.888   -6.390 -124.075   28.965   38.802    1609908774350
02    17.937    7.443  -10.533  150.712   61.679  133.745    1609908774350
01    17.788    4.894   -6.381 -124.098   29.069   38.906    1609908774365
02    17.938    7.460  -10.528  150.606   61.644  133.588    1609908774365
01    17.785    4.899   -6.383 -124.238   29.053   38.796    1609908774381
02    17.934    7.474  -10.530  150.584   61.531  133.522    1609908774381
01    17.778    4.914   -6.393 -124.371   28.993   38.680    1609908774397
02    17.937    7.480  -10.524  150.427   61.489  133.392    1609908774397
01    17.772    4.932   -6.380 -124.368   28.946   38.760    1609908774412
02    17.938    7.495  -10.505  150.367   61.467  133.290    1609908774412
01    17.769    4.953   -6.370 -124.396   28.992   38.810    1609908774428
02    17.938    7.507  -10.496  150.209   61.343  133.109    1609908774428
01    17.770    4.937   -6.388 -124.570   28.848   38.825    1609908774450
02    17.949    7.492  -10.498  150.199   61.332  133.252    1609908774450
01    17.776    4.912   -6.401 -124.728   28.823   38.886    1609908774466
02    17.948    7.506  -10.506  150.366   61.307  133.322    1609908774466
01    17.775    4.922   -6.417 -124.787   28.861   38.832    1609908774482
02    17.952    7.509  -10.506  150.366   61.323  133.328    1609908774482
01    17.778    4.929   -6.425 -124.817   28.904   38.793    1609908774497
02    17.952    7.504  -10.530  150.373   61.217  133.400    1609908774497
01    17.784    4.928   -6.423 -124.826   28.946   38.897    1609908774513
02    17.955    7.518  -10.522  150.197   61.204  133.158    1609908774513
01    17.788    4.932   -6.416 -124.855   29.051   38.970    1609908774528
02    17.967    7.516  -10.506  150.012   61.247  133.034    1609908774528
01    17.783    4.941   -6.414 -125.014   29.126   38.909    1609908774551
02    17.973    7.524  -10.495  150.018   61.249  132.987    1609908774551
01    17.788    4.930   -6.410 -125.409   29.167   39.048    1609908774566
02    17.987    7.508  -10.483  149.856   61.277  132.931    1609908774566
01    17.786    4.949   -6.407 -125.504   29.343   39.021    1609908774582
02    17.989    7.513  -10.487  149.926   61.164  132.989    1609908774582
01    17.780    4.955   -6.422 -125.751   29.418   38.956    1609908774597
02    17.995    7.528  -10.483  149.789   61.097  132.820    1609908774597
01    17.778    4.955   -6.438 -126.054   29.472   38.963    1609908774613
02    17.998    7.535  -10.499  149.893   61.000  132.891    1609908774613
01    17.783    4.962   -6.433 -126.169   29.778   39.225    1609908774629
02    18.010    7.567  -10.487  149.695   60.941  132.564    1609908774629
01    17.774    4.995   -6.443 -126.274   29.968   39.141    1609908774651
02    18.031    7.531  -10.495  149.604   60.938  132.700    1609908774651
01    17.774    4.997   -6.450 -126.760   29.986   39.122    1609908774666
02    18.040    7.511  -10.512  149.748   60.894  132.943    1609908774666
01    17.769    5.003   -6.463 -127.428   30.123   38.985    1609908774682
02    18.038    7.519  -10.507  149.796   60.736  132.972    1609908774682
01    17.750    5.014   -6.497 -127.811   30.009   38.780    1609908774698
02    18.036    7.530  -10.504  149.901   60.558  133.004    1609908774698
01    17.740    5.027   -6.498 -127.928   30.224   38.783    1609908774713
02    18.034    7.531  -10.509  150.297   60.435  133.355    1609908774713
01    17.742    5.023   -6.494 -127.968   30.259   38.971    1609908774729
02    18.042    7.536  -10.504  150.394   60.322  133.458    1609908774729
01    17.743    5.043   -6.478 -127.977   30.397   39.075    1609908774751
02    18.038    7.546  -10.509  150.665   60.140  133.546    1609908774751
01    17.742    5.044   -6.492 -128.073   30.376   39.141    1609908774767
02    18.040    7.544  -10.512  150.888   60.148  133.726    1609908774767
01    17.735    5.052   -6.506 -128.194   30.357   39.048    1609908774783
02    18.046    7.548  -10.504  150.784   60.134  133.602    1609908774783
01    17.745    5.062   -6.496 -128.363   30.563   39.041    1609908774798
02    18.042    7.560  -10.501  150.878   59.877  133.577    1609908774798
01    17.748    5.042   -6.495 -128.636   30.520   39.202    1609908774814
02    18.041    7.557  -10.502  151.097   59.816  133.851    1609908774814
01    17.744    5.044   -6.500 -129.036   30.565   39.031    1609908774830
02    18.032    7.562  -10.507  151.340   59.452  134.003    1609908774830
01    17.730    5.059   -6.518 -128.992   30.412   39.011    1609908774851
02    18.048    7.545  -10.499  151.119   59.752  134.093    1609908774851
01    17.721    5.079   -6.531 -128.923   30.389   39.046    1609908774867
02    18.045    7.551  -10.506  151.585   59.609  134.415    1609908774867
01    17.717    5.093   -6.541 -128.930   30.499   39.081    1609908774883
02    18.042    7.548  -10.526  151.844   59.479  134.758    1609908774883
01    17.726    5.082   -6.543 -129.034   30.592   39.110    1609908774898
02    18.054    7.542  -10.527  151.754   59.662  134.668    1609908774898
01    17.743    5.081   -6.521 -128.977   30.778   39.274    1609908774914
02    18.059    7.551  -10.530  151.787   59.690  134.627    1609908774914
01    17.744    5.092   -6.524 -128.979   30.828   39.260    1609908774929
02    18.062    7.552  -10.536  151.891   59.693  134.758    1609908774929
01    17.736    5.095   -6.548 -129.128   30.743   39.120    1609908774952
02    18.059    7.580  -10.529  151.905   59.551  134.560    1609908774952
01    17.740    5.093   -6.537 -129.296   30.808   39.092    1609908774967
02    18.062    7.574  -10.530  152.116   59.595  134.908    1609908774967
01    17.740    5.118   -6.522 -129.238   30.912   39.131    1609908774983
02    18.064    7.576  -10.528  152.229   59.515  135.052    1609908774983
01    17.748    5.108   -6.512 -129.293   30.906   39.254    1609908774999
02    18.070    7.565  -10.531  152.307   59.558  135.267    1609908774999
01    17.742    5.108   -6.524 -129.282   30.827   39.244    1609908775014
02    18.069    7.571  -10.532  152.389   59.552  135.340    1609908775014
01    17.744    5.109   -6.532 -129.289   30.813   39.222    1609908775030
02    18.070    7.580  -10.531  152.362   59.524  135.235    1609908775030
01    17.743    5.110   -6.544 -129.298   30.818   39.177    1609908775052
02    18.075    7.571  -10.537  152.271   59.533  135.222    1609908775052
01    17.745    5.104   -6.559 -129.383   30.792   39.111    1609908775068
02    18.074    7.586  -10.539  152.378   59.597  135.203    1609908775068
01    17.745    5.106   -6.566 -129.425   30.810   39.087    1609908775083
02    18.077    7.587  -10.542  152.312   59.553  135.171    1609908775083
01    17.746    5.122   -6.558 -129.367   30.887   39.166    1609908775099
02    18.064    7.617  -10.550  152.475   59.460  135.267    1609908775099
01    17.748    5.119   -6.557 -129.467   30.893   39.171    1609908775115
02    18.071    7.601  -10.545  152.458   59.425  135.344    1609908775115
01    17.742    5.128   -6.564 -129.487   30.827   39.129    1609908775130
02    18.076    7.579  -10.557  152.573   59.440  135.599    1609908775130
01    17.743    5.141   -6.553 -129.400   30.894   39.176    1609908775152
02    18.073    7.584  -10.567  152.755   59.378  135.775    1609908775152
01    17.747    5.138   -6.551 -129.406   30.882   39.189    1609908775168
02    18.093    7.587  -10.542  152.532   59.458  135.585    1609908775168
01    17.747    5.138   -6.549 -129.376   30.900   39.201    1609908775184
02    18.096    7.583  -10.545  152.471   59.426  135.548    1609908775184
01    17.746    5.144   -6.555 -129.339   30.892   39.164    1609908775199
02    18.100    7.582  -10.531  152.298   59.436  135.388    1609908775199
01    17.748    5.149   -6.553 -129.289   30.963   39.194    1609908775215
02    18.102    7.580  -10.525  152.252   59.426  135.358    1609908775215
01    17.748    5.151   -6.557 -129.245   30.960   39.223    1609908775231
02    18.107    7.580  -10.518  152.239   59.424  135.338    1609908775231
01    17.746    5.153   -6.561 -129.270   30.982   39.218    1609908775253
02    18.094    7.603  -10.533  152.426   59.306  135.440    1609908775253
01    17.750    5.149   -6.561 -129.306   30.973   39.244    1609908775269
02    18.091    7.603  -10.539  152.535   59.226  135.576    1609908775269
01    17.750    5.154   -6.556 -129.317   31.025   39.270    1609908775285
02    18.084    7.600  -10.557  152.864   59.055  135.985    1609908775285
01    17.749    5.177   -6.557 -129.275   31.036   39.303    1609908775300
02    18.081    7.610  -10.560  152.899   58.946  135.994    1609908775300
01    17.749    5.169   -6.568 -129.344   30.999   39.279    1609908775316
02    18.089    7.601  -10.553  152.838   59.007  136.008    1609908775316
01    17.743    5.196   -6.565 -129.293   30.999   39.252    1609908775331
02    18.096    7.609  -10.536  152.741   59.120  135.781    1609908775331
01    17.746    5.175   -6.566 -129.384   30.966   39.255    1609908775353
02    18.096    7.602  -10.543  152.859   59.101  136.030    1609908775353
01    17.752    5.166   -6.559 -129.437   30.950   39.286    1609908775369
02    18.093    7.599  -10.538  152.764   59.085  135.966    1609908775369
01    17.753    5.160   -6.552 -129.519   30.883   39.354    1609908775385
02    18.093    7.598  -10.542  152.878   58.992  136.068    1609908775385
01    17.747    5.179   -6.552 -129.490   30.842   39.327    1609908775400
02    18.092    7.610  -10.533  152.828   58.953  135.936    1609908775400
01    17.746    5.187   -6.542 -129.489   30.839   39.349    1609908775416
02    18.098    7.609  -10.528  152.741   58.973  135.833    1609908775416
01    17.742    5.192   -6.553 -129.513   30.787   39.298    1609908775432
02    18.098    7.603  -10.543  152.688   58.876  135.895    1609908775432
01    17.742    5.187   -6.562 -129.569   30.759   39.275    1609908775453
02    18.107    7.599  -10.530  152.611   58.954  135.842    1609908775453
01    17.750    5.178   -6.560 -129.583   30.762   39.342    1609908775469
02    18.112    7.599  -10.522  152.516   58.958  135.750    1609908775469
01    17.751    5.179   -6.558 -129.581   30.785   39.361    1609908775485
02    18.118    7.602  -10.515  152.459   58.917  135.637    1609908775485
01    17.754    5.173   -6.557 -129.680   30.772   39.330    1609908775500
02    18.121    7.612  -10.504  152.375   58.894  135.540    1609908775500
01    17.752    5.172   -6.553 -129.694   30.774   39.327    1609908775516
02    18.106    7.633  -10.508  152.435   58.777  135.535    1609908775516
01    17.747    5.180   -6.548 -129.617   30.774   39.329    1609908775532
02    18.110    7.625  -10.510  152.421   58.731  135.612    1609908775532
01    17.748    5.179   -6.546 -129.668   30.763   39.310    1609908775554
02    18.108    7.630  -10.504  152.338   58.695  135.493    1609908775554
01    17.749    5.178   -6.551 -129.667   30.750   39.309    1609908775569
02    18.102    7.625  -10.523  152.489   58.633  135.680    1609908775569
01    17.749    5.181   -6.554 -129.618   30.719   39.331    1609908775585
02    18.100    7.634  -10.524  152.537   58.626  135.640    1609908775585
01    17.747    5.187   -6.560 -129.580   30.734   39.321    1609908775601
02    18.093    7.640  -10.531  152.688   58.539  135.694    1609908775601
01    17.748    5.180   -6.564 -129.616   30.740   39.333    1609908775616
02    18.098    7.632  -10.529  152.573   58.520  135.634    1609908775616
01    17.751    5.172   -6.565 -129.641   30.722   39.369    1609908775632
02    18.101    7.640  -10.519  152.515   58.507  135.524    1609908775632
01    17.751    5.172   -6.563 -129.608   30.700   39.413    1609908775654
02    18.095    7.635  -10.527  152.600   58.364  135.637    1609908775654
01    17.752    5.170   -6.560 -129.619   30.685   39.448    1609908775670
02    18.098    7.621  -10.529  152.644   58.417  135.755    1609908775670
01    17.749    5.164   -6.570 -129.719   30.456   39.473    1609908775685
02    18.097    7.630  -10.525  152.605   58.341  135.645    1609908775685
01    17.749    5.154   -6.575 -129.861   30.491   39.486    1609908775701
02    18.103    7.634  -10.531  152.695   58.332  135.700    1609908775701
01    17.748    5.158   -6.585 -129.893   30.519   39.553    1609908775717
02    18.108    7.621  -10.538  152.712   58.325  135.788    1609908775717
01    17.745    5.132   -6.619 -130.206   30.441   39.750    1609908775732
02    18.120    7.631  -10.518  152.598   58.242  135.593    1609908775732
01    17.744    5.146   -6.629 -130.232   30.562   40.142    1609908775754
02    18.150    7.625  -10.476  152.449   58.063  135.441    1609908775754
01    17.761    5.127   -6.616 -130.780   30.913   41.385    1609908775770
02    18.267    7.541  -10.233  152.620   57.500  135.580    1609908775770
01    17.785    5.060   -6.642 -132.624   31.698   43.257    1609908775786
02    18.592    7.311   -9.392  153.425   55.524  136.036    1609908775786
01    17.778    4.988   -6.862 -135.901   33.529   44.756    1609908775801
02    18.755    6.988   -8.712  157.731   49.437  139.174    1609908775801
01    17.729    5.051   -7.262 -140.174   36.669   45.478    1609908775817
02    18.615    6.962   -8.321  165.002   39.183  143.031    1609908775817
01    17.598    5.263   -7.903 -145.685   39.705   45.599    1609908775832
02    18.102    7.200   -8.611  175.222   24.335  147.962    1609908775832
01    17.461    5.666   -8.494 -152.367   43.828   44.340    1609908775855
02    17.334    7.574   -9.298 -174.150    4.887  151.064    1609908775855
01    17.683    5.904   -8.428 -156.679   49.260   44.263    1609908775870
02    17.318    7.242   -9.211 -171.422   -6.124  151.507    1609908775870
01    17.951    5.898   -8.072 -157.573   53.649   46.580    1609908775886
02    17.495    7.201   -8.971 -171.682  -10.509  150.063    1609908775886
01    18.030    5.926   -7.920 -156.046   53.957   49.012    1609908775902
02    17.638    7.172   -8.716 -171.648  -12.724  149.810    1609908775902
01    18.021    5.862   -8.035 -155.181   52.877   50.397    1609908775917
02    17.722    7.167   -8.560 -171.011  -13.562  149.500    1609908775917
01    18.037    5.792   -8.128 -155.309   52.851   50.682    1609908775933
02    17.819    7.106   -8.482 -170.773  -13.177  149.618    1609908775933
01    18.053    5.749   -8.215 -155.394   53.213   50.850    1609908775955
02    17.927    7.036   -8.414 -170.722  -12.155  150.402    1609908775955
01    18.071    5.739   -8.279 -155.234   53.753   51.066    1609908775971
02    17.985    6.977   -8.427 -170.508  -11.568  151.657    1609908775971
01    18.094    5.736   -8.318 -154.846   54.512   51.372    1609908775986
02    18.022    6.988   -8.431 -169.812  -10.510  152.825    1609908775986
01    18.163    5.687   -8.347 -153.829   55.298   52.069    1609908776002
02    18.050    6.984   -8.493 -168.861   -9.529  154.171    1609908776002
01    18.178    5.667   -8.449 -153.790   55.620   51.494    1609908776018
02    18.137    6.927   -8.466 -167.800   -6.094  154.076    1609908776018
01    18.215    5.642   -8.531 -154.745   56.241   49.886    1609908776033
02    18.218    6.778   -8.534 -166.820   -1.743  153.584    1609908776033
01    18.349    5.608   -8.364 -155.304   58.158   48.092    1609908776056
02    18.233    6.591   -8.772 -167.383    4.604  153.228    1609908776056
01    18.463    5.621   -8.053 -152.224   58.614   48.387    1609908776071
02    17.896    6.553   -9.917 -168.740   11.951  152.434    1609908776071
01    18.502    5.665   -7.749 -145.022   56.421   51.142    1609908776087
02    17.443    6.801  -11.776 -172.686   22.463  150.093    1609908776087
01    18.416    5.745   -7.601 -134.225   49.305   54.209    1609908776102
02    17.610    7.320  -12.485  178.392   36.443  143.039    1609908776102
01    18.348    5.661   -7.543 -125.940   40.308   55.117    1609908776118
02    18.264    7.554  -12.299  163.298   50.359  131.468    1609908776118
01    18.306    5.520   -7.511 -121.263   33.811   54.417    1609908776134
02    18.830    7.554  -12.020  148.629   58.834  119.624    1609908776134
01    18.300    5.381   -7.461 -118.647   30.619   54.403    1609908776155
02    19.216    7.499  -11.795  135.473   63.292  108.357    1609908776155
01    18.320    5.210   -7.416 -117.633   29.037   54.997    1609908776171
02    19.525    7.365  -11.654  126.064   65.959  100.430    1609908776171
01    18.364    5.067   -7.380 -117.369   28.508   55.971    1609908776187
02    19.692    7.389  -11.585  121.112   67.276   95.651    1609908776187
01    18.403    4.975   -7.384 -117.153   28.615   57.277    1609908776202
02    19.848    7.305  -11.489  118.036   68.720   92.726    1609908776202
01    18.454    4.893   -7.422 -117.535   29.250   58.896    1609908776218
02    19.994    7.191  -11.355  117.612   69.015   92.570    1609908776218
01    18.493    4.889   -7.469 -117.976   30.359   60.515    1609908776234
02    20.080    7.166  -11.229  121.718   68.444   95.842    1609908776234
01    18.511    4.920   -7.541 -118.837   31.449   61.750    1609908776256
02    20.089    7.149  -11.238  127.987   67.682  101.861    1609908776256
01    18.523    4.955   -7.595 -120.099   32.280   62.674    1609908776271
02    20.097    7.101  -11.289  131.818   67.340  106.204    1609908776271
01    18.522    4.998   -7.634 -121.379   33.008   63.282    1609908776287
02    20.117    7.032  -11.322  134.304   67.637  109.257    1609908776287
01    18.498    5.028   -7.706 -122.909   33.743   63.574    1609908776303
02    20.171    6.929  -11.247  135.541   67.632  110.961    1609908776303
01    18.467    4.988   -7.886 -125.373   34.505   63.651    1609908776318
02    20.330    6.723  -10.734  138.505   66.698  113.621    1609908776318
01    18.396    4.998   -8.339 -128.186   36.394   63.600    1609908776334
02    20.723    6.410   -9.084  145.059   63.765  118.908    1609908776334
01    18.299    5.182   -9.063 -132.643   40.605   63.050    1609908776356
02    20.694    6.591   -7.773  159.270   56.845  130.088    1609908776356
01    18.560    5.478   -9.101 -136.551   49.072   63.717    1609908776372
02    19.621    6.871   -8.608 -179.146   31.364  147.685    1609908776372
01    18.696    5.675   -9.074 -139.583   55.020   63.923    1609908776387
02    19.148    6.855   -9.239 -177.308   16.281  145.345    1609908776387
01    18.819    5.773   -8.901 -139.798   57.869   65.241    1609908776403
02    18.993    7.066   -9.297 -176.094   11.853  142.987    1609908776403
01    18.858    5.796   -8.776 -140.017   58.177   65.287    1609908776419
02    18.906    7.088   -9.321 -175.866    8.593  140.910    1609908776419
01    18.848    5.820   -8.703 -140.186   57.619   65.009    1609908776434
02    18.844    7.155   -9.202 -175.246    6.647  138.859    1609908776434
01    18.783    5.880   -8.691 -140.632   56.808   64.357    1609908776456
02    18.743    7.235   -9.144 -174.468    4.905  138.227    1609908776456
01    18.751    5.879   -8.672 -140.759   56.324   64.854    1609908776472
02    18.698    7.269   -9.065 -174.227    4.361  138.695    1609908776472
01    18.726    5.867   -8.696 -140.664   55.805   65.255    1609908776488
02    18.658    7.335   -9.029 -173.230    4.150  140.227    1609908776488
01    18.737    5.844   -8.692 -139.475   55.701   66.256    1609908776503
02    18.671    7.356   -8.979 -172.320    4.525  142.102    1609908776503
01    18.792    5.815   -8.622 -137.675   55.690   67.290    1609908776519
02    18.660    7.291   -9.031 -171.380    4.248  144.696    1609908776519
01    18.806    5.776   -8.597 -136.572   54.860   67.010    1609908776534
02    18.644    7.269   -9.012 -170.274    4.311  146.915    1609908776534
01    18.810    5.710   -8.576 -136.479   54.271   65.463    1609908776556
02    18.618    7.197   -9.018 -169.560    5.091  147.976    1609908776556
01    18.827    5.702   -8.454 -136.168   54.524   63.465    1609908776572
02    18.573    7.024   -9.107 -170.244    8.098  149.395    1609908776572
01    18.814    5.758   -8.145 -133.318   53.199   62.777    1609908776588
02    18.265    6.959   -9.820 -172.120   12.774  150.260    1609908776588
01    18.670    5.875   -7.788 -127.060   47.998   61.654    1609908776603
02    17.577    7.286  -11.594 -174.327   19.260  149.542    1609908776603
01    18.498    5.785   -7.733 -121.519   39.399   58.640    1609908776619
02    17.677    7.372  -12.564 -177.543   31.955  149.869    1609908776619
01    18.378    5.664   -7.671 -117.048   32.154   55.477    1609908776634
02    18.242    7.264  -12.614  176.294   49.261  148.310    1609908776634
01    18.345    5.465   -7.595 -113.889   26.610   53.600    1609908776650
02    18.900    7.225  -12.277  163.347   63.153  138.896    1609908776650
01    18.385    5.230   -7.426 -112.598   23.759   52.754    1609908776672
02    19.397    7.071  -11.940  145.556   71.604  123.461    1609908776672
01    18.452    5.027   -7.242 -112.090   22.664   52.613    1609908776688
02    19.691    6.980  -11.774  131.679   74.962  110.588    1609908776688
01    18.506    4.891   -7.117 -112.820   22.767   52.957    1609908776704
02    19.870    6.871  -11.683  121.245   76.249  100.556    1609908776704
01    18.550    4.793   -6.985 -114.892   23.786   54.060    1609908776719
02    19.988    6.854  -11.590  115.373   76.650   94.667    1609908776719
01    18.538    4.735   -6.961 -118.121   25.328   54.954    1609908776735
02    20.053    6.821  -11.524  114.556   76.601   94.068    1609908776735
01    18.472    4.733   -7.083 -121.822   27.068   55.564    1609908776750
02    20.083    6.759  -11.517  120.281   76.352  100.227    1609908776750
01    18.389    4.822   -7.275 -125.333   29.154   55.862    1609908776772
02    20.136    6.690  -11.513  125.041   76.408  105.176    1609908776772
01    18.296    5.061   -7.444 -127.391   30.811   55.602    1609908776788
02    20.186    6.653  -11.548  129.408   77.409  109.605    1609908776788
01    18.251    5.208   -7.540 -128.437   31.785   55.304    1609908776804
02    20.249    6.570  -11.542  132.937   79.027  114.000    1609908776804
01    18.234    5.258   -7.587 -129.165   32.366   55.062    1609908776819
02    20.295    6.497  -11.502  138.699   80.175  120.304    1609908776819
01    18.224    5.270   -7.639 -129.974   32.759   54.750    1609908776835
02    20.329    6.440  -11.319  145.779   79.513  128.107    1609908776835
01    18.213    5.290   -7.655 -130.987   33.508   54.551    1609908776851
02    20.403    6.574  -10.490  148.629   75.740  130.499    1609908776851
01    18.204    5.273   -7.690 -132.703   34.532   54.551    1609908776873
02    20.604    6.503   -8.738  151.540   67.213  133.558    1609908776873
01    18.148    5.326   -7.806 -135.922   36.401   54.029    1609908776888
02    20.202    6.645   -8.309  159.850   51.644  140.079    1609908776888
01    18.059    5.495   -8.047 -140.074   39.113   53.187    1609908776904
02    19.286    7.078   -9.015  172.074   25.959  147.201    1609908776904
01    17.980    5.666   -8.387 -144.572   42.100   52.357    1609908776920
02    18.281    7.645   -9.794 -176.618   -1.555  149.534    1609908776920
01    17.991    5.864   -8.580 -148.794   45.985   51.416    1609908776935
02    17.942    7.778   -9.659 -169.996  -18.539  148.722    1609908776935
01    18.089    6.015   -8.463 -151.936   49.840   50.503    1609908776951
02    18.082    7.695   -9.159 -169.399  -22.476  145.360    1609908776951
01    18.120    6.086   -8.351 -154.057   51.197   49.741    1609908776973
02    18.146    7.693   -8.873 -168.511  -24.598  142.960    1609908776973
01    18.045    6.148   -8.417 -156.745   51.214   48.171    1609908776989
02    18.196    7.712   -8.613 -167.587  -25.158  141.133    1609908776989
01    18.002    6.168   -8.525 -160.243   52.265   46.167    1609908777004
02    18.217    7.701   -8.497 -167.210  -25.811  140.722    1609908777004
01    18.025    6.195   -8.517 -162.692   54.296   44.355    1609908777020
02    18.285    7.627   -8.390 -167.871  -25.345  141.821    1609908777020
01    18.114    6.165   -8.441 -163.115   56.062   43.921    1609908777036
02    18.321    7.637   -8.321 -167.499  -24.901  142.954    1609908777036
01    18.213    6.129   -8.380 -161.414   57.025   44.593    1609908777051
02    18.367    7.585   -8.305 -167.680  -24.510  144.603    1609908777051
01    18.296    6.112   -8.334 -158.312   57.297   46.060    1609908777058
02    18.404    7.560   -8.292 -167.097  -23.949  145.805    1609908777058
01    18.385    6.044   -8.289 -154.910   56.974   47.950    1609908777089
02    18.400    7.559   -8.356 -165.722  -24.168  146.392    1609908777089
01    18.436    6.037   -8.267 -152.046   56.075   48.558    1609908777105
02    18.416    7.547   -8.372 -164.138  -23.864  145.886    1609908777105
01    18.458    6.016   -8.289 -150.240   54.900   48.245    1609908777120
02    18.484    7.514   -8.261 -162.716  -20.776  144.031    1609908777120
01    18.488    6.026   -8.269 -149.075   54.369   47.220    1609908777136
02    18.569    7.396   -8.192 -162.481  -15.563  142.428    1609908777136
01    18.577    6.096   -7.986 -144.185   54.075   48.678    1609908777151
02    18.668    7.149   -8.249 -166.058   -7.739  141.555    1609908777151
01    18.576    6.170   -7.706 -135.401   49.972   52.222    1609908777158
02    18.529    7.198   -8.757 -170.603    0.879  139.530    1609908777158
01    18.509    6.043   -7.718 -127.670   42.289   53.847    1609908777189
02    18.266    7.577   -9.532 -175.753   11.254  136.971    1609908777189
01    18.491    5.852   -7.756 -122.611   36.721   54.426    1609908777205
02    18.042    8.048  -10.704  178.638   22.071  136.113    1609908777205
01    18.532    5.615   -7.794 -119.703   34.029   55.186    1609908777220
02    18.227    8.140  -11.312  172.671   33.141  134.535    1609908777220
01    18.602    5.428   -7.810 -118.286   34.054   56.304    1609908777236
02    18.521    8.129  -11.479  167.576   41.587  131.607    1609908777236
01    18.694    5.320   -7.778 -116.795   34.904   58.020    1609908777252
02    18.835    8.053  -11.479  162.960   47.520  128.647    1609908777252
01    18.768    5.271   -7.712 -116.170   35.321   59.235    1609908777258
02    19.066    7.951  -11.521  159.498   51.887  126.741    1609908777258
01    18.799    5.249   -7.666 -116.711   35.123   59.585    1609908777289
02    19.245    7.893  -11.532  156.283   56.100  124.908    1609908777289
01    18.781    5.265   -7.653 -117.396   34.938   59.407    1609908777305
02    19.418    7.790  -11.537  152.345   59.316  122.832    1609908777305
01    18.759    5.276   -7.653 -118.160   34.778   59.037    1609908777321
02    19.555    7.712  -11.522  149.155   61.752  120.729    1609908777321
01    18.733    5.299   -7.674 -118.880   34.726   58.437    1609908777337
02    19.667    7.690  -11.496  146.253   63.985  118.530    1609908777337
01    18.705    5.309   -7.676 -119.581   34.776   58.057    1609908777352
02    19.769    7.580  -11.458  143.269   65.473  117.131    1609908777352
01    18.690    5.288   -7.682 -120.767   35.285   57.657    1609908777359
02    19.825    7.525  -11.373  142.796   66.230  117.371    1609908777359
01    18.666    5.278   -7.730 -122.585   36.382   57.104    1609908777390
02    19.841    7.493  -11.161  144.885   65.517  119.580    1609908777390
01    18.620    5.306   -7.885 -125.321   38.056   56.445    1609908777405
02    19.966    7.374  -10.462  146.307   63.223  121.037    1609908777405
01    18.515    5.438   -8.260 -130.737   41.699   55.018    1609908777421
02    20.029    7.263   -9.285  155.482   56.509  128.526    1609908777421
01    18.331    5.782   -8.826 -139.933   46.708   52.179    1609908777437
02    19.732    7.380   -8.777  168.082   46.047  138.006    1609908777437
01    18.212    6.347   -9.200 -151.128   52.506   46.813    1609908777452
02    19.282    7.596   -8.809  178.579   34.041  145.458    1609908777452
01    18.484    6.438   -8.937 -156.437   57.875   46.422    1609908777459
02    18.983    7.524   -9.094 -177.175   22.886  148.614    1609908777459
01    18.682    6.510   -8.527 -156.642   59.828   47.209    1609908777475
02    18.793    7.617   -9.161 -174.109   13.038  149.193    1609908777475
01    18.759    6.508   -8.311 -155.026   59.006   48.373    1609908777506
02    18.706    7.622   -9.132 -171.975    6.642  150.152    1609908777506
01    18.760    6.468   -8.177 -153.608   56.727   49.353    1609908777522
02    18.640    7.577   -9.036 -170.451    2.068  152.193    1609908777522
01    18.703    6.459   -8.081 -152.426   53.983   49.638    1609908777537
02    18.567    7.509   -8.910 -169.617   -1.240  154.640    1609908777537
01    18.638    6.459   -8.013 -150.805   51.903   50.365    1609908777553
02    18.513    7.451   -8.763 -169.015   -2.850  156.762    1609908777553
01    18.584    6.406   -8.012 -149.689   50.072   50.913    1609908777559
02    18.458    7.361   -8.657 -168.798   -4.038  158.242    1609908777559
01    18.521    6.371   -8.045 -148.628   48.683   51.058    1609908777575
02    18.418    7.248   -8.558 -168.700   -4.381  159.157    1609908777575
01    18.468    6.297   -8.123 -148.137   47.745   50.684    1609908777606
02    18.370    7.181   -8.541 -168.327   -4.586  158.279    1609908777606
01    18.421    6.261   -8.234 -147.646   47.557   50.191    1609908777622
02    18.366    7.106   -8.535 -168.181   -4.214  156.409    1609908777622
01    18.361    6.248   -8.418 -147.507   47.918   49.362    1609908777638
02    18.377    7.068   -8.543 -168.047   -2.232  153.816    1609908777638
01    18.400    6.231   -8.475 -146.974   49.875   49.185    1609908777653
02    18.383    7.039   -8.621 -168.450    1.359  151.531    1609908777653
01    18.522    6.221   -8.316 -144.791   52.471   50.509    1609908777660
02    18.316    7.083   -8.882 -169.990    6.387  149.812    1609908777660
01    18.610    6.215   -8.116 -140.890   52.920   52.902    1609908777675
02    18.145    7.248   -9.556 -172.336   12.378  148.114    1609908777675
01    18.647    6.222   -7.951 -136.032   51.362   55.490    1609908777691
02    18.018    7.590  -10.515 -175.110   19.197  147.002    1609908777691
01    18.639    6.174   -7.890 -130.827   47.520   57.816    1609908777722
02    18.168    7.672  -11.172 -178.950   28.432  146.164    1609908777722
01    18.627    6.095   -7.873 -126.115   42.999   59.008    1609908777738
02    18.441    7.678  -11.350  176.057   37.665  143.757    1609908777738
01    18.619    5.994   -7.890 -122.618   39.265   59.094    1609908777753
02    18.600    7.744  -11.527  171.147   43.673  140.245    1609908777753
01    18.637    5.850   -7.905 -119.773   37.331   59.285    1609908777760
02    18.868    7.799  -11.416  164.424   49.107  134.677    1609908777760
01    18.707    5.642   -7.921 -117.433   37.061   59.829    1609908777776
02    19.030    7.891  -11.403  159.692   52.360  130.030    1609908777776
01    18.806    5.483   -7.879 -115.406   37.417   60.967    1609908777791
02    19.182    7.869  -11.443  155.586   54.422  126.774    1609908777791
01    18.848    5.417   -7.862 -114.341   37.729   61.550    1609908777823
02    19.307    7.893  -11.458  152.269   56.266  123.634    1609908777823
01    18.905    5.323   -7.863 -114.258   37.902   62.418    1609908777838
02    19.486    7.814  -11.395  148.987   58.558  121.390    1609908777838
01    18.923    5.322   -7.864 -114.899   38.439   62.961    1609908777854
02    19.643    7.785  -11.247  146.646   59.746  119.316    1609908777854
01    18.908    5.339   -7.910 -116.386   39.146   63.275    1609908777860
02    19.807    7.630  -11.004  146.124   60.136  119.970    1609908777860
01    18.875    5.341   -8.014 -118.752   40.147   63.509    1609908777876
02    19.897    7.568  -10.693  149.351   58.162  122.849    1609908777876
01    18.831    5.386   -8.168 -121.609   41.623   63.550    1609908777891
02    19.882    7.568  -10.506  155.672   54.796  128.261    1609908777891
01    18.772    5.480   -8.396 -124.302   43.271   63.571    1609908777922
02    19.815    7.582  -10.443  161.289   51.470  133.163    1609908777922
01    18.741    5.599   -8.630 -126.872   45.405   63.799    1609908777938
02    19.896    7.475  -10.157  163.635   50.251  135.690    1609908777938
01    18.719    5.811   -9.033 -129.864   48.707   63.998    1609908777954
02    20.321    7.309   -8.870  164.713   48.360  136.125    1609908777954
01    18.825    6.024   -9.312 -133.733   54.092   64.496    1609908777960
02    20.142    7.489   -8.342  172.301   39.621  141.517    1609908777960
01    18.956    6.247   -9.280 -135.572   58.960   66.484    1609908777976
02    19.587    7.483   -9.098  177.780   26.256  144.805    1609908777976
01    19.103    6.397   -9.064 -136.285   62.259   68.703    1609908777992
02    19.391    7.615   -9.275  179.155   19.092  144.411    1609908777992
01    19.181    6.409   -8.966 -137.857   62.750   68.876    1609908778023
02    19.291    7.734   -9.290 -179.909   15.315  143.638    1609908778023
01    19.202    6.443   -8.918 -138.863   62.868   67.964    1609908778038
02    19.222    7.781   -9.290 -179.138   12.844  142.191    1609908778038
01    19.190    6.496   -8.855 -139.405   62.750   66.894    1609908778054
02    19.160    7.892   -9.249 -178.069   10.800  140.722    1609908778054
01    19.183    6.520   -8.789 -138.892   62.289   67.211    1609908778061
02    19.098    7.943   -9.200 -177.053    9.137  140.159    1609908778061
01    19.171    6.554   -8.763 -137.877   61.560   67.810    1609908778076
02    19.044    8.047   -9.112 -175.770    8.370  140.234    1609908778076
01    19.169    6.559   -8.765 -136.261   60.941   68.965    1609908778092
02    19.020    8.085   -9.082 -174.806    8.037  141.067    1609908778092
01    19.193    6.557   -8.706 -133.560   60.512   70.857    1609908778123
02    18.998    8.086   -9.084 -173.751    7.883  142.289    1609908778123
01    19.206    6.481   -8.701 -132.537   59.584   70.898    1609908778139
02    18.997    8.049   -9.044 -173.133    7.765  143.518    1609908778139
01    19.211    6.418   -8.659 -131.525   59.124   69.989    1609908778154
02    18.952    8.047   -9.047 -171.855    7.037  144.820    1609908778154
01    19.214    6.381   -8.566 -130.997   58.660   67.995    1609908778161
02    18.935    7.947   -9.049 -171.555    7.075  146.732    1609908778161
01    19.225    6.409   -8.135 -126.958   57.381   68.201    1609908778176
02    18.837    7.839   -9.310 -173.533    9.400  147.156    1609908778176
01    19.074    6.447   -7.916 -119.131   50.575   67.322    1609908778192
02    18.396    8.132  -10.296 -176.525   13.315  144.130    1609908778192
01    18.935    6.169   -7.971 -113.769   41.800   63.762    1609908778208
02    18.137    8.553  -11.382  179.156   19.826  140.974    1609908778208
01    18.878    5.820   -8.091 -110.107   36.822   60.993    1609908778239
02    18.195    8.840  -12.117  174.253   29.337  138.460    1609908778239
01    18.912    5.576   -8.087 -106.145   35.954   60.750    1609908778255
02    18.756    8.581  -12.184  166.069   43.771  135.031    1609908778255
01    19.020    5.327   -7.962 -103.882   35.822   62.516    1609908778261
02    19.309    8.241  -12.021  157.356   56.041  130.164    1609908778261
01    19.092    5.191   -7.855 -102.911   35.828   63.856    1609908778277
02    19.760    7.897  -11.798  148.909   64.367  124.197    1609908778277
01    19.125    5.133   -7.825 -102.910   35.980   65.083    1609908778292
02    20.110    7.687  -11.601  141.982   69.081  118.405    1609908778292
01    19.174    5.048   -7.803 -103.659   36.337   66.385    1609908778308
02    20.348    7.492  -11.516  138.520   71.847  115.753    1609908778308
01    19.167    5.059   -7.796 -104.639   36.751   66.943    1609908778339
02    20.506    7.324  -11.428  135.079   73.447  113.326    1609908778339
01    19.136    5.083   -7.798 -106.335   37.399   66.799    1609908778355
02    20.524    7.248  -11.410  136.963   73.456  115.485    1609908778355
01    19.081    5.097   -7.816 -108.561   38.136   66.208    1609908778361
02    20.467    7.264  -11.420  139.192   72.427  117.510    1609908778361
01    19.031    5.139   -7.802 -110.801   39.195   65.594    1609908778377
02    20.443    7.262  -11.352  139.328   71.678  117.647    1609908778377
01    18.975    5.179   -7.822 -113.006   39.998   64.944    1609908778393
02    20.416    7.260  -11.308  140.215   71.135  118.569    1609908778393
01    18.918    5.174   -7.896 -115.256   40.714   64.447    1609908778409
02    20.399    7.272  -11.221  141.163   70.425  119.245    1609908778409
01    18.872    5.186   -7.992 -117.324   41.513   64.478    1609908778440
02    20.444    7.276  -10.936  141.382   69.018  119.037    1609908778440
01    18.815    5.277   -8.122 -119.934   43.339   64.703    1609908778455
02    20.561    7.182  -10.257  143.306   65.796  120.429    1609908778455
01    18.712    5.440   -8.488 -124.482   46.085   64.516    1609908778462
02    20.799    7.056   -8.750  148.295   60.977  123.954    1609908778462
01    18.521    5.793   -9.251 -132.001   50.241   61.804    1609908778477
02    20.816    7.039   -7.380  157.420   53.579  130.718    1609908778477
01    18.840    6.165   -8.910 -134.605   59.108   63.431    1609908778493
02    19.217    7.387   -9.039  179.465   22.968  146.085    1609908778493
01    19.049    6.265   -8.818 -135.463   62.956   65.835    1609908778509
02    19.067    7.646   -9.220 -179.463   15.368  143.101    1609908778509
01    19.125    6.311   -8.771 -134.716   63.704   67.882    1609908778524
02    19.077    7.769   -9.149 -178.747   13.552  142.557    1609908778524
01    19.129    6.394   -8.758 -134.912   63.520   68.233    1609908778555
02    19.049    7.880   -9.087 -178.233   12.473  142.663    1609908778555
01    19.136    6.432   -8.760 -134.976   63.394   68.736    1609908778562
02    18.994    7.965   -9.090 -177.474   11.835  143.538    1609908778562
01    19.144    6.425   -8.782 -134.772   63.030   69.469    1609908778578
02    18.974    8.017   -9.090 -176.899   11.368  144.419    1609908778578
01    19.170    6.422   -8.754 -133.265   63.021   70.929    1609908778593
02    18.966    8.022   -9.110 -176.304   11.193  145.573    1609908778593
01    19.197    6.421   -8.684 -131.021   62.904   72.513    1609908778609
02    18.977    7.992   -9.093 -175.426   11.091  147.152    1609908778609
01    19.183    6.391   -8.676 -129.631   62.085   72.482    1609908778624
02    18.937    7.959   -9.095 -174.145   10.171  148.810    1609908778624
01    19.156    6.376   -8.643 -129.476   61.579   70.401    1609908778656
02    18.914    7.927   -9.067 -172.625    9.275  149.715    1609908778656
01    19.158    6.340   -8.544 -129.617   61.400   67.747    1609908778662
02    18.896    7.819   -9.071 -171.917    9.260  149.927    1609908778662
01    19.178    6.314   -8.238 -126.684   60.150   67.329    1609908778678
02    18.735    7.706   -9.482 -173.523   10.653  148.858    1609908778678
01    19.076    6.347   -7.828 -120.620   55.373   67.310    1609908778694
02    18.344    8.009  -10.457 -176.800   13.940  144.650    1609908778694
01    18.896    6.204   -7.776 -114.123   45.474   64.202    1609908778709
02    18.303    8.587  -11.082  177.355   20.169  138.862    1609908778709
01    18.787    5.923   -7.820 -110.915   38.224   60.450    1609908778725
02    18.446    8.874  -11.568  173.006   27.160  136.016    1609908778725
01    18.770    5.731   -7.751 -108.285   34.930   58.670    1609908778756
02    18.653    8.891  -11.939  167.558   36.539  133.509    1609908778756
01    18.756    5.566   -7.699 -106.828   32.942   57.942    1609908778763
02    19.002    8.712  -12.020  160.563   47.516  130.207    1609908778763
01    18.795    5.376   -7.576 -106.543   32.369   58.721    1609908778778
02    19.455    8.426  -11.883  151.534   57.992  124.462    1609908778778
01    18.834    5.265   -7.489 -106.809   32.681   59.483    1609908778794
02    19.884    8.068  -11.739  142.407   65.702  118.017    1609908778794
01    18.825    5.245   -7.485 -107.507   33.322   59.772    1609908778809
02    20.186    7.898  -11.557  133.314   70.835  109.690    1609908778809
01    18.810    5.261   -7.488 -108.851   34.039   59.496    1609908778825
02    20.365    7.661  -11.531  127.062   73.764  105.120    1609908778825
01    18.796    5.237   -7.492 -110.087   34.387   59.159    1609908778856
02    20.452    7.588  -11.448  123.116   74.748  101.261    1609908778856
01    18.763    5.192   -7.541 -111.327   34.499   58.540    1609908778863
02    20.433    7.534  -11.446  124.772   74.085  102.922    1609908778863
01    18.740    5.218   -7.522 -112.131   35.003   58.200    1609908778878
02    20.408    7.503  -11.368  125.483   73.156  103.666    1609908778878
01    18.721    5.220   -7.491 -113.400   35.463   58.165    1609908778894
02    20.340    7.535  -11.227  128.630   71.184  106.304    1609908778894
01    18.699    5.146   -7.521 -115.730   35.909   58.225    1609908778910
02    20.310    7.458  -10.885  133.378   68.513  110.592    1609908778910
01    18.668    5.115   -7.618 -118.774   37.217   58.502    1609908778925
02    20.344    7.360  -10.003  140.836   64.391  116.495    1609908778925
01    18.593    5.186   -7.846 -123.271   39.830   58.395    1609908778941
02    20.460    7.181   -8.420  150.244   58.293  123.813    1609908778941
01    18.464    5.439   -8.349 -129.337   43.872   57.502    1609908778963
02    20.084    7.327   -7.900  164.077   46.953  134.541    1609908778963
01    18.533    5.743   -8.536 -133.594   50.153   57.341    1609908778979
02    19.021    7.578   -8.551 -179.525   20.803  145.568    1609908778979
01    18.605    5.965   -8.510 -134.787   54.097   59.247    1609908778994
02    18.636    7.574   -8.817 -176.880    6.973  144.249    1609908778994
01    18.675    6.057   -8.381 -133.844   55.182   61.391    1609908779010
02    18.475    7.683   -8.791 -175.174    2.181  142.853    1609908779010
01    18.670    6.117   -8.284 -133.659   54.320   61.993    1609908779025
02    18.377    7.678   -8.735 -174.441   -0.186  142.847    1609908779025
01    18.633    6.142   -8.250 -133.663   53.086   62.714    1609908779041
02    18.318    7.669   -8.649 -174.138   -0.950  143.812    1609908779041
01    18.604    6.118   -8.235 -133.735   51.960   63.973    1609908779063
02    18.303    7.643   -8.548 -174.465   -0.746  145.596    1609908779063
01    18.589    6.119   -8.221 -133.188   51.278   65.269    1609908779078
02    18.291    7.627   -8.518 -174.508   -0.604  147.984    1609908779078
01    18.612    6.075   -8.193 -131.940   50.769   66.830    1609908779094
02    18.302    7.553   -8.533 -174.356   -0.471  150.712    1609908779094
01    18.645    6.025   -8.162 -130.551   50.393   67.357    1609908779110
02    18.273    7.527   -8.591 -173.164   -1.127  153.006    1609908779110
01    18.650    5.979   -8.190 -129.944   49.966   65.615    1609908779126
02    18.239    7.472   -8.624 -171.776   -1.756  154.432    1609908779126
01    18.648    5.959   -8.208 -130.289   50.362   62.232    1609908779156
02    18.259    7.423   -8.554 -170.258    0.066  153.973    1609908779156
01    18.670    6.003   -8.075 -128.329   50.617   60.141    1609908779163
02    18.216    7.282   -8.739 -171.301    4.445  153.208    1609908779163
01    18.636    6.075   -7.911 -123.839   47.880   58.596    1609908779179
02    17.754    7.441   -9.883 -173.946    9.188  150.295    1609908779179
01    18.544    6.055   -7.786 -117.246   40.680   56.032    1609908779194
02    17.386    8.274  -11.152 -178.848   15.918  144.611    1609908779194
01    18.524    5.827   -7.726 -113.213   34.081   53.473    1609908779210
02    17.577    8.816  -11.714  172.993   24.607  137.567    1609908779210
01    18.565    5.569   -7.674 -110.474   30.980   52.267    1609908779226
02    18.094    8.897  -11.846  162.722   35.869  130.377    1609908779226
01    18.696    5.252   -7.581 -108.767   30.630   52.902    1609908779241
02    18.692    8.678  -11.766  151.768   46.286  122.561    1609908779241
01    18.836    5.006   -7.521 -107.906   31.244   54.806    1609908779263
02    19.227    8.448  -11.631  141.805   53.839  114.265    1609908779263
01    18.960    4.911   -7.479 -107.854   32.336   56.739    1609908779279
02    19.640    8.193  -11.623  135.389   59.416  109.116    1609908779279
01    19.009    4.946   -7.465 -107.978   33.157   58.305    1609908779295
02    19.968    7.975  -11.613  129.995   63.838  104.861    1609908779295
01    19.015    4.942   -7.488 -109.195   33.488   59.160    1609908779310
02    20.236    7.746  -11.514  124.173   66.920  100.469    1609908779310
01    18.990    4.979   -7.507 -111.099   34.028   59.354    1609908779326
02    20.359    7.629  -11.418  123.654   67.456  100.627    1609908779326
01    18.939    5.066   -7.481 -113.566   35.007   59.132    1609908779341
02    20.362    7.599  -11.230  126.911   66.116  103.851    1609908779341
01    18.862    5.116   -7.514 -116.812   35.902   58.606    1609908779364
02    20.329    7.526  -10.897  132.412   63.066  108.890    1609908779364
01    18.766    5.164   -7.680 -120.299   37.136   58.022    1609908779379
02    20.323    7.453  -10.355  139.593   58.585  114.238    1609908779379
01    18.662    5.247   -7.966 -123.861   39.256   57.709    1609908779395
02    20.229    7.446   -9.706  149.840   52.514  121.587    1609908779395
01    18.512    5.449   -8.483 -129.526   43.231   57.095    1609908779410
02    20.086    7.462   -8.933  160.284   45.346  128.916    1609908779410
01    18.386    5.904   -9.120 -137.233   49.302   54.763    1609908779426
02    19.614    7.806   -8.728  173.132   33.787  137.444    1609908779426
01    18.495    6.188   -9.230 -139.952   54.340   55.877    1609908779442
02    19.134    7.674   -9.062  179.827   18.467  141.752    1609908779442
01    18.751    6.306   -8.877 -138.013   58.820   60.430    1609908779464
02    18.941    7.785   -9.066 -177.839   11.697  141.197    1609908779464
01    18.863    6.328   -8.702 -136.363   59.695   63.262    1609908779480
02    18.859    7.822   -9.036 -177.140    8.795  141.020    1609908779480
01    18.891    6.365   -8.638 -135.467   59.690   64.623    1609908779495
02    18.781    7.893   -9.026 -176.412    7.279  140.823    1609908779495
01    18.898    6.399   -8.591 -135.159   59.707   65.447    1609908779511
02    18.760    7.899   -8.988 -176.493    6.794  140.899    1609908779511
01    18.892    6.419   -8.576 -134.427   59.462   66.548    1609908779526
02    18.751    7.899   -8.947 -176.527    6.794  141.371    1609908779526
01    18.896    6.402   -8.589 -133.579   58.997   67.618    1609908779542
02    18.759    7.891   -8.920 -176.322    6.995  142.043    1609908779542
01    18.945    6.374   -8.518 -131.614   58.833   69.312    1609908779564
02    18.774    7.869   -8.885 -175.837    7.198  142.736    1609908779564
01    18.971    6.320   -8.479 -129.931   58.179   69.852    1609908779580
02    18.748    7.876   -8.868 -174.654    6.642  143.373    1609908779580
01    18.964    6.289   -8.431 -128.850   57.510   68.995    1609908779595
02    18.697    7.917   -8.865 -172.679    4.851  144.979    1609908779595
01    18.952    6.289   -8.331 -127.875   56.906   67.449    1609908779611
02    18.678    7.853   -8.851 -172.205    3.271  147.563    1609908779611
01    18.944    6.306   -8.070 -124.857   55.168   67.099    1609908779627
02    18.614    7.797   -9.005 -174.530    4.279  147.044    1609908779627
01    18.823    6.324   -7.863 -119.803   49.515   65.825    1609908779642
02    18.382    8.012   -9.594 -177.595    7.814  143.794    1609908779642
01    18.703    6.184   -7.835 -115.550   41.817   62.560    1609908779664
02    18.135    8.534  -10.522  179.221   13.523  141.413    1609908779664
01    18.666    5.985   -7.830 -113.029   37.073   60.155    1609908779680
02    18.017    8.946  -11.554  176.239   20.309  140.509    1609908779680
01    18.675    5.811   -7.795 -111.194   34.824   59.133    1609908779696
02    18.276    8.861  -12.151  172.270   30.132  140.187    1609908779696
01    18.716    5.651   -7.716 -110.333   33.867   59.619    1609908779711
02    18.805    8.551  -12.285  166.401   44.155  138.824    1609908779711
01    18.765    5.503   -7.609 -110.917   33.844   60.399    1609908779727
02    19.394    8.153  -12.133  158.392   57.004  134.806    1609908779727
01    18.772    5.457   -7.546 -112.664   34.328   60.955    1609908779743
02    19.833    7.759  -11.992  150.070   65.472  129.351    1609908779743
01    18.731    5.386   -7.580 -116.005   34.970   61.045    1609908779765
02    20.176    7.547  -11.772  141.015   70.549  121.444    1609908779765
01    18.672    5.401   -7.607 -119.742   36.311   61.059    1609908779780
02    20.370    7.458  -11.639  136.056   72.598  116.836    1609908779780
01    18.586    5.468   -7.680 -123.909   37.817   60.547    1609908779796
02    20.478    7.355  -11.555  134.819   73.178  115.810    1609908779796
01    18.503    5.565   -7.787 -127.836   39.139   59.774    1609908779812
02    20.554    7.260  -11.427  135.245   73.249  116.316    1609908779812
01    18.423    5.663   -7.938 -131.030   40.247   58.899    1609908779827
02    20.540    7.271  -11.288  138.822   71.442  119.285    1609908779827
01    18.377    5.734   -8.090 -133.295   41.751   58.430    1609908779843
02    20.531    7.307  -11.091  141.211   68.976  120.655    1609908779843
01    18.317    5.801   -8.397 -135.608   43.379   57.765    1609908779865
02    20.556    7.264  -10.794  143.935   66.209  122.031    1609908779865
01    18.236    5.955   -8.937 -138.815   46.318   56.321    1609908779881
02    20.747    7.116   -9.845  145.797   62.215  121.899    1609908779881
01    18.222    6.229   -9.540 -143.517   51.294   53.563    1609908779896
02    20.995    6.864   -8.203  152.722   55.797  125.595    1609908779896
01    18.787    6.344   -9.189 -147.019   61.359   53.665    1609908779912
02    20.087    7.655   -8.182  170.945   40.886  137.374    1609908779912
01    19.060    6.430   -8.987 -145.525   65.804   56.362    1609908779927
02    19.518    7.600   -9.041  177.418   27.323  140.892    1609908779927
01    19.234    6.434   -8.751 -140.602   66.951   61.449    1609908779943
02    19.308    7.705   -9.212 -179.264   20.494  141.958    1609908779943
01    19.311    6.416   -8.584 -136.655   66.356   65.085    1609908779965
02    19.233    7.658   -9.248 -177.706   16.374  142.455    1609908779965
01    19.264    6.431   -8.589 -134.893   64.524   65.994    1609908779981
02    19.111    7.690   -9.217 -176.395   13.326  142.109    1609908779981
01    19.217    6.442   -8.558 -133.490   63.156   66.559    1609908779996
02    19.019    7.688   -9.201 -175.388   11.086  142.001    1609908779996
01    19.158    6.400   -8.626 -133.279   61.884   66.094    1609908780012
02    18.947    7.688   -9.162 -174.623    9.785  141.507    1609908780012
01    19.127    6.336   -8.678 -132.797   61.107   65.785    1609908780028
02    18.881    7.716   -9.160 -173.780    8.649  140.625    1609908780028
01    19.106    6.303   -8.649 -131.538   60.741   65.475    1609908780043
02    18.817    7.760   -9.169 -172.633    6.479  140.515    1609908780043
01    19.099    6.256   -8.584 -129.425   60.181   65.807    1609908780066
02    18.763    7.795   -9.128 -171.376    3.665  142.704    1609908780066
01    19.110    6.159   -8.493 -127.159   59.375   66.567    1609908780081
02    18.725    7.783   -9.049 -170.698    1.370  145.972    1609908780081
01    19.146    6.131   -8.223 -123.811   58.137   67.851    1609908780097
02    18.713    7.716   -9.022 -172.411    2.675  147.980    1609908780097
01    19.082    6.122   -7.978 -118.928   53.406   67.907    1609908780112
02    18.641    7.705   -9.277 -175.132    7.111  147.755    1609908780112
01    18.943    6.121   -7.905 -114.713   45.738   64.683    1609908780128
02    18.305    7.989  -10.230 -177.827   12.415  145.542    1609908780128
01    18.840    5.965   -7.844 -111.490   38.778   61.375    1609908780144
02    18.196    8.411  -11.334  177.367   19.772  142.696    1609908780144
01    18.808    5.702   -7.822 -110.070   35.139   59.033    1609908780166
02    18.449    8.652  -11.783  172.035   28.398  139.452    1609908780166
01    18.816    5.481   -7.779 -108.395   34.304   58.440    1609908780181
02    18.871    8.595  -11.937  165.291   38.025  135.479    1609908780181
01    18.861    5.279   -7.761 -107.550   34.451   58.904    1609908780197
02    19.278    8.426  -11.942  157.653   47.860  130.456    1609908780197
01    18.913    5.144   -7.702 -107.470   35.415   60.199    1609908780213
02    19.693    8.249  -11.813  148.986   55.762  123.861    1609908780213
01    18.941    5.093   -7.655 -108.868   36.874   61.368    1609908780228
02    20.071    8.057  -11.620  140.589   61.685  116.852    1609908780228
01    18.927    5.025   -7.753 -111.965   38.379   61.772    1609908780244
02    20.357    7.908  -11.406  135.154   64.453  112.210    1609908780244
01    18.899    5.025   -7.848 -115.330   40.342   62.318    1609908780266
02    20.518    7.805  -11.206  133.894   64.934  111.073    1609908780266
01    18.813    5.141   -8.042 -119.335   42.715   61.871    1609908780282
02    20.664    7.615  -10.833  136.114   64.139  113.384    1609908780282
01    18.715    5.259   -8.329 -124.441   45.335   60.711    1609908780297
02    20.678    7.443  -10.399  143.350   60.654  119.625    1609908780297
01    18.652    5.485   -8.512 -128.868   48.772   59.523    1609908780313
02    20.533    7.418  -10.014  153.175   54.687  127.267    1609908780313
01    18.580    5.747   -8.784 -132.749   51.856   57.999    1609908780329
02    20.308    7.440   -9.843  161.930   48.472  133.836    1609908780329
01    18.587    6.005   -9.105 -136.178   55.914   57.395    1609908780344
02    20.203    7.376   -9.499  167.110   43.809  137.203    1609908780344
01    18.773    6.209   -9.187 -137.810   61.845   58.505    1609908780366
02    20.036    7.291   -9.063  172.017   35.362  140.015    1609908780366
01    18.961    6.305   -9.066 -134.870   65.074   63.250    1609908780382
02    19.550    7.418   -9.305  176.229   25.557  141.152    1609908780382
01    19.146    6.319   -8.812 -129.766   65.946   69.152    1609908780398
02    19.324    7.552   -9.282  178.770   20.967  140.869    1609908780398
01    19.192    6.313   -8.717 -127.284   64.388   71.166    1609908780413
02    19.187    7.590   -9.234 -179.311   17.624  140.590    1609908780413
01    19.201    6.308   -8.652 -125.809   62.996   72.052    1609908780429
02    19.059    7.623   -9.230 -177.529   14.659  140.375    1609908780429
01    19.178    6.321   -8.612 -125.033   61.647   72.203    1609908780445
02    18.969    7.592   -9.213 -176.614   12.453  140.536    1609908780445
01    19.160    6.324   -8.558 -124.517   60.611   72.277    1609908780467
02    18.872    7.604   -9.174 -175.513   10.667  140.541    1609908780467
01    19.140    6.278   -8.557 -124.715   59.531   71.779    1609908780482
02    18.782    7.593   -9.136 -174.909    9.284  140.774    1609908780482
01    19.115    6.251   -8.536 -124.948   58.886   71.148    1609908780498
02    18.685    7.632   -9.104 -174.047    8.523  140.671    1609908780498
01    19.092    6.235   -8.517 -125.033   58.301   70.586    1609908780514
02    18.667    7.556   -9.063 -173.995    8.260  141.119    1609908780514
01    19.049    6.227   -8.532 -125.019   57.576   69.798    1609908780529
02    18.595    7.613   -8.981 -173.003    8.326  141.323    1609908780529
01    19.008    6.241   -8.528 -124.408   57.167   69.303    1609908780545
02    18.539    7.621   -8.930 -172.498    8.388  142.306    1609908780545
01    18.980    6.228   -8.511 -123.648   57.035   68.708    1609908780567
02    18.478    7.608   -8.915 -172.190    8.608  144.139    1609908780567
01    18.993    6.212   -8.361 -121.559   56.744   68.998    1609908780583
02    18.436    7.557   -8.929 -172.526    9.512  147.701    1609908780583
01    18.954    6.216   -8.049 -117.573   53.951   68.652    1609908780598
02    18.196    7.587   -9.490 -173.694   11.919  149.472    1609908780598
01    18.839    6.204   -7.836 -112.905   47.835   66.242    1609908780614
02    17.769    7.793  -10.908 -176.250   15.852  148.969    1609908780614
01    18.714    6.020   -7.871 -110.258   40.764   61.961    1609908780629
02    17.772    8.300  -11.798  179.245   22.749  145.567    1609908780629
01    18.702    5.734   -7.828 -108.273   37.304   60.216    1609908780645
02    18.240    8.513  -11.947  170.739   33.127  139.273    1609908780645
01    18.753    5.482   -7.836 -107.280   36.517   59.614    1609908780670
02    18.841    8.441  -11.724  159.888   43.840  130.965    1609908780670
01    18.819    5.280   -7.876 -106.543   37.068   60.323    1609908780688
02    19.297    8.350  -11.525  151.389   50.922  123.702    1609908780688
01    18.897    5.156   -7.888 -106.507   38.965   61.842    1609908780698
02    19.627    8.187  -11.488  146.236   55.116  119.840    1609908780698
01    18.968    5.093   -7.907 -107.685   40.965   63.735    1609908780721
02    19.891    8.074  -11.437  142.775   58.328  116.887    1609908780721
01    18.983    5.109   -7.958 -110.072   42.928   64.775    1609908780739
02    20.110    7.974  -11.436  140.955   60.871  115.814    1609908780739
01    18.968    5.212   -7.971 -113.012   44.887   65.209    1609908780749
02    20.277    7.826  -11.466  139.688   63.146  115.786    1609908780749
01    18.915    5.287   -8.041 -117.113   45.868   64.489    1609908780771
02    20.456    7.685  -11.386  138.306   65.511  115.645    1609908780771
01    18.861    5.381   -8.094 -120.265   46.619   63.693    1609908780790
02    20.588    7.500  -11.245  137.774   66.389  116.293    1609908780790
01    18.803    5.502   -8.176 -122.001   47.059   63.293    1609908780802
02    20.769    7.260  -10.686  138.099   65.029  116.623    1609908780802
01    18.756    5.550   -8.349 -123.891   47.390   62.946    1609908780822
02    21.082    6.794   -9.187  141.591   59.957  118.352    1609908780822
01    18.695    5.614   -8.776 -126.329   48.882   62.369    1609908780832
02    20.928    6.985   -7.831  155.747   50.742  127.363    1609908780832
01    18.848    5.744   -8.849 -128.291   54.242   63.821    1609908780853
02    19.768    7.460   -8.393  176.614   31.521  143.907    1609908780853
01    18.902    5.923   -9.046 -131.747   58.500   64.041    1609908780871
02    19.286    7.447   -8.998  179.679   19.802  144.889    1609908780871
01    19.026    6.042   -8.925 -130.788   61.859   67.226    1609908780883
02    19.131    7.544   -9.092 -179.712   15.065  145.088    1609908780883
01    19.105    6.127   -8.715 -129.796   62.783   69.040    1609908780903
02    19.068    7.601   -9.046 -179.704   12.944  145.597    1609908780903
01    19.111    6.176   -8.617 -129.461   61.840   69.360    1609908780922
02    18.991    7.670   -8.978 -178.851   11.615  146.470    1609908780922
01    19.097    6.174   -8.590 -129.817   60.551   69.263    1609908780934
02    18.918    7.682   -8.954 -178.416   10.436  147.409    1609908780934
01    19.074    6.165   -8.598 -129.709   59.594   69.536    1609908780954
02    18.878    7.716   -8.909 -178.011    9.896  148.005    1609908780954
01    19.067    6.162   -8.588 -128.726   59.216   70.367    1609908780972
02    18.843    7.713   -8.933 -177.554    9.470  148.685    1609908780972
01    19.061    6.163   -8.601 -127.617   58.665   70.931    1609908780984
02    18.857    7.662   -8.923 -177.257    9.471  149.398    1609908780984
01    19.068    6.130   -8.585 -126.725   58.411   70.984    1609908781005
02    18.852    7.649   -8.906 -176.502    8.982  149.495    1609908781005
01    19.047    6.116   -8.612 -126.234   57.777   69.741    1609908781023
02    18.807    7.648   -8.909 -175.276    7.744  150.036    1609908781023
01    19.046    6.067   -8.608 -125.894   57.573   68.432    1609908781035
02    18.750    7.638   -8.943 -174.121    6.078  150.971    1609908781035
01    19.053    6.081   -8.504 -124.634   57.743   67.566    1609908781053
02    18.713    7.574   -9.018 -174.809    6.259  150.957    1609908781053
01    19.064    6.063   -8.312 -121.548   56.377   67.724    1609908781065
02    18.575    7.603   -9.386 -177.033    8.874  148.218    1609908781065
01    18.992    6.052   -8.155 -116.329   51.609   66.695    1609908781086
02    18.184    8.121  -10.468  179.975   12.975  143.426    1609908781086
01    18.932    5.897   -8.147 -112.549   45.988   64.443    1609908781106
02    18.181    8.706  -11.138  175.285   19.506  138.821    1609908781106
01    18.912    5.699   -8.221 -110.467   43.132   62.572    1609908781116
02    18.394    8.920  -11.580  171.377   27.152  136.670    1609908781116
01    18.937    5.529   -8.316 -107.906   42.812   62.452    1609908781136
02    18.765    8.769  -11.906  166.501   37.114  135.252    1609908781136
01    19.033    5.350   -8.359 -105.330   44.365   63.960    1609908781154
02    19.342    8.449  -11.818  159.407   48.558  132.120    1609908781154
01    19.149    5.238   -8.345 -102.853   46.172   66.386    1609908781167
02    19.819    8.088  -11.719  152.786   57.417  128.548    1609908781167
01    19.240    5.139   -8.309 -102.714   47.427   67.952    1609908781185
02    20.142    7.866  -11.704  147.290   62.645  124.520    1609908781185
01    19.282    5.111   -8.272 -103.959   48.347   68.849    1609908781205
02    20.420    7.674  -11.597  141.767   66.813  120.015    1609908781205
01    19.252    5.114   -8.285 -107.033   49.294   68.547    1609908781217
02    20.648    7.464  -11.515  137.269   69.691  116.543    1609908781217
01    19.183    5.154   -8.306 -111.389   50.323   67.513    1609908781237
02    20.761    7.371  -11.492  135.559   70.682  115.243    1609908781237
01    19.098    5.251   -8.311 -116.175   51.519   66.020    1609908781256
02    20.854    7.276  -11.475  134.867   71.654  115.043    1609908781256
01    18.992    5.321   -8.386 -121.340   52.188   64.000    1609908781268
02    20.939    7.197  -11.358  134.138   72.174  114.090    1609908781268
01    18.899    5.439   -8.447 -126.123   53.073   62.052    1609908781288
02    20.982    7.129  -11.161  136.516   71.320  115.994    1609908781288
01    18.831    5.559   -8.535 -131.088   54.269   59.906    1609908781306
02    21.079    7.035  -10.512  139.593   68.109  117.626    1609908781306
01    18.802    5.685   -8.664 -133.461   55.945   58.999    1609908781319
02    21.275    6.729   -8.997  147.107   62.646  123.318    1609908781319
01    18.853    5.726   -8.829 -133.508   57.788   59.901    1609908781339
02    21.143    6.777   -7.529  159.092   53.225  131.625    1609908781339
01    19.040    5.799   -8.654 -129.824   61.475   63.742    1609908781349
02    19.745    7.165   -8.507  175.940   30.202  142.169    1609908781349
01    19.089    5.847   -8.660 -128.614   62.269   65.736    1609908781367
02    19.190    7.324   -8.969  178.832   17.201  141.955    1609908781367
