01    13.442   -7.654   -7.981  116.563    2.412 -145.284    1613962971318
02    12.487  -11.035  -12.759  174.949   79.003   88.833    1613962971318
01    13.439   -7.661   -7.981  116.529    2.406 -145.239    1613962971334
02    12.486  -11.022  -12.772  174.414   78.834   88.195    1613962971334
01    13.444   -7.656   -7.978  116.548    2.377 -145.252    1613962971350
02    12.483  -11.026  -12.760  174.417   78.813   88.317    1613962971350
01    13.442   -7.649   -7.988  116.573    2.306 -145.207    1613962971356
02    12.480  -11.038  -12.747  174.593   78.795   88.533    1613962971356
01    13.448   -7.641   -7.978  116.606    2.300 -145.221    1613962971372
02    12.485  -11.028  -12.742  174.340   78.832   88.243    1613962971372
01    13.452   -7.641   -7.969  116.598    2.315 -145.229    1613962971388
02    12.481  -11.026  -12.749  174.086   78.722   88.053    1613962971388
01    13.450   -7.636   -7.978  116.590    2.244 -145.220    1613962971419
02    12.481  -11.029  -12.741  174.370   78.718   88.339    1613962971419
01    13.453   -7.630   -7.980  116.591    2.224 -145.209    1613962971434
02    12.475  -11.028  -12.746  174.084   78.643   88.070    1613962971434
01    13.456   -7.634   -7.976  116.570    2.223 -145.238    1613962971450
02    12.482  -11.016  -12.754  174.106   78.575   88.015    1613962971450
01    13.459   -7.632   -7.976  116.565    2.210 -145.245    1613962971457
02    12.482  -11.013  -12.758  173.657   78.613   87.616    1613962971457
01    13.460   -7.634   -7.976  116.541    2.222 -145.226    1613962971472
02    12.486  -11.002  -12.766  173.343   78.545   87.283    1613962971472
01    13.464   -7.632   -7.980  116.528    2.221 -145.244    1613962971488
02    12.490  -10.999  -12.764  173.501   78.530   87.453    1613962971488
01    13.464   -7.636   -7.987  116.475    2.210 -145.205    1613962971519
02    12.489  -10.997  -12.773  173.422   78.493   87.418    1613962971519
01    13.464   -7.637   -7.993  116.440    2.224 -145.160    1613962971535
02    12.505  -10.991  -12.766  173.385   78.556   87.382    1613962971535
01    13.472   -7.631   -7.998  116.466    2.240 -145.161    1613962971550
02    12.541  -10.975  -12.747  173.651   78.607   87.604    1613962971550
01    13.476   -7.626   -8.016  116.480    2.201 -145.115    1613962971557
02    12.535  -10.987  -12.750  173.777   78.550   87.773    1613962971557
01    13.494   -7.603   -8.015  116.570    2.174 -145.161    1613962971572
02    12.538  -10.986  -12.749  173.708   78.523   87.708    1613962971572
01    13.507   -7.606   -8.000  116.580    2.218 -145.250    1613962971588
02    12.542  -10.984  -12.756  173.682   78.483   87.687    1613962971588
01    13.507   -7.613   -8.003  116.560    2.225 -145.267    1613962971604
02    12.538  -10.969  -12.776  173.099   78.379   87.099    1613962971604
01    13.510   -7.613   -8.002  116.556    2.234 -145.261    1613962971635
02    12.554  -10.956  -12.773  172.843   78.372   86.825    1613962971635
01    13.512   -7.614   -8.005  116.558    2.239 -145.258    1613962971651
02    12.540  -10.981  -12.766  173.221   78.346   87.306    1613962971651
01    13.516   -7.602   -8.020  116.603    2.190 -145.222    1613962971657
02    12.547  -10.966  -12.777  172.887   78.278   86.915    1613962971657
01    13.516   -7.605   -8.023  116.616    2.163 -145.208    1613962971673
02    12.545  -10.970  -12.775  172.634   78.205   86.705    1613962971673
01    13.516   -7.616   -8.017  116.607    2.183 -145.192    1613962971688
02    12.545  -10.965  -12.777  172.783   78.163   86.825    1613962971688
01    13.518   -7.616   -8.011  116.638    2.173 -145.216    1613962971704
02    12.553  -10.957  -12.769  172.662   78.176   86.666    1613962971704
01    13.518   -7.617   -8.010  116.674    2.145 -145.236    1613962971735
02    12.555  -10.959  -12.765  172.775   78.139   86.748    1613962971735
01    13.518   -7.613   -8.014  116.800    2.042 -145.236    1613962971751
02    12.548  -10.970  -12.765  172.954   78.085   86.945    1613962971751
01    13.515   -7.613   -8.022  116.849    1.958 -145.212    1613962971757
02    12.550  -10.965  -12.770  172.626   78.060   86.590    1613962971757
01    13.513   -7.607   -8.032  117.005    1.845 -145.220    1613962971773
02    12.554  -10.957  -12.773  172.423   78.053   86.347    1613962971773
01    13.518   -7.604   -8.034  117.087    1.856 -145.358    1613962971789
02    12.554  -10.948  -12.786  171.819   78.007   85.701    1613962971789
01    13.514   -7.613   -8.039  117.031    1.911 -145.337    1613962971804
02    12.558  -10.951  -12.791  171.760   78.016   85.657    1613962971804
01    13.514   -7.615   -8.045  117.104    1.922 -145.359    1613962971836
02    12.549  -10.962  -12.810  171.470   77.945   85.496    1613962971836
01    13.516   -7.616   -8.050  117.120    1.927 -145.450    1613962971851
02    12.556  -10.936  -12.845  171.155   77.886   85.040    1613962971851
01    13.518   -7.615   -8.064  117.146    1.834 -145.529    1613962971858
02    12.550  -10.948  -12.850  171.394   77.869   85.271    1613962971858
01    13.519   -7.619   -8.064  117.177    1.896 -145.554    1613962971873
02    12.554  -10.937  -12.886  170.984   77.790   84.831    1613962971873
01    13.526   -7.611   -8.073  117.260    1.873 -145.589    1613962971889
02    12.546  -10.928  -12.898  170.655   77.785   84.530    1613962971889
01    13.523   -7.620   -8.078  117.277    1.913 -145.615    1613962971905
02    12.565  -10.933  -12.888  170.796   77.831   84.660    1613962971905
01    13.519   -7.603   -8.107  117.366    1.815 -145.624    1613962971920
02    12.599  -10.933  -12.871  170.878   77.952   84.686    1613962971920
01    13.523   -7.604   -8.109  117.427    1.839 -145.678    1613962971951
02    12.601  -10.937  -12.877  171.117   77.993   84.907    1613962971951
01    13.521   -7.616   -8.110  117.396    1.862 -145.702    1613962971958
02    12.597  -10.934  -12.889  170.760   78.045   84.543    1613962971958
01    13.519   -7.612   -8.121  117.459    1.779 -145.703    1613962971974
02    12.605  -10.942  -12.890  170.686   78.068   84.494    1613962971974
01    13.506   -7.618   -8.131  117.448    1.767 -145.664    1613962971989
02    12.614  -10.914  -12.901  170.633   78.026   84.311    1613962971989
01    13.509   -7.618   -8.126  117.497    1.782 -145.726    1613962972005
02    12.626  -10.903  -12.897  170.161   78.071   83.771    1613962972005
01    13.517   -7.605   -8.121  117.662    1.697 -145.805    1613962972020
02    12.606  -10.902  -12.913  169.910   77.931   83.545    1613962972020
01    13.504   -7.607   -8.127  117.692    1.589 -145.729    1613962972052
02    12.587  -10.901  -12.930  169.645   77.825   83.320    1613962972052
01    13.510   -7.608   -8.111  117.746    1.645 -145.790    1613962972058
02    12.606  -10.898  -12.915  169.610   77.892   83.269    1613962972058
01    13.505   -7.605   -8.116  117.770    1.570 -145.742    1613962972074
02    12.615  -10.899  -12.896  169.433   77.969   83.110    1613962972074
01    13.502   -7.599   -8.125  117.800    1.450 -145.681    1613962972090
02    12.610  -10.899  -12.892  169.488   77.948   83.195    1613962972090
01    13.504   -7.590   -8.122  117.897    1.417 -145.733    1613962972105
02    12.605  -10.898  -12.891  169.520   77.918   83.256    1613962972105
01    13.505   -7.589   -8.121  117.979    1.439 -145.732    1613962972121
02    12.605  -10.876  -12.906  169.271   77.838   82.930    1613962972121
01    13.495   -7.599   -8.128  117.908    1.444 -145.671    1613962972152
02    12.619  -10.856  -12.906  169.180   77.842   82.785    1613962972152
01    13.497   -7.595   -8.128  117.969    1.437 -145.699    1613962972159
02    12.602  -10.861  -12.914  169.034   77.804   82.732    1613962972159
01    13.486   -7.596   -8.140  117.952    1.330 -145.665    1613962972174
02    12.608  -10.843  -12.925  168.250   77.727   81.902    1613962972174
01    13.487   -7.589   -8.141  118.021    1.339 -145.717    1613962972190
02    12.606  -10.842  -12.927  168.197   77.730   81.862    1613962972190
01    13.488   -7.591   -8.133  117.987    1.382 -145.760    1613962972205
02    12.616  -10.828  -12.924  168.077   77.781   81.718    1613962972205
01    13.494   -7.582   -8.130  118.054    1.361 -145.812    1613962972221
02    12.607  -10.827  -12.928  167.906   77.741   81.597    1613962972221
01    13.493   -7.582   -8.130  118.033    1.329 -145.787    1613962972237
02    12.592  -10.809  -12.956  167.760   77.549   81.419    1613962972237
01    13.496   -7.582   -8.123  118.050    1.381 -145.818    1613962972259
02    12.605  -10.799  -12.942  168.002   77.607   81.592    1613962972259
01    13.494   -7.576   -8.127  118.080    1.318 -145.786    1613962972274
02    12.608  -10.791  -12.941  167.648   77.615   81.247    1613962972274
01    13.496   -7.565   -8.133  118.123    1.254 -145.774    1613962972290
02    12.593  -10.791  -12.956  167.472   77.507   81.096    1613962972290
01    13.499   -7.561   -8.130  118.130    1.285 -145.764    1613962972306
02    12.583  -10.799  -12.952  167.502   77.485   81.172    1613962972306
01    13.505   -7.553   -8.124  118.165    1.330 -145.767    1613962972321
02    12.578  -10.790  -12.957  167.217   77.403   80.883    1613962972321
01    13.499   -7.557   -8.127  118.145    1.342 -145.740    1613962972337
02    12.576  -10.785  -12.958  167.337   77.375   80.982    1613962972337
01    13.494   -7.553   -8.135  118.141    1.305 -145.701    1613962972359
02    12.579  -10.802  -12.938  167.855   77.440   81.516    1613962972359
01    13.486   -7.554   -8.141  118.123    1.285 -145.634    1613962972375
02    12.573  -10.794  -12.945  167.528   77.338   81.179    1613962972375
01    13.487   -7.553   -8.130  118.125    1.283 -145.615    1613962972390
02    12.570  -10.782  -12.946  167.541   77.248   81.100    1613962972390
01    13.490   -7.546   -8.122  118.143    1.278 -145.607    1613962972406
02    12.581  -10.778  -12.922  167.823   77.334   81.352    1613962972406
01    13.483   -7.549   -8.120  118.105    1.233 -145.501    1613962972422
02    12.584  -10.772  -12.913  167.970   77.338   81.450    1613962972422
01    13.479   -7.548   -8.117  118.096    1.172 -145.395    1613962972437
02    12.571  -10.764  -12.924  167.784   77.185   81.237    1613962972437
01    13.475   -7.551   -8.106  118.034    1.230 -145.327    1613962972459
02    12.569  -10.759  -12.915  167.960   77.127   81.362    1613962972459
01    13.471   -7.547   -8.104  118.031    1.172 -145.213    1613962972475
02    12.577  -10.741  -12.895  168.088   77.118   81.424    1613962972475
01    13.471   -7.536   -8.097  118.073    1.101 -145.179    1613962972491
02    12.564  -10.749  -12.877  168.120   77.124   81.517    1613962972491
01    13.467   -7.538   -8.081  118.032    1.123 -145.140    1613962972506
02    12.549  -10.755  -12.874  168.070   77.029   81.508    1613962972506
01    13.452   -7.545   -8.084  117.888    1.066 -145.014    1613962972522
02    12.539  -10.748  -12.873  168.050   76.904   81.479    1613962972522
01    13.452   -7.532   -8.082  117.951    0.990 -145.000    1613962972538
02    12.545  -10.742  -12.853  167.861   76.928   81.251    1613962972538
01    13.462   -7.515   -8.074  118.035    0.960 -145.034    1613962972560
02    12.538  -10.742  -12.836  168.019   76.912   81.398    1613962972560
01    13.453   -7.523   -8.074  117.887    0.955 -144.927    1613962972575
02    12.525  -10.734  -12.833  168.094   76.856   81.484    1613962972575
01    13.458   -7.513   -8.065  117.937    0.972 -144.895    1613962972591
02    12.511  -10.729  -12.835  168.140   76.691   81.577    1613962972591
01    13.458   -7.507   -8.066  117.933    0.922 -144.886    1613962972607
02    12.492  -10.721  -12.847  167.866   76.464   81.377    1613962972607
01    13.465   -7.495   -8.058  118.012    0.910 -144.855    1613962972622
02    12.476  -10.719  -12.854  167.915   76.303   81.472    1613962972622
01    13.467   -7.485   -8.051  118.009    0.908 -144.874    1613962972638
02    12.464  -10.731  -12.845  168.438   76.350   82.064    1613962972638
01    13.465   -7.489   -8.047  117.988    0.965 -144.805    1613962972660
02    12.464  -10.741  -12.831  168.244   76.394   81.969    1613962972660
01    13.467   -7.492   -8.039  117.989    1.012 -144.785    1613962972676
02    12.457  -10.745  -12.820  168.522   76.439   82.241    1613962972676
01    13.451   -7.502   -8.044  117.917    0.978 -144.674    1613962972691
02    12.449  -10.742  -12.818  168.522   76.346   82.211    1613962972691
01    13.451   -7.506   -8.036  117.909    1.002 -144.642    1613962972707
02    12.424  -10.743  -12.827  168.652   76.203   82.310    1613962972707
01    13.450   -7.506   -8.035  117.937    0.981 -144.549    1613962972723
02    12.433  -10.734  -12.816  168.810   76.252   82.366    1613962972723
01    13.448   -7.504   -8.030  117.948    1.021 -144.540    1613962972738
02    12.435  -10.718  -12.820  168.646   76.200   82.141    1613962972738
01    13.446   -7.501   -8.029  117.959    0.969 -144.505    1613962972760
02    12.440  -10.716  -12.806  168.674   76.211   82.158    1613962972760
01    13.447   -7.503   -8.023  117.975    1.027 -144.481    1613962972776
02    12.427  -10.724  -12.805  168.698   76.121   82.242    1613962972776
01    13.441   -7.509   -8.022  117.955    1.046 -144.404    1613962972792
02    12.417  -10.729  -12.798  168.726   76.077   82.301    1613962972792
01    13.442   -7.508   -8.015  117.971    1.073 -144.420    1613962972807
02    12.420  -10.747  -12.774  169.130   76.147   82.747    1613962972807
01    13.440   -7.501   -8.025  117.998    0.988 -144.332    1613962972823
02    12.422  -10.747  -12.768  169.264   76.153   82.836    1613962972823
01    13.440   -7.496   -8.025  118.049    0.991 -144.316    1613962972838
02    12.414  -10.733  -12.783  168.882   76.015   82.413    1613962972838
01    13.439   -7.495   -8.024  118.100    1.028 -144.234    1613962972861
02    12.423  -10.732  -12.769  169.055   76.009   82.522    1613962972861
01    13.437   -7.499   -8.018  118.104    1.071 -144.177    1613962972876
02    12.418  -10.717  -12.779  168.848   75.886   82.223    1613962972876
01    13.432   -7.495   -8.022  118.148    0.978 -144.106    1613962972892
02    12.405  -10.710  -12.790  168.734   75.630   82.073    1613962972892
01    13.430   -7.488   -8.024  118.202    0.865 -144.073    1613962972907
02    12.394  -10.726  -12.774  169.178   75.679   82.618    1613962972907
01    13.425   -7.492   -8.018  118.179    0.870 -144.020    1613962972923
02    12.385  -10.711  -12.784  168.876   75.489   82.211    1613962972923
01    13.418   -7.491   -8.019  118.241    0.805 -143.916    1613962972939
02    12.386  -10.706  -12.781  168.564   75.449   81.863    1613962972939
01    13.419   -7.476   -8.021  118.358    0.681 -143.952    1613962972961
02    12.372  -10.708  -12.785  168.483   75.345   81.853    1613962972961
01    13.415   -7.481   -8.011  118.287    0.788 -143.894    1613962972977
02    12.372  -10.703  -12.779  168.565   75.356   81.856    1613962972977
01    13.414   -7.483   -8.001  118.313    0.833 -143.960    1613962972992
02    12.371  -10.711  -12.761  168.816   75.489   82.178    1613962972992
01    13.408   -7.480   -8.003  118.381    0.768 -143.864    1613962973008
02    12.366  -10.698  -12.769  168.582   75.370   81.841    1613962973008
01    13.412   -7.472   -8.000  118.463    0.728 -143.910    1613962973023
02    12.354  -10.706  -12.764  168.861   75.356   82.161    1613962973023
01    13.403   -7.484   -7.996  118.370    0.776 -143.825    1613962973039
02    12.334  -10.730  -12.759  169.159   75.286   82.552    1613962973039
01    13.402   -7.481   -7.994  118.476    0.793 -143.795    1613962973061
02    12.333  -10.733  -12.749  169.233   75.300   82.604    1613962973061
01    13.395   -7.485   -7.996  118.466    0.799 -143.709    1613962973077
02    12.318  -10.736  -12.746  169.451   75.290   82.843    1613962973077
01    13.385   -7.489   -7.998  118.478    0.772 -143.630    1613962973092
02    12.303  -10.731  -12.756  169.261   75.182   82.649    1613962973092
01    13.378   -7.488   -7.999  118.515    0.773 -143.580    1613962973108
02    12.296  -10.733  -12.747  169.273   75.176   82.662    1613962973108
01    13.375   -7.483   -8.007  118.614    0.744 -143.492    1613962973124
02    12.279  -10.733  -12.762  169.060   75.121   82.467    1613962973124
01    13.359   -7.496   -8.006  118.540    0.794 -143.400    1613962973139
02    12.289  -10.723  -12.754  169.028   75.136   82.380    1613962973139
01    13.358   -7.489   -8.009  118.583    0.788 -143.398    1613962973161
02    12.275  -10.729  -12.754  169.082   75.085   82.464    1613962973161
01    13.350   -7.501   -8.001  118.435    0.875 -143.435    1613962973177
02    12.278  -10.720  -12.749  169.076   75.012   82.468    1613962973177
01    13.354   -7.498   -7.998  118.427    0.952 -143.572    1613962973193
02    12.287  -10.724  -12.728  169.360   75.010   82.787    1613962973193
01    13.296   -7.484   -8.171  118.383    0.119 -143.630    1613962973208
02    12.183  -10.707  -12.856  165.081   74.175   78.757    1613962973208
01    13.384   -7.487   -7.960  118.346    1.252 -143.996    1613962973224
02    12.368  -10.695  -12.656  171.821   75.216   85.325    1613962973224
01    13.334   -7.475   -8.121  118.368    0.677 -144.090    1613962973240
02    12.187  -10.692  -12.864  165.265   73.847   79.401    1613962973240
01    13.408   -7.464   -7.961  118.476    1.596 -144.493    1613962973262
02    12.371  -10.661  -12.691  170.542   74.958   84.250    1613962973262
01    13.363   -7.461   -8.104  118.581    1.090 -144.650    1613962973277
02    12.211  -10.682  -12.866  165.194   73.786   79.541    1613962973277
01    13.402   -7.475   -7.993  118.647    1.866 -145.106    1613962973293
02    12.381  -10.650  -12.707  170.395   74.594   84.211    1613962973293
01    13.357   -7.477   -8.128  118.741    1.491 -145.569    1613962973309
02    12.253  -10.668  -12.852  165.140   73.545   79.628    1613962973309
01    13.386   -7.483   -8.060  119.036    2.583 -146.715    1613962973324
02    12.412  -10.647  -12.702  168.422   74.231   82.683    1613962973324
01    13.329   -7.503   -8.188  119.496    2.135 -147.970    1613962973340
02    12.298  -10.642  -12.862  163.155   72.793   77.960    1613962973340
01    13.348   -7.518   -8.128  120.706    4.166 -150.521    1613962973362
02    12.439  -10.625  -12.730  165.635   72.951   80.384    1613962973362
01    13.279   -7.536   -8.271  121.973    3.277 -152.759    1613962973378
02    12.334  -10.626  -12.879  161.731   70.964   77.095    1613962973378
01    13.271   -7.567   -8.260  123.995    6.003 -155.900    1613962973393
02    12.479  -10.604  -12.750  163.933   70.661   79.308    1613962973393
01    13.188   -7.607   -8.448  125.597    5.264 -158.701    1613962973409
02    12.385  -10.615  -12.879  160.266   67.972   76.556    1613962973409
01    13.203   -7.622   -8.477  128.644    8.478 -162.367    1613962973425
02    12.538  -10.589  -12.740  162.442   67.387   78.884    1613962973425
01    13.088   -7.693   -8.831  131.288    8.114 -166.034    1613962973440
02    12.481  -10.581  -12.811  157.477   61.696   75.681    1613962973440
01    13.133   -7.745   -8.913  136.181   12.773 -169.584    1613962973462
02    12.649  -10.527  -12.544  159.415   57.159   78.762    1613962973462
01    12.810   -8.070   -9.656  140.177   14.307 -172.038    1613962973478
02    12.653  -10.462  -12.350  154.729   43.664   75.734    1613962973478
01    12.888   -8.361   -9.778  145.693   22.280 -172.379    1613962973494
02    12.710  -10.342  -11.529  152.057   28.144   75.785    1613962973494
01    12.650   -8.781  -10.312  146.482   23.282 -172.651    1613962973509
02    12.391   -9.937  -11.616  151.312    6.703   69.898    1613962973509
01    12.990   -8.914   -9.917  148.544   28.526 -173.654    1613962973525
02    12.474   -9.742  -11.333  153.848    5.720   70.129    1613962973525
01    12.826   -9.135  -10.215  146.541   26.621 -175.214    1613962973540
02    12.357   -9.644  -11.447  153.015    2.646   66.850    1613962973540
01    13.092   -9.053   -9.973  146.976   28.449 -175.831    1613962973563
02    12.473   -9.582  -11.290  153.297    5.079   67.281    1613962973563
01    12.946   -9.137  -10.305  145.294   26.264 -176.755    1613962973578
02    12.395   -9.534  -11.451  152.199    3.176   64.630    1613962973578
01    13.192   -9.025  -10.105  145.845   28.409 -177.677    1613962973594
02    12.538   -9.504  -11.342  152.656    6.213   64.990    1613962973594
01    13.046   -9.130  -10.412  144.253   27.232 -178.456    1613962973609
02    12.508   -9.461  -11.514  151.895    5.102   62.591    1613962973609
01    13.307   -9.019  -10.212  144.256   29.759 -179.488    1613962973625
02    12.638   -9.451  -11.448  151.780    7.520   63.548    1613962973625
01    13.190   -9.127  -10.453  142.448   28.882 -179.268    1613962973641
02    12.602   -9.442  -11.608  150.213    6.182   62.417    1613962973641
01    13.393   -9.058  -10.236  141.793   30.769 -179.128    1613962973663
02    12.724   -9.438  -11.516  149.353    7.854   63.381    1613962973663
01    13.267   -9.171  -10.360  139.460   29.581 -177.401    1613962973679
02    12.668   -9.421  -11.630  147.082    5.659   62.109    1613962973679
01    13.376   -9.112  -10.166  137.629   30.197 -175.833    1613962973694
02    12.773   -9.347  -11.539  146.471    7.161   61.052    1613962973694
01    13.287   -9.164  -10.157  133.723   27.796 -174.298    1613962973710
02    12.697   -9.252  -11.751  145.721    8.345   58.963    1613962973710
01    13.354   -9.039   -9.935  129.587   24.729 -173.478    1613962973725
02    12.651   -9.191  -12.050  145.677   14.536   59.159    1613962973725
01    13.343   -8.913   -9.864  123.963   18.480 -170.432    1613962973741
02    12.138   -9.247  -13.332  144.616   20.346   58.966    1613962973741
01    13.423   -8.756   -9.675  119.496   13.932 -167.395    1613962973763
02    12.398   -9.744  -13.722  147.407   38.255   63.028    1613962973763
01    13.539   -8.485   -9.550  116.201    7.888 -163.164    1613962973779
02    12.328  -10.434  -14.585  147.161   51.408   65.080    1613962973779
01    13.739   -8.181   -9.457  113.750    5.934 -160.465    1613962973794
02    13.345  -10.684  -14.139  152.310   72.644   67.047    1613962973794
01    13.921   -7.985   -9.416  112.071    5.383 -159.132    1613962973810
02    13.246  -11.051  -14.693  140.595   77.595   57.850    1613962973810
01    13.984   -7.919   -9.444  111.636    5.615 -159.011    1613962973826
02    14.220  -10.952  -14.033   13.006   86.736  -75.650    1613962973826
01    14.059   -7.843   -9.459  111.794    6.149 -159.513    1613962973841
02    13.941  -11.205  -14.586   58.504   85.810  -26.184    1613962973841
01    14.079   -7.869   -9.494  111.498    6.912 -159.949    1613962973863
02    14.650  -11.114  -14.000   -5.118   80.087  -94.117    1613962973863
01    14.171   -7.811   -9.463  111.563    7.623 -160.560    1613962973879
02    14.353  -11.288  -14.544   10.227   82.735  -75.751    1613962973879
01    14.157   -7.836   -9.566  111.354    7.527 -160.631    1613962973895
02    14.900  -11.125  -14.103   -6.256   77.563  -95.884    1613962973895
01    14.213   -7.786   -9.543  111.513    7.968 -160.965    1613962973910
02    14.550  -11.283  -14.576    1.633   80.983  -85.023    1613962973910
01    14.195   -7.773   -9.648  111.632    7.533 -161.029    1613962973926
02    15.027  -11.121  -14.132   -5.230   76.434  -95.082    1613962973926
01    14.232   -7.767   -9.572  111.518    8.398 -161.314    1613962973942
02    14.690  -11.225  -14.567    4.374   80.115  -82.833    1613962973942
01    14.168   -7.786   -9.669  111.551    7.977 -161.295    1613962973964
02    15.051  -11.046  -14.195    0.564   77.177  -89.305    1613962973964
01    14.205   -7.776   -9.559  112.007    9.042 -162.038    1613962973979
02    14.732  -11.064  -14.536   19.182   80.878  -68.207    1613962973979
01    14.125   -7.774   -9.672  113.188    8.836 -162.689    1613962973995
02    14.929  -10.922  -14.218   24.428   81.387  -64.440    1613962973995
01    14.125   -7.774   -9.620  115.151   10.449 -164.262    1613962974011
02    14.674  -10.899  -14.324   78.040   82.284   -8.317    1613962974011
01    14.036   -7.786   -9.737  118.368   11.158 -166.831    1613962974026
02    14.692  -10.797  -14.015  110.356   80.384   24.188    1613962974026
01    13.996   -7.838   -9.735  122.947   14.850 -170.355    1613962974042
02    14.495  -10.705  -13.869  130.997   72.919   46.712    1613962974042
01    13.929   -7.864   -9.852  128.705   17.156 -174.157    1613962974064
02    14.395  -10.622  -13.440  142.146   63.177   59.524    1613962974064
01    13.795   -8.054   -9.992  133.348   22.082 -174.135    1613962974080
02    14.117  -10.447  -12.646  145.285   46.796   64.293    1613962974080
01    13.602   -8.318  -10.306  137.645   25.852 -175.311    1613962974095
02    13.647   -9.803  -12.201  148.788   18.872   64.390    1613962974095
01    13.531   -8.678  -10.175  138.920   29.207 -173.846    1613962974111
02    13.163   -9.546  -11.862  149.747    7.195   66.928    1613962974111
01    13.450   -8.732  -10.219  138.935   27.573 -176.009    1613962974127
02    12.953   -9.352  -11.565  150.354    4.496   66.654    1613962974127
01    13.387   -8.878  -10.093  138.704   27.758 -174.652    1613962974142
02    12.700   -9.395  -11.476  149.893    3.451   67.938    1613962974142
01    13.342   -8.806  -10.177  138.735   25.748 -176.327    1613962974164
02    12.669   -9.276  -11.380  150.308    3.278   66.797    1613962974164
01    13.300   -8.906  -10.074  138.534   26.523 -175.178    1613962974180
02    12.566   -9.350  -11.339  150.079    3.538   67.509    1613962974180
01    13.235   -8.877  -10.135  138.295   25.338 -176.205    1613962974196
02    12.546   -9.280  -11.324  150.003    3.157   66.663    1613962974196
01    13.212   -8.957  -10.028  137.479   26.463 -174.741    1613962974211
02    12.433   -9.416  -11.286  148.362    3.218   67.985    1613962974211
01    13.163   -8.926  -10.085  136.374   25.360 -174.908    1613962974227
02    12.419   -9.347  -11.265  147.087    2.198   67.070    1613962974227
01    13.166   -8.954   -9.951  134.962   26.135 -172.672    1613962974242
02    12.351   -9.341  -11.224  145.092    1.534   66.735    1613962974242
01    13.100   -8.927   -9.992  133.246   24.693 -171.117    1613962974265
02    12.402   -9.121  -11.220  144.496    1.441   63.950    1613962974265
01    13.113   -8.930   -9.795  130.269   24.262 -169.087    1613962974280
02    12.369   -8.984  -11.386  144.820    5.682   62.676    1613962974280
01    13.028   -8.872   -9.777  125.968   19.245 -167.837    1613962974296
02    12.069   -8.922  -12.046  144.796   11.244   62.010    1613962974296
01    13.103   -8.718   -9.544  121.033   15.256 -165.490    1613962974311
02    11.814   -9.101  -12.852  145.241   20.239   63.329    1613962974311
01    13.102   -8.514   -9.508  117.060    7.035 -162.604    1613962974327
02    11.627   -9.662  -13.826  146.732   32.260   65.737    1613962974327
01    13.362   -8.141   -9.138  114.637    5.274 -160.199    1613962974343
02    12.034  -10.322  -14.101  151.899   52.118   71.485    1613962974343
01    13.419   -7.942   -9.266  112.375    1.306 -157.443    1613962974365
02    12.610  -10.593  -14.101  151.914   68.618   69.619    1613962974365
01    13.655   -7.799   -9.011  111.415    3.863 -157.456    1613962974381
02    12.798  -10.972  -14.268  157.711   77.453   76.059    1613962974381
01    13.622   -7.774   -9.237  110.759    1.653 -156.581    1613962974396
02    13.259  -10.990  -14.121  152.788   85.792   68.277    1613962974396
01    13.762   -7.741   -9.062  110.871    4.362 -157.564    1613962974412
02    13.302  -11.234  -14.237  174.774   87.259   92.359    1613962974412
01    13.695   -7.742   -9.313  111.042    2.604 -157.156    1613962974427
02    13.638  -11.137  -14.117   28.325   88.437  -56.035    1613962974427
01    13.831   -7.719   -9.142  111.523    5.482 -158.530    1613962974443
02    13.611  -11.329  -14.194  -71.508   89.640 -153.265    1613962974443
01    13.742   -7.750   -9.399  111.723    4.184 -158.410    1613962974465
02    13.862  -11.179  -14.121   25.584   87.101  -57.369    1613962974465
01    13.861   -7.725   -9.275  112.928    7.287 -160.407    1613962974481
02    13.887  -11.229  -14.164   63.863   88.351  -16.516    1613962974481
01    13.785   -7.738   -9.530  114.352    7.358 -161.412    1613962974496
02    14.021  -11.077  -14.117   86.160   85.739    5.880    1613962974496
01    13.849   -7.743   -9.512  116.692   10.807 -163.844    1613962974512
02    14.078  -11.028  -14.046  116.697   83.034   38.426    1613962974512
01    13.783   -7.769   -9.737  119.191   12.117 -165.945    1613962974528
02    14.085  -10.881  -13.995  123.363   77.840   45.579    1613962974528
01    13.797   -7.821   -9.790  123.129   16.825 -168.529    1613962974543
02    14.120  -10.738  -13.788  130.500   71.904   53.572    1613962974543
01    13.698   -7.913  -10.070  128.080   19.998 -170.663    1613962974565
02    14.038  -10.632  -13.502  134.469   64.447   58.370    1613962974565
01    13.659   -8.101  -10.228  133.478   26.786 -170.727    1613962974581
02    13.982  -10.484  -12.457  139.283   54.604   64.319    1613962974581
01    13.448   -8.478  -10.670  137.098   30.600 -170.484    1613962974597
02    13.560   -9.965  -12.182  144.195   29.414   67.106    1613962974597
01    13.538   -8.739  -10.447  139.417   35.318 -170.521    1613962974612
02    13.229   -9.645  -11.844  146.340   15.496   69.678    1613962974612
01    13.411   -8.886  -10.509  138.881   33.061 -171.848    1613962974628
02    12.898   -9.484  -11.858  146.394    8.461   68.933    1613962974628
01    13.400   -8.949  -10.358  138.936   32.610 -171.929    1613962974644
02    12.782   -9.424  -11.652  146.757    7.327   69.526    1613962974644
01    13.308   -8.972  -10.373  138.556   30.812 -172.459    1613962974666
02    12.645   -9.342  -11.642  146.751    5.406   68.496    1613962974666
01    13.291   -8.985  -10.256  138.786   30.958 -172.077    1613962974681
02    12.623   -9.331  -11.482  147.056    5.787   69.430    1613962974681
01    13.222   -8.985  -10.260  138.526   30.041 -171.943    1613962974697
02    12.529   -9.286  -11.508  146.822    4.290   69.546    1613962974697
01    13.214   -9.000  -10.144  138.567   30.534 -170.770    1613962974713
02    12.493   -9.316  -11.380  146.077    4.241   70.876    1613962974713
01    13.172   -8.991  -10.115  138.170   29.861 -169.374    1613962974728
02    12.379   -9.318  -11.374  144.483    2.711   71.195    1613962974728
01    13.142   -8.988  -10.038  137.206   29.609 -167.302    1613962974744
02    12.340   -9.273  -11.268  142.825    2.172   70.455    1613962974744
01    13.094   -8.979   -9.976  134.836   28.500 -165.613    1613962974766
02    12.384   -9.089  -11.215  142.522    2.093   67.504    1613962974766
01    13.071   -8.947   -9.828  131.049   26.356 -164.586    1613962974782
02    12.356   -8.943  -11.371  143.309    5.981   65.662    1613962974782
01    13.088   -8.793   -9.669  125.644   21.403 -163.547    1613962974797
02    12.087   -8.927  -11.952  143.569   12.291   65.313    1613962974797
01    13.146   -8.572   -9.498  120.300   15.463 -161.676    1613962974813
02    11.740   -9.128  -12.740  143.918   20.548   66.497    1613962974813
01    13.240   -8.286   -9.283  116.333    9.718 -158.786    1613962974829
02    11.767   -9.552  -13.409  145.444   33.098   67.817    1613962974829
01    13.332   -8.020   -9.227  113.842    5.192 -156.081    1613962974844
02    11.995  -10.014  -13.744  145.693   50.001   67.814    1613962974844
01    13.489   -7.882   -9.040  111.860    4.652 -154.589    1613962974866
02    12.337  -10.412  -13.866  148.427   65.100   70.333    1613962974866
01    13.526   -7.818   -9.069  110.860    3.255 -153.506    1613962974882
02    12.582  -10.765  -14.024  152.476   75.037   74.195    1613962974882
01    13.631   -7.772   -8.941  110.702    4.049 -153.787    1613962974898
02    12.902  -11.014  -13.968  169.294   82.804   90.313    1613962974898
01    13.623   -7.733   -9.067  110.840    3.152 -153.773    1613962974913
02    13.073  -11.136  -14.087  173.502   86.298   94.118    1613962974913
01    13.686   -7.721   -9.014  110.957    4.532 -154.363    1613962974929
02    13.398  -11.277  -13.921  -96.856   86.776 -176.802    1613962974929
01    13.643   -7.704   -9.212  111.103    3.617 -154.334    1613962974944
02    13.438  -11.297  -14.066  -79.459   88.381 -159.239    1613962974944
01    13.685   -7.720   -9.184  111.108    4.902 -155.015    1613962974967
02    13.660  -11.337  -13.954  -59.179   86.489 -139.138    1613962974967
01    13.635   -7.734   -9.358  111.190    4.240 -155.188    1613962974982
02    13.640  -11.317  -14.126  -30.805   88.095 -110.508    1613962974982
01    13.701   -7.765   -9.252  111.384    5.977 -156.116    1613962974998
02    13.772  -11.381  -13.981  -53.458   86.398 -133.015    1613962974998
01    13.664   -7.764   -9.410  111.852    5.146 -156.358    1613962975013
02    13.711  -11.287  -14.136    1.245   88.781  -78.161    1613962975013
01    13.720   -7.781   -9.326  112.519    6.764 -157.327    1613962975029
02    13.851  -11.198  -13.959  114.112   89.474   34.594    1613962975029
01    13.660   -7.816   -9.462  113.042    6.478 -157.811    1613962975045
02    13.662  -11.085  -14.083  130.440   83.325   52.193    1613962975045
01    13.694   -7.854   -9.389  113.593    8.127 -158.722    1613962975067
02    13.697  -10.958  -13.873  141.688   79.695   63.648    1613962975067
01    13.631   -7.906   -9.499  113.842    7.701 -159.147    1613962975083
02    13.479  -10.862  -13.903  140.246   73.370   62.974    1613962975083
01    13.679   -7.903   -9.416  114.756    8.658 -160.196    1613962975098
02    13.509  -10.769  -13.517  144.358   69.413   67.450    1613962975098
01    13.611   -7.919   -9.544  115.760    8.036 -161.063    1613962975114
02    13.293  -10.750  -13.118  144.591   58.411   70.180    1613962975114
01    13.638   -7.931   -9.510  118.790   10.657 -163.530    1613962975129
02    13.042  -10.588  -12.060  145.267   40.578   74.871    1613962975129
01    13.557   -7.971   -9.689  122.592   11.697 -165.842    1613962975145
02    12.183  -10.316  -12.043  138.025   11.109   72.392    1613962975145
01    13.503   -8.131   -9.757  127.008   18.694 -166.629    1613962975167
02    12.434   -9.598  -11.415  144.861   -5.627   71.655    1613962975167
01    13.250   -8.438  -10.077  129.505   20.278 -167.294    1613962975183
02    12.244   -9.411  -11.380  146.170  -12.560   73.845    1613962975183
01    13.285   -8.602   -9.901  131.154   23.991 -167.991    1613962975198
02    12.303   -9.420  -11.008  147.073  -10.862   77.588    1613962975198
01    13.149   -8.711  -10.029  131.230   21.912 -168.137    1613962975214
02    12.138   -9.480  -11.028  147.005  -13.313   78.009    1613962975214
01    13.228   -8.717   -9.835  132.184   23.808 -168.685    1613962975230
02    12.273   -9.484  -10.723  148.129  -10.897   80.194    1613962975230
01    13.125   -8.760   -9.944  132.014   22.008 -169.187    1613962975245
02    12.182   -9.480  -10.791  148.395  -12.845   79.447    1613962975245
01    13.151   -8.763   -9.829  132.408   23.138 -169.603    1613962975267
02    12.281   -9.451  -10.612  149.029  -11.442   80.256    1613962975267
01    13.019   -8.808   -9.954  131.967   21.381 -169.545    1613962975283
02    12.106   -9.486  -10.774  148.152  -13.866   79.475    1613962975283
01    12.994   -8.821   -9.894  132.086   21.748 -169.396    1613962975299
02    12.077   -9.503  -10.723  147.658  -13.582   79.230    1613962975299
01    12.936   -8.871   -9.829  131.417   21.768 -168.814    1613962975314
02    12.028   -9.534  -10.659  146.301  -13.441   77.677    1613962975314
01    12.914   -8.873   -9.741  131.067   21.431 -167.608    1613962975330
02    12.000   -9.525  -10.590  144.511  -12.195   75.344    1613962975330
01    12.864   -8.894   -9.651  129.962   20.575 -165.664    1613962975346
02    12.086   -9.400  -10.520  144.581   -8.048   71.848    1613962975346
01    12.800   -8.891   -9.498  127.646   18.345 -164.016    1613962975368
02    12.025   -9.259  -10.727  145.275   -1.542   69.530    1613962975368
01    12.760   -8.800   -9.343  124.448   14.219 -162.108    1613962975383
02    11.785   -9.213  -11.225  145.327    6.289   68.981    1613962975383
01    12.799   -8.637   -9.144  121.162    9.238 -159.473    1613962975399
02    11.297   -9.402  -12.355  146.109   18.545   70.366    1613962975399
01    12.812   -8.461   -8.939  116.670    3.063 -155.263    1613962975415
02    11.028  -10.007  -13.326  150.027   34.046   74.837    1613962975415
01    12.924   -8.247   -8.763  113.902   -0.375 -151.548    1613962975430
02    11.304  -10.561  -13.622  156.829   51.267   80.867    1613962975430
01    13.098   -8.058   -8.644  111.925   -1.609 -148.866    1613962975446
02    11.658  -10.908  -13.693  163.174   64.979   86.032    1613962975446
01    13.198   -7.973   -8.602  110.063   -2.102 -147.220    1613962975468
02    11.890  -11.214  -13.649  175.132   73.596   97.833    1613962975468
01    13.267   -7.926   -8.570  109.175   -2.102 -146.757    1613962975484
02    12.144  -11.306  -13.628 -172.612   77.857  108.583    1613962975484
01    13.305   -7.890   -8.583  108.609   -1.911 -146.798    1613962975499
02    12.313  -11.419  -13.602 -161.505   80.835  119.536    1613962975499
01    13.341   -7.856   -8.616  108.170   -1.699 -146.774    1613962975515
02    12.475  -11.450  -13.602 -148.096   82.741  132.102    1613962975515
01    13.402   -7.806   -8.632  108.046   -1.360 -146.853    1613962975531
02    12.550  -11.520  -13.597 -135.971   82.877  144.268    1613962975531
01    13.439   -7.787   -8.675  107.407   -0.918 -146.781    1613962975546
02    12.556  -11.570  -13.687 -134.348   82.918  146.574    1613962975546
01    13.495   -7.767   -8.715  107.114   -0.334 -146.990    1613962975568
02    12.685  -11.630  -13.664 -115.724   82.806  164.529    1613962975568
01    13.547   -7.744   -8.765  107.073    0.243 -147.231    1613962975584
02    12.805  -11.683  -13.660 -106.527   82.512  173.725    1613962975584
01    13.620   -7.706   -8.822  107.070    0.696 -147.540    1613962975600
02    12.911  -11.711  -13.681 -100.906   82.306  179.322    1613962975600
01    13.657   -7.694   -8.899  106.706    1.169 -147.626    1613962975615
02    12.941  -11.787  -13.727 -101.771   81.864  179.391    1613962975615
01    13.721   -7.681   -8.963  106.417    1.793 -147.795    1613962975631
02    13.036  -11.769  -13.756  -99.634   81.833 -178.413    1613962975631
01    13.770   -7.690   -9.007  105.872    2.505 -148.052    1613962975646
02    13.027  -11.870  -13.784 -101.565   81.200 -179.226    1613962975646
01    13.830   -7.693   -9.052  105.384    3.087 -148.230    1613962975669
02    13.073  -11.838  -13.799 -101.542   81.388 -179.111    1613962975669
01    13.853   -7.727   -9.069  104.930    3.710 -148.433    1613962975684
02    13.108  -11.783  -13.831 -104.651   81.783  177.763    1613962975684
01    13.847   -7.745   -9.090  105.032    4.124 -148.961    1613962975700
02    13.095  -11.731  -13.813 -116.797   82.446  166.352    1613962975700
01    13.813   -7.789   -9.115  105.576    4.747 -149.888    1613962975716
02    13.085  -11.618  -13.750 -148.262   82.444  135.929    1613962975716
01    13.787   -7.807   -9.156  106.686    5.529 -151.447    1613962975731
02    13.007  -11.534  -13.625 -178.468   78.726  107.873    1613962975731
01    13.753   -7.840   -9.199  108.814    7.080 -154.282    1613962975747
02    12.869  -11.408  -13.476  164.306   70.065   93.667    1613962975747
01    13.713   -7.869   -9.267  111.580    9.146 -157.574    1613962975769
02    12.685  -11.178  -13.159  157.390   60.197   89.803    1613962975769
01    13.656   -7.913   -9.364  114.743   11.457 -160.831    1613962975785
02    12.503  -10.861  -12.654  152.672   50.846   87.712    1613962975785
01    13.605   -7.948   -9.497  119.013   14.260 -163.341    1613962975800
02    12.403  -10.611  -11.983  147.121   41.700   84.771    1613962975800
01    13.483   -8.034   -9.726  124.669   18.227 -164.755    1613962975816
02    12.095  -10.500  -11.400  139.012   28.355   80.902    1613962975816
01    13.189   -8.382  -10.037  130.648   23.189 -164.043    1613962975831
02    12.067   -9.555  -11.385  138.561    5.578   76.434    1613962975831
01    13.099   -8.630   -9.980  134.250   26.026 -164.522    1613962975847
02    12.211   -9.233  -11.060  142.569   -1.936   77.386    1613962975847
01    12.975   -8.844   -9.861  136.041   26.762 -164.545    1613962975863
02    12.076   -9.325  -10.962  143.330   -4.855   78.817    1613962975863
01    12.846   -8.937   -9.841  136.479   25.882 -164.223    1613962975885
02    11.980   -9.416  -10.847  143.493   -6.314   80.003    1613962975885
01    12.791   -8.961   -9.842  137.044   25.100 -163.971    1613962975900
02    11.918   -9.430  -10.830  143.748   -7.356   80.450    1613962975900
01    12.785   -8.919   -9.851  137.454   24.762 -164.382    1613962975916
02    11.928   -9.430  -10.776  144.120   -7.218   80.333    1613962975916
01    12.737   -8.982   -9.806  137.096   24.947 -164.495    1613962975932
02    11.896   -9.485  -10.716  143.743   -6.909   80.560    1613962975932
01    12.711   -8.973   -9.829  136.430   24.807 -164.708    1613962975947
02    11.862   -9.471  -10.743  143.129   -7.037   80.342    1613962975947
01    12.724   -8.952   -9.819  135.159   24.914 -164.614    1613962975963
02    11.820   -9.464  -10.777  141.664   -7.065   79.863    1613962975963
01    12.718   -8.966   -9.779  133.269   24.960 -163.745    1613962975985
02    11.791   -9.431  -10.788  139.626   -7.074   78.507    1613962975985
01    12.745   -8.937   -9.706  131.279   24.754 -161.938    1613962976001
02    11.802   -9.353  -10.767  137.502   -6.515   75.938    1613962976001
01    12.754   -8.903   -9.612  128.300   23.525 -160.079    1613962976016
02    12.008   -9.090  -10.735  139.109   -2.735   71.928    1613962976016
01    12.782   -8.796   -9.524  123.377   20.013 -158.704    1613962976032
02    11.914   -8.963  -11.096  140.849    4.031   70.648    1613962976032
01    12.854   -8.605   -9.414  117.989   14.843 -156.940    1613962976048
02    11.548   -9.053  -11.877  142.281   12.008   71.779    1613962976048
01    12.975   -8.350   -9.230  113.366    9.783 -154.065    1613962976063
02    10.962   -9.561  -13.115  145.386   22.054   75.164    1613962976063
01    13.199   -8.008   -9.074  110.003    5.251 -151.039    1613962976085
02    10.894  -10.401  -13.634  153.046   39.031   83.375    1613962976085
01    13.438   -7.746   -9.029  107.536    3.599 -148.387    1613962976101
02    11.244  -10.958  -13.781  162.416   55.078   91.506    1613962976101
01    13.568   -7.723   -9.003  105.198    3.768 -147.005    1613962976117
02    11.577  -11.322  -13.851  174.035   66.839  101.683    1613962976117
01    13.613   -7.721   -9.033  104.119    3.582 -146.282    1613962976132
02    11.869  -11.593  -13.809 -169.262   73.662  116.914    1613962976132
01    13.618   -7.748   -9.062  103.586    3.766 -146.299    1613962976148
02    12.136  -11.758  -13.752 -151.794   77.395  133.122    1613962976148
01    13.657   -7.748   -9.075  103.836    4.065 -146.897    1613962976164
02    12.300  -11.859  -13.739 -141.066   78.941  143.781    1613962976164
01    13.646   -7.784   -9.097  104.287    4.553 -147.722    1613962976170
02    12.476  -11.893  -13.699 -137.800   79.689  147.295    1613962976170
01    13.651   -7.774   -9.139  105.622    4.957 -148.658    1613962976201
02    12.562  -11.845  -13.720 -150.791   80.055  135.196    1613962976201
01    13.620   -7.820   -9.185  106.930    5.808 -149.847    1613962976217
02    12.653  -11.761  -13.739 -165.444   79.740  121.583    1613962976217
01    13.592   -7.829   -9.270  108.890    6.879 -151.265    1613962976233
02    12.693  -11.709  -13.752 -179.251   78.236  109.828    1613962976233
01    13.579   -7.837   -9.357  111.341    8.423 -153.337    1613962976248
02    12.802  -11.610  -13.702  167.694   75.847   98.543    1613962976248
01    13.573   -7.855   -9.450  114.531   10.835 -155.783    1613962976264
02    12.823  -11.518  -13.569  158.451   70.648   92.305    1613962976264
01    13.541   -7.890   -9.647  118.956   14.181 -158.219    1613962976270
02    12.847  -11.432  -13.215  152.182   63.025   89.633    1613962976270
01    13.443   -7.999   -9.997  125.895   19.324 -159.632    1613962976302
02    12.763  -11.210  -12.500  144.477   51.798   85.257    1613962976302
01    13.265   -8.291  -10.303  133.104   24.912 -159.257    1613962976317
02    12.389  -10.831  -11.932  133.917   33.141   77.411    1613962976317
01    13.115   -8.618  -10.342  137.321   28.584 -158.678    1613962976333
02    12.346  -10.024  -11.678  136.142   15.295   76.289    1613962976333
01    12.998   -8.934  -10.198  138.944   30.579 -158.789    1613962976349
02    12.180   -9.733  -11.484  138.298    7.487   77.550    1613962976349
01    12.917   -9.057  -10.086  139.061   29.970 -159.092    1613962976364
02    12.097   -9.567  -11.321  139.377    4.146   78.083    1613962976364
01    12.856   -9.095  -10.031  139.163   29.014 -159.304    1613962976371
02    12.047   -9.488  -11.204  139.818    2.603   78.469    1613962976371
01    12.809   -9.097   -9.998  139.395   28.455 -159.525    1613962976402
02    12.006   -9.464  -11.128  140.187    1.882   78.703    1613962976402
01    12.778   -9.083   -9.957  139.730   28.167 -159.663    1613962976418
02    11.971   -9.451  -11.073  140.601    1.502   79.277    1613962976418
01    12.724   -9.116   -9.903  139.548   28.036 -159.217    1613962976433
02    11.890   -9.483  -11.038  140.384    1.149   80.347    1613962976433
01    12.686   -9.140   -9.852  138.639   27.420 -158.566    1613962976449
02    11.833   -9.509  -10.998  139.820   -0.168   81.625    1613962976449
01    12.648   -9.140   -9.821  137.201   26.813 -157.579    1613962976464
02    11.764   -9.544  -10.954  138.336   -1.578   82.604    1613962976464
01    12.647   -9.090   -9.800  134.850   26.002 -156.749    1613962976471
02    11.738   -9.507  -10.884  136.713   -3.434   82.135    1613962976471
01    12.658   -9.027   -9.793  132.308   25.245 -156.016    1613962976502
02    11.760   -9.409  -10.807  135.439   -4.823   80.035    1613962976502
01    12.677   -8.990   -9.727  129.219   24.545 -155.242    1613962976518
02    11.928   -9.226  -10.682  136.165   -3.816   76.886    1613962976518
01    12.724   -8.893   -9.656  123.885   22.010 -154.518    1613962976533
02    11.958   -9.094  -10.805  137.920    0.825   74.486    1613962976533
01    12.850   -8.677   -9.554  117.955   18.108 -153.627    1613962976549
02    11.714   -9.067  -11.355  139.412    7.328   73.751    1613962976549
01    13.070   -8.407   -9.414  112.775   14.934 -152.026    1613962976565
02    11.370   -9.258  -12.084  141.069   15.405   75.050    1613962976565
01    13.317   -8.119   -9.265  108.771   11.383 -149.966    1613962976571
02    10.964   -9.816  -13.012  144.752   25.651   79.156    1613962976571
01    13.516   -7.863   -9.208  106.466    9.029 -147.937    1613962976587
02    10.912  -10.608  -13.483  152.815   40.736   87.603    1613962976603
01    13.633   -7.789   -9.193  104.465    8.323 -146.420    1613962976618
02    11.239  -11.132  -13.623  162.476   55.034   96.181    1613962976618
01    13.679   -7.821   -9.188  103.003    8.069 -145.713    1613962976634
02    11.582  -11.424  -13.720  171.380   65.478  103.616    1613962976634
01    13.727   -7.793   -9.173  102.855    7.753 -145.620    1613962976649
02    11.851  -11.671  -13.732 -175.851   72.464  115.248    1613962976649
01    13.769   -7.735   -9.205  102.861    7.372 -145.601    1613962976665
02    12.035  -11.881  -13.725 -160.249   75.899  130.286    1613962976665
01    13.774   -7.735   -9.256  102.461    7.494 -145.471    1613962976672
02    12.266  -11.962  -13.692 -143.973   77.897  145.635    1613962976672
01    13.791   -7.730   -9.315  102.427    7.750 -145.863    1613962976687
02    12.426  -12.000  -13.663 -139.201   78.403  150.633    1613962976687
01    13.817   -7.734   -9.356  102.806    8.456 -146.638    1613962976718
02    12.550  -11.980  -13.628 -142.983   78.833  147.630    1613962976718
01    13.778   -7.806   -9.428  103.309    9.442 -147.427    1613962976734
02    12.556  -11.940  -13.623 -159.137   77.923  133.368    1613962976734
01    13.761   -7.843   -9.494  104.739   10.632 -149.084    1613962976750
02    12.553  -11.876  -13.594 -173.378   75.815  120.857    1613962976750
01    13.740   -7.848   -9.580  107.214   12.087 -151.350    1613962976765
02    12.552  -11.761  -13.538  174.378   72.530  110.570    1613962976765
01    13.710   -7.887   -9.692  110.429   14.343 -153.650    1613962976772
02    12.560  -11.615  -13.375  164.036   67.494  102.885    1613962976772
01    13.647   -7.953   -9.861  114.645   17.586 -155.885    1613962976787
02    12.538  -11.480  -13.002  153.980   59.798   96.796    1613962976787
01    13.541   -8.089  -10.156  121.835   22.466 -157.448    1613962976819
02    12.502  -11.153  -12.204  142.001   48.728   87.439    1613962976819
01    13.355   -8.392  -10.462  129.534   28.093 -157.528    1613962976834
02    12.261  -10.589  -11.773  131.522   28.472   78.652    1613962976834
01    13.284   -8.762  -10.363  133.027   31.948 -157.558    1613962976850
02    12.399   -9.771  -11.545  135.771   14.335   78.784    1613962976850
01    13.189   -8.926  -10.308  135.317   32.570 -158.192    1613962976866
02    12.299   -9.599  -11.435  137.628    8.424   79.721    1613962976866
01    13.073   -9.038  -10.308  136.196   32.170 -158.320    1613962976872
02    12.231   -9.546  -11.380  138.843    5.724   79.946    1613962976872
01    13.015   -9.074  -10.298  136.458   32.072 -158.763    1613962976888
02    12.183   -9.537  -11.346  139.416    4.669   80.073    1613962976888
01    12.958   -9.124  -10.280  136.456   32.019 -158.914    1613962976919
02    12.119   -9.577  -11.332  139.320    4.147   80.210    1613962976919
01    12.941   -9.162  -10.216  135.827   32.258 -158.981    1613962976935
02    12.049   -9.634  -11.299  138.567    3.861   80.504    1613962976935
01    12.944   -9.168  -10.145  134.559   32.240 -158.715    1613962976950
02    11.994   -9.671  -11.257  137.212    3.629   80.579    1613962976950
01    12.942   -9.148  -10.085  132.865   31.760 -157.198    1613962976966
02    11.958   -9.625  -11.230  135.502    2.870   80.127    1613962976966
01    12.950   -9.084  -10.052  130.317   30.751 -155.612    1613962976972
02    11.979   -9.502  -11.198  134.105    2.171   78.257    1613962976972
01    12.963   -9.030   -9.976  126.537   29.508 -154.647    1613962976988
02    12.100   -9.281  -11.147  134.738    3.556   75.527    1613962976988
01    12.994   -8.912   -9.892  121.958   26.641 -154.690    1613962977004
02    12.058   -9.134  -11.403  136.232    7.455   73.933    1613962977004
01    13.080   -8.717   -9.805  117.925   23.171 -154.757    1613962977035
02    11.838   -9.127  -11.924  137.606   13.081   73.880    1613962977035
01    13.225   -8.464   -9.692  113.291   19.355 -154.144    1613962977051
02    11.624   -9.347  -12.466  139.254   20.452   75.436    1613962977051
01    13.405   -8.250   -9.550  109.181   16.082 -152.674    1613962977066
02    11.395   -9.899  -13.120  142.503   30.402   79.186    1613962977066
01    13.615   -7.922   -9.547  106.592   12.715 -150.465    1613962977073
02    11.422  -10.546  -13.595  149.254   44.087   85.877    1613962977073
01    13.800   -7.759   -9.568  104.380   11.811 -148.857    1613962977088
02    11.677  -11.043  -13.720  156.047   56.971   92.426    1613962977088
01    13.890   -7.818   -9.553  102.183   12.124 -147.963    1613962977104
02    11.877  -11.401  -13.847  162.761   65.533   99.134    1613962977104
01    13.926   -7.842   -9.573  101.492   12.253 -147.807    1613962977135
02    12.099  -11.664  -13.895  173.811   71.151  109.520    1613962977135
01    13.964   -7.871   -9.529  101.800   12.697 -148.503    1613962977151
02    12.334  -11.788  -13.866 -175.465   74.887  119.271    1613962977151
01    13.907   -7.931   -9.576  102.638   13.106 -148.916    1613962977166
02    12.507  -11.825  -13.819 -174.709   76.679  120.118    1613962977166
01    13.870   -7.931   -9.648  104.343   13.611 -149.748    1613962977173
02    12.615  -11.794  -13.780  176.525   75.917  111.982    1613962977173
01    13.807   -7.973   -9.753  106.213   14.652 -150.798    1613962977189
02    12.702  -11.749  -13.697  166.167   73.734  102.802    1613962977189
01    13.775   -8.011   -9.835  108.606   16.332 -152.495    1613962977204
02    12.746  -11.676  -13.582  156.564   69.991   94.897    1613962977204
01    13.733   -8.031   -9.981  111.481   18.054 -154.587    1613962977235
02    12.764  -11.651  -13.344  147.814   64.157   89.583    1613962977235
01    13.695   -8.104  -10.119  115.374   20.847 -156.552    1613962977251
02    12.682  -11.581  -13.055  141.592   54.774   87.732    1613962977251
01    13.626   -8.289  -10.284  121.097   25.363 -157.923    1613962977267
02    12.623  -11.405  -12.655  135.876   43.808   84.764    1613962977267
01    13.496   -8.537  -10.572  128.282   29.984 -157.730    1613962977273
02    12.365  -11.087  -12.260  129.857   29.453   80.839    1613962977273
01    13.348   -8.885  -10.601  132.316   33.084 -157.123    1613962977289
02    12.390  -10.473  -11.940  131.954   17.387   80.298    1613962977289
01    13.229   -9.152  -10.542  134.768   34.485 -156.869    1613962977304
02    12.363  -10.092  -11.777  134.751   10.682   80.722    1613962977304
01    13.210   -9.198  -10.506  135.700   34.486 -157.661    1613962977320
02    12.372   -9.935  -11.632  136.267    8.026   80.945    1613962977320
01    13.142   -9.284  -10.484  135.787   34.302 -157.411    1613962977351
02    12.356   -9.869  -11.560  136.882    6.785   81.180    1613962977351
01    13.121   -9.293  -10.456  135.451   34.136 -157.377    1613962977367
02    12.261   -9.888  -11.557  136.356    6.000   81.807    1613962977367
01    13.095   -9.335  -10.398  134.112   34.036 -156.916    1613962977374
02    12.202   -9.895  -11.521  135.263    5.313   82.328    1613962977374
01    13.117   -9.286  -10.348  132.691   33.524 -156.074    1613962977389
02    12.134   -9.894  -11.480  133.612    4.492   82.763    1613962977389
01    13.128   -9.237  -10.280  130.194   33.056 -154.659    1613962977405
02    12.171   -9.741  -11.392  132.442    3.699   81.462    1613962977405
01    13.152   -9.152  -10.225  127.099   32.232 -153.585    1613962977420
02    12.228   -9.550  -11.290  131.989    3.816   79.170    1613962977420
01    13.162   -9.068  -10.125  122.689   30.139 -153.427    1613962977452
02    12.311   -9.279  -11.350  133.738    6.517   76.804    1613962977452
01    13.221   -8.903   -9.990  117.777   26.686 -153.675    1613962977467
02    12.083   -9.214  -11.811  135.482   11.443   75.836    1613962977467
01    13.335   -8.609   -9.884  112.522   21.863 -152.977    1613962977474
02    11.699   -9.422  -12.463  137.342   18.006   76.908    1613962977474
01    13.490   -8.290   -9.766  107.885   17.548 -150.679    1613962977489
02    11.356   -9.822  -13.093  140.351   25.902   79.610    1613962977489
01    13.704   -8.041   -9.569  103.500   13.859 -148.254    1613962977505
02    11.144  -10.592  -13.497  149.191   39.728   88.576    1613962977505
01    13.906   -7.862   -9.445  101.061   12.160 -145.866    1613962977521
02    11.300  -11.196  -13.615  163.465   54.095  101.099    1613962977521
01    13.972   -7.810   -9.458   99.023   11.375 -143.784    1613962977552
02    11.493  -11.647  -13.668  177.215   63.657  113.514    1613962977552
01    14.007   -7.846   -9.386   97.694   11.410 -143.152    1613962977568
02    11.704  -11.927  -13.678 -166.915   69.497  127.260    1613962977568
01    13.999   -7.820   -9.416   97.261   11.158 -142.766    1613962977574
02    11.938  -12.102  -13.625 -150.446   72.876  142.007    1613962977574
01    14.056   -7.736   -9.442   97.438   11.276 -142.688    1613962977590
02    12.073  -12.263  -13.615 -138.650   73.939  153.095    1613962977590
01    14.078   -7.738   -9.464   96.840   11.961 -142.663    1613962977605
02    12.216  -12.416  -13.554 -126.586   73.689  164.603    1613962977605
01    14.114   -7.770   -9.480   96.235   12.418 -142.825    1613962977621
02    12.360  -12.500  -13.521 -118.534   73.160  171.799    1613962977621
01    14.123   -7.768   -9.541   96.085   12.757 -142.762    1613962977652
02    12.428  -12.554  -13.554 -115.223   72.917  174.997    1613962977652
01    14.128   -7.809   -9.558   95.842   13.173 -143.087    1613962977668
02    12.503  -12.595  -13.562 -112.083   72.861  178.242    1613962977668
01    14.118   -7.844   -9.575   96.100   13.504 -143.436    1613962977674
02    12.574  -12.566  -13.565 -112.857   73.482  177.551    1613962977674
01    14.070   -7.911   -9.592   96.466   13.883 -143.873    1613962977690
02    12.616  -12.477  -13.559 -120.705   75.071  170.709    1613962977690
01    14.029   -7.968   -9.600   97.488   14.423 -144.655    1613962977706
02    12.568  -12.358  -13.601 -138.793   75.620  154.147    1613962977706
01    13.981   -8.012   -9.616   99.156   15.071 -145.966    1613962977721
02    12.559  -12.261  -13.536 -157.376   75.088  137.725    1613962977721
01    13.932   -8.033   -9.650  101.527   15.982 -147.725    1613962977737
02    12.532  -12.123  -13.467 -176.563   72.010  120.990    1613962977737
01    13.859   -8.050   -9.726  105.158   17.462 -150.041    1613962977768
02    12.515  -11.970  -13.339  170.379   67.509  110.205    1613962977768
01    13.753   -8.158   -9.765  108.916   19.393 -152.311    1613962977775
02    12.463  -11.811  -13.127  161.523   61.838  103.713    1613962977775
01    13.666   -8.217   -9.828  113.344   20.867 -154.350    1613962977790
02    12.365  -11.570  -12.569  151.805   53.279   97.807    1613962977790
01    13.541   -8.323   -9.935  119.829   23.434 -154.694    1613962977806
02    12.147  -11.206  -11.841  141.167   39.372   91.694    1613962977806
01    13.263   -8.523  -10.211  128.001   26.547 -153.602    1613962977822
02    11.616  -10.866  -11.505  130.124   19.367   85.762    1613962977822
01    13.041   -8.819  -10.225  133.443   29.081 -153.031    1613962977837
02    11.842  -10.053  -11.315  134.895    6.022   84.436    1613962977837
01    12.834   -9.084  -10.171  136.362   30.316 -153.153    1613962977868
02    11.909   -9.826  -11.073  138.145    1.910   84.961    1613962977868
01    12.708   -9.222  -10.100  137.564   30.347 -153.070    1613962977875
02    11.819   -9.792  -11.037  139.269   -0.418   85.494    1613962977875
01    12.697   -9.221  -10.073  137.843   30.188 -153.455    1613962977891
02    11.765   -9.780  -11.011  139.493   -1.465   85.880    1613962977891
01    12.687   -9.195  -10.082  137.701   30.083 -153.786    1613962977906
02    11.738   -9.801  -10.983  139.135   -1.572   85.938    1613962977906
01    12.667   -9.211  -10.072  136.975   30.109 -153.903    1613962977922
02    11.703   -9.820  -10.964  138.371   -1.695   86.056    1613962977922
01    12.658   -9.209  -10.077  135.364   30.122 -153.862    1613962977937
02    11.667   -9.811  -10.980  136.875   -1.850   86.037    1613962977937
01    12.708   -9.142  -10.057  133.630   30.114 -153.549    1613962977969
02    11.657   -9.760  -11.011  135.061   -2.199   85.518    1613962977969
01    12.768   -9.059  -10.053  131.779   29.953 -152.754    1613962977975
02    11.708   -9.662  -10.991  133.687   -2.043   84.092    1613962977975
01    12.784   -8.994  -10.062  129.857   29.805 -151.381    1613962977991
02    11.834   -9.491  -10.955  133.141   -1.028   81.443    1613962977991
01    12.834   -8.928  -10.013  127.201   29.401 -150.543    1613962978006
02    11.987   -9.229  -11.026  134.386    1.869   78.687    1613962978006
01    12.881   -8.808   -9.973  123.114   27.412 -150.359    1613962978022
02    11.907   -9.126  -11.382  136.006    6.647   77.402    1613962978022
01    12.983   -8.639   -9.896  118.505   24.555 -150.344    1613962978038
02    11.650   -9.227  -11.934  137.621   12.698   77.655    1613962978038
01    13.177   -8.362   -9.810  113.882   21.236 -149.777    1613962978053
02    11.341   -9.522  -12.556  139.911   20.087   79.791    1613962978053
01    13.308   -8.241   -9.672  109.732   18.575 -148.229    1613962978076
02    11.116  -10.068  -13.193  145.270   31.398   84.815    1613962978076
01    13.496   -7.948   -9.638  107.162   15.083 -146.449    1613962978091
02    11.093  -10.770  -13.540  154.610   44.294   93.430    1613962978091
01    13.647   -7.795   -9.640  105.136   13.752 -144.880    1613962978110
02    11.318  -11.235  -13.603  163.560   55.125  101.329    1613962978110
01    13.713   -7.793   -9.678  103.101   13.627 -143.859    1613962978126
02    11.389  -11.569  -13.731  169.554   60.975  107.722    1613962978126
01    13.743   -7.844   -9.685  102.374   14.104 -143.888    1613962978141
02    11.598  -11.820  -13.708  177.399   65.927  115.338    1613962978141
01    13.750   -7.887   -9.660  102.654   14.780 -144.495    1613962978157
02    11.771  -11.861  -13.745 -178.735   68.001  118.565    1613962978157
01    13.685   -7.953   -9.695  103.404   15.254 -144.919    1613962978176
02    11.908  -11.925  -13.717 -177.316   69.495  120.193    1613962978176
01    13.664   -7.980   -9.697  105.002   15.768 -145.703    1613962978191
02    12.002  -11.915  -13.693  179.789   69.466  117.737    1613962978191
01    13.626   -8.007   -9.728  106.843   16.344 -146.440    1613962978207
02    12.116  -11.855  -13.631  174.310   68.656  112.941    1613962978207
01    13.590   -8.018   -9.768  109.035   17.140 -147.327    1613962978222
02    12.179  -11.804  -13.488  167.150   66.075  107.688    1613962978222
01    13.564   -8.032   -9.816  111.978   18.288 -148.570    1613962978238
02    12.184  -11.750  -13.249  159.082   61.126  103.094    1613962978238
01    13.479   -8.119   -9.896  115.439   20.086 -149.535    1613962978269
02    12.143  -11.616  -12.936  150.426   53.660   98.880    1613962978269
01    13.389   -8.182  -10.031  121.586   22.660 -150.068    1613962978276
02    12.032  -11.445  -12.476  141.634   43.686   94.984    1613962978276
01    13.141   -8.423  -10.285  129.994   26.306 -149.158    1613962978291
02    11.698  -11.049  -12.005  131.507   28.569   88.934    1613962978291
01    12.967   -8.671  -10.294  134.847   28.517 -149.507    1613962978307
02    11.769  -10.248  -11.645  131.054   13.735   85.735    1613962978307
01    12.825   -8.900  -10.221  137.694   30.134 -149.985    1613962978323
02    11.856   -9.766  -11.356  133.563    6.271   85.082    1613962978323
01    12.744   -9.001  -10.146  138.149   30.057 -150.773    1613962978338
02    11.838   -9.591  -11.206  134.520    2.982   85.079    1613962978338
01    12.711   -9.019  -10.119  137.831   29.550 -151.116    1613962978354
02    11.826   -9.504  -11.133  134.653    1.386   85.114    1613962978354
01    12.701   -9.005  -10.111  137.193   29.249 -151.424    1613962978376
02    11.792   -9.463  -11.130  134.228    0.548   85.564    1613962978376
01    12.728   -8.995  -10.046  136.334   29.556 -151.562    1613962978392
02    11.778   -9.440  -11.097  133.584    0.227   86.125    1613962978392
01    12.722   -8.955  -10.059  135.323   29.244 -151.220    1613962978407
02    11.811   -9.395  -11.046  133.202    0.074   86.607    1613962978407
01    12.719   -8.926  -10.074  133.840   29.279 -150.333    1613962978423
02    11.779   -9.344  -11.070  132.304   -0.821   86.723    1613962978423
01    12.746   -8.880  -10.094  131.894   29.446 -149.205    1613962978439
02    11.785   -9.283  -11.041  131.245   -1.342   85.755    1613962978439
01    12.812   -8.790  -10.111  129.337   29.735 -148.417    1613962978454
02    11.862   -9.175  -10.980  130.739   -1.123   83.493    1613962978454
01    12.908   -8.690  -10.087  125.831   29.412 -147.968    1613962978476
02    12.033   -8.959  -10.990  132.100    1.555   80.648    1613962978476
01    13.005   -8.572  -10.031  120.941   27.730 -147.872    1613962978492
02    11.950   -8.883  -11.336  134.469    6.718   79.207    1613962978492
01    13.177   -8.356   -9.945  114.748   24.570 -147.824    1613962978508
02    11.648   -9.019  -11.912  136.644   13.342   79.250    1613962978508
01    13.387   -8.165   -9.787  109.446   21.545 -147.214    1613962978523
02    11.386   -9.299  -12.519  139.174   21.162   80.205    1613962978523
01    13.601   -7.881   -9.652  105.753   17.936 -146.184    1613962978539
02    11.062   -9.859  -13.111  144.339   32.365   84.568    1613962978539
01    13.742   -7.721   -9.598  102.952   15.572 -144.928    1613962978555
02    11.084  -10.538  -13.373  152.773   46.166   91.858    1613962978555
01    13.823   -7.663   -9.612  101.286   14.444 -143.326    1613962978579
02    11.310  -10.964  -13.583  159.930   57.053   96.959    1613962978579
01    13.849   -7.642   -9.658  100.301   13.831 -142.312    1613962978599
02    11.551  -11.332  -13.707  168.787   65.584  104.284    1613962978599
01    13.856   -7.698   -9.631   99.391   13.716 -141.943    1613962978618
02    11.726  -11.632  -13.759 -178.722   71.241  115.791    1613962978618
01    13.855   -7.703   -9.647   99.367   13.482 -141.596    1613962978630
02    11.962  -11.817  -13.728 -163.377   74.728  129.552    1613962978630
01    13.854   -7.753   -9.618   99.165   13.595 -141.774    1613962978648
02    12.112  -11.933  -13.768 -151.345   76.025  140.609    1613962978648
01    13.861   -7.763   -9.631   99.303   13.635 -142.067    1613962978669
02    12.268  -12.096  -13.693 -137.569   76.470  154.128    1613962978669
01    13.885   -7.777   -9.615   99.543   13.671 -142.516    1613962978681
02    12.359  -12.112  -13.757 -132.618   76.598  158.291    1613962978681
01    13.871   -7.781   -9.634   99.973   13.677 -142.824    1613962978702
02    12.451  -12.167  -13.738 -129.876   76.654  161.125    1613962978702
01    13.858   -7.811   -9.631  100.523   13.904 -143.262    1613962978712
02    12.513  -12.118  -13.719 -134.571   77.310  156.789    1613962978712
01    13.832   -7.821   -9.668  101.415   13.919 -143.691    1613962978733
02    12.498  -12.030  -13.753 -149.189   77.507  142.973    1613962978733
01    13.794   -7.859   -9.657  102.625   14.414 -144.424    1613962978751
02    12.549  -11.951  -13.711 -159.478   77.248  133.174    1613962978751
01    13.745   -7.895   -9.653  103.936   14.805 -145.434    1613962978763
02    12.565  -11.880  -13.665 -171.275   76.406  122.457    1613962978763
01    13.704   -7.937   -9.649  105.345   15.304 -146.759    1613962978784
02    12.585  -11.774  -13.577  175.031   74.399  110.341    1613962978784
01    13.638   -7.969   -9.686  107.796   15.965 -148.785    1613962978802
02    12.544  -11.703  -13.358  162.547   69.571  100.963    1613962978802
01    13.567   -8.020   -9.741  111.952   17.777 -151.466    1613962978814
02    12.473  -11.584  -13.017  153.901   62.091   96.036    1613962978814
01    13.483   -8.130   -9.841  116.787   20.409 -153.458    1613962978835
02    12.291  -11.288  -12.257  145.221   49.984   92.242    1613962978835
01    13.340   -8.217  -10.070  123.847   23.541 -154.005    1613962978845
02    11.924  -10.829  -11.664  133.484   31.619   84.279    1613962978845
01    13.146   -8.667  -10.092  129.575   28.719 -153.632    1613962978865
02    12.181   -9.753  -11.314  133.754   10.695   77.944    1613962978865
01    13.001   -8.837  -10.144  133.575   30.089 -154.168    1613962978884
02    12.144   -9.439  -11.170  137.069    4.507   79.976    1613962978884
01    12.874   -8.974  -10.117  134.904   30.159 -154.551    1613962978896
02    12.002   -9.484  -11.126  137.786    2.191   81.555    1613962978896
01    12.790   -9.016  -10.129  135.263   29.363 -154.795    1613962978916
02    11.897   -9.500  -11.136  138.113    0.464   82.187    1613962978916
01    12.765   -9.048  -10.124  135.008   28.950 -155.294    1613962978935
02    11.877   -9.503  -11.115  138.300   -0.028   82.271    1613962978935
01    12.772   -9.005  -10.100  135.073   28.561 -156.090    1613962978947
02    11.886   -9.505  -11.071  138.584   -0.149   82.112    1613962978947
01    12.782   -9.026  -10.013  134.887   28.583 -156.476    1613962978967
02    11.858   -9.502  -11.055  138.566   -0.510   82.326    1613962978967
01    12.757   -9.002  -10.007  134.209   28.054 -156.567    1613962978978
02    11.799   -9.524  -11.034  137.703   -1.017   82.772    1613962978978
01    12.746   -9.000   -9.948  133.154   27.694 -156.038    1613962978998
02    11.746   -9.511  -11.018  136.287   -1.999   82.910    1613962978998
01    12.726   -8.972   -9.891  131.453   26.956 -154.854    1613962979019
02    11.677   -9.464  -10.975  134.225   -3.214   82.538    1613962979019
01    12.723   -8.909   -9.842  129.407   25.968 -153.252    1613962979029
02    11.692   -9.337  -10.885  132.691   -4.169   80.637    1613962979029
01    12.743   -8.825   -9.776  126.438   24.575 -151.929    1613962979049
02    11.861   -9.096  -10.745  133.453   -3.244   77.523    1613962979049
01    12.764   -8.719   -9.692  122.100   21.827 -150.865    1613962979068
02    11.873   -8.915  -10.884  135.596    0.780   75.450    1613962979068
01    12.826   -8.552   -9.605  116.814   17.911 -149.452    1613962979080
02    11.640   -8.914  -11.339  137.569    6.774   75.148    1613962979080
01    13.007   -8.326   -9.430  112.643   14.621 -147.663    1613962979101
02    11.279   -9.104  -11.966  139.809   14.027   76.743    1613962979101
01    13.170   -8.074   -9.298  108.420   10.163 -145.000    1613962979119
02    10.835   -9.597  -12.742  144.135   23.083   81.132    1613962979119
01    13.374   -7.800   -9.220  105.868    7.760 -142.647    1613962979131
02    10.638  -10.426  -13.098  153.028   35.887   91.086    1613962979131
01    13.533   -7.706   -9.213  103.378    7.441 -140.829    1613962979152
02    10.772  -10.896  -13.266  160.851   47.134   98.074    1613962979152
01    13.614   -7.706   -9.219  101.500    7.752 -139.716    1613962979160
02    10.954  -11.210  -13.392  165.986   55.354  102.087    1613962979160
01    13.662   -7.692   -9.245  100.668    7.908 -139.077    1613962979186
02    11.135  -11.485  -13.425  173.203   61.552  108.155    1613962979186
01    13.721   -7.672   -9.259   99.878    8.151 -138.793    1613962979201
02    11.290  -11.712  -13.448 -178.691   65.868  115.241    1613962979201
01    13.744   -7.698   -9.292   98.840    8.620 -138.373    1613962979217
02    11.475  -11.800  -13.485 -170.343   69.135  122.124    1613962979217
01    13.794   -7.698   -9.294   98.338    9.113 -138.292    1613962979232
02    11.602  -11.974  -13.447 -159.875   70.744  132.026    1613962979232
