01    14.157   -6.955   -7.676   71.495   29.787    1.573    1598259167558
02    11.639  -10.485   -9.891 -130.851   79.392  -86.660    1598259167558
01    14.151   -6.953   -7.681   71.531   29.780    1.681    1598259167574
02    11.632  -10.488   -9.891 -131.049   79.376  -86.839    1598259167574
01    14.148   -6.932   -7.691   71.699   29.629    1.811    1598259167596
02    11.636  -10.481   -9.889 -131.037   79.383  -86.879    1598259167596
01    14.150   -6.924   -7.687   71.688   29.532    1.783    1598259167612
02    11.635  -10.481   -9.886 -131.026   79.370  -86.865    1598259167612
01    14.154   -6.919   -7.684   71.718   29.532    1.770    1598259167628
02    11.633  -10.475   -9.892 -131.341   79.396  -87.184    1598259167628
01    14.164   -6.911   -7.671   71.710   29.545    1.638    1598259167643
02    11.637  -10.472   -9.894 -131.256   79.425  -87.102    1598259167643
01    14.170   -6.913   -7.664   71.646   29.524    1.532    1598259167659
02    11.643  -10.467   -9.893 -131.126   79.416  -87.009    1598259167659
01    14.167   -6.924   -7.665   71.579   29.584    1.519    1598259167674
02    11.638  -10.474   -9.894 -131.173   79.368  -87.016    1598259167674
01    14.161   -6.925   -7.680   71.598   29.619    1.622    1598259167697
02    11.636  -10.475   -9.898 -131.182   79.369  -87.011    1598259167697
01    14.157   -6.933   -7.681   71.575   29.652    1.639    1598259167712
02    11.636  -10.472   -9.899 -131.252   79.365  -87.098    1598259167712
01    14.153   -6.923   -7.692   71.678   29.596    1.763    1598259167728
02    11.634  -10.468   -9.900 -131.403   79.400  -87.257    1598259167728
01    14.150   -6.915   -7.691   71.721   29.585    1.794    1598259167744
02    11.634  -10.457   -9.903 -131.544   79.404  -87.452    1598259167744
01    14.149   -6.911   -7.686   71.727   29.547    1.765    1598259167759
02    11.624  -10.459   -9.907 -131.889   79.405  -87.777    1598259167759
01    14.149   -6.909   -7.679   71.746   29.548    1.739    1598259167775
02    11.621  -10.465   -9.901 -131.685   79.364  -87.566    1598259167775
01    14.148   -6.909   -7.681   71.749   29.539    1.737    1598259167797
02    11.619  -10.470   -9.896 -131.470   79.363  -87.333    1598259167797
01    14.145   -6.921   -7.680   71.655   29.581    1.707    1598259167812
02    11.623  -10.471   -9.894 -131.274   79.353  -87.168    1598259167812
01    14.147   -6.924   -7.681   71.657   29.614    1.707    1598259167828
02    11.623  -10.478   -9.891 -131.196   79.351  -87.053    1598259167828
01    14.152   -6.922   -7.680   71.657   29.622    1.679    1598259167844
02    11.627  -10.478   -9.894 -131.190   79.359  -87.060    1598259167844
01    14.153   -6.925   -7.683   71.645   29.645    1.679    1598259167859
02    11.630  -10.478   -9.894 -131.111   79.395  -86.975    1598259167859
01    14.156   -6.925   -7.686   71.648   29.618    1.686    1598259167875
02    11.636  -10.477   -9.892 -130.954   79.395  -86.851    1598259167875
01    14.157   -6.928   -7.684   71.628   29.623    1.661    1598259167897
02    11.635  -10.476   -9.897 -131.191   79.411  -87.089    1598259167897
01    14.155   -6.933   -7.686   71.614   29.638    1.670    1598259167913
02    11.629  -10.478   -9.899 -131.438   79.407  -87.318    1598259167913
01    14.151   -6.939   -7.687   71.599   29.653    1.667    1598259167928
02    11.625  -10.477   -9.900 -131.608   79.420  -87.510    1598259167928
01    14.146   -6.948   -7.683   71.553   29.678    1.630    1598259167944
02    11.629  -10.477   -9.894 -131.430   79.427  -87.380    1598259167944
01    14.148   -6.960   -7.678   71.525   29.707    1.583    1598259167960
02    11.626  -10.486   -9.888 -131.360   79.407  -87.287    1598259167960
01    14.145   -6.963   -7.686   71.555   29.776    1.598    1598259167975
02    11.628  -10.490   -9.887 -131.252   79.400  -87.214    1598259167975
01    14.144   -6.975   -7.691   71.507   29.914    1.522    1598259167997
02    11.620  -10.504   -9.888 -131.277   79.380  -87.225    1598259167997
01    14.145   -6.977   -7.700   71.515   29.911    1.578    1598259168013
02    11.621  -10.509   -9.892 -131.288   79.364  -87.264    1598259168013
01    14.142   -6.984   -7.715   71.552   30.003    1.691    1598259168029
02    11.623  -10.538   -9.874 -130.971   79.347  -86.914    1598259168029
01    14.155   -6.989   -7.699   71.430   30.016    1.536    1598259168044
02    11.626  -10.536   -9.873 -130.925   79.356  -86.850    1598259168044
01    14.160   -7.001   -7.690   71.286   30.001    1.439    1598259168060
02    11.623  -10.534   -9.889 -131.205   79.361  -87.107    1598259168060
01    14.164   -6.997   -7.698   71.268   29.945    1.455    1598259168076
02    11.634  -10.524   -9.887 -131.129   79.392  -87.055    1598259168076
01    14.162   -7.009   -7.700   71.183   29.931    1.454    1598259168098
02    11.637  -10.533   -9.874 -130.902   79.427  -86.773    1598259168098
01    14.169   -7.009   -7.693   71.112   29.933    1.392    1598259168113
02    11.640  -10.543   -9.863 -130.677   79.469  -86.480    1598259168113
01    14.163   -7.010   -7.698   71.119   29.957    1.473    1598259168129
02    11.638  -10.537   -9.871 -130.923   79.477  -86.698    1598259168129
01    14.167   -7.002   -7.694   71.123   29.920    1.441    1598259168145
02    11.632  -10.527   -9.886 -131.261   79.455  -87.072    1598259168145
01    14.170   -6.998   -7.693   71.164   29.958    1.419    1598259168160
02    11.637  -10.529   -9.873 -130.884   79.473  -86.702    1598259168160
01    14.167   -6.994   -7.693   71.211   29.956    1.435    1598259168176
02    11.626  -10.536   -9.877 -131.132   79.426  -86.922    1598259168176
01    14.164   -6.990   -7.696   71.232   29.955    1.460    1598259168198
02    11.617  -10.531   -9.884 -131.376   79.419  -87.151    1598259168198
01    14.166   -6.987   -7.692   71.201   29.957    1.450    1598259168214
02    11.612  -10.524   -9.886 -131.573   79.435  -87.321    1598259168214
01    14.166   -6.983   -7.695   71.200   29.982    1.500    1598259168229
02    11.609  -10.514   -9.891 -131.983   79.437  -87.686    1598259168229
01    14.157   -6.981   -7.705   71.143   30.049    1.654    1598259168245
02    11.590  -10.487   -9.910 -132.958   79.403  -88.642    1598259168245
01    14.126   -6.974   -7.730   71.249   30.119    2.043    1598259168260
02    11.538  -10.461   -9.940 -134.874   79.210  -90.591    1598259168260
01    14.075   -6.922   -7.772   71.645   30.080    2.389    1598259168276
02    11.487  -10.437   -9.964 -136.459   78.989  -92.384    1598259168276
01    14.018   -6.875   -7.797   72.097   29.933    2.744    1598259168298
02    11.452  -10.375  -10.012 -138.332   78.898  -94.730    1598259168298
01    13.980   -6.794   -7.837   72.915   29.526    3.306    1598259168314
02    11.384  -10.345  -10.063 -141.190   78.815  -97.921    1598259168314
01    13.930   -6.768   -7.910   73.346   29.009    3.904    1598259168330
02    11.364  -10.264  -10.145 -144.611   78.976 -101.829    1598259168330
01    13.907   -6.734   -7.991   73.673   28.459    4.338    1598259168345
02    11.363  -10.204  -10.231 -146.484   79.167 -104.104    1598259168345
01    13.899   -6.713   -8.101   73.949   28.075    4.640    1598259168361
02    11.367  -10.161  -10.352 -148.218   79.386 -106.096    1598259168361
01    13.874   -6.754   -8.230   73.824   27.879    4.743    1598259168376
02    11.395  -10.157  -10.458 -148.621   79.707 -106.631    1598259168376
01    13.844   -6.782   -8.415   73.780   27.737    4.782    1598259168399
02    11.413  -10.204  -10.568 -147.119   79.854 -105.219    1598259168399
01    13.831   -6.829   -8.579   73.734   27.856    4.525    1598259168414
02    11.440  -10.278  -10.668 -144.402   80.069 -102.450    1598259168414
01    13.796   -6.888   -8.824   73.754   28.167    4.517    1598259168430
02    11.453  -10.376  -10.833 -142.205   80.182 -100.039    1598259168430
01    13.791   -6.950   -9.052   73.680   28.525    4.310    1598259168445
02    11.425  -10.485  -11.052 -140.189   80.037  -97.778    1598259168445
01    13.747   -7.099   -9.294   73.292   29.296    4.095    1598259168461
02    11.422  -10.546  -11.269 -139.016   79.977  -96.342    1598259168461
01    13.724   -7.179   -9.576   73.045   30.055    4.065    1598259168477
02    11.375  -10.684  -11.438 -138.134   79.814  -94.775    1598259168477
01    13.676   -7.356   -9.841   72.258   31.253    3.871    1598259168499
02    11.310  -10.763  -11.703 -138.849   79.608  -94.855    1598259168499
01    13.663   -7.455  -10.091   71.380   32.361    3.464    1598259168514
02    11.297  -10.841  -11.902 -137.811   79.490  -93.155    1598259168514
01    13.616   -7.570  -10.383   70.703   33.611    3.388    1598259168530
02    11.214  -10.949  -12.135 -137.560   79.066  -91.940    1598259168530
01    13.534   -7.712  -10.682   69.817   35.149    3.207    1598259168546
02    11.136  -11.046  -12.362 -136.614   78.764  -89.816    1598259168546
01    13.440   -7.860  -10.962   69.119   36.616    2.937    1598259168561
02    11.093  -11.105  -12.593 -135.432   78.798  -87.674    1598259168561
01    13.323   -7.962  -11.276   68.934   38.122    2.950    1598259168577
02    11.023  -11.198  -12.823 -134.510   78.897  -85.585    1598259168577
01    13.224   -8.042  -11.570   68.856   39.421    2.929    1598259168599
02    10.907  -11.263  -13.084 -133.693   78.726  -84.046    1598259168599
01    13.121   -8.075  -11.850   68.942   40.375    3.069    1598259168615
02    10.797  -11.376  -13.279 -131.904   78.621  -81.513    1598259168615
01    13.024   -8.104  -12.103   69.108   41.266    3.270    1598259168630
02    10.671  -11.455  -13.479 -131.533   78.305  -80.680    1598259168630
01    12.943   -8.183  -12.271   68.697   42.218    2.696    1598259168646
02    10.569  -11.485  -13.672 -131.795   78.170  -80.634    1598259168646
01    12.833   -8.225  -12.492   68.615   42.773    2.618    1598259168662
02    10.447  -11.435  -13.932 -134.489   78.020  -83.214    1598259168662
01    12.764   -8.188  -12.711   69.130   43.046    2.778    1598259168677
02    10.407  -11.480  -14.077 -134.169   77.977  -82.827    1598259168677
01    12.652   -8.238  -12.907   69.008   43.505    2.826    1598259168699
02    10.321  -11.423  -14.303 -136.387   78.176  -84.811    1598259168699
01    12.598   -8.219  -13.081   69.240   43.697    2.929    1598259168715
02    10.289  -11.381  -14.467 -137.721   78.619  -85.865    1598259168715
01    12.600   -8.197  -13.197   69.280   43.976    2.655    1598259168731
02    10.267  -11.332  -14.601 -139.780   79.325  -87.570    1598259168731
01    12.567   -8.174  -13.328   69.520   44.069    2.854    1598259168746
02    10.261  -11.191  -14.755 -143.998   80.147  -91.562    1598259168746
01    12.566   -8.119  -13.434   69.738   43.936    3.008    1598259168762
02    10.220  -11.037  -14.919 -152.470   80.972  -99.628    1598259168762
01    12.591   -8.067  -13.503   69.832   43.832    2.902    1598259168778
02    10.191  -10.975  -15.034 -159.736   81.280 -106.362    1598259168778
01    12.581   -8.054  -13.591   69.727   43.769    2.961    1598259168802
02    10.161  -10.976  -15.067 -162.384   81.421 -108.493    1598259168802
01    12.624   -7.962  -13.653   69.897   43.518    3.028    1598259168820
02    10.145  -10.965  -15.160 -162.911   81.381 -108.683    1598259168820
01    12.698   -7.905  -13.674   69.858   43.362    2.835    1598259168833
02    10.251  -10.925  -15.164 -160.770   81.672 -106.659    1598259168833
01    12.760   -7.907  -13.649   69.381   43.313    2.470    1598259168853
02    10.277  -10.824  -15.246 -162.302   81.580 -108.258    1598259168853
01    12.791   -7.865  -13.682   69.224   43.140    2.474    1598259168861
02    10.284  -10.787  -15.263 -163.221   81.639 -108.778    1598259168861
01    12.850   -7.811  -13.691   68.973   42.862    2.426    1598259168884
02    10.279  -10.718  -15.311 -165.683   81.537 -110.900    1598259168884
01    12.929   -7.739  -13.682   68.733   42.611    2.349    1598259168902
02    10.331  -10.654  -15.298 -166.507   81.699 -111.375    1598259168902
01    12.967   -7.709  -13.696   68.471   42.515    2.432    1598259168918
02    10.346  -10.588  -15.319 -168.502   81.651 -112.928    1598259168918
01    13.050   -7.737  -13.629   67.491   42.506    1.813    1598259168933
02    10.423  -10.545  -15.284 -168.219   81.951 -112.307    1598259168933
01    13.092   -7.721  -13.626   66.511   42.332    1.665    1598259168949
02    10.471  -10.469  -15.277 -169.783   82.155 -113.246    1598259168949
01    13.156   -7.735  -13.583   65.219   42.314    1.061    1598259168964
02    10.480  -10.422  -15.275 -172.306   82.092 -114.744    1598259168964
01    13.221   -7.715  -13.555   64.635   42.235    0.915    1598259168980
02    10.445  -10.312  -15.318 -176.016   81.803 -117.776    1598259168980
01    13.254   -7.674  -13.549   64.409   42.221    1.224    1598259169002
02    10.412  -10.309  -15.285 -175.718   81.540 -116.820    1598259169002
01    13.258   -7.665  -13.536   64.180   42.342    1.428    1598259169018
02    10.388  -10.270  -15.287 -175.474   81.071 -116.412    1598259169018
01    13.274   -7.595  -13.539   64.604   42.198    1.670    1598259169034
02    10.356  -10.259  -15.284 -174.027   80.511 -114.748    1598259169034
01    13.279   -7.534  -13.548   65.079   42.180    1.834    1598259169049
02    10.390  -10.222  -15.257 -172.385   80.515 -113.328    1598259169049
01    13.271   -7.490  -13.560   65.626   42.235    2.048    1598259169065
02    10.408  -10.206  -15.251 -170.946   80.410 -111.956    1598259169065
01    13.276   -7.429  -13.558   66.054   42.218    2.007    1598259169080
02    10.462  -10.185  -15.234 -169.353   80.637 -110.565    1598259169080
01    13.328   -7.351  -13.521   66.344   42.093    1.798    1598259169103
02    10.512  -10.163  -15.221 -168.049   80.864 -109.418    1598259169103
01    13.299   -7.327  -13.550   66.570   42.017    1.911    1598259169118
02    10.537  -10.143  -15.209 -167.570   80.998 -108.966    1598259169118
01    13.281   -7.277  -13.576   66.881   41.946    2.075    1598259169134
02    10.516  -10.082  -15.257 -168.714   80.907 -110.252    1598259169134
01    13.290   -7.196  -13.583   67.082   41.635    2.096    1598259169149
02    10.470  -10.060  -15.303 -169.675   80.731 -111.215    1598259169149
01    13.278   -7.141  -13.592   67.253   41.447    2.143    1598259169165
02    10.487  -10.012  -15.311 -170.050   80.865 -111.879    1598259169165
01    13.297   -7.068  -13.582   67.450   41.180    2.102    1598259169181
02    10.528   -9.974  -15.298 -169.470   80.982 -111.530    1598259169181
01    13.294   -7.035  -13.600   67.510   40.971    2.108    1598259169203
02    10.577   -9.897  -15.312 -169.842   81.155 -112.103    1598259169203
01    13.333   -6.961  -13.599   67.635   40.786    1.967    1598259169218
02    10.572   -9.867  -15.324 -169.914   81.189 -112.236    1598259169218
01    13.337   -6.876  -13.639   67.805   40.501    2.068    1598259169234
02    10.563   -9.849  -15.337 -169.731   81.276 -112.071    1598259169234
01    13.344   -6.910  -13.614   67.385   40.565    1.709    1598259169250
02    10.593   -9.782  -15.366 -169.846   81.428 -112.324    1598259169250
01    13.316   -6.915  -13.634   67.287   40.500    1.698    1598259169265
02    10.616   -9.759  -15.393 -169.231   81.625 -111.837    1598259169265
01    13.318   -6.844  -13.646   67.428   40.215    1.636    1598259169281
02    10.609   -9.718  -15.443 -169.060   81.621 -111.880    1598259169281
01    13.302   -6.789  -13.669   67.692   40.099    1.705    1598259169303
02    10.648   -9.667  -15.438 -168.196   81.975 -111.365    1598259169303
01    13.299   -6.741  -13.675   67.732   39.927    1.667    1598259169319
02    10.617   -9.652  -15.466 -168.773   82.001 -111.944    1598259169319
01    13.283   -6.700  -13.678   67.712   39.806    1.693    1598259169334
02    10.579   -9.607  -15.501 -169.990   82.055 -113.212    1598259169334
01    13.298   -6.633  -13.668   67.769   39.613    1.594    1598259169350
02    10.546   -9.526  -15.532 -171.211   81.981 -114.534    1598259169350
01    13.295   -6.559  -13.674   67.861   39.350    1.669    1598259169366
02    10.516   -9.476  -15.535 -172.196   81.958 -115.536    1598259169366
01    13.313   -6.512  -13.618   67.643   39.170    1.348    1598259169381
02    10.501   -9.436  -15.536 -172.616   81.943 -115.985    1598259169381
01    13.298   -6.452  -13.612   67.723   39.085    1.421    1598259169403
02    10.560   -9.394  -15.465 -171.656   82.257 -115.140    1598259169403
01    13.236   -6.446  -13.611   67.576   39.069    1.547    1598259169419
02    10.520   -9.321  -15.502 -172.573   82.174 -116.153    1598259169419
01    13.221   -6.405  -13.594   67.601   38.989    1.525    1598259169435
02    10.529   -9.260  -15.496 -172.396   82.260 -116.307    1598259169435
01    13.188   -6.357  -13.599   67.734   38.846    1.744    1598259169450
02    10.428   -9.238  -15.523 -172.758   81.887 -116.744    1598259169450
01    13.171   -6.310  -13.573   67.760   38.730    1.819    1598259169466
02    10.361   -9.218  -15.540 -172.837   81.632 -116.908    1598259169466
01    13.134   -6.247  -13.582   67.984   38.558    2.119    1598259169482
02    10.320   -9.179  -15.540 -173.314   81.442 -117.474    1598259169482
01    13.085   -6.259  -13.570   67.897   38.640    2.289    1598259169504
02    10.308   -9.152  -15.501 -173.169   81.406 -117.460    1598259169504
01    13.103   -6.240  -13.527   67.840   38.606    2.245    1598259169519
02    10.276   -9.135  -15.483 -173.185   81.210 -117.565    1598259169519
01    13.085   -6.237  -13.511   67.772   38.596    2.338    1598259169535
02    10.251   -9.079  -15.487 -174.406   81.107 -118.972    1598259169535
01    13.056   -6.259  -13.486   67.527   38.675    2.283    1598259169551
02    10.239   -9.099  -15.454 -173.750   81.116 -118.374    1598259169551
01    13.053   -6.207  -13.491   67.694   38.578    2.401    1598259169566
02    10.205   -9.081  -15.455 -173.978   80.965 -118.713    1598259169566
01    13.058   -6.200  -13.456   67.672   38.528    2.280    1598259169582
02    10.247   -9.100  -15.395 -172.142   81.226 -117.057    1598259169582
01    13.052   -6.192  -13.446   67.665   38.494    2.257    1598259169597
02    10.246   -9.128  -15.371 -170.945   81.256 -115.935    1598259169597
01    13.048   -6.168  -13.440   67.705   38.342    2.235    1598259169620
02    10.220   -9.119  -15.379 -170.792   81.123 -115.936    1598259169620
01    13.035   -6.200  -13.425   67.642   38.465    2.228    1598259169635
02    10.217   -9.119  -15.369 -170.499   81.181 -115.788    1598259169635
01    13.028   -6.216  -13.414   67.595   38.577    2.222    1598259169651
02    10.195   -9.115  -15.370 -171.020   81.113 -116.375    1598259169651
01    13.009   -6.242  -13.410   67.548   38.723    2.258    1598259169666
02    10.191   -9.127  -15.351 -170.572   81.097 -115.959    1598259169666
01    12.988   -6.283  -13.401   67.439   38.902    2.249    1598259169682
02    10.194   -9.162  -15.325 -169.604   81.130 -114.966    1598259169682
01    12.967   -6.292  -13.416   67.520   38.984    2.426    1598259169698
02    10.191   -9.181  -15.313 -169.429   81.121 -114.758    1598259169698
01    12.951   -6.311  -13.429   67.533   39.049    2.538    1598259169720
02    10.204   -9.194  -15.303 -169.112   81.155 -114.503    1598259169720
01    12.957   -6.333  -13.418   67.506   39.143    2.482    1598259169736
02    10.178   -9.229  -15.309 -168.638   81.025 -114.020    1598259169736
01    12.964   -6.362  -13.406   67.390   39.165    2.394    1598259169751
02    10.183   -9.248  -15.309 -168.618   81.068 -113.987    1598259169751
01    12.988   -6.433  -13.358   67.111   39.241    2.127    1598259169767
02    10.215   -9.311  -15.264 -167.472   81.172 -112.883    1598259169767
01    13.003   -6.439  -13.349   67.152   39.205    2.101    1598259169782
02    10.246   -9.351  -15.235 -165.886   81.268 -111.394    1598259169782
01    12.988   -6.475  -13.354   67.156   39.288    2.123    1598259169798
02    10.301   -9.371  -15.201 -164.049   81.522 -109.796    1598259169798
01    13.005   -6.488  -13.343   67.202   39.231    2.065    1598259169820
02    10.255   -9.404  -15.224 -164.855   81.227 -110.499    1598259169820
01    12.995   -6.505  -13.348   67.328   39.219    2.143    1598259169836
02    10.256   -9.417  -15.231 -165.292   81.187 -111.000    1598259169836
01    12.990   -6.557  -13.341   67.331   39.238    2.146    1598259169851
02    10.242   -9.472  -15.221 -165.061   81.050 -110.710    1598259169851
01    12.999   -6.584  -13.329   67.425   39.273    2.167    1598259169867
02    10.262   -9.490  -15.203 -164.904   81.111 -110.686    1598259169867
01    13.019   -6.590  -13.303   67.468   39.260    2.085    1598259169883
02    10.281   -9.534  -15.184 -164.243   81.136 -110.063    1598259169883
01    13.023   -6.611  -13.300   67.522   39.253    2.072    1598259169898
02    10.278   -9.616  -15.155 -163.153   81.126 -108.885    1598259169898
01    13.044   -6.654  -13.278   67.481   39.242    1.939    1598259169905
02    10.334   -9.649  -15.116 -161.788   81.210 -107.614    1598259169920
01    13.056   -6.690  -13.269   67.527   39.346    1.856    1598259169936
02    10.350   -9.684  -15.109 -161.171   81.271 -107.009    1598259169936
01    13.079   -6.685  -13.248   67.594   39.317    1.688    1598259169952
02    10.376   -9.643  -15.118 -161.259   81.364 -107.257    1598259169952
01    13.049   -6.728  -13.256   67.621   39.377    1.813    1598259169967
02    10.359   -9.698  -15.099 -160.726   81.277 -106.690    1598259169967
01    13.046   -6.734  -13.245   67.662   39.356    1.878    1598259169983
02    10.375   -9.690  -15.078 -161.152   81.428 -107.152    1598259169983
01    13.027   -6.744  -13.237   67.755   39.462    1.986    1598259169999
02    10.337   -9.685  -15.096 -161.845   81.326 -107.846    1598259169999
01    13.017   -6.733  -13.230   67.895   39.412    2.201    1598259170005
02    10.310   -9.673  -15.095 -162.783   81.233 -108.772    1598259170005
01    13.019   -6.717  -13.209   68.020   39.354    2.256    1598259170036
02    10.302   -9.672  -15.073 -163.382   81.182 -109.368    1598259170036
01    13.009   -6.692  -13.198   68.149   39.269    2.386    1598259170052
02    10.294   -9.630  -15.087 -164.250   81.107 -110.314    1598259170052
01    13.034   -6.678  -13.154   68.150   39.175    2.257    1598259170068
02    10.286   -9.640  -15.052 -164.135   81.058 -110.193    1598259170068
01    13.049   -6.662  -13.132   68.182   39.127    2.221    1598259170083
02    10.309   -9.621  -15.031 -164.160   81.095 -110.306    1598259170083
01    13.054   -6.633  -13.122   68.253   39.024    2.259    1598259170099
02    10.318   -9.593  -15.023 -164.403   81.099 -110.611    1598259170099
01    13.040   -6.622  -13.126   68.311   39.018    2.396    1598259170105
02    10.301   -9.586  -15.025 -164.733   81.066 -110.894    1598259170105
01    13.036   -6.597  -13.119   68.422   38.955    2.481    1598259170137
02    10.277   -9.579  -15.025 -165.040   81.006 -111.145    1598259170137
01    13.019   -6.573  -13.133   68.598   38.896    2.761    1598259170152
02    10.268   -9.558  -15.022 -165.288   81.009 -111.347    1598259170152
01    13.009   -6.560  -13.128   68.617   38.917    2.854    1598259170168
02    10.238   -9.551  -15.016 -165.785   80.907 -111.746    1598259170168
01    12.996   -6.501  -13.130   68.863   38.790    3.051    1598259170184
02    10.233   -9.522  -15.000 -166.126   80.898 -112.077    1598259170184
01    12.964   -6.514  -13.119   68.810   38.914    3.167    1598259170199
02    10.233   -9.515  -14.975 -165.682   80.925 -111.590    1598259170199
01    12.951   -6.500  -13.117   68.803   38.872    3.187    1598259170206
02    10.201   -9.465  -15.005 -167.217   80.808 -113.127    1598259170206
01    12.937   -6.438  -13.144   69.128   38.616    3.466    1598259170237
02    10.206   -9.444  -15.001 -167.334   80.863 -113.251    1598259170237
01    12.954   -6.433  -13.121   68.986   38.605    3.294    1598259170253
02    10.212   -9.422  -14.993 -167.113   80.878 -113.062    1598259170253
01    12.954   -6.409  -13.127   69.000   38.532    3.296    1598259170268
02    10.241   -9.366  -14.997 -167.670   81.040 -113.675    1598259170268
01    12.968   -6.370  -13.127   69.052   38.399    3.258    1598259170284
02    10.214   -9.371  -15.028 -167.712   80.958 -113.686    1598259170284
01    12.947   -6.377  -13.143   69.004   38.471    3.309    1598259170299
02    10.201   -9.349  -15.045 -167.587   80.945 -113.577    1598259170299
01    12.932   -6.372  -13.156   68.980   38.454    3.387    1598259170306
02    10.185   -9.322  -15.061 -167.913   80.926 -113.931    1598259170306
01    12.935   -6.335  -13.164   69.099   38.371    3.506    1598259170322
02    10.202   -9.322  -15.044 -167.933   81.039 -113.925    1598259170322
01    12.919   -6.335  -13.165   69.076   38.384    3.525    1598259170353
02    10.212   -9.291  -15.050 -168.053   81.067 -114.139    1598259170353
01    12.938   -6.293  -13.161   69.200   38.247    3.473    1598259170368
02    10.193   -9.281  -15.067 -168.239   81.033 -114.344    1598259170368
01    12.946   -6.284  -13.154   69.204   38.203    3.430    1598259170384
02    10.205   -9.239  -15.090 -169.044   81.068 -115.263    1598259170384
01    12.942   -6.256  -13.169   69.330   38.050    3.500    1598259170400
02    10.186   -9.228  -15.112 -169.613   81.013 -115.859    1598259170400
01    12.939   -6.280  -13.171   69.178   38.148    3.444    1598259170406
02    10.216   -9.243  -15.085 -168.969   81.169 -115.179    1598259170406
01    12.974   -6.269  -13.158   69.036   38.035    3.188    1598259170422
02    10.270   -9.219  -15.078 -168.760   81.392 -115.075    1598259170422
01    12.980   -6.277  -13.161   68.937   38.033    3.133    1598259170453
02    10.300   -9.201  -15.083 -168.819   81.535 -115.182    1598259170453
01    13.000   -6.271  -13.154   68.869   37.980    2.983    1598259170469
02    10.305   -9.216  -15.089 -168.549   81.551 -114.845    1598259170469
01    13.011   -6.253  -13.161   68.915   37.909    2.980    1598259170484
02    10.295   -9.224  -15.105 -168.511   81.528 -114.747    1598259170484
01    13.018   -6.257  -13.156   68.852   37.972    2.924    1598259170500
02    10.297   -9.221  -15.111 -168.177   81.512 -114.440    1598259170500
01    13.023   -6.268  -13.149   68.802   38.020    2.909    1598259170507
02    10.306   -9.225  -15.104 -167.780   81.523 -114.085    1598259170507
01    13.021   -6.245  -13.158   68.931   37.945    2.997    1598259170522
02    10.297   -9.218  -15.108 -168.099   81.467 -114.411    1598259170522
01    13.013   -6.247  -13.157   68.957   37.950    3.043    1598259170553
02    10.285   -9.211  -15.122 -168.576   81.410 -114.894    1598259170553
01    13.001   -6.248  -13.167   69.020   37.952    3.137    1598259170569
02    10.289   -9.203  -15.117 -168.584   81.416 -114.945    1598259170569
01    13.003   -6.245  -13.161   69.052   37.947    3.136    1598259170585
02    10.273   -9.210  -15.121 -168.472   81.309 -114.808    1598259170585
01    13.005   -6.231  -13.169   69.131   37.905    3.187    1598259170600
02    10.269   -9.207  -15.124 -168.692   81.299 -115.013    1598259170600
01    13.011   -6.220  -13.172   69.151   37.841    3.217    1598259170619
02    10.272   -9.221  -15.116 -168.013   81.286 -114.288    1598259170619
01    13.020   -6.222  -13.166   69.083   37.817    3.172    1598259170629
02    10.282   -9.213  -15.118 -167.991   81.301 -114.300    1598259170629
01    13.024   -6.216  -13.168   69.040   37.807    3.170    1598259170650
02    10.299   -9.220  -15.103 -166.565   81.376 -112.945    1598259170650
01    13.029   -6.211  -13.167   69.012   37.806    3.166    1598259170670
02    10.293   -9.236  -15.103 -164.573   81.209 -110.995    1598259170670
01    13.029   -6.208  -13.167   69.045   37.824    3.231    1598259170681
02    10.285   -9.236  -15.110 -164.233   81.104 -110.767    1598259170681
01    13.022   -6.189  -13.173   69.099   37.806    3.294    1598259170701
02    10.278   -9.243  -15.108 -162.954   81.050 -109.553    1598259170701
01    13.005   -6.201  -13.171   69.104   37.833    3.360    1598259170719
02    10.269   -9.244  -15.108 -162.928   80.916 -109.616    1598259170719
01    12.991   -6.208  -13.164   69.129   37.870    3.457    1598259170732
02    10.259   -9.226  -15.115 -164.612   80.863 -111.425    1598259170732
01    12.986   -6.190  -13.161   69.228   37.766    3.547    1598259170752
02    10.260   -9.219  -15.108 -164.464   80.940 -111.339    1598259170752
01    12.982   -6.187  -13.157   69.289   37.621    3.663    1598259170763
02    10.247   -9.216  -15.107 -164.884   80.810 -111.756    1598259170763
01    12.964   -6.193  -13.160   69.316   37.667    3.798    1598259170783
02    10.252   -9.208  -15.103 -165.030   80.851 -112.004    1598259170783
01    12.969   -6.191  -13.145   69.287   37.601    3.720    1598259170801
02    10.260   -9.183  -15.097 -165.424   80.939 -112.519    1598259170801
01    12.958   -6.181  -13.148   69.394   37.497    3.961    1598259170817
02    10.257   -9.171  -15.091 -165.618   80.945 -112.731    1598259170817
01    12.960   -6.179  -13.137   69.484   37.451    3.948    1598259170832
02    10.235   -9.160  -15.101 -166.256   80.819 -113.402    1598259170832
01    12.946   -6.184  -13.136   69.469   37.451    4.034    1598259170848
02    10.203   -9.195  -15.092 -165.679   80.679 -112.692    1598259170848
01    12.938   -6.180  -13.131   69.596   37.401    4.105    1598259170864
02    10.195   -9.187  -15.092 -165.770   80.619 -112.832    1598259170864
01    12.957   -6.159  -13.115   69.679   37.244    4.038    1598259170879
02    10.196   -9.178  -15.095 -166.028   80.630 -113.119    1598259170879
01    12.969   -6.169  -13.099   69.581   37.244    3.933    1598259170901
02    10.193   -9.181  -15.094 -166.085   80.607 -113.166    1598259170901
01    12.982   -6.161  -13.092   69.621   37.177    3.863    1598259170917
02    10.201   -9.182  -15.089 -165.931   80.597 -113.055    1598259170917
01    12.984   -6.162  -13.094   69.626   37.155    3.902    1598259170933
02    10.208   -9.179  -15.088 -165.827   80.604 -112.969    1598259170933
01    12.986   -6.171  -13.086   69.526   37.180    3.829    1598259170948
02    10.213   -9.194  -15.077 -165.363   80.643 -112.470    1598259170948
01    12.975   -6.171  -13.097   69.551   37.177    3.930    1598259170964
02    10.206   -9.214  -15.071 -164.817   80.607 -111.848    1598259170964
01    12.978   -6.173  -13.089   69.515   37.168    3.883    1598259170980
02    10.200   -9.220  -15.071 -164.253   80.555 -111.307    1598259170980
01    12.977   -6.163  -13.087   69.579   37.131    3.906    1598259171002
02    10.200   -9.233  -15.057 -162.986   80.524 -110.099    1598259171002
01    12.966   -6.166  -13.088   69.605   37.146    3.982    1598259171017
02    10.183   -9.280  -15.039 -160.116   80.128 -107.334    1598259171017
01    12.956   -6.163  -13.089   69.607   37.092    4.049    1598259171033
02    10.161   -9.346  -15.005 -155.565   79.630 -103.056    1598259171033
01    12.947   -6.169  -13.081   69.570   37.093    4.066    1598259171049
02    10.147   -9.341  -15.014 -154.851   79.404 -102.564    1598259171049
01    12.954   -6.161  -13.068   69.558   37.018    4.009    1598259171064
02    10.144   -9.314  -15.034 -155.484   79.395 -103.339    1598259171064
01    12.956   -6.148  -13.068   69.612   36.800    4.105    1598259171080
02    10.145   -9.311  -15.034 -155.759   79.335 -103.632    1598259171080
01    12.963   -6.136  -13.060   69.505   36.511    4.079    1598259171102
02    10.179   -9.260  -15.036 -156.151   79.626 -104.192    1598259171102
01    12.968   -6.134  -13.056   69.299   36.345    4.036    1598259171118
02    10.162   -9.281  -15.038 -156.310   79.475 -104.115    1598259171118
01    12.973   -6.120  -13.059   69.334   36.236    4.076    1598259171133
02    10.145   -9.285  -15.053 -156.404   79.459 -104.068    1598259171133
01    12.969   -6.120  -13.061   69.172   36.143    4.123    1598259171149
02    10.170   -9.251  -15.062 -156.572   79.635 -104.431    1598259171149
01    12.981   -6.093  -13.053   69.199   35.916    3.950    1598259171164
02    10.168   -9.247  -15.064 -156.321   79.540 -104.234    1598259171164
01    12.973   -6.089  -13.053   69.258   35.878    4.060    1598259171180
02    10.139   -9.269  -15.065 -156.173   79.338 -103.978    1598259171180
01    12.966   -6.076  -13.062   69.288   35.838    4.117    1598259171202
02    10.134   -9.276  -15.068 -155.625   79.177 -103.517    1598259171202
01    12.962   -6.064  -13.067   69.315   35.807    4.120    1598259171218
02    10.090   -9.306  -15.078 -154.210   78.501 -102.170    1598259171218
01    12.960   -6.063  -13.063   69.235   35.748    4.037    1598259171234
02    10.087   -9.325  -15.067 -151.472   78.043  -99.739    1598259171234
01    12.956   -6.062  -13.069   69.182   35.668    4.068    1598259171249
02    10.082   -9.370  -15.045 -149.442   77.529  -97.754    1598259171249
01    12.937   -6.056  -13.091   69.257   35.676    4.326    1598259171265
02    10.121   -9.363  -15.037 -147.749   77.646  -96.361    1598259171265
01    12.919   -6.062  -13.098   69.365   35.808    4.548    1598259171280
02    10.250   -9.299  -15.020 -145.477   79.825  -94.405    1598259171280
01    12.777   -6.131  -13.147   70.131   36.565    5.028    1598259171303
02    10.609   -9.135  -14.966 -141.593   83.934  -90.876    1598259171303
01    12.457   -6.269  -13.294   73.749   39.346    6.930    1598259171318
02    10.914   -8.829  -15.004  110.365   88.963  160.717    1598259171318
01    12.233   -6.354  -13.381   79.193   42.413    9.749    1598259171334
02    11.127   -8.327  -15.055   68.507   80.115  118.701    1598259171334
01    12.086   -6.400  -13.452   84.946   44.859   13.277    1598259171349
02    11.336   -7.668  -14.857   70.929   67.910  121.887    1598259171349
01    11.997   -6.419  -13.504   90.289   46.767   17.427    1598259171365
02    11.527   -7.112  -14.322   73.007   53.290  126.485    1598259171365
01    12.008   -6.275  -13.503   92.342   46.545   18.669    1598259171381
02    10.915   -6.813  -14.521   76.000   38.178  138.147    1598259171381
01    11.906   -6.251  -13.509   92.638   46.009   18.982    1598259171403
02    10.950   -6.751  -14.299   77.921   34.396  138.359    1598259171403
01    11.821   -6.240  -13.482   92.461   45.486   18.649    1598259171419
02    10.945   -6.600  -14.203   80.056   30.895  139.460    1598259171419
01    11.749   -6.179  -13.465   93.463   45.072   18.669    1598259171435
02    10.887   -6.494  -14.163   81.763   28.369  140.219    1598259171435
01    11.684   -6.140  -13.430   94.790   44.926   18.751    1598259171450
02    10.801   -6.381  -14.173   83.377   26.316  141.022    1598259171450
01    11.613   -6.056  -13.420   96.431   44.466   19.034    1598259171466
02    10.737   -6.291  -14.168   84.773   24.981  141.304    1598259171466
01    11.563   -5.959  -13.411   98.090   44.014   19.336    1598259171481
02    10.683   -6.221  -14.161   85.916   24.122  141.421    1598259171481
01    11.571   -5.863  -13.406   98.996   43.681   19.381    1598259171504
02    10.681   -6.123  -14.156   86.497   23.268  141.315    1598259171504
01    11.656   -5.776  -13.398   98.569   43.558   19.157    1598259171519
02    10.768   -5.933  -14.177   86.293   22.306  140.825    1598259171519
01    11.760   -5.808  -13.386   97.175   44.485   19.900    1598259171535
02    10.850   -5.817  -14.242   84.591   22.531  140.723    1598259171535
01    11.869   -5.850  -13.394   95.070   45.267   20.848    1598259171550
02    10.891   -5.739  -14.390   82.590   24.410  140.751    1598259171550
01    12.027   -5.808  -13.379   91.108   44.567   19.511    1598259171566
02    10.718   -5.917  -14.707   81.914   31.413  141.233    1598259171566
01    12.323   -5.699  -13.226   83.924   41.631   14.297    1598259171582
02    10.458   -6.563  -14.952   83.919   45.383  141.975    1598259171582
01    12.766   -5.512  -12.933   75.033   35.962    7.748    1598259171604
02    10.147   -7.474  -15.083   91.015   61.309  146.204    1598259171604
01    13.112   -5.455  -12.611   65.935   28.316    2.109    1598259171619
02     9.693   -8.555  -15.175  128.242   76.589  178.977    1598259171619
01    13.305   -5.464  -12.471   59.882   23.023   -1.195    1598259171635
02     9.476   -8.860  -15.166 -175.992   75.239 -128.300    1598259171635
01    13.355   -5.549  -12.463   55.945   21.348   -3.034    1598259171651
02     9.363   -8.954  -15.053 -157.248   69.050 -109.287    1598259171651
01    13.438   -5.626  -12.449   53.472   20.904   -4.820    1598259171666
02     9.305   -9.083  -14.960 -149.795   65.029 -100.848    1598259171666
01    13.491   -5.688  -12.449   51.306   20.616   -6.161    1598259171682
02     9.351   -9.215  -14.882 -144.320   63.350  -94.975    1598259171682
01    13.529   -5.754  -12.454   49.229   20.279   -7.530    1598259171698
02     9.366   -9.299  -14.842 -140.967   61.863  -91.702    1598259171698
01    13.563   -5.847  -12.449   47.241   20.004   -8.824    1598259171720
02     9.283   -9.363  -14.861 -140.383   60.137  -90.984    1598259171720
01    13.585   -5.961  -12.467   45.566   20.239  -10.012    1598259171735
02     9.319   -9.393  -14.841 -138.420   59.408  -89.062    1598259171735
01    13.634   -6.026  -12.474   44.344   20.438  -10.705    1598259171751
02     9.357   -9.428  -14.840 -137.395   59.322  -87.496    1598259171751
01    13.668   -6.065  -12.509   43.539   20.734  -10.832    1598259171767
02     9.431   -9.436  -14.853 -136.560   60.304  -86.243    1598259171767
01    13.662   -6.114  -12.551   43.108   21.590  -10.369    1598259171782
02     9.584   -9.405  -14.875 -135.044   62.703  -84.332    1598259171782
01    13.530   -6.117  -12.687   44.514   23.795   -8.322    1598259171798
02     9.834   -9.214  -14.965 -134.354   68.051  -83.661    1598259171798
01    13.268   -6.079  -12.882   48.798   27.195   -4.812    1598259171820
02    10.136   -8.892  -15.074 -138.668   76.484  -87.654    1598259171820
01    12.785   -6.099  -13.114   56.247   31.842    0.026    1598259171836
02    10.562   -8.285  -15.134  163.259   85.403 -145.479    1598259171836
01    12.171   -6.191  -13.275   68.060   36.988    7.156    1598259171851
02    11.012   -7.391  -14.994   86.315   74.723  138.269    1598259171851
01    11.852   -6.161  -13.322   85.638   41.678   18.073    1598259171867
02    11.288   -6.767  -14.502   78.438   55.418  133.395    1598259171867
01    11.751   -5.886  -13.420   98.311   42.485   25.890    1598259171883
02    11.167   -6.553  -14.092   75.269   36.753  138.160    1598259171883
01    11.718   -5.714  -13.429  100.992   41.069   27.085    1598259171898
02    11.020   -6.282  -14.095   79.291   31.105  141.040    1598259171898
01    11.706   -5.650  -13.400  100.487   40.249   26.213    1598259171920
02    10.952   -6.033  -14.134   80.253   25.387  140.908    1598259171920
01    11.714   -5.579  -13.393  100.040   39.737   25.410    1598259171936
02    10.948   -5.815  -14.162   80.661   22.117  140.590    1598259171936
01    11.718   -5.568  -13.388   99.790   39.817   25.053    1598259171952
02    10.953   -5.688  -14.183   81.004   21.149  140.773    1598259171952
01    11.736   -5.557  -13.387   99.553   39.924   24.702    1598259171967
02    10.955   -5.610  -14.218   81.324   20.992  141.297    1598259171967
01    11.810   -5.520  -13.398   98.843   40.103   24.106    1598259171983
02    11.028   -5.522  -14.276   81.406   21.739  141.034    1598259171983
01    11.926   -5.527  -13.422   97.025   40.894   23.189    1598259171998
02    11.013   -5.507  -14.488   80.837   24.299  141.687    1598259171998
01    12.250   -5.454  -13.323   90.498   40.256   17.575    1598259172005
02    10.852   -5.713  -14.825   81.147   31.729  141.713    1598259172005
01    12.845   -5.367  -12.961   79.120   35.636    8.519    1598259172036
02    10.594   -6.530  -15.056   83.214   47.479  141.955    1598259172036
01    13.548   -5.402  -12.392   65.108   26.631   -0.122    1598259172052
02    10.247   -7.666  -15.143   92.195   66.091  147.499    1598259172052
01    13.801   -5.637  -12.134   53.415   17.737   -4.128    1598259172067
02     9.927   -8.251  -15.250  130.305   76.983 -179.046    1598259172067
01    13.990   -5.751  -12.037   47.623   13.755   -5.807    1598259172083
02     9.694   -8.443  -15.201 -177.582   74.149 -128.689    1598259172083
01    14.058   -5.898  -12.069   43.968   13.329   -7.115    1598259172099
02     9.628   -8.567  -15.074 -159.381   68.853 -109.484    1598259172099
01    14.104   -6.021  -12.096   41.560   13.883   -8.486    1598259172121
02     9.647   -8.683  -15.014 -151.890   66.412 -101.048    1598259172121
01    14.116   -6.076  -12.144   40.342   14.497   -9.333    1598259172137
02     9.702   -8.807  -14.972 -147.521   65.620  -96.071    1598259172137
01    14.099   -6.067  -12.220   40.124   15.191   -9.639    1598259172152
02     9.722   -8.938  -14.935 -144.141   64.667  -92.358    1598259172152
01    14.065   -6.124  -12.260   40.104   16.119   -9.906    1598259172168
02     9.764   -9.001  -14.932 -142.062   64.536  -90.159    1598259172168
01    14.048   -6.096  -12.296   40.995   16.931   -9.430    1598259172183
02     9.860   -9.020  -14.947 -140.732   65.919  -88.625    1598259172183
01    13.912   -6.022  -12.437   42.909   18.488   -7.552    1598259172199
02    10.068   -8.860  -15.017 -140.712   70.023  -88.725    1598259172199
01    13.642   -5.956  -12.624   46.808   21.229   -4.621    1598259172221
02    10.384   -8.528  -15.085 -147.089   77.739  -95.009    1598259172221
01    13.226   -5.950  -12.813   53.451   25.390   -0.567    1598259172237
02    10.721   -8.046  -15.112  146.303   84.704 -161.126    1598259172237
01    12.619   -6.025  -12.990   63.719   30.503    5.008    1598259172252
02    11.057   -7.344  -15.009   86.938   74.010  140.135    1598259172252
01    12.190   -6.012  -13.065   80.554   36.156   14.473    1598259172268
02    11.430   -6.704  -14.484   78.205   57.483  133.497    1598259172268
01    11.999   -5.630  -13.253   96.804   37.587   23.682    1598259172284
02    11.445   -6.605  -13.915   72.800   37.614  135.120    1598259172284
01    11.881   -5.439  -13.322  100.828   36.520   25.465    1598259172299
02    11.293   -6.182  -13.960   76.995   28.076  139.150    1598259172299
01    11.838   -5.385  -13.311  100.894   36.256   24.658    1598259172306
02    11.207   -5.897  -14.013   78.360   21.658  139.127    1598259172306
01    11.846   -5.367  -13.284  100.513   36.422   23.624    1598259172337
02    11.193   -5.678  -14.044   79.081   18.081  138.553    1598259172337
01    11.888   -5.361  -13.269   99.953   37.035   22.879    1598259172353
02    11.212   -5.563  -14.060   79.257   16.856  138.362    1598259172353
01    11.962   -5.357  -13.288   99.149   37.850   22.549    1598259172368
02    11.258   -5.469  -14.115   79.116   16.726  138.913    1598259172368
01    12.049   -5.440  -13.354   97.758   39.694   22.806    1598259172384
02    11.359   -5.458  -14.187   78.450   18.664  139.750    1598259172384
01    12.275   -5.517  -13.394   94.074   41.869   20.696    1598259172400
02    11.306   -5.565  -14.435   77.475   23.346  140.852    1598259172400
01    12.742   -5.576  -13.189   83.183   40.947   11.817    1598259172406
02    11.020   -6.009  -14.850   79.364   35.281  142.305    1598259172406
01    13.345   -5.677  -12.759   69.232   35.006    1.106    1598259172422
02    10.679   -7.070  -15.040   82.675   55.027  143.281    1598259172422
01    13.913   -5.944  -12.233   55.774   25.722   -6.611    1598259172453
02    10.227   -8.492  -15.095  100.729   74.516  157.142    1598259172453
01    14.139   -6.128  -12.080   46.508   17.978  -10.028    1598259172469
02    10.006   -8.893  -15.156  164.136   79.897 -142.913    1598259172469
01    14.234   -6.344  -12.049   41.030   15.288  -12.234    1598259172484
02     9.866   -9.096  -15.071 -155.811   72.964 -103.201    1598259172484
01    14.251   -6.502  -12.097   37.753   14.969  -14.036    1598259172500
02     9.865   -9.275  -14.982 -144.300   68.005  -90.669    1598259172500
01    14.277   -6.581  -12.138   36.183   15.274  -15.733    1598259172506
02     9.937   -9.487  -14.900 -137.416   65.534  -83.392    1598259172506
01    14.298   -6.608  -12.142   35.366   15.335  -17.112    1598259172538
02     9.976   -9.626  -14.854 -134.014   63.620  -79.901    1598259172538
01    14.313   -6.649  -12.147   34.692   15.496  -18.221    1598259172553
02     9.972   -9.677  -14.855 -132.705   61.921  -78.575    1598259172553
01    14.329   -6.658  -12.185   34.371   15.830  -18.683    1598259172569
02     9.947   -9.769  -14.819 -132.188   60.892  -77.485    1598259172569
01    14.343   -6.684  -12.219   34.216   16.359  -18.979    1598259172585
02     9.970   -9.784  -14.812 -132.031   60.620  -77.120    1598259172585
01    14.299   -6.652  -12.306   34.753   17.317  -18.082    1598259172600
02    10.064   -9.764  -14.816 -131.089   61.755  -75.926    1598259172600
01    14.157   -6.562  -12.467   36.827   19.392  -15.896    1598259172607
02    10.243   -9.588  -14.912 -130.287   65.834  -75.201    1598259172607
01    13.883   -6.444  -12.689   41.091   22.970  -12.448    1598259172622
02    10.580   -9.209  -15.026 -130.002   74.101  -75.272    1598259172622
01    13.285   -6.364  -13.040   48.364   28.461   -7.422    1598259172654
02    10.948   -8.622  -15.112 -158.200   85.882 -103.495    1598259172654
01    12.580   -6.416  -13.286   63.193   36.705    1.748    1598259172669
02    11.260   -7.926  -15.031   81.385   77.422  136.597    1598259172669
01    12.150   -6.432  -13.368   83.222   43.550   14.899    1598259172685
02    11.573   -7.249  -14.503   75.261   57.222  132.650    1598259172685
01    12.024   -6.240  -13.429   97.720   45.709   24.539    1598259172700
02    11.271   -6.747  -14.398   75.671   35.907  142.306    1598259172700
01    11.967   -6.023  -13.469  101.456   44.416   26.316    1598259172707
02    11.105   -6.513  -14.328   78.306   29.205  144.561    1598259172707
01    11.925   -5.874  -13.472  101.204   42.870   25.607    1598259172723
02    11.092   -6.254  -14.234   79.139   23.577  143.717    1598259172723
01    11.911   -5.818  -13.431  100.163   42.160   24.440    1598259172754
02    11.083   -6.073  -14.161   79.021   19.623  143.504    1598259172754
01    11.885   -5.781  -13.419   99.956   41.806   24.006    1598259172770
02    11.057   -5.906  -14.151   79.520   17.439  144.156    1598259172770
01    11.875   -5.741  -13.414  100.141   41.726   23.875    1598259172785
02    11.033   -5.793  -14.181   80.201   16.767  145.075    1598259172785
01    11.893   -5.709  -13.445   99.953   41.925   23.876    1598259172801
02    11.042   -5.677  -14.259   80.589   16.964  145.705    1598259172801
01    12.002   -5.706  -13.473   98.480   42.856   23.302    1598259172807
02    11.126   -5.614  -14.372   79.965   18.574  146.001    1598259172807
01    12.306   -5.617  -13.398   92.631   42.355   18.691    1598259172823
02    10.988   -5.569  -14.738   79.764   22.639  146.680    1598259172823
01    12.873   -5.479  -13.031   79.856   36.998    8.116    1598259172854
02    10.584   -6.091  -15.179   83.936   36.347  148.188    1598259172854
01    13.708   -5.475  -12.269   64.423   25.597   -1.669    1598259172870
02    10.055   -7.268  -15.352   93.292   55.438  153.779    1598259172870
01    13.989   -5.689  -11.915   51.039   13.233   -4.698    1598259172885
02     9.731   -8.072  -15.366  121.928   69.814  175.331    1598259172885
01    14.120   -5.827  -11.794   44.486    7.709   -4.966    1598259172901
02     9.583   -8.325  -15.303  165.813   72.355 -144.916    1598259172901
01    14.193   -5.973  -11.756   40.414    6.006   -5.576    1598259172908
02     9.604   -8.471  -15.190 -167.592   70.353 -119.449    1598259172908
01    14.243   -6.094  -11.748   37.754    5.870   -6.618    1598259172923
02     9.688   -8.590  -15.118 -155.544   69.367 -107.297    1598259172923
01    14.284   -6.186  -11.746   35.856    5.950   -7.485    1598259172939
02     9.732   -8.685  -15.081 -149.650   68.413 -101.334    1598259172939
01    14.333   -6.230  -11.734   34.660    5.505   -8.051    1598259172970
02     9.740   -8.736  -15.073 -146.839   67.305  -98.648    1598259172970
01    14.339   -6.285  -11.757   33.570    5.442   -8.449    1598259172986
02     9.772   -8.776  -15.053 -144.880   66.918  -96.815    1598259172986
01    14.349   -6.294  -11.799   33.073    5.624   -8.685    1598259173001
02     9.804   -8.792  -15.041 -143.639   66.854  -95.614    1598259173001
01    14.338   -6.300  -11.839   33.087    6.127   -8.911    1598259173008
02     9.796   -8.807  -15.054 -144.109   66.571  -96.042    1598259173008
01    14.279   -6.236  -11.929   34.188    7.237   -8.333    1598259173023
02     9.839   -8.805  -15.051 -144.516   67.621  -96.070    1598259173023
01    14.123   -6.092  -12.097   37.351    9.646   -6.724    1598259173039
02     9.953   -8.689  -15.093 -147.790   70.864  -99.176    1598259173039
01    13.769   -5.937  -12.369   43.258   14.304   -3.727    1598259173070
02    10.162   -8.452  -15.145 -160.831   76.917 -112.078    1598259173070
01    13.078   -5.873  -12.743   51.852   20.476   -0.217    1598259173086
02    10.407   -8.099  -15.167  145.761   80.640 -164.560    1598259173086
01    12.363   -5.969  -12.973   65.382   28.355    4.958    1598259173102
02    10.694   -7.543  -15.068  102.381   72.568  153.535    1598259173102
01    11.850   -6.038  -13.094   83.868   35.518   13.925    1598259173108
02    10.928   -7.071  -14.645   87.951   56.260  142.108    1598259173108
01    11.544   -5.790  -13.401  102.026   38.845   25.109    1598259173124
02    10.952   -6.964  -14.038   82.322   39.341  142.881    1598259173124
01    11.448   -5.626  -13.519  107.320   39.315   28.431    1598259173139
02    10.655   -6.471  -14.119   84.708   25.973  150.459    1598259173139
01    11.453   -5.636  -13.498  106.506   40.087   27.342    1598259173155
02    10.555   -6.223  -14.134   83.281   18.376  150.483    1598259173155
01    11.456   -5.676  -13.470  104.994   40.536   26.156    1598259173186
02    10.524   -6.028  -14.146   82.647   13.677  150.002    1598259173186
01    11.482   -5.710  -13.438  103.981   40.960   25.282    1598259173202
02    10.569   -5.902  -14.120   82.060   11.193  149.164    1598259173202
01    11.525   -5.762  -13.419  103.549   41.694   24.858    1598259173208
02    10.614   -5.794  -14.134   82.177   10.334  149.251    1598259173208
01    11.643   -5.770  -13.417  102.891   42.542   24.396    1598259173224
02    10.698   -5.652  -14.219   82.578   10.458  149.330    1598259173224
01    11.800   -5.831  -13.475  101.479   44.353   24.567    1598259173240
02    10.830   -5.626  -14.337   81.539   12.639  148.952    1598259173240
01    12.072   -5.888  -13.480   96.829   45.903   22.457    1598259173255
02    10.863   -5.571  -14.620   80.380   15.959  149.073    1598259173255
01    12.637   -5.812  -13.204   84.142   43.085   12.226    1598259173287
02    10.524   -5.746  -15.192   83.063   26.551  150.266    1598259173287
01    13.436   -5.795  -12.584   68.364   34.103    0.878    1598259173302
02    10.144   -6.827  -15.399   90.037   49.167  152.610    1598259173302
01    13.948   -6.010  -12.009   52.703   20.281   -5.446    1598259173309
02     9.655   -8.226  -15.380  116.528   69.378  172.777    1598259173309
01    14.073   -6.203  -11.872   43.722   12.007   -6.549    1598259173324
02     9.529   -8.564  -15.374  160.391   73.597 -148.426    1598259173324
01    14.124   -6.398  -11.849   38.535    9.489   -7.453    1598259173340
02     9.487   -8.810  -15.225 -166.899   70.741 -116.239    1598259173340
01    14.172   -6.570  -11.868   35.279    9.546   -9.037    1598259173356
02     9.595   -8.978  -15.108 -151.864   68.703 -100.680    1598259173356
01    14.174   -6.693  -11.963   33.367   10.565  -10.570    1598259173387
02     9.708   -9.156  -15.029 -143.458   67.771  -91.557    1598259173387
01    14.186   -6.773  -12.026   32.315   11.521  -12.111    1598259173402
02     9.813   -9.334  -14.971 -137.124   66.634  -84.818    1598259173402
01    14.189   -6.827  -12.107   31.863   12.796  -12.875    1598259173409
02     9.949   -9.465  -14.955 -132.012   66.793  -79.262    1598259173409
01    14.107   -6.788  -12.277   33.047   15.193  -12.457    1598259173425
02    10.140   -9.486  -14.996 -127.715   69.139  -74.700    1598259173425
01    13.853   -6.695  -12.576   36.581   19.484  -10.321    1598259173440
02    10.366   -9.412  -15.056 -123.613   73.714  -70.421    1598259173440
01    13.421   -6.601  -12.929   43.347   25.573   -6.614    1598259173456
02    10.616   -9.157  -15.142 -123.200   81.263  -70.083    1598259173456
01    12.860   -6.631  -13.191   53.013   32.391   -1.698    1598259173487
02    10.858   -8.694  -15.193  101.980   86.930  155.512    1598259173487
01    12.261   -6.700  -13.360   67.646   39.599    6.573    1598259173503
02    11.098   -8.166  -15.055   77.816   73.547  132.674    1598259173503
01    11.875   -6.628  -13.518   88.007   45.514   19.917    1598259173509
02    11.329   -7.683  -14.567   75.350   57.006  133.485    1598259173509
01    11.817   -6.404  -13.571   98.325   46.504   25.688    1598259173525
02    10.989   -7.116  -14.673   78.221   37.110  144.543    1598259173525
01    11.795   -6.259  -13.599  100.621   46.424   26.055    1598259173541
02    10.965   -6.904  -14.525   76.077   27.118  142.866    1598259173541
01    11.810   -6.192  -13.573   99.762   46.156   24.602    1598259173556
02    10.983   -6.659  -14.415   75.806   20.520  142.410    1598259173556
01    11.824   -6.192  -13.536   98.233   46.249   23.214    1598259173572
02    11.023   -6.436  -14.362   75.735   16.652  142.371    1598259173587
01    11.855   -6.194  -13.519   97.131   46.475   22.215    1598259173603
02    11.078   -6.286  -14.332   75.641   15.077  142.361    1598259173603
01    11.913   -6.210  -13.498   96.161   46.984   21.337    1598259173610
02    11.134   -6.192  -14.341   75.486   14.671  142.352    1598259173610
01    12.013   -6.236  -13.492   94.741   47.815   20.429    1598259173625
02    11.240   -6.115  -14.404   75.381   15.451  141.952    1598259173625
01    12.156   -6.284  -13.504   92.276   49.172   19.422    1598259173641
02    11.358   -6.131  -14.492   74.615   18.267  141.699    1598259173641
01    12.491   -6.270  -13.397   85.013   49.010   13.408    1598259173656
02    11.292   -6.164  -14.777   74.872   24.123  141.595    1598259173656
01    13.246   -6.208  -12.872   71.149   43.382    1.908    1598259173672
02    10.936   -6.762  -15.145   77.620   39.993  142.019    1598259173672
01    14.035   -6.299  -12.074   54.286   29.250   -8.036    1598259173703
02    10.401   -8.020  -15.244   84.243   62.321  145.307    1598259173703
01    14.239   -6.462  -11.774   42.260   15.210   -9.347    1598259173710
02     9.966   -8.672  -15.371  119.821   76.428  174.512    1598259173710
01    14.362   -6.640  -11.665   35.526    9.216   -8.813    1598259173726
02     9.696   -8.880  -15.321  179.233   75.688 -128.526    1598259173726
01    14.460   -6.739  -11.639   31.425    7.213   -8.497    1598259173741
02     9.700   -8.867  -15.197 -156.482   71.083 -105.107    1598259173741
01    14.488   -6.846  -11.669   28.443    7.160   -8.762    1598259173757
02     9.710   -8.879  -15.149 -149.788   69.079  -97.908    1598259173757
01    14.494   -6.882  -11.717   26.939    7.554   -9.039    1598259173772
02     9.718   -8.911  -15.113 -145.931   67.998  -93.921    1598259173772
01    14.522   -6.909  -11.721   26.125    7.698   -9.808    1598259173804
02     9.752   -8.937  -15.081 -143.055   67.337  -91.343    1598259173804
01    14.534   -6.905  -11.755   25.883    8.008  -10.316    1598259173810
02     9.773   -8.947  -15.064 -142.103   66.899  -90.665    1598259173810
01    14.529   -6.913  -11.802   26.023    8.819  -10.623    1598259173826
02     9.790   -8.963  -15.049 -142.096   66.841  -90.524    1598259173826
01    14.434   -6.848  -11.946   27.134   10.631   -9.971    1598259173841
02     9.826   -8.946  -15.045 -143.143   67.831  -91.105    1598259173841
01    14.265   -6.653  -12.169   30.498   13.475   -8.056    1598259173857
02     9.887   -8.877  -15.077 -147.295   70.550  -94.574    1598259173857
01    13.938   -6.458  -12.453   36.055   17.759   -5.220    1598259173873
02    10.032   -8.683  -15.129 -158.441   75.819 -105.620    1598259173873
01    13.413   -6.274  -12.746   43.628   22.430   -1.935    1598259173888
02    10.223   -8.392  -15.165  164.146   80.533 -142.762    1598259173888
01    12.659   -6.272  -12.996   55.086   28.523    3.207    1598259173910
02    10.636   -7.794  -15.055  108.337   76.659  162.052    1598259173910
01    12.100   -6.311  -13.065   71.989   34.557   10.834    1598259173926
02    11.041   -7.119  -14.673   87.377   62.964  142.772    1598259173926
01    11.777   -6.234  -13.161   90.419   39.149   20.798    1598259173942
02    11.283   -6.811  -14.006   79.242   44.075  139.228    1598259173942
01    11.740   -5.966  -13.275   99.590   40.100   25.384    1598259173957
02    10.750   -5.950  -14.403   81.815   24.091  149.791    1598259173957
01    11.772   -5.849  -13.300  100.901   40.570   25.165    1598259173973
02    10.756   -5.966  -14.278   80.028   19.937  146.969    1598259173973
01    11.760   -5.844  -13.321  100.153   40.908   24.319    1598259173989
02    10.809   -5.958  -14.195   79.214   16.508  145.020    1598259173989
01    11.750   -5.894  -13.336   99.378   41.539   23.604    1598259174011
02    10.878   -5.909  -14.160   79.159   14.319  143.962    1598259174011
01    11.779   -5.947  -13.342   99.165   42.844   22.982    1598259174026
02    10.958   -5.866  -14.155   79.657   13.820  143.485    1598259174026
01    11.831   -6.006  -13.377   98.663   44.165   22.482    1598259174042
02    10.984   -5.885  -14.221   79.668   14.853  143.673    1598259174042
01    11.966   -6.073  -13.413   96.978   45.931   21.486    1598259174058
02    11.071   -5.874  -14.326   79.651   16.655  143.256    1598259174058
01    12.151   -6.192  -13.452   93.384   48.076   19.963    1598259174073
02    11.136   -5.899  -14.534   78.971   20.833  143.330    1598259174073
01    12.606   -6.207  -13.296   83.207   47.668   11.522    1598259174089
02    11.038   -6.151  -14.847   78.923   30.495  142.624    1598259174089
01    13.302   -6.233  -12.795   67.397   40.573   -0.754    1598259174111
02    10.791   -7.034  -15.006   79.609   49.305  141.746    1598259174111
01    13.945   -6.396  -12.159   52.792   28.427   -8.025    1598259174127
02    10.294   -8.752  -15.057   88.131   69.946  145.890    1598259174127
01    14.148   -6.584  -11.924   42.389   17.678   -9.589    1598259174142
02     9.972   -9.138  -15.241  152.589   80.288 -155.472    1598259174142
01    14.260   -6.748  -11.866   36.296   13.306  -10.044    1598259174158
02     9.697   -9.383  -15.167 -156.553   73.584 -104.503    1598259174158
01    14.315   -6.944  -11.865   32.329   12.514  -11.467    1598259174174
02     9.765   -9.447  -14.991 -142.234   68.238  -89.150    1598259174174
01    14.337   -7.101  -11.918   29.684   13.275  -13.243    1598259174189
02     9.857   -9.599  -14.884 -134.845   65.840  -80.464    1598259174189
01    14.335   -7.172  -11.995   28.522   14.420  -15.074    1598259174211
02     9.916   -9.794  -14.812 -130.174   64.189  -75.006    1598259174211
01    14.330   -7.219  -12.071   28.033   15.428  -16.591    1598259174227
02     9.914   -9.979  -14.768 -128.256   62.311  -72.957    1598259174227
01    14.320   -7.259  -12.127   27.909   16.477  -17.754    1598259174243
02     9.906  -10.086  -14.756 -127.713   61.389  -72.096    1598259174243
01    14.282   -7.306  -12.212   28.158   17.882  -18.230    1598259174258
02     9.927  -10.148  -14.757 -127.747   61.444  -71.578    1598259174258
01    14.183   -7.278  -12.369   29.538   20.106  -17.682    1598259174274
02     9.961  -10.159  -14.781 -128.266   62.706  -71.232    1598259174274
01    13.963   -7.177  -12.613   32.929   23.730  -15.637    1598259174289
02    10.129  -10.039  -14.817 -127.997   66.484  -70.651    1598259174289
01    13.615   -7.038  -12.898   38.819   28.705  -12.056    1598259174312
02    10.365   -9.735  -14.942 -129.903   73.496  -72.300    1598259174312
01    13.013   -6.955  -13.211   47.066   34.353   -7.411    1598259174327
02    10.663   -9.312  -15.023 -143.072   83.427  -85.203    1598259174327
01    12.456   -6.980  -13.343   61.801   41.582    0.887    1598259174343
02    10.948   -8.769  -14.991   89.459   82.067  147.822    1598259174343
01    12.038   -7.066  -13.392   80.119   47.736   13.124    1598259174359
02    11.292   -8.099  -14.662   76.377   65.625  136.258    1598259174359
01    11.793   -6.777  -13.713  100.423   50.311   28.258    1598259174374
02    11.696   -7.983  -13.759   69.171   45.409  132.662    1598259174374
01    11.737   -6.709  -13.735  105.552   50.571   32.613    1598259174390
02    11.409   -7.701  -13.856   72.761   34.311  142.371    1598259174390
01    11.789   -6.672  -13.653  103.909   50.470   30.669    1598259174412
02    11.236   -7.395  -13.980   72.847   24.103  145.036    1598259174412
01    11.875   -6.647  -13.561  101.005   50.271   27.828    1598259174428
02    11.163   -7.138  -14.062   72.542   17.316  146.060    1598259174428
01    11.932   -6.683  -13.492   99.201   50.727   26.204    1598259174443
02    11.145   -6.943  -14.116   72.412   13.416  146.870    1598259174443
01    11.951   -6.732  -13.485   98.604   51.441   25.866    1598259174459
02    11.150   -6.802  -14.160   72.479   11.930  148.110    1598259174459
01    12.016   -6.793  -13.478   97.678   52.545   25.299    1598259174474
02    11.142   -6.719  -14.235   72.240   11.571  149.551    1598259174474
01    12.093   -6.895  -13.504   96.490   54.335   25.189    1598259174490
02    11.194   -6.693  -14.300   71.780   12.194  150.261    1598259174490
01    12.215   -7.050  -13.521   94.097   56.735   24.628    1598259174512
02    11.193   -6.735  -14.427   71.113   14.718  151.426    1598259174512
01    12.498   -7.161  -13.446   86.022   57.919   17.817    1598259174528
02    11.156   -6.714  -14.649   71.888   18.550  151.831    1598259174528
01    13.157   -7.132  -13.056   69.405   53.598    2.565    1598259174543
02    10.716   -6.941  -15.154   77.791   31.455  155.203    1598259174543
01    14.015   -7.143  -12.321   52.276   41.772  -10.607    1598259174559
02    10.050   -8.079  -15.407   89.493   53.772  161.786    1598259174559
01    14.295   -7.300  -11.974   39.335   26.558  -15.212    1598259174575
02     9.532   -9.472  -15.321  121.944   71.328 -173.793    1598259174575
01    14.384   -7.360  -11.911   33.169   18.926  -15.785    1598259174590
02     9.515   -9.801  -15.219 -178.992   73.910 -121.415    1598259174590
01    14.353   -7.470  -11.992   29.353   16.985  -16.298    1598259174612
02     9.561  -10.035  -15.024 -149.717   68.417  -93.397    1598259174612
01    14.367   -7.545  -12.032   27.092   16.939  -17.753    1598259174628
02     9.674  -10.117  -14.909 -140.051   65.585  -83.926    1598259174628
01    14.361   -7.608  -12.076   25.726   17.837  -19.490    1598259174644
02     9.753  -10.220  -14.817 -134.809   63.693  -78.849    1598259174644
01    14.348   -7.599  -12.132   25.392   18.762  -20.536    1598259174659
02     9.782  -10.325  -14.751 -132.150   61.783  -76.079    1598259174659
01    14.342   -7.583  -12.181   25.554   19.608  -21.058    1598259174675
02     9.811  -10.369  -14.710 -131.430   60.845  -75.419    1598259174675
01    14.320   -7.587  -12.233   25.858   20.511  -21.115    1598259174691
02     9.816  -10.385  -14.699 -132.248   60.880  -75.844    1598259174691
01    14.296   -7.605  -12.273   26.089   21.231  -20.866    1598259174713
02     9.798  -10.372  -14.722 -134.019   61.486  -77.164    1598259174713
01    14.270   -7.591  -12.321   26.795   22.095  -20.455    1598259174728
02     9.790  -10.367  -14.720 -134.828   61.876  -77.540    1598259174728
01    14.178   -7.548  -12.420   28.205   23.756  -19.605    1598259174744
02     9.818  -10.333  -14.726 -135.732   63.080  -77.868    1598259174744
01    14.025   -7.443  -12.580   30.896   26.247  -18.074    1598259174760
02     9.876  -10.285  -14.741 -136.563   65.314  -78.143    1598259174760
01    13.761   -7.280  -12.785   35.206   29.508  -15.659    1598259174775
02     9.973  -10.173  -14.796 -138.960   69.064  -80.248    1598259174775
01    13.263   -7.117  -13.070   42.647   34.460  -11.295    1598259174791
02    10.129   -9.978  -14.844 -145.197   74.680  -86.100    1598259174791
01    12.697   -7.080  -13.290   54.941   40.700   -3.637    1598259174813
02    10.446   -9.467  -14.909 -171.696   81.224 -111.827    1598259174813
01    12.202   -7.171  -13.383   69.769   46.098    6.107    1598259174829
02    10.908   -8.654  -14.815  100.806   77.344  162.299    1598259174829
01    11.885   -7.254  -13.414   86.256   50.021   17.536    1598259174844
02    11.321   -8.056  -14.366   78.436   59.482  142.737    1598259174844
01    11.776   -7.022  -13.658  101.473   51.969   28.571    1598259174860
02    11.574   -8.014  -13.612   69.634   40.508  138.509    1598259174860
01    11.675   -6.988  -13.724  105.727   52.229   31.943    1598259174876
02    11.245   -7.739  -13.871   74.609   33.469  144.394    1598259174876
01    11.695   -6.959  -13.660  104.553   52.039   29.741    1598259174891
02    11.047   -7.472  -14.084   75.858   26.664  145.284    1598259174891
01    11.729   -6.907  -13.593  103.149   51.453   27.403    1598259174913
02    10.951   -7.294  -14.179   76.752   22.923  145.390    1598259174913
01    11.756   -6.896  -13.551  102.793   51.491   26.127    1598259174929
02    10.926   -7.167  -14.227   77.700   20.905  145.317    1598259174929
01    11.770   -6.955  -13.521  102.883   52.242   25.663    1598259174945
02    10.930   -7.129  -14.253   78.241   20.661  145.179    1598259174945
01    11.797   -6.978  -13.535  103.152   52.895   25.560    1598259174960
02    10.967   -7.105  -14.279   78.719   20.855  145.081    1598259174960
01    11.824   -7.049  -13.571  103.129   53.882   26.012    1598259174976
02    11.018   -7.079  -14.327   78.620   21.131  145.211    1598259174976
01    11.939   -7.101  -13.589  101.683   55.105   25.612    1598259174992
02    11.082   -7.037  -14.424   78.439   22.636  145.788    1598259174992
01    12.104   -7.188  -13.600   97.738   56.610   23.372    1598259175014
02    11.037   -7.053  -14.635   78.552   26.789  147.214    1598259175014
01    12.481   -7.133  -13.481   86.529   55.762   13.431    1598259175029
02    10.804   -7.262  -14.966   80.327   35.450  148.795    1598259175029
01    13.121   -7.026  -13.093   71.715   50.689    0.517    1598259175045
02    10.489   -8.078  -15.096   85.312   53.048  150.860    1598259175045
01    13.710   -7.028  -12.615   55.654   40.010  -10.848    1598259175061
02    10.047   -9.627  -14.992  100.907   72.697  162.747    1598259175061
01    13.910   -7.152  -12.393   45.390   30.910  -15.548    1598259175076
02     9.887  -10.427  -14.919 -173.152   79.957 -117.547    1598259175076
01    13.886   -7.247  -12.438   40.764   27.642  -16.926    1598259175092
02     9.816  -10.537  -14.884 -146.337   72.904  -91.587    1598259175092
01    13.884   -7.385  -12.458   38.117   27.449  -18.644    1598259175114
02     9.811  -10.572  -14.782 -140.556   68.618  -84.159    1598259175114
01    13.892   -7.451  -12.506   36.637   28.027  -19.954    1598259175130
02     9.883  -10.626  -14.693 -137.137   67.119  -79.525    1598259175130
01    13.870   -7.489  -12.574   35.877   28.870  -20.673    1598259175145
02     9.968  -10.701  -14.627 -133.899   66.803  -76.136    1598259175145
01    13.897   -7.515  -12.562   35.422   28.898  -21.408    1598259175161
02     9.970  -10.800  -14.610 -132.496   66.202  -74.480    1598259175161
01    13.909   -7.584  -12.523   34.942   28.878  -22.057    1598259175176
02    10.017  -10.802  -14.607 -131.391   66.312  -73.806    1598259175176
01    13.936   -7.577  -12.518   35.010   28.707  -21.970    1598259175192
02    10.049  -10.810  -14.597 -131.374   66.675  -73.553    1598259175192
01    13.928   -7.614  -12.535   34.883   29.001  -21.982    1598259175214
02    10.037  -10.800  -14.617 -132.492   66.932  -74.288    1598259175214
01    13.895   -7.634  -12.585   35.082   29.522  -21.687    1598259175230
02    10.066  -10.787  -14.616 -132.751   67.612  -73.760    1598259175230
01    13.814   -7.624  -12.676   36.051   30.964  -21.164    1598259175245
02    10.211  -10.676  -14.637 -131.924   70.253  -72.110    1598259175245
01    13.619   -7.621  -12.849   38.424   34.176  -20.148    1598259175261
02    10.526  -10.438  -14.662 -129.218   76.522  -68.293    1598259175261
01    13.229   -7.675  -13.120   42.589   39.072  -18.648    1598259175277
02    11.017   -9.981  -14.697 -123.535   85.592  -62.081    1598259175277
01    12.685   -7.768  -13.436   53.397   47.880  -12.782    1598259175292
02    11.570   -9.312  -14.646   55.405   81.097  117.314    1598259175292
01    12.345   -7.957  -13.523   69.214   56.569   -1.424    1598259175315
02    11.930   -8.747  -14.292   60.210   63.366  123.332    1598259175315
01    12.319   -7.850  -13.581   84.138   60.010   10.063    1598259175330
02    11.910   -8.687  -13.870   61.640   45.547  129.029    1598259175330
01    12.308   -7.821  -13.573   88.858   60.127   14.079    1598259175346
02    11.708   -8.500  -14.017   67.879   40.282  133.295    1598259175346
01    12.293   -7.771  -13.568   89.574   59.474   14.530    1598259175361
02    11.590   -8.296  -14.161   70.496   34.484  134.524    1598259175361
01    12.290   -7.758  -13.563   89.456   59.458   14.070    1598259175377
02    11.555   -8.168  -14.209   71.593   31.019  134.633    1598259175377
01    12.304   -7.750  -13.545   89.090   59.784   13.206    1598259175393
02    11.564   -8.078  -14.227   72.310   29.266  134.603    1598259175393
01    12.327   -7.778  -13.521   88.391   60.075   12.250    1598259175415
02    11.559   -8.011  -14.269   73.025   28.459  135.076    1598259175415
01    12.414   -7.759  -13.488   87.074   60.224   10.664    1598259175430
02    11.602   -7.972  -14.275   72.839   27.979  134.940    1598259175430
01    12.518   -7.744  -13.485   84.442   60.331    8.711    1598259175446
02    11.696   -7.923  -14.298   71.772   27.393  134.674    1598259175446
01    12.686   -7.812  -13.434   79.033   60.686    5.229    1598259175462
02    11.874   -7.891  -14.293   69.678   28.122  133.935    1598259175462
01    13.005   -7.881  -13.261   68.913   59.597   -2.816    1598259175477
02    11.879   -7.883  -14.464   67.874   31.117  134.129    1598259175477
01    13.789   -7.731  -12.745   55.909   52.635  -13.731    1598259175493
02    11.579   -8.220  -14.802   68.047   43.060  134.356    1598259175493
01    14.396   -7.726  -12.133   42.435   37.602  -21.815    1598259175515
02    11.193   -9.082  -14.879   66.186   62.429  130.693    1598259175515
01    14.526   -7.662  -11.912   35.060   23.835  -21.622    1598259175531
02    10.523  -10.345  -14.949   74.184   81.764  134.873    1598259175531
01    14.521   -7.714  -11.891   30.981   17.978  -20.974    1598259175546
02    10.266  -10.449  -15.043 -148.116   82.664  -90.763    1598259175546
01    14.518   -7.837  -11.890   28.165   17.058  -21.694    1598259175562
02    10.197  -10.445  -14.948 -135.649   73.975  -77.573    1598259175562
01    14.539   -7.873  -11.926   26.740   17.493  -22.732    1598259175578
02    10.313  -10.434  -14.796 -129.523   69.961  -70.242    1598259175578
01    14.502   -7.825  -12.032   26.470   18.541  -23.242    1598259175593
02    10.388  -10.498  -14.724 -126.631   68.387  -66.564    1598259175593
01    14.488   -7.798  -12.073   26.900   19.412  -23.834    1598259175615
02    10.444  -10.585  -14.670 -123.845   67.497  -63.699    1598259175615
01    14.489   -7.786  -12.083   27.358   19.836  -24.071    1598259175631
02    10.458  -10.601  -14.676 -123.950   67.161  -63.852    1598259175631
01    14.465   -7.829  -12.092   27.409   20.279  -24.214    1598259175647
02    10.444  -10.648  -14.661 -124.463   67.014  -63.939    1598259175647
01    14.472   -7.837  -12.107   27.581   20.516  -24.071    1598259175662
02    10.421  -10.672  -14.661 -125.419   67.051  -64.444    1598259175662
01    14.468   -7.842  -12.134   27.780   20.872  -23.849    1598259175678
02    10.375  -10.680  -14.682 -126.997   67.064  -65.468    1598259175678
01    14.434   -7.827  -12.182   28.170   21.442  -23.343    1598259175694
02    10.366  -10.647  -14.702 -127.577   67.253  -66.164    1598259175694
01    14.403   -7.757  -12.224   29.253   22.035  -22.581    1598259175716
02    10.361  -10.644  -14.696 -127.575   67.182  -66.275    1598259175716
01    14.354   -7.673  -12.273   30.622   22.822  -21.627    1598259175731
02    10.378  -10.603  -14.697 -127.638   67.448  -66.735    1598259175731
01    14.293   -7.565  -12.329   32.624   23.842  -20.348    1598259175747
02    10.411  -10.577  -14.689 -127.278   68.015  -66.570    1598259175747
01    13.998   -7.359  -12.577   36.210   26.451  -17.602    1598259175763
02    10.542  -10.411  -14.723 -126.554   71.249  -65.943    1598259175763
01    13.455   -7.170  -12.949   44.804   32.417  -11.799    1598259175778
02    10.951   -9.844  -14.865 -126.742   78.220  -65.893    1598259175778
01    12.937   -7.143  -13.146   56.868   39.065   -4.729    1598259175794
02    11.410   -9.102  -14.901   81.658   87.562  143.081    1598259175794
01    12.671   -7.029  -13.201   69.664   43.385    1.994    1598259175816
02    11.606   -8.485  -14.803   70.622   72.313  132.393    1598259175816
01    12.560   -6.939  -13.209   79.444   45.520    7.303    1598259175832
02    11.682   -8.037  -14.586   73.883   60.079  136.989    1598259175832
01    12.404   -6.950  -13.265   86.425   46.953   12.450    1598259175847
02    11.691   -7.752  -14.276   75.737   51.055  141.454    1598259175847
01    12.260   -6.999  -13.352   94.637   49.016   19.864    1598259175863
02    11.636   -7.805  -13.812   72.873   40.457  143.491    1598259175863
01    12.281   -6.867  -13.391   98.652   49.659   22.189    1598259175878
02    11.344   -7.400  -14.084   73.922   28.107  147.222    1598259175878
01    12.237   -6.896  -13.414   98.947   50.101   22.043    1598259175894
02    11.352   -7.229  -14.123   73.529   22.061  144.996    1598259175894
01    12.239   -6.927  -13.396   98.309   50.463   20.959    1598259175916
02    11.370   -7.116  -14.146   73.920   19.374  144.167    1598259175916
01    12.274   -6.898  -13.393   97.870   50.460   19.877    1598259175932
02    11.406   -7.028  -14.166   74.797   18.382  143.567    1598259175932
01    12.340   -6.897  -13.368   97.015   50.826   18.808    1598259175948
02    11.452   -7.003  -14.183   74.935   18.615  143.313    1598259175948
01    12.444   -6.873  -13.395   95.547   51.070   17.845    1598259175963
02    11.548   -6.924  -14.232   75.040   19.396  142.923    1598259175963
01    12.624   -6.927  -13.393   92.010   52.388   16.085    1598259175979
02    11.672   -6.856  -14.353   74.251   22.101  142.575    1598259175979
01    12.939   -7.065  -13.277   83.616   53.551   10.013    1598259175994
02    11.592   -7.024  -14.655   72.913   29.861  142.416    1598259175994
01    13.426   -7.166  -12.983   70.339   50.799   -0.448    1598259176017
02    11.324   -7.764  -14.870   72.213   46.958  140.730    1598259176017
01    13.972   -7.253  -12.541   57.791   44.220   -9.656    1598259176032
02    10.998   -8.875  -14.898   71.114   65.945  137.772    1598259176032
01    14.236   -7.348  -12.272   47.339   35.492  -15.131    1598259176048
02    10.622  -10.091  -14.875   77.580   82.825  141.117    1598259176048
01    14.234   -7.403  -12.264   41.948   30.180  -16.842    1598259176063
02    10.530  -10.355  -14.918 -138.152   84.763  -78.320    1598259176063
01    14.231   -7.436  -12.277   39.649   28.632  -17.713    1598259176079
02    10.495  -10.243  -14.934 -135.167   79.914  -74.878    1598259176079
01    14.239   -7.430  -12.292   38.746   28.499  -17.990    1598259176095
02    10.504  -10.146  -14.892 -136.999   78.230  -75.394    1598259176095
01    14.193   -7.436  -12.336   38.524   29.194  -17.775    1598259176117
02    10.536  -10.067  -14.851 -138.169   77.747  -75.861    1598259176117
01    14.135   -7.386  -12.391   39.253   29.932  -17.231    1598259176132
02    10.565  -10.023  -14.839 -139.419   78.013  -76.941    1598259176132
01    14.091   -7.330  -12.423   40.187   30.402  -16.756    1598259176148
02    10.576  -10.000  -14.832 -140.101   78.467  -77.616    1598259176148
01    14.073   -7.278  -12.429   41.037   30.648  -16.487    1598259176164
02    10.583  -10.046  -14.795 -139.195   78.755  -76.707    1598259176164
01    14.068   -7.265  -12.419   41.563   30.988  -16.386    1598259176179
02    10.604  -10.005  -14.790 -140.179   79.104  -77.937    1598259176179
01    14.058   -7.279  -12.409   41.778   31.535  -16.443    1598259176195
02    10.616   -9.997  -14.758 -141.203   79.315  -78.845    1598259176195
01    14.043   -7.304  -12.413   41.902   32.001  -16.341    1598259176217
02    10.607   -9.968  -14.750 -143.906   79.632  -81.257    1598259176217
01    14.032   -7.351  -12.389   41.759   32.319  -16.437    1598259176233
02    10.615   -9.987  -14.715 -144.211   79.808  -81.241    1598259176233
01    14.017   -7.387  -12.386   41.718   32.740  -16.468    1598259176248
02    10.599  -10.040  -14.678 -143.186   79.607  -79.903    1598259176248
01    14.002   -7.407  -12.387   41.832   33.106  -16.391    1598259176264
02    10.581  -10.080  -14.656 -142.633   79.303  -79.224    1598259176264
01    13.998   -7.435  -12.373   41.934   33.441  -16.419    1598259176280
02    10.563  -10.099  -14.651 -142.778   79.106  -79.284    1598259176280
01    14.004   -7.455  -12.348   41.993   33.533  -16.403    1598259176295
02    10.545  -10.154  -14.618 -142.325   78.837  -78.802    1598259176295
01    14.015   -7.470  -12.332   41.957   33.482  -16.376    1598259176317
02    10.548  -10.203  -14.578 -141.840   78.620  -78.295    1598259176317
01    14.046   -7.502  -12.283   41.708   33.312  -16.589    1598259176333
02    10.588  -10.216  -14.537 -140.545   78.416  -77.106    1598259176333
01    14.053   -7.516  -12.265   41.564   33.154  -16.691    1598259176349
02    10.587  -10.252  -14.520 -139.487   78.085  -75.992    1598259176349
01    14.052   -7.542  -12.249   41.407   33.028  -16.802    1598259176364
02    10.620  -10.283  -14.495 -137.636   77.924  -74.180    1598259176364
01    14.067   -7.514  -12.241   41.583   32.917  -16.808    1598259176380
02    10.613  -10.313  -14.506 -137.165   77.737  -73.801    1598259176380
01    14.057   -7.519  -12.248   41.717   32.868  -16.764    1598259176396
02    10.606  -10.326  -14.514 -136.997   77.711  -73.808    1598259176396
01    14.076   -7.509  -12.242   41.867   32.745  -16.784    1598259176418
02    10.626  -10.345  -14.504 -136.490   77.775  -73.395    1598259176418
01    14.084   -7.536  -12.231   41.819   32.657  -16.863    1598259176433
02    10.660  -10.332  -14.511 -136.196   77.955  -73.219    1598259176433
01    14.116   -7.546  -12.208   41.755   32.552  -17.060    1598259176449
02    10.668  -10.336  -14.521 -136.231   77.998  -73.225    1598259176449
01    14.115   -7.551  -12.228   41.760   32.516  -17.033    1598259176465
02    10.682  -10.356  -14.510 -135.377   77.994  -72.274    1598259176465
01    14.112   -7.551  -12.240   41.767   32.508  -17.062    1598259176480
02    10.687  -10.343  -14.526 -135.570   78.056  -72.409    1598259176480
01    14.131   -7.547  -12.222   41.806   32.425  -17.259    1598259176496
02    10.694  -10.344  -14.534 -135.350   78.120  -72.213    1598259176496
01    14.136   -7.547  -12.213   41.909   32.348  -17.322    1598259176518
02    10.679  -10.326  -14.564 -136.454   78.222  -73.345    1598259176518
01    14.135   -7.534  -12.218   42.086   32.247  -17.178    1598259176534
02    10.690  -10.319  -14.558 -136.568   78.407  -73.528    1598259176534
01    14.129   -7.538  -12.221   41.998   32.210  -17.154    1598259176549
02    10.670  -10.307  -14.575 -137.477   78.476  -74.370    1598259176549
01    14.122   -7.537  -12.228   41.809   32.129  -17.070    1598259176565
02    10.669  -10.291  -14.576 -137.680   78.593  -74.549    1598259176565
01    14.120   -7.534  -12.234   41.710   32.087  -17.000    1598259176581
02    10.679  -10.284  -14.561 -137.601   78.712  -74.445    1598259176581
01    14.125   -7.526  -12.227   41.659   32.036  -17.045    1598259176596
02    10.688  -10.258  -14.563 -138.252   79.015  -75.054    1598259176596
01    14.125   -7.511  -12.228   41.750   32.001  -16.933    1598259176618
02    10.672  -10.237  -14.580 -139.505   79.009  -76.285    1598259176618
01    14.118   -7.500  -12.226   41.875   32.010  -16.853    1598259176634
02    10.660  -10.213  -14.587 -140.450   79.210  -77.247    1598259176634
01    14.092   -7.501  -12.237   41.952   32.167  -16.683    1598259176650
02    10.675  -10.184  -14.570 -140.613   79.473  -77.588    1598259176650
01    14.081   -7.455  -12.243   42.198   32.150  -16.547    1598259176665
02    10.664  -10.144  -14.576 -142.129   79.617  -79.200    1598259176665
01    14.067   -7.449  -12.232   42.329   32.179  -16.486    1598259176681
02    10.642  -10.150  -14.563 -142.384   79.682  -79.374    1598259176681
01    14.045   -7.436  -12.231   42.509   32.247  -16.377    1598259176696
02    10.622  -10.149  -14.559 -142.942   79.696  -79.852    1598259176696
01    14.036   -7.430  -12.235   42.569   32.310  -16.331    1598259176719
02    10.619  -10.139  -14.555 -142.989   79.716  -79.873    1598259176719
01    14.047   -7.437  -12.213   42.493   32.303  -16.372    1598259176734
02    10.657  -10.130  -14.524 -141.569   79.892  -78.548    1598259176734
01    14.068   -7.426  -12.184   42.452   32.208  -16.449    1598259176750
02    10.660  -10.118  -14.521 -142.068   80.035  -78.880    1598259176750
01    14.073   -7.410  -12.186   42.502   32.169  -16.389    1598259176766
02    10.620  -10.114  -14.548 -143.463   79.900  -80.115    1598259176766
01    14.073   -7.390  -12.195   42.594   32.114  -16.270    1598259176781
02    10.624  -10.087  -14.567 -144.129   80.043  -80.901    1598259176781
01    14.079   -7.380  -12.187   42.598   32.117  -16.277    1598259176797
02    10.615  -10.083  -14.576 -144.404   80.010  -81.175    1598259176797
01    14.073   -7.365  -12.190   42.704   32.101  -16.190    1598259176819
02    10.621  -10.062  -14.576 -144.324   80.106  -81.185    1598259176819
01    14.061   -7.375  -12.192   42.686   32.187  -16.127    1598259176835
02    10.634  -10.050  -14.565 -144.253   80.220  -81.214    1598259176835
01    14.044   -7.378  -12.199   42.753   32.306  -16.036    1598259176850
02    10.650  -10.067  -14.536 -143.217   80.295  -80.159    1598259176850
01    14.041   -7.380  -12.189   42.748   32.299  -16.079    1598259176866
02    10.652  -10.053  -14.534 -143.495   80.333  -80.494    1598259176866
01    14.036   -7.382  -12.191   42.763   32.373  -16.061    1598259176881
02    10.652  -10.049  -14.529 -143.628   80.419  -80.576    1598259176881
01    14.049   -7.381  -12.170   42.703   32.303  -16.127    1598259176897
02    10.657  -10.019  -14.535 -144.226   80.510  -81.170    1598259176897
01    14.044   -7.378  -12.169   42.718   32.282  -16.044    1598259176919
02    10.656  -10.001  -14.534 -144.796   80.666  -81.666    1598259176919
01    14.042   -7.363  -12.169   42.772   32.204  -15.953    1598259176932
02    10.657   -9.980  -14.542 -145.969   80.761  -82.869    1598259176932
01    14.037   -7.353  -12.175   42.866   32.158  -15.790    1598259176952
02    10.643   -9.962  -14.551 -146.722   80.864  -83.621    1598259176952
01    14.040   -7.348  -12.163   42.912   32.076  -15.751    1598259176971
02    10.669   -9.951  -14.529 -146.127   81.040  -83.173    1598259176971
01    14.038   -7.314  -12.149   43.176   31.976  -15.632    1598259176983
02    10.685   -9.931  -14.518 -146.456   81.193  -83.630    1598259176983
01    14.008   -7.276  -12.174   43.653   31.943  -15.251    1598259177001
02    10.674   -9.920  -14.521 -147.406   81.177  -84.616    1598259177001
01    13.985   -7.261  -12.179   43.893   31.948  -15.038    1598259177014
02    10.623   -9.910  -14.547 -149.595   80.984  -86.713    1598259177014
01    13.986   -7.221  -12.172   44.083   31.836  -14.871    1598259177034
02    10.626   -9.885  -14.540 -150.041   81.152  -87.280    1598259177034
01    14.003   -7.219  -12.140   43.983   31.746  -15.118    1598259177052
02    10.641   -9.854  -14.541 -150.400   81.251  -87.762    1598259177052
01    14.009   -7.227  -12.131   43.912   31.810  -15.104    1598259177065
02    10.635   -9.836  -14.542 -151.348   81.293  -88.607    1598259177065
01    14.017   -7.229  -12.128   43.811   31.643  -15.086    1598259177085
02    10.634   -9.822  -14.550 -152.437   81.465  -89.495    1598259177085
01    14.039   -7.223  -12.108   43.686   31.499  -15.189    1598259177096
02    10.610   -9.818  -14.564 -153.300   81.411  -90.175    1598259177096
01    14.045   -7.218  -12.099   43.665   31.498  -15.176    1598259177116
02    10.602   -9.817  -14.564 -153.434   81.456  -90.241    1598259177116
01    14.035   -7.227  -12.114   43.654   31.611  -15.062    1598259177137
02    10.616   -9.828  -14.552 -152.740   81.521  -89.546    1598259177137
01    14.014   -7.215  -12.143   43.825   31.705  -14.798    1598259177147
02    10.622   -9.794  -14.564 -153.214   81.573  -90.170    1598259177147
01    14.017   -7.215  -12.130   43.779   31.654  -14.882    1598259177167
02    10.635   -9.785  -14.557 -153.177   81.653  -90.199    1598259177167
01    14.012   -7.213  -12.130   43.766   31.621  -14.836    1598259177186
02    10.643   -9.783  -14.553 -153.128   81.697  -90.146    1598259177186
01    14.009   -7.199  -12.137   43.854   31.686  -14.740    1598259177198
02    10.650   -9.789  -14.539 -152.219   81.667  -89.257    1598259177198
01    14.018   -7.199  -12.121   43.788   31.645  -14.858    1598259177219
02    10.641   -9.805  -14.523 -151.741   81.623  -88.719    1598259177219
01    14.035   -7.190  -12.105   43.767   31.615  -15.004    1598259177237
02    10.642   -9.793  -14.527 -152.095   81.615  -89.126    1598259177237
01    14.035   -7.207  -12.093   43.584   31.682  -15.097    1598259177249
02    10.633   -9.806  -14.519 -152.104   81.616  -88.995    1598259177249
01    14.043   -7.221  -12.081   43.415   31.656  -15.200    1598259177268
02    10.627   -9.816  -14.516 -152.159   81.597  -88.926    1598259177268
01    14.055   -7.205  -12.081   43.500   31.556  -15.113    1598259177280
02    10.621   -9.824  -14.521 -152.506   81.555  -89.155    1598259177280
01    14.059   -7.212  -12.082   43.407   31.540  -15.091    1598259177301
02    10.626   -9.812  -14.527 -152.918   81.578  -89.578    1598259177301
01    14.072   -7.218  -12.067   43.326   31.511  -15.182    1598259177319
02    10.629   -9.815  -14.520 -152.581   81.553  -89.253    1598259177319
01    14.068   -7.241  -12.064   43.119   31.596  -15.245    1598259177331
02    10.636   -9.828  -14.506 -152.202   81.582  -88.833    1598259177331
01    14.069   -7.250  -12.059   43.014   31.655  -15.296    1598259177352
02    10.651   -9.819  -14.499 -152.069   81.655  -88.768    1598259177352
01    14.081   -7.274  -12.037   42.900   31.721  -15.441    1598259177370
02    10.667   -9.818  -14.482 -152.161   81.698  -88.824    1598259177370
01    14.089   -7.263  -12.035   42.971   31.727  -15.415    1598259177383
02    10.712   -9.815  -14.443 -151.946   81.771  -88.641    1598259177383
01    14.127   -7.276  -11.972   42.882   31.662  -15.655    1598259177403
02    10.703   -9.816  -14.435 -152.232   81.798  -88.873    1598259177403
01    14.126   -7.305  -11.957   42.791   31.752  -15.702    1598259177413
02    10.689   -9.831  -14.431 -152.674   81.800  -89.226    1598259177413
