01    14.743   -9.585   -9.525    2.969   18.755  -54.977    1598265486512
02    10.288   -7.706  -11.957  176.779   61.812 -143.078    1598265486512
01    14.747   -9.580   -9.517    3.007   18.740  -54.974    1598265486528
02    10.277   -7.703  -11.953  176.743   61.766 -143.115    1598265486528
01    14.746   -9.560   -9.525    3.096   18.780  -54.875    1598265486543
02    10.272   -7.688  -11.952  176.584   61.726 -143.345    1598265486543
01    14.730   -9.563   -9.538    3.056   18.954  -54.765    1598265486565
02    10.258   -7.679  -11.953  176.313   61.616 -143.577    1598265486565
01    14.729   -9.559   -9.537    3.117   18.966  -54.807    1598265486581
02    10.256   -7.668  -11.960  176.051   61.580 -143.874    1598265486581
01    14.740   -9.540   -9.536    3.222   18.918  -54.736    1598265486597
02    10.254   -7.669  -11.957  175.921   61.600 -143.908    1598265486597
01    14.745   -9.536   -9.529    3.229   18.858  -54.727    1598265486612
02    10.261   -7.671  -11.954  175.866   61.680 -143.919    1598265486612
01    14.746   -9.545   -9.517    3.152   18.790  -54.768    1598265486628
02    10.267   -7.652  -11.966  175.643   61.676 -144.186    1598265486628
01    14.750   -9.540   -9.516    3.153   18.783  -54.766    1598265486644
02    10.270   -7.641  -11.971  175.589   61.727 -144.280    1598265486644
01    14.752   -9.535   -9.517    3.182   18.752  -54.724    1598265486650
02    10.277   -7.633  -11.976  175.515   61.827 -144.397    1598265486650
01    14.752   -9.542   -9.512    3.120   18.730  -54.795    1598265486681
02    10.275   -7.639  -11.980  175.470   61.850 -144.427    1598265486681
01    14.748   -9.548   -9.514    3.065   18.715  -54.810    1598265486697
02    10.288   -7.646  -11.971  175.541   62.011 -144.333    1598265486697
01    14.756   -9.537   -9.516    3.175   18.674  -54.778    1598265486713
02    10.284   -7.649  -11.975  175.489   61.996 -144.361    1598265486713
01    14.755   -9.543   -9.515    3.133   18.687  -54.859    1598265486728
02    10.297   -7.641  -11.974  175.452   62.104 -144.454    1598265486728
01    14.752   -9.543   -9.522    3.107   18.730  -54.857    1598265486744
02    10.295   -7.640  -11.977  175.389   62.092 -144.501    1598265486744
01    14.750   -9.552   -9.516    3.061   18.717  -54.898    1598265486750
02    10.289   -7.643  -11.982  175.398   62.039 -144.459    1598265486750
01    14.747   -9.549   -9.523    3.069   18.767  -54.883    1598265486782
02    10.298   -7.630  -11.982  175.206   62.091 -144.728    1598265486782
01    14.751   -9.551   -9.516    3.058   18.729  -54.897    1598265486797
02    10.291   -7.637  -11.984  175.190   62.047 -144.693    1598265486797
01    14.749   -9.555   -9.519    3.037   18.765  -54.873    1598265486813
02    10.284   -7.640  -11.989  175.113   62.010 -144.741    1598265486813
01    14.749   -9.552   -9.519    3.045   18.770  -54.843    1598265486828
02    10.286   -7.632  -11.990  175.052   62.015 -144.855    1598265486828
01    14.752   -9.549   -9.515    3.053   18.782  -54.841    1598265486844
02    10.291   -7.621  -11.993  174.960   62.034 -144.999    1598265486844
01    14.752   -9.557   -9.507    3.013   18.761  -54.861    1598265486851
02    10.284   -7.632  -11.993  175.043   62.005 -144.835    1598265486851
01    14.756   -9.547   -9.511    3.064   18.789  -54.818    1598265486882
02    10.285   -7.640  -11.987  175.134   62.043 -144.727    1598265486882
01    14.746   -9.552   -9.521    3.028   18.885  -54.799    1598265486898
02    10.284   -7.639  -11.989  174.979   62.038 -144.876    1598265486898
01    14.740   -9.561   -9.527    2.942   18.978  -54.795    1598265486913
02    10.288   -7.636  -11.988  174.931   62.063 -144.969    1598265486913
01    14.742   -9.546   -9.541    3.111   19.021  -54.673    1598265486929
02    10.284   -7.637  -11.993  174.906   62.024 -145.002    1598265486929
01    14.735   -9.555   -9.544    3.080   19.085  -54.695    1598265486944
02    10.285   -7.646  -11.989  174.977   62.036 -144.913    1598265486944
01    14.735   -9.550   -9.545    3.123   19.054  -54.685    1598265486951
02    10.285   -7.643  -11.990  174.971   62.029 -144.952    1598265486951
01    14.731   -9.559   -9.544    3.052   19.095  -54.727    1598265486982
02    10.293   -7.645  -11.985  174.999   62.082 -144.943    1598265486982
01    14.722   -9.576   -9.550    2.963   19.133  -54.741    1598265486998
02    10.296   -7.653  -11.982  175.031   62.109 -144.871    1598265486998
01    14.737   -9.556   -9.552    3.089   19.092  -54.695    1598265487013
02    10.297   -7.660  -11.987  175.085   62.113 -144.821    1598265487013
01    14.750   -9.555   -9.543    3.132   19.059  -54.723    1598265487029
02    10.313   -7.659  -11.984  175.146   62.245 -144.845    1598265487029
01    14.746   -9.568   -9.539    3.077   19.058  -54.760    1598265487045
02    10.312   -7.665  -11.989  175.120   62.274 -144.833    1598265487045
01    14.746   -9.568   -9.545    3.098   19.074  -54.749    1598265487051
02    10.312   -7.666  -11.997  175.032   62.275 -144.928    1598265487051
01    14.746   -9.573   -9.546    3.093   19.059  -54.775    1598265487082
02    10.327   -7.668  -11.990  175.059   62.458 -144.930    1598265487082
01    14.746   -9.576   -9.546    3.093   19.061  -54.789    1598265487098
02    10.324   -7.673  -11.999  175.052   62.383 -144.920    1598265487098
01    14.756   -9.574   -9.540    3.122   18.996  -54.774    1598265487114
02    10.327   -7.671  -12.004  175.113   62.376 -144.905    1598265487114
01    14.764   -9.568   -9.540    3.173   18.942  -54.758    1598265487129
02    10.322   -7.682  -12.009  175.058   62.344 -144.889    1598265487129
01    14.770   -9.558   -9.547    3.244   18.947  -54.711    1598265487145
02    10.328   -7.682  -12.011  175.053   62.371 -144.935    1598265487145
01    14.773   -9.570   -9.541    3.176   18.912  -54.757    1598265487151
02    10.338   -7.675  -12.015  174.973   62.397 -145.090    1598265487151
01    14.769   -9.572   -9.552    3.171   18.935  -54.704    1598265487167
02    10.335   -7.678  -12.020  174.897   62.375 -145.121    1598265487167
01    14.772   -9.580   -9.545    3.160   18.884  -54.748    1598265487198
02    10.335   -7.680  -12.022  174.797   62.400 -145.199    1598265487198
01    14.767   -9.583   -9.554    3.157   18.943  -54.737    1598265487214
02    10.333   -7.683  -12.028  174.842   62.364 -145.156    1598265487214
01    14.767   -9.573   -9.570    3.230   19.005  -54.659    1598265487230
02    10.340   -7.684  -12.022  174.864   62.431 -145.144    1598265487230
01    14.770   -9.564   -9.576    3.287   19.006  -54.617    1598265487245
02    10.344   -7.685  -12.021  174.871   62.452 -145.153    1598265487245
01    14.767   -9.571   -9.578    3.259   19.007  -54.596    1598265487252
02    10.347   -7.683  -12.019  174.808   62.473 -145.218    1598265487252
01    14.762   -9.575   -9.584    3.247   19.034  -54.572    1598265487267
02    10.350   -7.688  -12.016  174.842   62.504 -145.170    1598265487267
01    14.758   -9.589   -9.579    3.192   19.026  -54.627    1598265487299
02    10.351   -7.685  -12.018  174.790   62.499 -145.232    1598265487299
01    14.764   -9.584   -9.576    3.229   18.992  -54.629    1598265487314
02    10.348   -7.686  -12.024  174.721   62.462 -145.290    1598265487314
01    14.766   -9.592   -9.568    3.213   18.960  -54.646    1598265487330
02    10.349   -7.682  -12.027  174.711   62.457 -145.322    1598265487330
01    14.768   -9.598   -9.561    3.196   18.959  -54.691    1598265487346
02    10.355   -7.685  -12.022  174.714   62.522 -145.300    1598265487346
01    14.773   -9.601   -9.550    3.201   18.917  -54.716    1598265487352
02    10.353   -7.690  -12.022  174.738   62.502 -145.248    1598265487352
01    14.774   -9.596   -9.552    3.220   18.916  -54.670    1598265487368
02    10.348   -7.694  -12.026  174.704   62.487 -145.248    1598265487368
01    14.785   -9.586   -9.546    3.304   18.816  -54.679    1598265487383
02    10.351   -7.694  -12.027  174.682   62.497 -145.267    1598265487399
01    14.785   -9.593   -9.541    3.263   18.791  -54.709    1598265487415
02    10.353   -7.690  -12.033  174.626   62.488 -145.343    1598265487415
01    14.775   -9.602   -9.547    3.218   18.821  -54.692    1598265487430
02    10.356   -7.690  -12.035  174.625   62.511 -145.350    1598265487430
01    14.773   -9.623   -9.537    3.156   18.786  -54.767    1598265487446
02    10.357   -7.690  -12.037  174.582   62.518 -145.377    1598265487446
01    14.782   -9.619   -9.533    3.188   18.745  -54.774    1598265487452
02    10.359   -7.695  -12.039  174.510   62.541 -145.404    1598265487452
01    14.785   -9.611   -9.540    3.236   18.769  -54.767    1598265487468
02    10.355   -7.700  -12.041  174.487   62.540 -145.391    1598265487468
01    14.786   -9.608   -9.541    3.255   18.765  -54.736    1598265487484
02    10.357   -7.695  -12.044  174.433   62.546 -145.489    1598265487484
01    14.788   -9.605   -9.542    3.271   18.747  -54.718    1598265487515
02    10.354   -7.696  -12.047  174.283   62.518 -145.616    1598265487515
01    14.796   -9.592   -9.544    3.369   18.714  -54.668    1598265487530
02    10.354   -7.698  -12.044  174.256   62.588 -145.618    1598265487530
01    14.786   -9.595   -9.554    3.371   18.816  -54.647    1598265487546
02    10.356   -7.700  -12.041  174.259   62.630 -145.605    1598265487546
01    14.788   -9.594   -9.546    3.411   18.759  -54.679    1598265487553
02    10.356   -7.698  -12.042  174.249   62.631 -145.633    1598265487553
01    14.780   -9.602   -9.546    3.356   18.800  -54.695    1598265487568
02    10.347   -7.701  -12.047  174.185   62.569 -145.641    1598265487568
01    14.774   -9.596   -9.555    3.369   18.850  -54.656    1598265487584
02    10.342   -7.690  -12.054  174.123   62.540 -145.754    1598265487584
01    14.774   -9.591   -9.557    3.402   18.835  -54.640    1598265487615
02    10.345   -7.683  -12.053  174.056   62.570 -145.849    1598265487615
01    14.779   -9.575   -9.566    3.473   18.840  -54.592    1598265487631
02    10.350   -7.675  -12.050  174.054   62.606 -145.898    1598265487631
01    14.773   -9.575   -9.565    3.459   18.858  -54.592    1598265487646
02    10.350   -7.663  -12.051  174.002   62.615 -145.996    1598265487646
01    14.779   -9.559   -9.570    3.562   18.865  -54.538    1598265487653
02    10.342   -7.663  -12.052  173.962   62.580 -146.007    1598265487653
01    14.779   -9.557   -9.567    3.567   18.850  -54.563    1598265487669
02    10.350   -7.662  -12.044  173.943   62.675 -146.024    1598265487669
01    14.779   -9.551   -9.567    3.594   18.853  -54.574    1598265487684
02    10.351   -7.651  -12.047  173.875   62.681 -146.140    1598265487684
01    14.787   -9.536   -9.567    3.658   18.841  -54.545    1598265487715
02    10.347   -7.648  -12.051  173.868   62.642 -146.142    1598265487715
01    14.767   -9.575   -9.556    3.472   18.873  -54.687    1598265487731
02    10.347   -7.650  -12.048  173.850   62.664 -146.140    1598265487731
01    14.768   -9.571   -9.550    3.476   18.861  -54.709    1598265487747
02    10.343   -7.654  -12.046  173.853   62.674 -146.080    1598265487747
01    14.773   -9.539   -9.565    3.599   18.872  -54.584    1598265487753
02    10.342   -7.654  -12.043  173.846   62.691 -146.069    1598265487753
01    14.772   -9.547   -9.558    3.567   18.829  -54.632    1598265487769
02    10.346   -7.649  -12.042  173.820   62.725 -146.119    1598265487769
01    14.763   -9.547   -9.573    3.580   18.883  -54.552    1598265487784
02    10.349   -7.654  -12.037  173.853   62.798 -146.047    1598265487784
01    14.757   -9.557   -9.571    3.551   18.901  -54.611    1598265487800
02    10.351   -7.652  -12.037  173.770   62.819 -146.146    1598265487800
01    14.756   -9.546   -9.578    3.586   18.946  -54.572    1598265487831
02    10.351   -7.642  -12.041  173.722   62.812 -146.253    1598265487831
01    14.757   -9.551   -9.569    3.571   18.929  -54.597    1598265487847
02    10.348   -7.645  -12.043  173.695   62.806 -146.236    1598265487847
01    14.758   -9.549   -9.567    3.597   18.910  -54.566    1598265487853
02    10.340   -7.648  -12.047  173.638   62.767 -146.244    1598265487853
01    14.757   -9.558   -9.560    3.565   18.912  -54.612    1598265487869
02    10.340   -7.645  -12.051  173.586   62.757 -146.311    1598265487869
01    14.747   -9.560   -9.566    3.554   18.950  -54.600    1598265487885
02    10.342   -7.648  -12.048  173.626   62.792 -146.267    1598265487885
01    14.762   -9.545   -9.568    3.647   18.908  -54.571    1598265487900
02    10.344   -7.651  -12.045  173.603   62.817 -146.272    1598265487900
01    14.771   -9.540   -9.559    3.665   18.866  -54.593    1598265487932
02    10.344   -7.647  -12.047  173.487   62.802 -146.395    1598265487932
01    14.771   -9.540   -9.561    3.668   18.883  -54.571    1598265487947
02    10.344   -7.646  -12.046  173.426   62.813 -146.463    1598265487947
01    14.764   -9.550   -9.561    3.612   18.901  -54.620    1598265487954
02    10.342   -7.644  -12.047  173.345   62.778 -146.529    1598265487954
01    14.761   -9.543   -9.573    3.656   18.945  -54.536    1598265487969
02    10.335   -7.647  -12.051  173.170   62.711 -146.597    1598265487969
01    14.756   -9.550   -9.571    3.606   18.934  -54.554    1598265487985
02    10.334   -7.640  -12.049  173.006   62.766 -146.765    1598265487985
01    14.760   -9.548   -9.565    3.632   18.884  -54.548    1598265488001
02    10.332   -7.641  -12.049  172.932   62.716 -146.783    1598265488001
01    14.752   -9.556   -9.566    3.573   18.925  -54.561    1598265488032
02    10.333   -7.642  -12.048  172.918   62.753 -146.781    1598265488032
01    14.758   -9.547   -9.568    3.616   18.910  -54.552    1598265488048
02    10.332   -7.645  -12.043  172.899   62.804 -146.741    1598265488048
01    14.758   -9.545   -9.570    3.609   18.931  -54.529    1598265488054
02    10.330   -7.640  -12.046  172.684   62.765 -146.963    1598265488054
01    14.764   -9.542   -9.564    3.632   18.906  -54.539    1598265488070
02    10.328   -7.644  -12.045  172.671   62.764 -146.927    1598265488070
01    14.766   -9.541   -9.562    3.625   18.896  -54.535    1598265488085
02    10.332   -7.635  -12.044  172.592   62.775 -147.050    1598265488085
01    14.756   -9.545   -9.576    3.598   18.975  -54.497    1598265488101
02    10.333   -7.635  -12.045  172.588   62.777 -147.021    1598265488101
01    14.751   -9.551   -9.579    3.572   18.996  -54.493    1598265488132
02    10.336   -7.630  -12.049  172.558   62.774 -147.098    1598265488132
01    14.748   -9.554   -9.581    3.540   19.007  -54.517    1598265488148
02    10.340   -7.628  -12.048  172.542   62.810 -147.125    1598265488148
01    14.752   -9.552   -9.576    3.544   18.981  -54.506    1598265488154
02    10.340   -7.630  -12.050  172.492   62.822 -147.135    1598265488154
01    14.739   -9.564   -9.589    3.432   19.097  -54.428    1598265488170
02    10.338   -7.631  -12.054  172.480   62.829 -147.130    1598265488170
01    14.751   -9.547   -9.588    3.612   19.035  -54.404    1598265488186
02    10.341   -7.633  -12.052  172.494   62.856 -147.109    1598265488186
01    14.747   -9.547   -9.598    3.572   19.095  -54.351    1598265488201
02    10.339   -7.638  -12.051  172.487   62.854 -147.077    1598265488201
01    14.750   -9.544   -9.598    3.598   19.083  -54.358    1598265488217
02    10.340   -7.637  -12.052  172.452   62.866 -147.102    1598265488217
01    14.754   -9.541   -9.597    3.610   19.047  -54.347    1598265488248
02    10.344   -7.636  -12.050  172.364   62.897 -147.191    1598265488248
01    14.750   -9.550   -9.598    3.562   19.089  -54.391    1598265488255
02    10.348   -7.638  -12.048  172.364   62.922 -147.193    1598265488255
01    14.754   -9.554   -9.593    3.555   19.057  -54.424    1598265488270
02    10.352   -7.638  -12.049  172.322   62.941 -147.266    1598265488270
01    14.754   -9.560   -9.588    3.504   19.045  -54.464    1598265488286
02    10.367   -7.644  -12.035  172.394   63.017 -147.204    1598265488286
01    14.748   -9.571   -9.591    3.449   19.083  -54.484    1598265488302
02    10.351   -7.656  -12.042  172.375   62.961 -147.127    1598265488302
01    14.749   -9.576   -9.587    3.426   19.067  -54.493    1598265488317
02    10.352   -7.647  -12.050  172.313   62.930 -147.239    1598265488317
01    14.743   -9.581   -9.594    3.374   19.144  -54.477    1598265488348
02    10.357   -7.633  -12.055  172.185   62.927 -147.400    1598265488348
01    14.747   -9.572   -9.595    3.425   19.151  -54.415    1598265488355
02    10.361   -7.634  -12.050  172.112   62.969 -147.442    1598265488355
01    14.746   -9.578   -9.590    3.380   19.161  -54.448    1598265488371
02    10.371   -7.624  -12.048  172.055   62.985 -147.565    1598265488371
01    14.751   -9.579   -9.581    3.377   19.141  -54.471    1598265488386
02    10.369   -7.624  -12.048  172.054   62.985 -147.562    1598265488386
01    14.751   -9.568   -9.594    3.450   19.180  -54.370    1598265488402
02    10.367   -7.624  -12.048  171.961   63.009 -147.624    1598265488402
01    14.757   -9.567   -9.588    3.479   19.157  -54.381    1598265488417
02    10.382   -7.612  -12.042  171.951   63.113 -147.722    1598265488417
01    14.759   -9.570   -9.583    3.453   19.143  -54.409    1598265488449
02    10.379   -7.603  -12.050  171.856   63.048 -147.839    1598265488449
01    14.768   -9.564   -9.579    3.487   19.115  -54.397    1598265488455
02    10.372   -7.608  -12.054  171.829   63.012 -147.808    1598265488455
01    14.767   -9.565   -9.580    3.454   19.136  -54.410    1598265488471
02    10.369   -7.613  -12.055  171.809   63.008 -147.785    1598265488471
01    14.760   -9.564   -9.584    3.420   19.155  -54.387    1598265488486
02    10.371   -7.608  -12.054  171.746   63.064 -147.878    1598265488486
01    14.762   -9.558   -9.589    3.452   19.160  -54.347    1598265488502
02    10.369   -7.612  -12.054  171.718   63.061 -147.853    1598265488502
01    14.764   -9.558   -9.590    3.450   19.142  -54.327    1598265488518
02    10.366   -7.609  -12.058  171.699   63.056 -147.885    1598265488518
01    14.767   -9.562   -9.580    3.419   19.106  -54.358    1598265488549
02    10.367   -7.601  -12.063  171.594   63.042 -148.017    1598265488549
01    14.757   -9.557   -9.598    3.433   19.185  -54.267    1598265488555
02    10.361   -7.603  -12.066  171.564   63.007 -148.007    1598265488555
01    14.752   -9.559   -9.598    3.421   19.200  -54.280    1598265488571
02    10.364   -7.604  -12.062  171.566   63.041 -148.007    1598265488571
01    14.752   -9.558   -9.599    3.420   19.230  -54.302    1598265488587
02    10.367   -7.597  -12.061  171.475   63.059 -148.121    1598265488587
01    14.743   -9.563   -9.607    3.380   19.303  -54.272    1598265488602
02    10.368   -7.598  -12.057  171.547   63.059 -148.040    1598265488602
01    14.755   -9.553   -9.597    3.491   19.209  -54.282    1598265488618
02    10.366   -7.602  -12.054  171.517   63.065 -148.035    1598265488618
01    14.762   -9.555   -9.582    3.456   19.179  -54.357    1598265488649
02    10.369   -7.598  -12.051  171.412   63.105 -148.151    1598265488649
01    14.756   -9.558   -9.586    3.390   19.205  -54.320    1598265488656
02    10.368   -7.595  -12.052  171.323   63.080 -148.238    1598265488656
01    14.751   -9.562   -9.584    3.346   19.233  -54.332    1598265488671
02    10.373   -7.593  -12.042  171.212   63.138 -148.339    1598265488671
01    14.754   -9.557   -9.582    3.399   19.228  -54.292    1598265488687
02    10.375   -7.580  -12.042  171.014   63.115 -148.607    1598265488687
01    14.751   -9.552   -9.588    3.441   19.290  -54.258    1598265488703
02    10.370   -7.594  -12.032  171.090   63.090 -148.439    1598265488703
01    14.742   -9.557   -9.593    3.428   19.345  -54.235    1598265488718
02    10.357   -7.594  -12.035  170.992   62.994 -148.514    1598265488718
01    14.723   -9.575   -9.597    3.283   19.500  -54.263    1598265488734
02    10.353   -7.590  -12.037  170.939   62.979 -148.599    1598265488734
01    14.741   -9.549   -9.589    3.490   19.373  -54.201    1598265488756
02    10.352   -7.596  -12.030  170.981   63.030 -148.547    1598265488756
01    14.736   -9.548   -9.587    3.470   19.420  -54.186    1598265488772
02    10.351   -7.595  -12.029  170.969   63.041 -148.596    1598265488772
01    14.728   -9.550   -9.595    3.436   19.501  -54.164    1598265488787
02    10.349   -7.594  -12.027  170.907   63.045 -148.659    1598265488787
01    14.721   -9.554   -9.599    3.405   19.540  -54.169    1598265488803
02    10.348   -7.592  -12.028  170.842   63.048 -148.738    1598265488803
01    14.716   -9.559   -9.595    3.367   19.549  -54.188    1598265488819
02    10.352   -7.588  -12.022  170.823   63.103 -148.771    1598265488819
01    14.712   -9.560   -9.594    3.346   19.552  -54.165    1598265488834
02    10.352   -7.587  -12.022  170.773   63.098 -148.807    1598265488834
01    14.718   -9.558   -9.586    3.378   19.495  -54.124    1598265488856
02    10.348   -7.585  -12.022  170.740   63.080 -148.822    1598265488856
01    14.715   -9.566   -9.577    3.323   19.481  -54.177    1598265488872
02    10.350   -7.577  -12.021  170.699   63.095 -148.875    1598265488872
01    14.719   -9.557   -9.575    3.368   19.459  -54.153    1598265488888
02    10.343   -7.569  -12.026  170.504   63.058 -149.015    1598265488888
01    14.718   -9.555   -9.577    3.364   19.467  -54.146    1598265488903
02    10.347   -7.568  -12.022  170.492   63.115 -148.996    1598265488903
01    14.715   -9.553   -9.578    3.360   19.491  -54.134    1598265488919
02    10.348   -7.567  -12.026  170.423   63.186 -149.034    1598265488919
01    14.714   -9.553   -9.577    3.362   19.499  -54.128    1598265488935
02    10.347   -7.572  -12.030  170.370   63.343 -149.018    1598265488935
01    14.707   -9.551   -9.581    3.331   19.530  -54.104    1598265488957
02    10.350   -7.569  -12.036  170.416   63.517 -149.042    1598265488957
01    14.701   -9.548   -9.582    3.313   19.573  -54.128    1598265488972
02    10.360   -7.573  -12.028  170.533   63.893 -148.899    1598265488972
01    14.708   -9.537   -9.581    3.396   19.548  -54.112    1598265488988
02    10.360   -7.570  -12.031  170.500   63.886 -148.971    1598265488988
01    14.709   -9.532   -9.580    3.424   19.553  -54.105    1598265489004
02    10.357   -7.575  -12.030  170.588   63.853 -148.820    1598265489004
01    14.699   -9.540   -9.585    3.388   19.589  -54.101    1598265489019
02    10.355   -7.573  -12.033  170.470   63.837 -148.980    1598265489019
01    14.697   -9.540   -9.584    3.390   19.594  -54.126    1598265489035
02    10.360   -7.573  -12.030  170.584   63.955 -148.934    1598265489035
01    14.703   -9.535   -9.576    3.433   19.558  -54.134    1598265489057
02    10.357   -7.579  -12.029  170.622   63.932 -148.825    1598265489057
01    14.699   -9.535   -9.577    3.419   19.588  -54.159    1598265489073
02    10.358   -7.577  -12.029  170.471   63.923 -149.013    1598265489073
01    14.696   -9.538   -9.577    3.401   19.593  -54.176    1598265489088
02    10.360   -7.576  -12.029  170.521   63.946 -148.973    1598265489088
01    14.701   -9.534   -9.573    3.414   19.542  -54.170    1598265489104
02    10.356   -7.577  -12.031  170.493   63.891 -148.961    1598265489104
01    14.696   -9.539   -9.574    3.402   19.552  -54.183    1598265489119
02    10.357   -7.576  -12.030  170.381   63.899 -149.093    1598265489119
01    14.690   -9.537   -9.582    3.397   19.592  -54.169    1598265489135
02    10.352   -7.575  -12.032  170.196   63.829 -149.198    1598265489135
01    14.686   -9.534   -9.588    3.405   19.614  -54.121    1598265489157
02    10.351   -7.575  -12.030  170.159   63.833 -149.205    1598265489157
01    14.683   -9.543   -9.582    3.351   19.607  -54.169    1598265489173
02    10.353   -7.568  -12.032  170.102   63.811 -149.312    1598265489173
01    14.690   -9.538   -9.577    3.389   19.588  -54.183    1598265489188
02    10.350   -7.566  -12.035  170.079   63.777 -149.311    1598265489188
01    14.690   -9.534   -9.578    3.402   19.592  -54.168    1598265489204
02    10.345   -7.550  -12.052  170.063   63.746 -149.393    1598265489204
01    14.693   -9.527   -9.579    3.462   19.595  -54.152    1598265489220
02    10.352   -7.567  -12.044  170.175   63.912 -149.264    1598265489220
01    14.691   -9.523   -9.582    3.473   19.647  -54.142    1598265489235
02    10.350   -7.567  -12.058  170.064   64.005 -149.380    1598265489235
01    14.699   -9.527   -9.563    3.468   19.563  -54.207    1598265489257
02    10.354   -7.571  -12.060  170.228   64.153 -149.266    1598265489257
01    14.694   -9.529   -9.565    3.444   19.617  -54.261    1598265489273
02    10.359   -7.586  -12.049  170.619   64.374 -148.871    1598265489273
01    14.696   -9.535   -9.558    3.434   19.604  -54.316    1598265489289
02    10.366   -7.581  -12.047  170.602   64.485 -148.995    1598265489289
01    14.706   -9.527   -9.547    3.501   19.542  -54.342    1598265489304
02    10.361   -7.596  -12.055  170.673   64.533 -148.753    1598265489304
01    14.691   -9.534   -9.557    3.422   19.671  -54.375    1598265489320
02    10.373   -7.591  -12.081  169.856   65.170 -149.463    1598265489320
01    14.683   -9.483   -9.593    4.125   20.050  -54.004    1598265489336
02    10.513   -7.508  -12.179  164.790   68.066 -154.373    1598265489336
01    14.577   -9.079   -9.897    8.978   22.818  -51.650    1598265489358
02    11.321   -6.749  -12.240  131.050   72.747  171.473    1598265489358
01    14.180   -8.438  -10.542   19.106   28.747  -45.808    1598265489373
02    12.667   -5.974  -11.431   70.706   56.994  116.595    1598265489373
01    13.314   -8.164  -11.144   36.886   37.740  -30.991    1598265489389
02    13.357   -6.434  -10.322   50.353   30.297  108.101    1598265489389
01    13.260   -8.095  -11.006   56.998   42.668  -18.511    1598265489405
02    12.941   -6.700  -10.755   41.052    6.383  115.967    1598265489405
01    13.329   -8.024  -10.896   66.055   44.735  -11.370    1598265489420
02    12.733   -6.976  -10.831   42.239    3.433  117.029    1598265489420
01    13.434   -7.933  -10.815   68.770   44.157   -9.838    1598265489436
02    12.679   -7.071  -10.851   43.703    1.790  117.244    1598265489436
01    13.540   -7.844  -10.766   68.123   42.842  -10.467    1598265489458
02    12.716   -7.033  -10.858   44.636    0.237  116.823    1598265489458
01    13.601   -7.833  -10.722   64.848   42.734  -12.641    1598265489474
02    12.755   -6.976  -10.877   44.449   -0.014  115.760    1598265489474
01    13.589   -7.893  -10.694   60.004   43.265  -15.627    1598265489489
02    12.714   -6.961  -10.957   43.696    1.743  114.335    1598265489489
01    13.514   -8.006  -10.656   55.368   44.432  -18.900    1598265489505
02    12.688   -6.953  -10.996   43.483    4.380  111.929    1598265489505
01    13.465   -8.055  -10.613   52.313   45.062  -22.044    1598265489521
02    12.580   -6.987  -11.117   43.396    8.896  109.800    1598265489521
01    13.618   -8.074  -10.424   47.998   43.740  -27.516    1598265489536
02    12.399   -7.136  -11.303   44.697   18.036  101.295    1598265489536
01    13.912   -8.244  -10.064   39.414   40.528  -36.208    1598265489558
02    11.843   -7.256  -11.751   48.633   32.949  105.503    1598265489558
01    14.210   -8.676   -9.607   28.514   35.434  -45.141    1598265489574
02    11.210   -7.516  -12.063   58.398   50.152  111.145    1598265489574
01    14.324   -9.043   -9.487   20.245   31.136  -50.320    1598265489590
02    10.743   -7.732  -12.112   74.706   63.016  124.191    1598265489590
01    14.363   -9.238   -9.549   14.306   28.387  -53.449    1598265489605
02    10.515   -7.816  -12.015  106.367   70.541  152.686    1598265489605
01    14.408   -9.387   -9.564   10.558   26.632  -55.831    1598265489621
02    10.373   -7.899  -11.959  136.657   70.616 -179.285    1598265489621
01    14.487   -9.461   -9.553    8.503   25.083  -57.289    1598265489636
02    10.358   -7.971  -11.952  152.592   69.353 -165.284    1598265489636
01    14.533   -9.523   -9.553    7.445   24.075  -58.162    1598265489659
02    10.446   -7.988  -12.022  159.847   69.413 -159.468    1598265489659
01    14.558   -9.406   -9.677    8.636   24.260  -57.354    1598265489674
02    10.671   -7.937  -12.097  157.931   71.845 -161.658    1598265489674
01    14.518   -9.178   -9.889   11.799   25.743  -55.355    1598265489690
02    11.029   -7.809  -12.151  143.314   75.829 -175.785    1598265489690
01    14.331   -8.851  -10.234   18.002   29.322  -50.699    1598265489706
02    11.743   -7.319  -12.023   90.648   74.042  132.644    1598265489706
01    13.940   -8.524  -10.649   28.782   34.862  -41.193    1598265489721
02    12.570   -6.915  -11.496   59.105   55.916  106.447    1598265489721
01    13.639   -8.390  -10.732   41.664   39.048  -30.997    1598265489737
02    12.823   -7.203  -11.028   44.917   33.274  102.773    1598265489737
01    13.591   -8.149  -10.748   52.296   40.528  -24.607    1598265489759
02    12.818   -7.213  -11.045   43.717   23.748  105.523    1598265489759
01    13.627   -7.945  -10.730   59.197   40.278  -21.046    1598265489775
02    12.836   -7.176  -11.076   44.335   19.012  106.608    1598265489775
01    13.666   -7.844  -10.704   62.111   40.157  -20.015    1598265489790
02    12.853   -7.179  -11.095   44.898   16.571  106.806    1598265489790
01    13.687   -7.833  -10.689   63.126   40.674  -20.045    1598265489806
02    12.868   -7.188  -11.115   45.690   15.573  106.990    1598265489806
01    13.712   -7.805  -10.700   63.799   41.158  -20.257    1598265489821
02    12.887   -7.211  -11.117   46.399   15.345  107.178    1598265489821
01    13.757   -7.799  -10.689   63.378   41.431  -21.272    1598265489837
02    12.911   -7.228  -11.132   46.972   15.407  107.419    1598265489837
01    13.835   -7.786  -10.662   61.978   41.115  -22.907    1598265489859
02    13.004   -7.206  -11.119   47.191   15.314  107.318    1598265489859
01    13.929   -7.796  -10.614   59.248   40.393  -25.121    1598265489875
02    13.110   -7.183  -11.120   46.611   15.442  107.138    1598265489875
01    14.069   -7.813  -10.513   55.096   38.989  -28.501    1598265489890
02    13.131   -7.159  -11.195   45.656   16.335  107.138    1598265489890
01    14.402   -7.942  -10.162   47.937   36.163  -34.908    1598265489906
02    12.733   -7.269  -11.652   45.455   21.998  108.024    1598265489906
01    14.818   -8.369   -9.534   37.352   31.490  -43.755    1598265489922
02    12.409   -7.352  -11.957   47.725   31.752  106.790    1598265489922
01    14.944   -8.769   -9.298   25.131   24.635  -51.094    1598265489937
02    12.039   -7.541  -12.192   52.564   48.730  105.759    1598265489937
01    15.027   -9.034   -9.190   16.402   18.568  -54.670    1598265489959
02    11.548   -7.802  -12.372   66.058   67.704  113.961    1598265489959
01    15.033   -9.202   -9.219   11.040   15.516  -55.838    1598265489975
02    11.221   -7.939  -12.358  111.130   78.592  154.701    1598265489975
01    15.007   -9.324   -9.295    7.979   14.527  -56.299    1598265489991
02    11.091   -7.928  -12.256  157.082   76.416 -162.144    1598265489991
01    15.071   -9.334   -9.291    7.146   13.695  -56.836    1598265490006
02    11.015   -7.947  -12.208  173.811   72.485 -146.080    1598265490006
01    15.088   -9.373   -9.299    6.421   13.430  -57.212    1598265490022
02    11.044   -7.970  -12.231 -179.549   72.035 -139.224    1598265490022
01    15.084   -9.315   -9.365    7.211   13.921  -56.885    1598265490038
02    11.276   -7.874  -12.257  178.671   76.003 -140.463    1598265490038
01    15.031   -9.110   -9.544   10.428   15.985  -55.494    1598265490060
02    11.702   -7.609  -12.247  133.291   82.136  175.993    1598265490060
01    14.817   -8.719   -9.962   18.166   21.293  -51.348    1598265490075
02    12.361   -7.163  -12.025   62.308   70.593  107.921    1598265490075
01    14.179   -8.376  -10.610   31.201   30.382  -40.493    1598265490091
02    13.039   -6.875  -11.491   49.203   48.758  101.195    1598265490091
01    13.823   -8.247  -10.731   44.761   37.228  -31.811    1598265490107
02    12.972   -7.153  -11.333   41.419   29.381  104.749    1598265490107
01    13.799   -7.967  -10.740   54.820   39.431  -26.041    1598265490122
02    12.951   -7.195  -11.301   41.255   22.406  107.357    1598265490122
01    13.833   -7.799  -10.696   59.369   39.076  -23.324    1598265490138
02    12.985   -7.217  -11.235   41.487   18.653  107.656    1598265490138
01    13.862   -7.746  -10.646   59.688   38.334  -22.734    1598265490160
02    13.016   -7.236  -11.197   41.118   16.801  107.361    1598265490160
01    13.859   -7.783  -10.615   58.050   38.805  -23.040    1598265490176
02    13.022   -7.275  -11.190   40.285   16.680  106.574    1598265490176
01    13.830   -7.864  -10.614   55.512   40.018  -23.901    1598265490191
02    12.965   -7.337  -11.236   39.464   18.123  105.923    1598265490191
01    13.886   -7.975  -10.517   51.219   40.952  -27.200    1598265490207
02    12.879   -7.326  -11.366   39.758   21.396  105.299    1598265490207
01    14.162   -8.157  -10.159   42.252   39.200  -35.089    1598265490223
02    12.498   -7.414  -11.712   41.570   30.629  105.210    1598265490223
01    14.462   -8.683   -9.545   28.418   33.929  -44.707    1598265490238
02    11.949   -7.585  -12.092   46.144   44.974  105.341    1598265490238
01    14.636   -9.291   -9.145   15.878   26.853  -51.305    1598265490260
02    11.370   -7.689  -12.306   56.753   61.401  111.488    1598265490260
01    14.715   -9.598   -9.084    6.423   20.531  -55.107    1598265490276
02    11.098   -7.626  -12.273   89.863   74.577  139.689    1598265490276
01    14.793   -9.679   -9.118    1.566   16.930  -57.531    1598265490292
02    10.929   -7.680  -12.229  138.884   76.954 -174.232    1598265490292
01    14.849   -9.698   -9.151   -0.508   15.116  -59.443    1598265490307
02    10.927   -7.762  -12.208  164.623   75.902 -150.567    1598265490307
01    14.905   -9.732   -9.151   -1.522   13.869  -60.885    1598265490323
02    10.985   -7.776  -12.204  175.804   74.818 -140.229    1598265490323
01    14.952   -9.768   -9.141   -2.068   12.757  -61.598    1598265490339
02    11.058   -7.808  -12.194 -178.139   74.524 -133.750    1598265490339
01    14.999   -9.711   -9.139   -1.309   12.042  -61.820    1598265490361
02    11.187   -7.749  -12.230 -179.347   75.807 -134.158    1598265490361
01    14.972   -9.437   -9.354    2.381   13.853  -60.781    1598265490377
02    11.476   -7.646  -12.234  164.304   80.703 -149.020    1598265490377
01    14.716   -8.899   -9.942   11.248   20.363  -56.762    1598265490392
02    12.091   -7.302  -12.059   71.591   78.426  119.830    1598265490392
01    14.139   -8.479  -10.589   25.331   30.287  -45.677    1598265490408
02    12.912   -6.956  -11.487   49.290   57.916  101.598    1598265490408
01    13.762   -8.327  -10.719   39.663   37.448  -35.169    1598265490424
02    13.043   -7.256  -11.105   40.791   36.205  101.562    1598265490424
01    13.743   -7.989  -10.711   52.968   39.235  -26.807    1598265490439
02    13.025   -7.219  -11.120   40.070   25.679  105.309    1598265490439
01    13.763   -7.776  -10.661   60.037   37.803  -22.516    1598265490461
02    13.015   -7.187  -11.115   40.090   18.585  106.882    1598265490461
01    13.780   -7.632  -10.623   63.083   36.505  -21.051    1598265490477
02    13.022   -7.145  -11.122   40.754   14.848  106.967    1598265490477
01    13.798   -7.531  -10.620   63.927   36.464  -20.772    1598265490493
02    13.017   -7.143  -11.144   40.989   13.984  106.240    1598265490493
01    13.831   -7.522  -10.593   62.664   37.472  -21.812    1598265490508
02    13.014   -7.174  -11.169   40.777   14.779  104.851    1598265490508
01    13.879   -7.545  -10.574   60.104   38.566  -23.569    1598265490524
02    13.035   -7.203  -11.182   40.415   15.943  103.411    1598265490524
01    13.976   -7.634  -10.499   55.912   39.703  -26.945    1598265490540
02    13.024   -7.221  -11.236   40.125   17.731  103.276    1598265490540
01    14.179   -7.856  -10.265   47.319   39.412  -33.641    1598265490562
02    12.915   -7.251  -11.431   40.284   23.400  103.103    1598265490562
01    14.465   -8.283   -9.793   33.913   35.685  -43.609    1598265490577
02    12.439   -7.392  -11.901   43.283   36.583  103.160    1598265490577
01    14.720   -9.021   -9.227   21.122   29.838  -51.263    1598265490593
02    11.781   -7.576  -12.346   48.377   51.486  105.051    1598265490593
01    14.829   -9.394   -9.111   10.876   23.358  -56.018    1598265490609
02    11.360   -7.605  -12.420   63.936   68.202  117.317    1598265490609
01    14.840   -9.486   -9.204    5.422   19.727  -58.587    1598265490624
02    11.165   -7.570  -12.382   98.725   76.656  149.564    1598265490624
01    14.832   -9.491   -9.285    3.508   18.019  -60.095    1598265490640
02    11.085   -7.653  -12.344  132.518   78.378 -178.394    1598265490640
01    14.807   -9.392   -9.413    4.025   17.923  -59.959    1598265490662
02    11.192   -7.611  -12.326  140.425   79.287 -171.642    1598265490662
01    14.750   -9.160   -9.621    6.795   19.386  -58.017    1598265490678
02    11.561   -7.339  -12.272  105.494   79.694  153.809    1598265490678
01    14.544   -8.768  -10.004   13.255   23.180  -53.197    1598265490693
02    12.300   -6.828  -11.911   62.379   67.686  112.927    1598265490693
01    14.029   -8.398  -10.505   25.149   30.070  -43.251    1598265490709
02    12.988   -6.669  -11.194   47.762   46.252  104.573    1598265490709
01    13.749   -8.190  -10.641   39.291   35.643  -34.720    1598265490725
02    12.880   -6.707  -11.255   42.414   27.398  109.767    1598265490725
01    13.658   -7.968  -10.668   49.138   38.452  -29.089    1598265490740
02    12.826   -6.857  -11.185   41.894   20.041  110.871    1598265490740
01    13.654   -7.834  -10.623   54.882   39.247  -26.092    1598265490762
02    12.806   -6.967  -11.133   42.026   16.245  110.931    1598265490762
01    13.693   -7.715  -10.578   57.800   38.515  -24.454    1598265490778
02    12.843   -6.999  -11.077   42.322   13.531  110.675    1598265490778
01    13.775   -7.638  -10.503   57.648   37.092  -24.242    1598265490794
02    12.931   -6.993  -11.008   41.901   11.443  110.058    1598265490794
01    13.827   -7.640  -10.447   55.443   36.101  -24.613    1598265490809
02    12.997   -6.989  -10.979   40.453   10.310  109.433    1598265490809
01    13.831   -7.683  -10.421   52.598   35.913  -25.208    1598265490825
02    12.998   -7.022  -10.990   38.791   10.589  108.624    1598265490825
01    13.841   -7.758  -10.379   49.306   36.431  -26.967    1598265490840
02    12.936   -7.014  -11.104   38.199   12.990  107.739    1598265490840
01    13.961   -7.907  -10.200   43.168   36.271  -31.533    1598265490863
02    12.721   -7.048  -11.356   39.194   20.774  105.787    1598265490863
01    14.194   -8.355   -9.715   32.985   34.055  -38.735    1598265490879
02    12.256   -7.114  -11.773   42.197   32.672  105.357    1598265490879
01    14.390   -9.085   -9.152   19.112   28.249  -47.038    1598265490894
02    11.567   -7.296  -12.173   48.288   49.718  106.831    1598265490894
01    14.441   -9.489   -9.079    7.225   22.053  -51.909    1598265490910
02    11.096   -7.358  -12.256   66.857   68.265  120.284    1598265490910
01    14.499   -9.672   -9.071    0.384   18.248  -54.866    1598265490925
02    10.854   -7.315  -12.195  106.905   75.849  157.258    1598265490925
01    14.532   -9.602   -9.221   -1.381   17.297  -55.820    1598265490941
02    10.786   -7.400  -12.171  138.391   76.919 -172.943    1598265490941
01    14.564   -9.371   -9.386    0.718   18.165  -55.640    1598265490963
02    10.918   -7.475  -12.159  147.144   78.876 -165.197    1598265490963
01    14.527   -9.085   -9.633    4.955   20.464  -54.201    1598265490979
02    11.165   -7.456  -12.139  132.425   81.454  179.977    1598265490979
01    14.360   -8.711   -9.979   11.723   24.347  -50.508    1598265490994
02    11.610   -7.220  -12.039   81.724   79.339  129.637    1598265490994
01    13.958   -8.330  -10.417   22.944   30.172  -42.431    1598265491010
02    12.296   -6.842  -11.648   54.456   64.316  105.233    1598265491010
01    13.442   -8.291  -10.594   36.460   36.660  -31.649    1598265491026
02    12.813   -6.887  -11.062   43.016   43.984  101.215    1598265491026
01    13.327   -8.058  -10.630   49.098   39.647  -25.072    1598265491041
02    12.798   -7.011  -10.978   41.513   33.161  104.224    1598265491041
01    13.318   -7.878  -10.605   57.459   40.576  -21.066    1598265491063
02    12.717   -7.099  -11.007   41.680   27.963  106.077    1598265491063
01    13.362   -7.739  -10.563   62.265   40.001  -19.085    1598265491079
02    12.692   -7.147  -11.017   42.061   24.573  106.787    1598265491079
01    13.414   -7.649  -10.510   63.879   38.516  -18.471    1598265491095
02    12.718   -7.142  -11.002   42.359   21.817  107.188    1598265491095
01    13.483   -7.570  -10.466   64.224   37.233  -18.423    1598265491110
02    12.762   -7.112  -10.988   42.476   19.688  107.526    1598265491110
01    13.558   -7.510  -10.442   63.695   36.464  -18.603    1598265491126
02    12.809   -7.092  -10.980   42.137   18.512  107.683    1598265491126
01    13.637   -7.486  -10.421   62.006   36.198  -19.337    1598265491142
02    12.882   -7.054  -10.967   41.611   18.080  107.848    1598265491142
01    13.757   -7.500  -10.370   58.892   36.162  -21.595    1598265491164
02    12.917   -7.024  -10.995   40.750   18.186  108.547    1598265491164
01    14.020   -7.583  -10.151   52.576   34.905  -27.465    1598265491179
02    12.853   -6.971  -11.160   40.821   20.711  109.818    1598265491179
01    14.515   -8.005   -9.505   42.945   31.635  -35.841    1598265491195
02    12.642   -7.026  -11.426   42.302   29.682  108.412    1598265491195
01    14.780   -8.572   -9.105   30.171   25.654  -44.237    1598265491211
02    12.168   -7.194  -11.861   46.104   42.491  108.304    1598265491211
01    14.871   -8.951   -9.027   18.651   19.628  -49.778    1598265491226
02    11.740   -7.338  -12.141   54.486   58.988  111.028    1598265491226
01    14.923   -9.133   -9.064   11.558   16.286  -52.879    1598265491242
02    11.434   -7.399  -12.222   74.369   72.205  126.865    1598265491242
01    14.925   -9.161   -9.198    8.681   15.517  -54.058    1598265491264
02    11.301   -7.453  -12.236  105.734   78.220  155.392    1598265491264
01    14.900   -9.099   -9.333    8.731   16.225  -54.241    1598265491280
02    11.383   -7.466  -12.226  113.669   80.235  162.180    1598265491280
01    14.797   -8.920   -9.576   11.409   18.799  -52.692    1598265491295
02    11.723   -7.227  -12.152   85.883   78.377  134.491    1598265491295
01    14.557   -8.600   -9.959   17.865   23.439  -48.250    1598265491311
02    12.278   -6.848  -11.868   60.560   67.403  111.334    1598265491311
01    14.094   -8.306  -10.389   28.883   29.874  -39.128    1598265491327
02    12.863   -6.664  -11.282   49.107   48.653  105.988    1598265491327
01    13.795   -8.189  -10.479   40.570   34.901  -31.432    1598265491342
02    12.811   -6.956  -11.075   40.814   30.146  108.217    1598265491342
01    13.659   -8.006  -10.522   49.377   37.149  -26.095    1598265491364
02    12.758   -6.995  -11.058   40.181   22.507  111.245    1598265491364
01    13.613   -7.854  -10.492   54.415   37.259  -23.362    1598265491380
02    12.742   -7.034  -11.007   40.397   18.226  112.123    1598265491380
01    13.623   -7.745  -10.443   56.977   36.602  -22.047    1598265491396
02    12.773   -7.029  -10.956   40.770   15.442  112.379    1598265491396
01    13.654   -7.665  -10.410   57.803   35.760  -21.454    1598265491411
02    12.815   -7.006  -10.930   40.805   13.790  112.374    1598265491411
01    13.700   -7.636  -10.374   57.021   35.308  -21.737    1598265491427
02    12.874   -6.982  -10.919   40.415   13.102  111.983    1598265491427
01    13.752   -7.635  -10.351   55.248   35.100  -22.456    1598265491442
02    12.912   -6.982  -10.938   39.588   13.342  111.394    1598265491442
01    13.858   -7.656  -10.271   52.361   34.881  -24.525    1598265491465
02    12.946   -6.956  -11.001   38.954   14.617  110.470    1598265491465
01    14.054   -7.780  -10.062   46.412   33.784  -29.316    1598265491480
02    12.751   -6.967  -11.300   39.198   20.637  109.992    1598265491480
01    14.334   -8.187   -9.623   37.143   31.326  -35.900    1598265491496
02    12.484   -7.028  -11.628   41.403   31.450  108.597    1598265491496
01    14.602   -8.752   -9.138   24.042   25.011  -44.273    1598265491511
02    12.055   -7.110  -12.012   45.687   45.770  108.037    1598265491511
01    14.729   -9.066   -9.014   13.810   18.530  -49.352    1598265491527
02    11.639   -7.165  -12.230   57.020   62.871  113.973    1598265491527
01    14.808   -9.118   -9.058    8.938   14.743  -51.516    1598265491543
02    11.431   -7.187  -12.266   78.377   74.255  131.429    1598265491543
01    14.850   -8.941   -9.219    8.988   13.859  -51.211    1598265491565
02    11.521   -7.202  -12.228   89.606   78.912  140.461    1598265491565
01    14.805   -8.628   -9.484   12.503   15.713  -49.227    1598265491581
02    11.898   -6.969  -12.118   71.090   76.540  121.525    1598265491581
01    14.556   -8.233   -9.938   19.574   20.746  -44.763    1598265491596
02    12.434   -6.588  -11.837   55.486   65.382  107.569    1598265491596
01    14.034   -7.956  -10.428   31.105   28.459  -35.780    1598265491612
02    12.993   -6.404  -11.253   47.652   47.721  104.877    1598265491612
01    13.728   -7.903  -10.526   43.114   34.970  -28.488    1598265491627
02    12.905   -6.722  -11.078   40.884   31.290  107.988    1598265491627
01    13.593   -7.799  -10.559   51.661   37.854  -23.777    1598265491643
02    12.774   -6.853  -11.102   40.262   25.163  111.044    1598265491643
01    13.524   -7.711  -10.550   56.776   38.553  -21.371    1598265491665
02    12.701   -6.951  -11.088   40.721   21.877  111.815    1598265491665
01    13.492   -7.657  -10.538   59.341   38.544  -20.163    1598265491681
02    12.678   -7.012  -11.062   41.220   20.071  111.773    1598265491681
01    13.501   -7.622  -10.512   59.978   38.416  -19.781    1598265491696
02    12.677   -7.049  -11.045   41.163   19.234  111.524    1598265491696
01    13.527   -7.620  -10.477   59.055   38.262  -20.060    1598265491712
02    12.688   -7.079  -11.040   40.472   19.023  111.063    1598265491712
01    13.576   -7.638  -10.429   56.950   37.901  -21.013    1598265491728
02    12.697   -7.098  -11.049   39.538   19.281  110.388    1598265491728
01    13.742   -7.666  -10.276   52.981   36.708  -24.278    1598265491743
02    12.546   -7.068  -11.278   39.762   22.737  110.855    1598265491743
01    13.987   -7.849   -9.958   45.252   34.104  -30.445    1598265491765
02    12.307   -7.090  -11.542   41.673   30.877  110.038    1598265491765
01    14.355   -8.364   -9.384   35.481   29.971  -37.279    1598265491781
02    11.862   -7.170  -11.921   45.324   41.899  110.011    1598265491781
01    14.551   -8.820   -9.134   22.764   23.317  -44.296    1598265491797
02    11.452   -7.205  -12.155   55.068   58.643  114.212    1598265491797
01    14.681   -9.029   -9.084   13.923   18.099  -48.495    1598265491812
02    11.189   -7.187  -12.208   76.088   71.257  131.138    1598265491812
01    14.732   -9.058   -9.166    9.838   15.919  -50.440    1598265491828
02    11.103   -7.238  -12.211  103.954   77.062  156.548    1598265491828
01    14.727   -8.954   -9.336    9.503   16.279  -50.874    1598265491844
02    11.231   -7.296  -12.193  113.534   80.099  164.869    1598265491844
01    14.663   -8.737   -9.567   11.980   18.194  -49.892    1598265491859
02    11.553   -7.205  -12.129   90.289   80.730  141.511    1598265491859
01    14.453   -8.422   -9.933   17.719   22.217  -46.667    1598265491881
02    12.066   -6.949  -11.932   58.928   72.707  111.903    1598265491881
01    13.969   -8.178  -10.401   27.473   28.876  -39.218    1598265491897
02    12.723   -6.775  -11.414   45.036   56.122  102.319    1598265491897
01    13.587   -8.124  -10.564   38.676   35.279  -31.015    1598265491913
02    12.968   -7.016  -10.918   37.936   36.758  102.722    1598265491913
01    13.469   -7.988  -10.584   47.743   38.069  -25.797    1598265491928
02    12.822   -7.126  -10.965   37.477   28.755  107.053    1598265491928
01    13.426   -7.879  -10.553   53.232   38.547  -22.865    1598265491944
02    12.737   -7.162  -10.986   38.196   24.281  108.813    1598265491944
01    13.438   -7.776  -10.488   56.224   37.757  -21.522    1598265491960
02    12.703   -7.160  -10.994   38.914   21.273  109.675    1598265491960
01    13.443   -7.693  -10.468   58.028   37.071  -20.500    1598265491982
02    12.692   -7.115  -11.009   39.671   19.522  110.265    1598265491982
01    13.460   -7.635  -10.459   58.691   36.845  -20.145    1598265491984
02    12.685   -7.121  -11.015   39.699   19.024  110.240    1598265491984
01    13.506   -7.609  -10.428   58.004   36.786  -20.668    1598265492015
02    12.716   -7.107  -11.014   39.547   19.096  109.896    1598265492015
01    13.602   -7.583  -10.371   56.276   36.422  -22.154    1598265492031
02    12.776   -7.073  -11.014   39.163   19.347  109.402    1598265492031
01    13.812   -7.592  -10.209   52.215   34.984  -26.135    1598265492046
02    12.737   -7.028  -11.158   39.053   21.592  109.319    1598265492046
01    14.224   -7.835   -9.729   44.342   31.761  -32.918    1598265492062
02    12.526   -7.038  -11.456   40.386   29.067  108.610    1598265492062
01    14.592   -8.413   -9.161   32.612   26.307  -40.870    1598265492082
02    12.140   -7.130  -11.876   42.947   40.117  107.730    1598265492082
01    14.755   -8.942   -8.918   18.554   18.933  -47.649    1598265492097
02    11.722   -7.184  -12.193   50.633   58.861  110.023    1598265492097
01    14.834   -9.223   -8.908    8.844   14.208  -51.270    1598265492113
02    11.466   -7.143  -12.274   69.917   72.965  125.453    1598265492113
01    14.889   -9.307   -8.994    3.832   12.736  -53.461    1598265492129
02    11.283   -7.094  -12.265  105.222   77.731  158.789    1598265492129
01    14.873   -9.419   -9.064    0.890   13.086  -55.574    1598265492144
02    11.142   -7.125  -12.222  134.125   77.259 -172.962    1598265492144
01    14.852   -9.454   -9.141   -0.314   13.650  -56.617    1598265492160
02    11.132   -7.117  -12.222  143.136   76.952 -163.946    1598265492160
01    14.821   -9.352   -9.262    0.838   14.852  -56.249    1598265492182
02    11.433   -6.880  -12.183  113.676   77.535  167.537    1598265492182
01    14.713   -9.021   -9.540    5.813   18.121  -54.276    1598265492198
02    11.948   -6.649  -11.940   68.878   69.695  126.032    1598265492198
01    14.352   -8.540  -10.084   16.250   25.186  -48.088    1598265492213
02    12.527   -6.529  -11.482   50.193   53.091  112.386    1598265492213
01    13.790   -8.272  -10.500   30.310   33.779  -37.063    1598265492229
02    12.962   -6.696  -10.905   40.252   33.716  109.285    1598265492229
01    13.567   -8.000  -10.583   43.121   38.401  -29.151    1598265492245
02    12.868   -6.817  -10.919   37.870   23.525  111.646    1598265492245
01    13.517   -7.752  -10.565   52.280   39.474  -23.971    1598265492260
02    12.764   -6.909  -10.940   37.855   18.619  112.258    1598265492260
01    13.538   -7.610  -10.493   56.873   38.454  -21.491    1598265492282
02    12.746   -6.924  -10.925   38.361   15.166  112.272    1598265492282
01    13.582   -7.499  -10.443   58.026   36.879  -20.486    1598265492298
02    12.772   -6.910  -10.901   38.260   12.937  112.015    1598265492298
01    13.632   -7.470  -10.389   56.667   35.792  -20.602    1598265492314
02    12.818   -6.894  -10.871   37.419   11.580  111.542    1598265492314
01    13.642   -7.507  -10.347   54.104   35.374  -21.143    1598265492329
02    12.816   -6.882  -10.887   36.419   11.557  111.376    1598265492329
01    13.698   -7.553  -10.280   51.056   35.360  -22.953    1598265492345
02    12.752   -6.813  -11.019   36.682   14.219  111.535    1598265492345
01    13.845   -7.727  -10.083   44.689   35.203  -27.830    1598265492360
02    12.483   -6.775  -11.322   38.304   21.796  112.286    1598265492360
01    14.010   -8.118   -9.763   33.761   33.849  -34.799    1598265492367
02    12.038   -6.794  -11.708   42.374   34.114  112.711    1598265492383
01    14.217   -8.822   -9.243   21.885   30.401  -41.725    1598265492398
02    11.506   -6.810  -12.035   49.085   48.169  115.293    1598265492398
01    14.312   -9.319   -9.076    8.821   25.006  -47.656    1598265492414
02    11.095   -6.811  -12.131   65.742   63.970  127.068    1598265492414
01    14.402   -9.528   -9.043    0.523   20.577  -51.172    1598265492429
02    10.882   -6.769  -12.094   93.817   71.791  151.564    1598265492429
01    14.483   -9.505   -9.084   -2.873   18.126  -52.909    1598265492445
02    10.848   -6.726  -12.090  114.923   73.758  170.436    1598265492445
01    14.527   -9.306   -9.226   -2.096   17.775  -52.637    1598265492461
02    11.046   -6.652  -12.073  111.330   74.877  166.488    1598265492461
01    14.511   -8.882   -9.507    2.829   19.649  -50.883    1598265492467
02    11.594   -6.345  -11.892   81.426   71.225  137.468    1598265492467
01    14.277   -8.323   -9.986   12.604   24.884  -46.887    1598265492498
02    12.260   -6.139  -11.442   57.450   57.325  117.954    1598265492498
01    13.657   -8.022  -10.498   27.526   33.868  -36.365    1598265492514
02    12.766   -6.319  -10.881   44.577   39.892  111.862    1598265492514
01    13.399   -7.827  -10.602   42.816   40.006  -27.733    1598265492530
02    12.633   -6.441  -11.005   40.651   27.853  114.466    1598265492530
01    13.333   -7.655  -10.578   52.822   42.123  -22.895    1598265492545
02    12.489   -6.640  -11.032   39.851   22.393  114.584    1598265492545
01    13.330   -7.504  -10.548   58.837   41.879  -20.369    1598265492561
02    12.468   -6.752  -11.000   40.401   18.732  113.844    1598265492561
01    13.395   -7.359  -10.501   61.689   40.541  -19.497    1598265492568
02    12.512   -6.769  -10.971   40.888   16.145  113.249    1598265492568
01    13.482   -7.264  -10.445   61.452   38.947  -19.745    1598265492599
02    12.590   -6.757  -10.934   40.544   14.304  112.482    1598265492599
01    13.557   -7.231  -10.395   59.279   37.555  -20.447    1598265492614
02    12.649   -6.753  -10.927   39.470   13.300  111.599    1598265492614
01    13.634   -7.216  -10.345   56.329   36.500  -21.617    1598265492630
02    12.672   -6.701  -10.972   38.680   13.145  111.055    1598265492630
01    13.765   -7.238  -10.238   51.849   35.677  -24.468    1598265492646
02    12.581   -6.595  -11.181   39.189   16.148  110.973    1598265492646
01    13.944   -7.441  -10.018   43.891   35.079  -29.670    1598265492661
02    12.336   -6.529  -11.486   41.641   24.313  111.183    1598265492661
01    14.196   -7.946   -9.578   33.144   32.640  -36.034    1598265492668
02    11.926   -6.505  -11.852   45.635   35.405  111.907    1598265492668
01    14.375   -8.611   -9.196   18.306   26.984  -43.220    1598265492683
02    11.413   -6.492  -12.106   55.898   52.374  117.946    1598265492683
01    14.469   -8.887   -9.161    7.669   21.820  -47.052    1598265492715
02    11.131   -6.409  -12.108   75.765   65.097  133.793    1598265492715
01    14.530   -8.756   -9.329    5.061   19.893  -47.898    1598265492730
02    11.053   -6.356  -12.102   91.147   69.381  147.702    1598265492730
01    14.486   -8.451   -9.566    8.173   20.712  -46.869    1598265492746
02    11.377   -6.158  -11.987   80.937   67.530  137.089    1598265492746
01    14.301   -8.045   -9.911   15.521   23.815  -43.562    1598265492762
02    11.920   -5.921  -11.621   63.812   57.457  122.767    1598265492762
01    13.893   -7.709  -10.318   26.551   28.987  -36.353    1598265492768
02    12.403   -5.947  -11.156   51.309   43.179  116.716    1598265492768
01    13.525   -7.590  -10.471   38.879   34.173  -27.879    1598265492784
02    12.554   -6.254  -10.906   41.044   28.545  114.569    1598265492784
01    13.361   -7.450  -10.533   48.943   37.361  -22.299    1598265492815
02    12.445   -6.374  -10.977   39.289   22.010  116.204    1598265492815
01    13.294   -7.324  -10.540   55.693   38.390  -19.381    1598265492831
02    12.384   -6.471  -10.995   39.743   18.632  116.192    1598265492831
01    13.289   -7.229  -10.529   59.423   38.517  -18.112    1598265492846
02    12.379   -6.541  -10.994   40.449   16.796  115.499    1598265492846
01    13.320   -7.182  -10.505   60.545   38.330  -17.909    1598265492862
02    12.409   -6.582  -10.986   40.610   15.730  114.706    1598265492862
01    13.387   -7.159  -10.458   59.736   37.734  -18.506    1598265492868
02    12.464   -6.622  -10.965   39.941   14.948  113.665    1598265492868
01    13.463   -7.179  -10.399   57.346   36.952  -19.768    1598265492884
02    12.504   -6.608  -10.983   39.227   14.671  113.216    1598265492884
01    13.622   -7.259  -10.265   52.898   36.240  -23.097    1598265492915
02    12.353   -6.537  -11.248   40.190   18.913  114.059    1598265492915
01    13.832   -7.495  -10.021   44.640   35.287  -28.668    1598265492931
02    12.145   -6.532  -11.512   43.174   28.159  113.811    1598265492931
01    14.197   -8.165   -9.438   33.734   32.504  -35.323    1598265492947
02    11.793   -6.543  -11.853   47.507   39.032  114.412    1598265492947
01    14.440   -8.781   -9.115   17.861   25.590  -43.055    1598265492962
02    11.396   -6.552  -12.085   59.329   56.100  120.796    1598265492962
01    14.588   -8.877   -9.166    8.839   20.015  -46.330    1598265492969
02    11.263   -6.547  -12.157   76.726   68.320  133.637    1598265492969
01    14.691   -8.704   -9.298    7.097   17.461  -47.323    1598265492984
02    11.371   -6.573  -12.163   82.049   72.890  136.602    1598265492984
01    14.692   -8.358   -9.551   10.602   17.885  -46.401    1598265493000
02    11.780   -6.349  -12.048   70.999   70.486  124.382    1598265493000
01    14.528   -7.971   -9.916   17.529   20.943  -43.747    1598265493031
02    12.319   -6.127  -11.739   56.694   59.967  112.703    1598265493031
01    14.099   -7.716  -10.371   27.688   27.082  -37.405    1598265493047
02    12.789   -6.135  -11.296   47.237   45.493  108.828    1598265493047
01    13.704   -7.666  -10.584   39.458   33.932  -29.337    1598265493062
02    12.868   -6.487  -11.030   39.610   30.418  109.165    1598265493062
01    13.537   -7.592  -10.653   49.577   38.217  -23.828    1598265493069
02    12.704   -6.632  -11.123   39.098   24.361  112.516    1598265493069
