01    19.843    1.226  -10.837  -39.009   78.508   85.347    1598330935965
02    16.265    0.176  -11.408 -101.663   58.046 -127.113    1598330935965
01    19.823    1.232  -10.867  -39.584   78.787   84.861    1598330935981
02    16.277    0.180  -11.412 -100.494   57.872 -126.295    1598330935981
01    19.811    1.231  -10.871  -39.502   78.876   85.043    1598330935997
02    16.295    0.147  -11.412  -99.669   57.511 -125.576    1598330935997
01    19.804    1.211  -10.877  -40.353   79.034   84.628    1598330936012
02    16.323    0.106  -11.393  -98.410   57.299 -124.544    1598330936012
01    19.811    1.212  -10.863  -39.260   78.924   85.828    1598330936028
02    16.348    0.100  -11.377  -97.261   57.038 -123.698    1598330936028
01    19.797    1.219  -10.880  -40.194   79.314   85.081    1598330936050
02    16.349    0.104  -11.390  -96.606   56.906 -123.522    1598330936050
01    19.786    1.221  -10.890  -40.021   79.644   85.374    1598330936066
02    16.352    0.098  -11.402  -95.926   56.560 -123.123    1598330936066
01    19.770    1.241  -10.917  -40.641   79.735   84.821    1598330936081
02    16.363    0.121  -11.397  -95.013   56.674 -122.432    1598330936081
01    19.756    1.268  -10.915  -39.917   79.802   85.557    1598330936097
02    16.379    0.136  -11.384  -94.160   56.477 -121.849    1598330936097
01    19.753    1.293  -10.912  -39.279   79.957   86.247    1598330936113
02    16.364    0.126  -11.416  -94.329   56.266 -122.198    1598330936113
01    19.742    1.348  -10.921  -39.325   80.125   86.040    1598330936128
02    16.369    0.145  -11.423  -93.733   56.217 -121.942    1598330936128
