01    16.088   -4.855   -7.908  140.363   66.533  -49.059    1615347922932
02    13.907   -7.834   -8.856 -173.902   41.032 -167.410    1615347922932
01    16.093   -4.843   -7.916  140.341   66.485  -49.155    1615347922949
02    13.906   -7.837   -8.863 -173.918   41.014 -167.414    1615347922949
01    16.091   -4.854   -7.926  140.334   66.455  -49.132    1615347922966
02    13.915   -7.840   -8.859 -173.891   41.058 -167.371    1615347922966
01    16.095   -4.850   -7.930  140.299   66.449  -49.213    1615347922982
02    13.919   -7.849   -8.856 -173.872   41.079 -167.313    1615347922982
01    16.097   -4.854   -7.933  140.301   66.459  -49.217    1615347922999
02    13.923   -7.848   -8.864 -173.901   41.111 -167.341    1615347922999
01    16.099   -4.862   -7.938  140.316   66.490  -49.196    1615347923015
02    13.935   -7.848   -8.859 -173.841   41.154 -167.301    1615347923015
01    16.103   -4.872   -7.934  140.275   66.533  -49.220    1615347923032
02    13.927   -7.859   -8.868 -173.901   41.116 -167.287    1615347923032
01    16.108   -4.863   -7.938  140.287   66.531  -49.238    1615347923049
02    13.932   -7.859   -8.868 -173.910   41.122 -167.285    1615347923049
01    16.111   -4.868   -7.936  140.243   66.565  -49.284    1615347923065
02    13.937   -7.855   -8.875 -173.928   41.114 -167.328    1615347923065
01    16.110   -4.869   -7.941  140.214   66.539  -49.320    1615347923082
02    13.935   -7.858   -8.882 -173.970   41.089 -167.345    1615347923082
01    16.111   -4.869   -7.943  140.185   66.532  -49.349    1615347923099
02    13.936   -7.855   -8.890 -173.960   41.064 -167.368    1615347923099
01    16.114   -4.865   -7.946  140.238   66.532  -49.342    1615347923116
02    13.942   -7.850   -8.892 -173.904   41.065 -167.357    1615347923116
01    16.114   -4.867   -7.947  140.293   66.532  -49.292    1615347923132
02    13.943   -7.842   -8.901 -173.908   41.050 -167.395    1615347923132
01    16.116   -4.870   -7.945  140.297   66.553  -49.327    1615347923149
02    13.945   -7.852   -8.901 -173.916   41.070 -167.393    1615347923149
01    16.121   -4.880   -7.940  140.287   66.578  -49.347    1615347923166
02    13.947   -7.864   -8.894 -173.876   41.071 -167.331    1615347923166
01    16.120   -4.884   -7.937  140.223   66.581  -49.423    1615347923182
02    13.953   -7.867   -8.884 -173.847   41.111 -167.291    1615347923182
01    16.124   -4.881   -7.936  140.266   66.555  -49.430    1615347923199
02    13.954   -7.872   -8.884 -173.849   41.110 -167.284    1615347923199
01    16.122   -4.887   -7.939  140.260   66.514  -49.417    1615347923216
02    13.951   -7.881   -8.884 -173.859   41.114 -167.268    1615347923216
01    16.125   -4.889   -7.940  140.283   66.493  -49.417    1615347923232
02    13.946   -7.886   -8.893 -173.865   41.074 -167.255    1615347923232
01    16.126   -4.889   -7.938  140.186   66.482  -49.511    1615347923249
02    13.954   -7.884   -8.890 -173.818   41.099 -167.242    1615347923249
01    16.127   -4.882   -7.946  140.097   66.416  -49.647    1615347923266
02    13.957   -7.885   -8.887 -173.812   41.121 -167.218    1615347923266
01    16.128   -4.892   -7.941  140.200   66.506  -49.496    1615347923281
02    13.962   -7.885   -8.888 -173.766   41.143 -167.181    1615347923281
01    16.135   -4.890   -7.934  140.199   66.564  -49.572    1615347923298
02    13.962   -7.884   -8.900 -173.760   41.080 -167.191    1615347923298
01    16.138   -4.891   -7.932  140.231   66.599  -49.561    1615347923315
02    13.971   -7.878   -8.899 -173.745   41.113 -167.221    1615347923315
01    16.140   -4.894   -7.934  140.254   66.602  -49.544    1615347923331
02    13.973   -7.882   -8.896 -173.698   41.123 -167.157    1615347923331
01    16.136   -4.890   -7.949  140.348   66.483  -49.509    1615347923348
02    13.970   -7.893   -8.899 -173.703   41.107 -167.110    1615347923348
01    16.136   -4.899   -7.947  140.268   66.541  -49.520    1615347923365
02    13.976   -7.893   -8.900 -173.602   41.143 -167.057    1615347923365
01    16.136   -4.897   -7.954  140.219   66.513  -49.592    1615347923381
02    13.981   -7.897   -8.902 -173.576   41.165 -167.029    1615347923381
01    16.137   -4.894   -7.959  140.178   66.493  -49.649    1615347923393
02    13.984   -7.895   -8.907 -173.522   41.184 -167.013    1615347923393
01    16.142   -4.885   -7.960  140.181   66.493  -49.720    1615347923416
02    13.994   -7.886   -8.905 -173.493   41.271 -167.049    1615347923416
01    16.142   -4.885   -7.960  140.213   66.493  -49.673    1615347923432
02    13.992   -7.887   -8.912 -173.548   41.251 -167.097    1615347923432
01    16.145   -4.873   -7.966  140.165   66.479  -49.757    1615347923448
02    13.994   -7.887   -8.914 -173.546   41.248 -167.074    1615347923448
01    16.149   -4.874   -7.962  140.184   66.517  -49.750    1615347923465
02    13.994   -7.886   -8.920 -173.519   41.252 -167.046    1615347923465
01    16.146   -4.867   -7.980  140.274   66.466  -49.695    1615347923476
02    13.995   -7.882   -8.921 -173.499   41.239 -167.052    1615347923476
01    16.152   -4.866   -7.975  140.204   66.477  -49.758    1615347923492
02    13.994   -7.879   -8.925 -173.505   41.216 -167.044    1615347923492
01    16.158   -4.860   -7.967  140.101   66.508  -49.882    1615347923508
02    13.988   -7.884   -8.932 -173.546   41.199 -167.032    1615347923508
01    16.157   -4.866   -7.964  140.065   66.533  -49.902    1615347923523
02    13.991   -7.882   -8.930 -173.548   41.241 -167.014    1615347923523
01    16.157   -4.868   -7.960  139.987   66.553  -49.970    1615347923539
02    13.990   -7.884   -8.926 -173.539   41.253 -166.976    1615347923539
01    16.155   -4.865   -7.964  140.040   66.553  -49.925    1615347923554
02    13.988   -7.885   -8.929 -173.529   41.240 -166.957    1615347923554
01    16.155   -4.871   -7.959  140.027   66.600  -49.908    1615347923570
02    13.986   -7.882   -8.928 -173.537   41.248 -166.965    1615347923570
01    16.148   -4.869   -7.969  140.116   66.548  -49.804    1615347923586
02    13.981   -7.874   -8.933 -173.534   41.210 -166.999    1615347923586
01    16.149   -4.858   -7.967  140.150   66.550  -49.822    1615347923615
02    13.980   -7.874   -8.931 -173.543   41.196 -166.992    1615347923615
01    16.148   -4.869   -7.960  140.164   66.598  -49.740    1615347923632
02    13.981   -7.874   -8.924 -173.560   41.217 -166.993    1615347923632
01    16.149   -4.868   -7.957  140.178   66.639  -49.719    1615347923649
02    13.984   -7.872   -8.917 -173.568   41.231 -166.986    1615347923649
01    16.146   -4.871   -7.958  140.330   66.644  -49.560    1615347923660
02    13.981   -7.874   -8.921 -173.597   41.191 -166.988    1615347923660
01    16.146   -4.866   -7.962  140.357   66.617  -49.539    1615347923676
02    13.983   -7.872   -8.919 -173.598   41.204 -166.975    1615347923676
01    16.142   -4.869   -7.967  140.384   66.578  -49.481    1615347923691
02    13.977   -7.875   -8.921 -173.671   41.131 -166.981    1615347923691
01    16.141   -4.872   -7.963  140.412   66.606  -49.452    1615347923707
02    13.975   -7.880   -8.916 -173.687   41.153 -166.926    1615347923707
01    16.144   -4.873   -7.960  140.423   66.603  -49.467    1615347923723
02    13.976   -7.880   -8.910 -173.726   41.161 -166.923    1615347923723
01    16.143   -4.875   -7.957  140.450   66.628  -49.435    1615347923738
02    13.974   -7.881   -8.906 -173.730   41.130 -166.909    1615347923738
01    16.144   -4.872   -7.955  140.466   66.623  -49.462    1615347923754
02    13.971   -7.882   -8.901 -173.723   41.103 -166.928    1615347923754
01    16.141   -4.869   -7.961  140.540   66.600  -49.395    1615347923769
02    13.974   -7.885   -8.891 -173.739   41.121 -166.921    1615347923769
01    16.138   -4.872   -7.962  140.590   66.577  -49.339    1615347923798
02    13.962   -7.884   -8.908 -173.821   41.012 -167.000    1615347923798
01    16.139   -4.875   -7.955  140.607   66.623  -49.329    1615347923815
02    13.968   -7.888   -8.899 -173.766   41.064 -166.930    1615347923815
01    16.137   -4.881   -7.954  140.600   66.624  -49.294    1615347923827
02    13.961   -7.889   -8.899 -173.816   41.031 -166.959    1615347923827
01    16.136   -4.877   -7.955  140.616   66.599  -49.289    1615347923848
02    13.960   -7.882   -8.900 -173.822   40.997 -166.980    1615347923848
01    16.134   -4.877   -7.956  140.579   66.599  -49.325    1615347923865
02    13.955   -7.886   -8.897 -173.874   41.008 -166.988    1615347923865
01    16.133   -4.873   -7.957  140.581   66.583  -49.331    1615347923881
02    13.957   -7.886   -8.894 -173.870   41.050 -166.969    1615347923881
01    16.128   -4.879   -7.965  140.588   66.527  -49.284    1615347923898
02    13.961   -7.875   -8.897 -173.880   41.072 -167.020    1615347923898
01    16.126   -4.877   -7.967  140.603   66.524  -49.273    1615347923915
02    13.963   -7.876   -8.898 -173.892   41.077 -167.009    1615347923915
01    16.118   -4.872   -7.981  140.718   66.437  -49.193    1615347923932
02    13.963   -7.877   -8.898 -173.900   41.097 -166.998    1615347923932
01    16.120   -4.876   -7.974  140.721   66.460  -49.214    1615347923948
02    13.963   -7.883   -8.895 -173.897   41.119 -166.964    1615347923948
01    16.120   -4.872   -7.973  140.665   66.484  -49.295    1615347923965
02    13.962   -7.883   -8.899 -173.876   41.103 -166.948    1615347923965
01    16.120   -4.871   -7.971  140.643   66.490  -49.322    1615347923982
02    13.961   -7.884   -8.897 -173.867   41.083 -166.928    1615347923982
01    16.121   -4.869   -7.977  140.673   66.470  -49.299    1615347923999
02    13.958   -7.883   -8.901 -173.882   41.025 -166.949    1615347923999
01    16.128   -4.867   -7.965  140.606   66.542  -49.391    1615347924015
02    13.951   -7.880   -8.915 -173.932   40.970 -167.011    1615347924015
01    16.127   -4.873   -7.961  140.560   66.583  -49.384    1615347924032
02    13.950   -7.881   -8.916 -173.981   40.986 -167.032    1615347924032
01    16.131   -4.875   -7.951  140.501   66.665  -49.408    1615347924049
02    13.952   -7.870   -8.915 -173.980   41.029 -167.035    1615347924049
01    16.130   -4.880   -7.952  140.457   66.658  -49.422    1615347924065
02    13.952   -7.861   -8.919 -173.980   41.034 -167.048    1615347924065
01    16.129   -4.879   -7.951  140.375   66.633  -49.492    1615347924082
02    13.953   -7.859   -8.915 -173.987   41.057 -167.039    1615347924082
01    16.122   -4.877   -7.964  140.430   66.562  -49.398    1615347924098
02    13.947   -7.858   -8.920 -174.018   41.030 -167.057    1615347924098
01    16.119   -4.868   -7.972  140.439   66.511  -49.422    1615347924115
02    13.948   -7.852   -8.916 -174.010   41.038 -167.056    1615347924115
01    16.119   -4.865   -7.971  140.381   66.513  -49.487    1615347924132
02    13.950   -7.854   -8.910 -174.016   41.067 -167.038    1615347924132
01    16.118   -4.868   -7.970  140.331   66.533  -49.516    1615347924148
02    13.946   -7.853   -8.912 -174.041   41.053 -167.068    1615347924148
01    16.119   -4.862   -7.974  140.329   66.526  -49.535    1615347924165
02    13.947   -7.853   -8.911 -174.038   41.057 -167.053    1615347924165
01    16.112   -4.864   -7.979  140.348   66.503  -49.504    1615347924182
02    13.939   -7.858   -8.916 -174.113   41.008 -167.095    1615347924182
01    16.113   -4.864   -7.970  140.336   66.534  -49.522    1615347924199
02    13.935   -7.856   -8.919 -174.117   40.963 -167.087    1615347924199
01    16.116   -4.858   -7.966  140.252   66.552  -49.636    1615347924215
02    13.935   -7.848   -8.922 -174.106   40.944 -167.109    1615347924215
01    16.115   -4.854   -7.971  140.303   66.524  -49.595    1615347924232
02    13.936   -7.849   -8.921 -174.133   40.970 -167.097    1615347924232
01    16.115   -4.852   -7.971  140.327   66.514  -49.581    1615347924249
02    13.936   -7.849   -8.919 -174.179   40.987 -167.096    1615347924249
01    16.115   -4.857   -7.970  140.376   66.542  -49.504    1615347924265
02    13.935   -7.850   -8.917 -174.226   41.040 -167.105    1615347924265
01    16.114   -4.863   -7.961  140.294   66.569  -49.567    1615347924282
02    13.940   -7.841   -8.917 -174.212   41.051 -167.176    1615347924282
01    16.112   -4.866   -7.957  140.288   66.582  -49.566    1615347924299
02    13.938   -7.846   -8.913 -174.209   41.055 -167.108    1615347924299
01    16.110   -4.865   -7.960  140.342   66.563  -49.530    1615347924315
02    13.935   -7.845   -8.913 -174.230   40.992 -167.124    1615347924315
01    16.108   -4.870   -7.959  140.401   66.584  -49.449    1615347924332
02    13.935   -7.847   -8.907 -174.218   40.983 -167.070    1615347924332
01    16.114   -4.863   -7.951  140.400   66.626  -49.510    1615347924349
02    13.933   -7.847   -8.907 -174.270   40.958 -167.094    1615347924349
01    16.114   -4.860   -7.950  140.481   66.623  -49.438    1615347924365
02    13.930   -7.846   -8.908 -174.284   40.919 -167.102    1615347924365
01    16.112   -4.859   -7.950  140.528   66.608  -49.386    1615347924382
02    13.921   -7.850   -8.907 -174.315   40.860 -167.046    1615347924382
01    16.107   -4.861   -7.954  140.606   66.571  -49.299    1615347924399
02    13.918   -7.841   -8.914 -174.394   40.801 -167.162    1615347924399
01    16.104   -4.862   -7.958  140.638   66.546  -49.256    1615347924416
02    13.918   -7.839   -8.911 -174.379   40.767 -167.141    1615347924416
01    16.104   -4.860   -7.956  140.644   66.533  -49.256    1615347924432
02    13.914   -7.841   -8.911 -174.460   40.754 -167.134    1615347924432
01    16.100   -4.860   -7.963  140.667   66.479  -49.227    1615347924448
02    13.912   -7.834   -8.918 -174.481   40.707 -167.210    1615347924448
01    16.101   -4.856   -7.965  140.617   66.477  -49.296    1615347924465
02    13.909   -7.840   -8.918 -174.509   40.721 -167.181    1615347924465
01    16.102   -4.843   -7.972  140.635   66.436  -49.343    1615347924481
02    13.911   -7.838   -8.917 -174.485   40.773 -167.175    1615347924481
01    16.101   -4.851   -7.967  140.681   66.483  -49.278    1615347924498
02    13.911   -7.842   -8.913 -174.476   40.786 -167.099    1615347924498
01    16.100   -4.851   -7.973  140.715   66.459  -49.256    1615347924515
02    13.912   -7.835   -8.919 -174.535   40.775 -167.208    1615347924515
01    16.097   -4.851   -7.977  140.730   66.434  -49.256    1615347924531
02    13.911   -7.841   -8.916 -174.574   40.778 -167.156    1615347924531
01    16.097   -4.848   -7.977  140.781   66.430  -49.222    1615347924548
02    13.913   -7.837   -8.920 -174.564   40.803 -167.186    1615347924548
01    16.096   -4.854   -7.976  140.714   66.429  -49.266    1615347924565
02    13.914   -7.838   -8.921 -174.611   40.846 -167.228    1615347924565
01    16.096   -4.849   -7.983  140.784   66.363  -49.280    1615347924581
02    13.916   -7.831   -8.929 -174.652   40.870 -167.334    1615347924581
01    16.097   -4.850   -7.983  140.719   66.358  -49.355    1615347924598
02    13.919   -7.831   -8.929 -174.682   40.896 -167.363    1615347924598
01    16.095   -4.854   -7.988  140.668   66.303  -49.399    1615347924615
02    13.923   -7.831   -8.926 -174.679   40.957 -167.376    1615347924615
01    16.092   -4.856   -7.989  140.752   66.275  -49.341    1615347924632
02    13.923   -7.832   -8.931 -174.699   40.922 -167.415    1615347924632
01    16.095   -4.870   -7.979  140.665   66.379  -49.358    1615347924648
02    13.929   -7.831   -8.927 -174.650   40.958 -167.387    1615347924648
01    16.095   -4.861   -7.986  140.781   66.310  -49.364    1615347924665
02    13.925   -7.838   -8.933 -174.672   40.905 -167.375    1615347924665
01    16.095   -4.857   -7.988  140.803   66.273  -49.423    1615347924682
02    13.925   -7.843   -8.937 -174.692   40.904 -167.365    1615347924682
01    16.097   -4.859   -7.984  140.846   66.315  -49.421    1615347924699
02    13.930   -7.845   -8.937 -174.670   40.936 -167.351    1615347924699
01    16.094   -4.864   -7.985  140.865   66.303  -49.446    1615347924715
02    13.930   -7.851   -8.947 -174.725   40.940 -167.390    1615347924715
01    16.096   -4.868   -7.980  140.899   66.341  -49.589    1615347924732
02    13.939   -7.851   -8.948 -174.742   40.981 -167.396    1615347924732
01    16.098   -4.873   -7.965  140.930   66.322  -49.960    1615347924748
02    13.960   -7.835   -8.920 -175.298   41.174 -167.604    1615347924748
01    16.087   -4.884   -7.944  141.509   65.968  -49.983    1615347924765
02    13.994   -7.769   -8.816 -178.462   41.016 -169.175    1615347924765
01    16.066   -4.890   -7.940  143.336   65.252  -49.364    1615347924782
02    13.990   -7.673   -8.782  176.752   39.723 -171.961    1615347924782
01    16.030   -4.915   -7.907  145.025   64.801  -48.878    1615347924798
02    13.958   -7.578   -8.824  171.638   38.308 -175.254    1615347924798
01    15.977   -4.993   -7.847  147.320   64.202  -47.762    1615347924815
02    13.946   -7.491   -8.890  166.856   37.573 -178.913    1615347924815
01    15.895   -5.053   -7.817  150.633   63.026  -46.121    1615347924832
02    13.998   -7.354   -8.897  161.525   37.381  176.649    1615347924832
01    15.814   -5.101   -7.813  155.023   61.484  -44.104    1615347924849
02    14.128   -7.172   -8.709  154.859   36.296  171.725    1615347924849
01    15.715   -5.236   -7.813  160.802   59.818  -40.795    1615347924865
02    14.174   -6.953   -8.545  146.788   31.464  167.528    1615347924865
01    15.626   -5.413   -7.849  167.067   58.044  -36.622    1615347924882
02    14.154   -6.749   -8.487  138.894   24.185  164.428    1615347924882
01    15.582   -5.576   -7.851  171.813   56.599  -33.020    1615347924899
02    14.174   -6.509   -8.423  132.469   16.602  162.136    1615347924899
01    15.572   -5.710   -7.835  175.166   55.455  -29.867    1615347924915
02    14.221   -6.207   -8.359  126.579    8.341  161.165    1615347924915
01    15.540   -5.817   -7.818  175.889   54.647  -28.144    1615347924932
02    14.318   -5.987   -8.187  125.147    3.512  161.858    1615347924932
01    15.541   -5.819   -7.804  175.986   54.103  -27.632    1615347924949
02    14.351   -5.903   -8.065  124.445    0.535  163.009    1615347924949
01    15.547   -5.786   -7.773  176.329   53.561  -27.468    1615347924966
02    14.365   -5.873   -7.962  124.150   -1.454  164.022    1615347924966
01    15.533   -5.775   -7.782  176.532   52.698  -27.297    1615347924982
02    14.358   -5.839   -7.906  124.320   -2.861  164.801    1615347924982
01    15.516   -5.790   -7.798  176.979   52.035  -26.529    1615347924999
02    14.375   -5.800   -7.874  124.508   -3.642  165.401    1615347924999
01    15.503   -5.804   -7.816  177.374   51.470  -25.617    1615347925010
02    14.365   -5.831   -7.858  123.995   -3.980  165.957    1615347925010
01    15.504   -5.831   -7.791  177.797   51.088  -24.579    1615347925025
02    14.368   -5.831   -7.818  123.794   -4.161  166.502    1615347925025
01    15.493   -5.844   -7.761  178.124   50.628  -24.033    1615347925041
02    14.326   -5.876   -7.811  123.431   -4.625  167.259    1615347925041
01    15.471   -5.850   -7.766  178.574   50.030  -23.801    1615347925057
02    14.329   -5.892   -7.765  123.618   -4.831  167.328    1615347925057
01    15.461   -5.888   -7.758  179.024   49.875  -23.276    1615347925072
02    14.317   -5.920   -7.760  123.753   -4.820  167.243    1615347925072
01    15.451   -5.964   -7.762  179.188   49.993  -22.639    1615347925088
02    14.342   -5.928   -7.755  123.916   -4.462  166.667    1615347925088
01    15.478   -5.981   -7.769  179.230   50.509  -22.160    1615347925103
02    14.363   -5.940   -7.779  123.852   -4.012  166.093    1615347925103
01    15.504   -5.991   -7.798  178.890   51.040  -21.936    1615347925119
02    14.385   -5.930   -7.829  123.586   -3.586  165.498    1615347925119
01    15.551   -5.957   -7.823  178.191   51.795  -22.065    1615347925149
02    14.433   -5.879   -7.859  123.276   -3.023  164.710    1615347925149
01    15.592   -5.928   -7.854  177.165   52.653  -22.479    1615347925165
02    14.477   -5.820   -7.901  122.817   -2.350  164.070    1615347925165
01    15.632   -5.874   -7.903  176.156   53.594  -23.115    1615347925182
02    14.524   -5.741   -7.957  122.529   -1.469  163.580    1615347925182
01    15.672   -5.811   -7.966  175.129   54.590  -24.198    1615347925193
02    14.564   -5.685   -8.050  122.110   -0.122  162.902    1615347925193
01    15.726   -5.764   -8.009  173.946   55.935  -25.549    1615347925212
02    14.591   -5.652   -8.181  121.908    2.047  161.399    1615347925212
01    15.756   -5.743   -8.053  173.081   57.202  -26.721    1615347925227
02    14.646   -5.580   -8.290  122.706    5.554  159.439    1615347925227
01    15.790   -5.746   -8.060  171.933   58.277  -27.740    1615347925243
02    14.649   -5.541   -8.524  124.968   10.534  158.437    1615347925243
01    15.811   -5.734   -8.117  168.468   59.579  -30.405    1615347925259
02    14.583   -5.634   -8.834  129.687   17.434  158.911    1615347925259
01    15.883   -5.661   -8.139  162.701   61.548  -35.086    1615347925274
02    14.468   -5.908   -9.178  136.760   25.605  161.989    1615347925274
01    15.960   -5.545   -8.211  156.300   62.907  -40.163    1615347925290
02    14.343   -6.362   -9.431  146.366   33.384  168.458    1615347925290
01    16.057   -5.425   -8.245  150.125   64.486  -44.918    1615347925315
02    14.282   -6.891   -9.457  156.823   39.645  177.113    1615347925315
01    16.134   -5.359   -8.252  145.545   65.883  -48.203    1615347925332
02    14.265   -7.270   -9.441  164.626   42.763 -176.598    1615347925332
01    16.192   -5.336   -8.219  141.751   67.034  -51.063    1615347925348
02    14.287   -7.499   -9.414  169.087   44.807 -173.680    1615347925349
01    16.231   -5.291   -8.215  138.251   67.628  -53.713    1615347925365
02    14.305   -7.676   -9.385  173.543   45.830 -170.558    1615347925365
01    16.293   -5.183   -8.217  133.973   67.845  -57.231    1615347925382
02    14.285   -7.904   -9.368  179.361   45.965 -166.044    1615347925382
01    16.331   -5.164   -8.237  129.795   68.237  -59.867    1615347925393
02    14.269   -8.218   -9.272 -172.943   45.417 -159.805    1615347925393
01    16.393   -5.074   -8.242  126.015   68.613  -62.476    1615347925409
02    14.302   -8.394   -9.177 -165.901   44.455 -154.909    1615347925409
01    16.417   -5.058   -8.211  124.357   69.076  -63.237    1615347925424
02    14.275   -8.478   -9.193 -163.334   44.048 -152.934    1615347925424
01    16.414   -5.049   -8.205  123.117   69.019  -63.830    1615347925440
02    14.297   -8.482   -9.197 -162.574   45.003 -152.797    1615347925440
01    16.434   -5.004   -8.179  121.559   69.079  -65.142    1615347925455
02    14.301   -8.471   -9.229 -162.338   45.513 -153.127    1615347925455
01    16.430   -4.987   -8.200  120.504   69.151  -65.551    1615347925482
02    14.334   -8.493   -9.224 -161.074   46.258 -152.481    1615347925482
01    16.462   -4.978   -8.176  118.031   69.549  -67.356    1615347925499
02    14.365   -8.526   -9.208 -159.315   46.737 -151.303    1615347925499
01    16.479   -4.967   -8.189  116.524   69.899  -68.319    1615347925515
02    14.388   -8.580   -9.156 -156.996   46.514 -149.543    1615347925515
01    16.491   -4.964   -8.155  115.816   70.345  -68.765    1615347925527
02    14.384   -8.651   -9.076 -155.270   45.680 -147.995    1615347925527
01    16.487   -4.972   -8.128  116.053   70.389  -68.465    1615347925542
02    14.352   -8.674   -9.051 -154.508   44.778 -147.518    1615347925542
01    16.470   -4.963   -8.139  117.089   70.396  -67.565    1615347925558
02    14.347   -8.662   -9.036 -154.629   44.863 -147.709    1615347925558
01    16.445   -5.009   -8.128  117.317   70.641  -66.989    1615347925574
02    14.337   -8.651   -9.030 -155.009   45.074 -148.024    1615347925574
01    16.437   -5.026   -8.107  116.616   70.847  -67.418    1615347925589
02    14.323   -8.658   -9.010 -155.234   45.336 -147.969    1615347925589
01    16.450   -5.004   -8.082  116.014   71.055  -68.084    1615347925605
02    14.316   -8.660   -8.995 -155.153   45.448 -147.799    1615347925605
01    16.441   -5.003   -8.071  116.014   70.962  -68.021    1615347925620
02    14.305   -8.656   -8.978 -155.121   45.399 -147.687    1615347925620
01    16.426   -4.990   -8.050  117.061   70.838  -67.415    1615347925636
02    14.303   -8.600   -8.989 -156.040   45.674 -148.476    1615347925636
01    16.400   -4.976   -8.009  118.898   70.507  -66.348    1615347925665
02    14.309   -8.507   -9.017 -158.230   46.438 -150.212    1615347925665
01    16.359   -4.973   -8.007  121.767   70.083  -64.416    1615347925682
02    14.329   -8.403   -9.021 -161.361   47.415 -152.366    1615347925682
01    16.318   -4.997   -8.011  125.019   69.828  -61.947    1615347925694
02    14.353   -8.176   -9.070 -166.694   48.471 -156.048    1615347925694
01    16.274   -5.054   -8.000  129.759   69.789  -57.917    1615347925709
02    14.406   -7.865   -9.057 -176.176   49.866 -162.781    1615347925709
01    16.208   -5.109   -7.976  136.375   69.300  -52.472    1615347925725
02    14.457   -7.517   -8.963  171.459   49.830 -172.217    1615347925725
01    16.127   -5.178   -7.896  144.764   68.407  -45.978    1615347925741
02    14.509   -7.131   -8.804  158.604   47.373  177.705    1615347925741
01    16.007   -5.272   -7.758  155.666   66.304  -37.969    1615347925756
02    14.501   -6.861   -8.611  145.739   41.717  169.445    1615347925756
01    15.821   -5.393   -7.809  164.735   61.959  -30.772    1615347925772
02    14.417   -6.561   -8.582  135.329   32.986  164.085    1615347925772
01    15.684   -5.499   -7.820  169.901   58.832  -26.300    1615347925788
02    14.396   -6.213   -8.542  126.741   23.297  160.387    1615347925788
01    15.622   -5.555   -7.788  172.503   56.826  -23.985    1615347925803
02    14.480   -5.828   -8.381  120.412   13.650  157.409    1615347925803
01    15.598   -5.542   -7.731  172.527   55.847  -23.879    1615347925832
02    14.487   -5.578   -8.303  119.350    8.487  157.759    1615347925832
01    15.573   -5.509   -7.717  171.233   54.895  -24.629    1615347925849
02    14.495   -5.420   -8.216  118.851    5.340  158.829    1615347925849
01    15.573   -5.453   -7.707  170.061   54.141  -25.349    1615347925865
02    14.497   -5.255   -8.170  118.479    2.944  160.093    1615347925865
01    15.565   -5.379   -7.738  169.035   53.346  -25.946    1615347925882
02    14.514   -5.143   -8.122  118.021    1.432  161.238    1615347925882
01    15.570   -5.321   -7.753  168.711   53.036  -26.029    1615347925894
02    14.516   -5.098   -8.089  117.623    0.623  162.069    1615347925894
01    15.581   -5.259   -7.770  168.923   52.895  -25.857    1615347925910
02    14.516   -5.065   -8.100  117.476    0.157  162.463    1615347925910
01    15.593   -5.237   -7.756  169.336   52.918  -25.431    1615347925925
02    14.527   -5.053   -8.063  117.538    0.178  162.610    1615347925925
01    15.595   -5.210   -7.755  169.660   52.860  -25.157    1615347925941
02    14.525   -5.040   -8.045  117.617    0.290  162.947    1615347925941
01    15.583   -5.230   -7.765  169.533   52.869  -24.876    1615347925956
02    14.518   -5.009   -8.063  117.603    0.469  163.306    1615347925956
01    15.589   -5.224   -7.773  168.848   53.056  -24.981    1615347925982
02    14.544   -4.937   -8.077  117.334    0.925  163.481    1615347925982
01    15.594   -5.214   -7.804  167.663   53.345  -25.570    1615347925999
02    14.540   -4.898   -8.148  116.491    1.686  163.386    1615347925999
01    15.626   -5.145   -7.864  166.046   54.179  -27.096    1615347926016
02    14.550   -4.875   -8.172  115.345    2.101  162.478    1615347926016
01    15.696   -5.077   -7.916  164.684   55.590  -28.641    1615347926032
02    14.591   -4.819   -8.204  115.189    3.199  160.926    1615347926032
01    15.773   -5.054   -7.974  162.140   57.506  -31.054    1615347926049
02    14.616   -4.756   -8.293  116.488    5.938  159.360    1615347926049
01    15.858   -5.001   -8.056  156.140   59.821  -36.117    1615347926066
02    14.533   -4.760   -8.621  120.766   11.531  158.948    1615347926066
01    15.984   -4.882   -8.084  148.595   61.875  -42.437    1615347926081
02    14.383   -5.022   -9.020  128.588   21.305  161.193    1615347926081
01    16.090   -4.763   -8.140  142.194   63.142  -47.733    1615347926099
02    14.308   -5.422   -9.262  137.915   32.012  165.844    1615347926099
01    16.189   -4.714   -8.136  136.509   64.352  -52.123    1615347926115
02    14.278   -5.838   -9.319  146.001   38.877  171.553    1615347926115
01    16.276   -4.599   -8.171  131.216   64.842  -56.399    1615347926131
02    14.240   -6.205   -9.312  154.501   42.058  177.841    1615347926131
01    16.371   -4.478   -8.202  126.344   65.212  -60.346    1615347926148
02    14.144   -6.579   -9.310  163.466   42.799 -174.952    1615347926148
01    16.448   -4.457   -8.181  121.572   65.827  -63.775    1615347926165
02    14.034   -6.945   -9.315  171.266   42.435 -168.649    1615347926165
01    16.480   -4.438   -8.183  118.692   66.114  -65.587    1615347926181
02    13.952   -7.218   -9.368  177.105   42.122 -164.365    1615347926181
01    16.500   -4.403   -8.178  117.433   66.104  -66.506    1615347926198
02    13.948   -7.365   -9.417 -179.705   42.846 -162.498    1615347926198
01    16.510   -4.425   -8.120  116.149   66.352  -67.699    1615347926215
02    14.024   -7.438   -9.401 -177.283   44.442 -161.585    1615347926215
01    16.497   -4.443   -8.141  116.548   66.527  -67.513    1615347926231
02    14.071   -7.534   -9.396 -175.302   45.274 -160.541    1615347926232
01    16.490   -4.472   -8.153  116.370   66.763  -67.639    1615347926248
02    14.132   -7.579   -9.365 -172.900   45.748 -159.331    1615347926248
01    16.480   -4.502   -8.189  115.665   66.942  -67.984    1615347926265
02    14.143   -7.699   -9.306 -170.456   45.603 -157.252    1615347926265
01    16.508   -4.482   -8.191  114.764   67.193  -68.887    1615347926282
02    14.171   -7.777   -9.227 -168.180   45.335 -155.506    1615347926282
01    16.528   -4.510   -8.174  113.979   67.527  -69.464    1615347926299
02    14.129   -7.853   -9.249 -167.168   44.416 -154.675    1615347926299
01    16.535   -4.527   -8.160  114.000   67.789  -69.570    1615347926315
02    14.139   -7.898   -9.261 -166.673   44.651 -154.325    1615347926315
01    16.521   -4.534   -8.182  114.595   67.680  -69.124    1615347926332
02    14.158   -7.908   -9.281 -166.608   45.080 -154.502    1615347926332
01    16.509   -4.547   -8.198  114.905   67.653  -68.851    1615347926348
02    14.187   -7.904   -9.283 -166.536   45.709 -154.533    1615347926348
01    16.514   -4.547   -8.182  114.706   67.838  -69.153    1615347926365
02    14.217   -7.894   -9.273 -166.401   46.136 -154.578    1615347926365
01    16.517   -4.553   -8.157  114.742   67.976  -69.187    1615347926382
02    14.244   -7.867   -9.238 -166.467   46.326 -154.706    1615347926382
01    16.499   -4.560   -8.160  115.519   67.908  -68.538    1615347926398
02    14.250   -7.805   -9.208 -167.446   46.332 -155.445    1615347926398
01    16.483   -4.566   -8.133  116.645   67.853  -67.774    1615347926415
02    14.242   -7.725   -9.172 -170.143   46.289 -157.163    1615347926415
01    16.447   -4.587   -8.123  118.871   67.850  -66.094    1615347926432
02    14.197   -7.646   -9.195 -174.046   45.948 -159.698    1615347926432
01    16.402   -4.624   -8.078  121.666   67.799  -64.066    1615347926448
02    14.174   -7.563   -9.221 -177.685   45.930 -162.153    1615347926448
01    16.324   -4.671   -8.068  125.867   67.357  -60.769    1615347926465
02    14.195   -7.429   -9.221  177.830   46.398 -165.484    1615347926465
01    16.239   -4.760   -8.003  130.658   67.014  -56.871    1615347926482
02    14.241   -7.226   -9.152  169.274   46.798 -171.610    1615347926482
01    16.156   -4.826   -7.893  136.443   66.309  -52.460    1615347926499
02    14.365   -6.929   -8.886  157.077   46.033  179.335    1615347926499
01    16.042   -4.857   -7.813  143.611   64.646  -47.280    1615347926515
02    14.373   -6.562   -8.691  144.822   40.287  171.253    1615347926515
01    15.875   -4.926   -7.863  151.833   62.126  -41.037    1615347926532
02    14.301   -6.270   -8.663  135.237   32.290  166.209    1615347926532
01    15.755   -5.060   -7.857  158.291   60.328  -35.378    1615347926549
02    14.316   -5.948   -8.598  127.702   24.228  162.295    1615347926549
01    15.675   -5.154   -7.850  162.838   58.930  -31.183    1615347926565
02    14.323   -5.649   -8.544  121.060   15.246  159.966    1615347926565
01    15.603   -5.231   -7.851  165.290   57.604  -28.258    1615347926582
02    14.508   -5.312   -8.230  116.606    7.815  158.152    1615347926582
01    15.578   -5.223   -7.839  165.002   56.738  -27.638    1615347926593
02    14.491   -5.120   -8.145  115.381    3.416  160.194    1615347926593
01    15.594   -5.136   -7.760  164.597   56.229  -28.179    1615347926609
02    14.457   -5.043   -8.060  114.796    0.838  161.815    1615347926609
01    15.575   -5.094   -7.697  164.663   55.185  -28.529    1615347926624
02    14.420   -4.987   -7.991  115.037   -0.801  162.835    1615347926624
01    15.533   -5.069   -7.704  164.783   53.970  -28.513    1615347926640
02    14.425   -4.890   -7.945  115.573   -1.980  163.318    1615347926640
01    15.510   -5.058   -7.754  164.850   53.142  -28.025    1615347926655
02    14.413   -4.851   -7.949  115.551   -2.302  163.861    1615347926655
01    15.504   -5.053   -7.764  164.509   53.012  -27.668    1615347926682
02    14.414   -4.816   -7.960  115.141   -2.503  164.053    1615347926682
01    15.508   -5.039   -7.784  163.878   52.986  -27.508    1615347926699
02    14.431   -4.765   -7.963  114.603   -2.514  164.005    1615347926699
01    15.506   -4.997   -7.828  163.389   52.926  -27.536    1615347926710
02    14.469   -4.709   -7.946  114.077   -2.272  163.559    1615347926710
01    15.519   -4.983   -7.835  163.074   53.344  -27.475    1615347926725
02    14.462   -4.718   -7.986  113.559   -1.784  163.400    1615347926725
01    15.531   -4.975   -7.855  163.009   53.955  -27.361    1615347926741
02    14.485   -4.676   -8.038  113.599   -1.018  162.698    1615347926741
01    15.565   -4.967   -7.877  162.804   54.948  -27.702    1615347926757
02    14.502   -4.654   -8.136  113.648    0.328  161.524    1615347926757
01    15.587   -4.987   -7.926  162.225   55.906  -28.338    1615347926772
02    14.564   -4.649   -8.179  113.729    2.640  160.501    1615347926772
01    15.636   -4.983   -8.003  160.985   57.063  -29.541    1615347926788
02    14.571   -4.685   -8.221  113.759    4.636  160.242    1615347926788
01    15.735   -4.944   -8.064  158.261   58.949  -32.228    1615347926804
02    14.579   -4.711   -8.242  113.821    6.365  159.964    1615347926804
01    15.858   -4.885   -8.102  153.127   61.486  -37.047    1615347926819
02    14.561   -4.708   -8.296  114.591    8.085  159.910    1615347926819
01    15.969   -4.810   -8.124  147.072   63.395  -42.621    1615347926848
02    14.518   -4.720   -8.401  117.734   12.060  160.149    1615347926848
01    16.062   -4.725   -8.125  141.410   64.383  -47.671    1615347926865
02    14.350   -4.902   -8.718  125.714   20.097  162.950    1615347926865
01    16.116   -4.631   -8.199  136.105   64.545  -51.812    1615347926882
02    14.127   -5.323   -9.038  135.980   28.489  168.781    1615347926882
01    16.205   -4.535   -8.245  130.357   65.216  -55.816    1615347926899
02    13.976   -5.699   -9.237  144.447   33.774  174.128    1615347926899
01    16.301   -4.515   -8.239  124.633   66.307  -59.475    1615347926901
02    13.888   -6.085   -9.311  152.789   37.976 -179.790    1615347926901
01    16.387   -4.482   -8.234  119.479   67.282  -62.834    1615347926917
02    13.777   -6.536   -9.336  162.873   40.317 -171.883    1615347926917
01    16.448   -4.471   -8.216  115.416   68.017  -65.418    1615347926948
02    13.679   -6.841   -9.468  169.602   41.241 -166.864    1615347926948
01    16.510   -4.413   -8.185  111.942   68.437  -68.164    1615347926964
02    13.745   -7.139   -9.421  175.809   43.589 -162.740    1615347926964
01    16.527   -4.388   -8.161  109.255   68.355  -70.199    1615347926979
02    13.819   -7.345   -9.347 -177.136   44.643 -158.547    1615347926979
01    16.550   -4.352   -8.157  107.341   67.943  -71.532    1615347926995
02    13.837   -7.541   -9.274 -171.386   44.450 -154.931    1615347926995
01    16.562   -4.340   -8.126  105.663   67.839  -72.742    1615347927016
02    13.882   -7.638   -9.183 -166.889   44.103 -152.285    1615347927016
01    16.552   -4.338   -8.127  105.286   67.864  -72.843    1615347927031
02    13.879   -7.752   -9.104 -163.897   43.332 -150.277    1615347927031
01    16.548   -4.363   -8.086  104.867   67.985  -73.149    1615347927048
02    13.871   -7.831   -9.050 -162.133   42.763 -149.187    1615347927048
01    16.530   -4.339   -8.094  105.762   67.895  -72.589    1615347927065
02    13.873   -7.865   -9.050 -161.260   42.630 -149.009    1615347927065
01    16.508   -4.336   -8.115  106.474   67.817  -71.889    1615347927077
02    13.884   -7.892   -9.016 -160.847   42.866 -148.933    1615347927077
01    16.509   -4.342   -8.081  106.097   67.848  -72.155    1615347927092
02    13.890   -7.873   -8.992 -161.317   43.200 -149.425    1615347927092
01    16.496   -4.370   -8.062  105.913   67.901  -72.011    1615347927108
02    13.880   -7.810   -8.993 -162.442   43.293 -150.532    1615347927108
01    16.491   -4.364   -8.034  106.031   67.827  -72.198    1615347927123
02    13.850   -7.797   -9.029 -163.544   43.195 -151.476    1615347927123
01    16.472   -4.346   -8.042  106.980   67.620  -71.770    1615347927139
02    13.853   -7.788   -9.047 -163.880   43.405 -152.008    1615347927139
01    16.457   -4.346   -8.046  107.470   67.577  -71.584    1615347927155
02    13.860   -7.778   -9.066 -164.164   43.602 -152.430    1615347927155
01    16.446   -4.356   -8.057  107.927   67.602  -71.084    1615347927182
02    13.873   -7.765   -9.066 -164.675   44.000 -152.830    1615347927182
01    16.453   -4.365   -8.028  107.717   67.768  -71.347    1615347927199
02    13.906   -7.698   -9.037 -165.798   44.625 -153.706    1615347927199
01    16.451   -4.370   -7.997  108.116   67.773  -71.103    1615347927215
02    13.914   -7.594   -9.023 -168.405   44.980 -155.594    1615347927215
01    16.424   -4.376   -7.979  109.564   67.488  -70.101    1615347927232
02    13.911   -7.474   -9.044 -171.878   45.193 -158.233    1615347927232
01    16.360   -4.389   -7.927  113.419   67.199  -67.547    1615347927249
02    13.942   -7.284   -9.048 -177.476   45.690 -162.174    1615347927249
01    16.249   -4.488   -7.874  120.366   66.897  -62.151    1615347927265
02    13.967   -7.044   -9.070  172.143   45.628 -169.381    1615347927265
01    16.129   -4.570   -7.852  127.514   66.090  -56.233    1615347927282
02    14.034   -6.720   -9.070  160.891   44.800 -178.044    1615347927282
01    16.056   -4.617   -7.825  133.281   65.291  -51.402    1615347927299
02    14.184   -6.375   -8.846  149.881   43.191  173.432    1615347927299
01    15.972   -4.676   -7.790  138.754   64.278  -46.607    1615347927315
02    14.259   -6.059   -8.498  137.110   37.220  166.101    1615347927315
01    15.885   -4.690   -7.737  145.130   62.780  -41.899    1615347927332
02    14.166   -5.673   -8.559  127.623   26.348  162.260    1615347927332
01    15.775   -4.725   -7.763  151.831   60.779  -36.840    1615347927349
02    14.219   -5.353   -8.427  119.836   16.391  159.422    1615347927349
01    15.689   -4.857   -7.735  157.984   59.282  -31.571    1615347927365
02    14.293   -4.977   -8.323  113.647    4.995  159.245    1615347927365
01    15.628   -4.926   -7.746  161.150   57.923  -28.334    1615347927381
02    14.386   -4.798   -8.068  113.032    0.175  160.506    1615347927381
01    15.592   -4.976   -7.736  161.150   57.003  -27.586    1615347927398
02    14.416   -4.696   -7.969  112.630   -2.046  161.158    1615347927398
01    15.588   -4.908   -7.703  160.402   55.894  -28.283    1615347927415
02    14.400   -4.648   -7.910  111.974   -3.585  161.377    1615347927415
01    15.556   -4.862   -7.715  160.125   54.919  -28.742    1615347927431
02    14.399   -4.620   -7.850  111.825   -4.420  161.292    1615347927431
01    15.539   -4.834   -7.723  160.556   54.531  -28.565    1615347927448
02    14.417   -4.575   -7.802  112.286   -4.523  161.472    1615347927448
01    15.521   -4.872   -7.740  161.086   54.456  -27.744    1615347927465
02    14.411   -4.557   -7.816  112.496   -4.456  162.189    1615347927465
01    15.527   -4.888   -7.744  160.935   54.705  -27.534    1615347927482
02    14.419   -4.554   -7.811  112.379   -4.106  162.689    1615347927482
01    15.551   -4.869   -7.740  160.520   54.994  -27.894    1615347927498
02    14.434   -4.532   -7.826  112.390   -3.739  162.929    1615347927498
01    15.574   -4.872   -7.735  160.073   55.419  -28.240    1615347927515
02    14.450   -4.539   -7.834  112.274   -3.047  162.841    1615347927515
01    15.594   -4.851   -7.757  159.476   55.716  -28.986    1615347927532
02    14.460   -4.519   -7.876  112.273   -1.889  162.197    1615347927532
01    15.619   -4.835   -7.795  158.730   56.417  -29.885    1615347927548
02    14.487   -4.450   -7.983  112.373    0.247  160.706    1615347927548
01    15.642   -4.872   -7.856  157.672   57.439  -30.510    1615347927565
02    14.500   -4.440   -8.129  113.557    4.490  159.325    1615347927565
01    15.701   -4.849   -7.916  154.600   58.809  -32.927    1615347927582
02    14.411   -4.559   -8.417  117.996   11.860  159.385    1615347927582
01    15.805   -4.792   -7.952  148.371   61.136  -38.044    1615347927598
02    14.207   -4.906   -8.869  127.353   23.073  162.828    1615347927598
01    15.924   -4.735   -7.963  141.766   63.280  -43.757    1615347927615
02    14.110   -5.384   -9.108  136.307   33.179  167.155    1615347927615
01    16.028   -4.652   -7.988  136.353   64.190  -48.629    1615347927632
02    14.080   -5.725   -9.209  142.629   38.760  170.390    1615347927632
01    16.112   -4.560   -8.019  131.794   64.658  -52.416    1615347927648
02    14.070   -5.987   -9.244  148.526   42.023  173.850    1615347927648
01    16.202   -4.476   -8.072  126.852   64.955  -55.865    1615347927665
02    13.993   -6.344   -9.256  157.938   44.210 -178.573    1615347927665
01    16.310   -4.413   -8.062  121.123   65.452  -59.737    1615347927682
02    13.880   -6.790   -9.215  169.500   44.706 -168.795    1615347927682
01    16.399   -4.328   -8.055  116.857   65.772  -62.733    1615347927698
02    13.810   -7.074   -9.210  178.184   44.062 -162.166    1615347927698
01    16.448   -4.276   -8.006  114.504   66.188  -64.680    1615347927715
02    13.813   -7.172   -9.230 -179.258   44.757 -160.892    1615347927715
01    16.458   -4.256   -7.992  113.564   66.118  -65.589    1615347927732
02    13.827   -7.208   -9.265 -178.431   45.410 -161.109    1615347927732
01    16.454   -4.246   -7.978  112.866   66.076  -66.442    1615347927748
02    13.866   -7.256   -9.292 -177.215   46.086 -161.130    1615347927748
01    16.436   -4.250   -8.014  113.046   65.972  -66.274    1615347927765
02    13.910   -7.357   -9.248 -175.001   46.814 -159.701    1615347927765
01    16.432   -4.271   -8.028  113.111   66.159  -66.183    1615347927782
02    13.950   -7.406   -9.204 -172.790   46.932 -158.389    1615347927782
01    16.438   -4.281   -8.031  112.991   66.319  -66.253    1615347927799
02    13.947   -7.493   -9.158 -170.787   46.336 -156.735    1615347927799
01    16.439   -4.301   -8.028  112.917   66.474  -66.358    1615347927815
02    13.939   -7.536   -9.148 -169.677   45.895 -155.939    1615347927815
01    16.434   -4.315   -8.025  113.224   66.626  -66.268    1615347927832
02    13.915   -7.591   -9.168 -169.448   45.761 -155.788    1615347927832
01    16.430   -4.320   -8.020  113.653   66.809  -66.211    1615347927849
02    13.927   -7.607   -9.178 -168.920   45.796 -155.620    1615347927849
01    16.412   -4.359   -8.034  114.294   67.095  -65.724    1615347927866
02    13.958   -7.646   -9.148 -168.098   46.068 -154.949    1615347927866
01    16.394   -4.412   -8.028  114.811   67.307  -65.243    1615347927882
02    13.975   -7.708   -9.108 -167.657   46.214 -154.416    1615347927882
01    16.384   -4.420   -8.020  115.372   67.269  -64.876    1615347927899
02    13.981   -7.719   -9.079 -167.555   46.164 -154.413    1615347927899
01    16.375   -4.446   -8.011  115.669   67.345  -64.615    1615347927915
02    14.003   -7.705   -9.005 -167.586   46.235 -154.339    1615347927915
01    16.368   -4.447   -7.989  116.227   67.333  -64.235    1615347927932
02    13.961   -7.673   -9.022 -169.636   45.965 -155.691    1615347927932
01    16.352   -4.453   -7.958  117.069   67.276  -63.752    1615347927949
02    13.936   -7.628   -9.058 -172.000   46.134 -157.647    1615347927949
01    16.314   -4.469   -7.929  118.320   67.058  -62.893    1615347927966
02    13.947   -7.587   -9.063 -173.625   46.566 -159.068    1615347927966
01    16.277   -4.475   -7.932  120.178   66.678  -61.567    1615347927982
02    13.971   -7.548   -9.048 -174.832   46.884 -159.985    1615347927982
01    16.258   -4.466   -7.927  122.064   66.480  -60.377    1615347927998
02    14.004   -7.492   -8.993 -175.985   47.088 -160.656    1615347927998
01    16.235   -4.498   -7.905  123.892   66.548  -59.146    1615347928015
02    14.030   -7.393   -8.918 -178.606   47.009 -162.198    1615347928015
01    16.184   -4.581   -7.859  128.086   66.508  -55.887    1615347928031
02    14.031   -7.195   -8.828  174.061   46.163 -166.787    1615347928031
01    16.107   -4.636   -7.810  132.767   65.921  -52.481    1615347928048
02    13.934   -7.038   -8.948  166.207   43.511 -172.430    1615347928048
01    16.023   -4.680   -7.790  136.845   64.993  -49.268    1615347928065
02    13.935   -6.917   -8.984  161.780   43.134 -176.169    1615347928065
01    15.956   -4.735   -7.723  140.628   64.269  -46.492    1615347928081
02    14.005   -6.739   -8.915  157.422   43.062 -179.867    1615347928081
01    15.856   -4.799   -7.665  146.720   62.932  -42.050    1615347928098
02    14.140   -6.510   -8.664  148.791   41.655  173.853    1615347928098
01    15.742   -4.861   -7.651  153.137   60.857  -37.447    1615347928115
02    14.237   -6.246   -8.328  137.189   35.780  167.224    1615347928115
01    15.635   -4.945   -7.664  158.437   58.679  -33.138    1615347928132
02    14.164   -5.858   -8.266  126.202   23.149  163.871    1615347928132
01    15.543   -4.985   -7.696  162.367   56.492  -29.820    1615347928148
02    14.162   -5.306   -8.289  118.941   10.687  162.307    1615347928148
01    15.507   -5.057   -7.650  163.807   55.586  -27.965    1615347928165
02    14.279   -5.030   -8.111  116.290    5.431  161.449    1615347928165
01    15.474   -5.040   -7.670  163.824   54.520  -27.653    1615347928181
02    14.319   -4.931   -7.960  115.251    2.125  162.565    1615347928182
01    15.461   -5.010   -7.632  163.604   53.849  -27.702    1615347928198
02    14.300   -4.824   -7.875  114.924   -1.004  164.434    1615347928198
01    15.460   -4.959   -7.611  163.473   53.089  -28.043    1615347928215
02    14.279   -4.745   -7.825  114.634   -3.135  165.612    1615347928215
01    15.436   -4.930   -7.632  163.458   52.200  -28.098    1615347928232
02    14.296   -4.676   -7.753  114.769   -4.035  165.822    1615347928232
01    15.434   -4.911   -7.654  163.866   51.867  -27.567    1615347928248
02    14.307   -4.656   -7.747  114.531   -4.112  165.560    1615347928248
01    15.450   -4.885   -7.677  163.950   52.039  -27.227    1615347928259
02    14.333   -4.625   -7.769  114.332   -3.820  164.962    1615347928259
01    15.455   -4.923   -7.677  163.475   52.318  -26.789    1615347928275
02    14.354   -4.590   -7.798  114.078   -3.491  164.614    1615347928275
01    15.471   -4.921   -7.692  162.498   52.487  -26.982    1615347928290
02    14.379   -4.561   -7.818  113.584   -3.092  164.273    1615347928290
01    15.498   -4.893   -7.690  161.367   52.894  -27.572    1615347928306
02    14.415   -4.511   -7.825  113.034   -2.568  163.794    1615347928306
01    15.516   -4.859   -7.715  160.447   53.234  -28.323    1615347928332
02    14.442   -4.445   -7.856  112.667   -1.723  163.220    1615347928332
01    15.543   -4.823   -7.755  159.858   53.802  -29.136    1615347928348
02    14.475   -4.401   -7.923  112.409    0.061  162.344    1615347928348
01    15.575   -4.829   -7.791  158.849   54.846  -29.926    1615347928365
02    14.501   -4.419   -8.008  112.819    3.174  160.948    1615347928365
01    15.649   -4.792   -7.871  155.970   56.260  -32.234    1615347928381
02    14.441   -4.498   -8.194  116.335    8.934  160.517    1615347928382
01    15.783   -4.686   -7.951  149.468   58.483  -37.589    1615347928398
02    14.284   -4.743   -8.495  123.517   17.851  162.730    1615347928398
01    15.917   -4.586   -7.958  142.278   60.542  -43.832    1615347928415
02    14.142   -5.116   -8.676  132.322   26.810  167.377    1615347928415
01    16.021   -4.519   -7.903  136.174   61.681  -49.395    1615347928424
02    13.943   -5.558   -8.859  141.566   31.835  173.154    1615347928424
01    16.096   -4.434   -7.949  131.641   61.849  -53.124    1615347928439
02    13.799   -6.015   -8.943  152.528   35.481 -179.480    1615347928439
01    16.169   -4.404   -7.972  127.383   62.522  -55.958    1615347928455
02    13.688   -6.467   -8.902  162.957   37.072 -171.677    1615347928455
01    16.231   -4.389   -7.993  123.927   63.189  -58.082    1615347928471
02    13.514   -6.830   -8.998  170.632   36.373 -166.049    1615347928471
01    16.296   -4.338   -7.953  121.622   63.885  -59.917    1615347928486
02    13.525   -7.006   -9.057  173.758   37.977 -164.111    1615347928486
01    16.335   -4.320   -7.895  119.634   64.306  -61.763    1615347928502
02    13.609   -7.068   -9.045  175.597   39.852 -163.877    1615347928502
01    16.328   -4.318   -7.897  119.259   64.129  -62.279    1615347928532
02    13.641   -7.119   -9.094  176.534   40.739 -164.123    1615347928532
01    16.314   -4.325   -7.912  119.540   64.087  -62.319    1615347928548
02    13.686   -7.174   -9.150  177.824   41.727 -164.096    1615347928548
01    16.328   -4.323   -7.888  119.248   64.351  -63.060    1615347928565
02    13.745   -7.270   -9.144  179.585   42.868 -163.199    1615347928565
01    16.302   -4.335   -7.928  120.191   64.159  -62.273    1615347928581
02    13.812   -7.349   -9.068 -178.433   43.693 -161.819    1615347928581
01    16.293   -4.351   -7.930  120.752   64.217  -62.024    1615347928594
02    13.876   -7.308   -8.985 -178.262   43.821 -161.895    1615347928594
01    16.282   -4.371   -7.911  121.221   64.286  -61.928    1615347928609
02    13.834   -7.295   -9.000  179.416   43.128 -163.382    1615347928609
01    16.254   -4.412   -7.902  122.385   64.318  -61.128    1615347928625
02    13.804   -7.288   -9.026  177.695   42.649 -164.544    1615347928625
01    16.222   -4.431   -7.908  123.708   64.199  -60.344    1615347928641
02    13.792   -7.287   -9.041  176.734   42.570 -165.268    1615347928641
01    16.187   -4.465   -7.916  125.006   64.102  -59.340    1615347928656
02    13.811   -7.298   -9.011  176.640   42.820 -165.321    1615347928656
01    16.167   -4.478   -7.897  126.089   63.983  -58.700    1615347928682
02    13.812   -7.312   -8.990  176.416   42.850 -165.202    1615347928682
01    16.136   -4.514   -7.847  127.788   63.802  -57.516    1615347928698
02    13.829   -7.254   -8.960  174.654   42.911 -166.264    1615347928698
01    16.059   -4.579   -7.764  131.380   63.337  -54.905    1615347928715
02    13.844   -7.170   -8.912  171.038   42.939 -168.635    1615347928715
01    15.934   -4.645   -7.768  137.079   61.854  -50.438    1615347928732
02    13.833   -7.066   -8.910  166.052   42.152 -172.019    1615347928732
01    15.848   -4.731   -7.731  141.132   61.176  -47.179    1615347928749
02    13.835   -6.946   -8.933  161.055   41.212 -175.905    1615347928749
01    15.805   -4.757   -7.726  143.724   60.681  -45.061    1615347928765
02    13.886   -6.822   -8.876  156.929   41.037 -178.939    1615347928765
01    15.757   -4.827   -7.704  146.190   60.303  -42.969    1615347928777
02    13.926   -6.668   -8.810  151.307   39.534  177.513    1615347928777
01    15.695   -4.881   -7.675  149.339   59.541  -40.608    1615347928793
02    14.007   -6.453   -8.658  143.477   36.809  172.293    1615347928793
01    15.634   -4.950   -7.654  153.099   58.590  -37.577    1615347928808
02    14.048   -6.178   -8.496  135.565   31.785  168.033    1615347928808
01    15.577   -4.994   -7.630  156.828   57.449  -34.756    1615347928824
02    14.057   -5.858   -8.460  129.585   25.621  165.369    1615347928824
01    15.508   -5.083   -7.654  160.070   56.220  -31.818    1615347928849
02    14.127   -5.690   -8.319  123.954   20.170  163.332    1615347928849
01    15.470   -5.153   -7.639  162.571   55.495  -29.342    1615347928865
02    14.157   -5.503   -8.222  117.218   11.891  162.235    1615347928865
01    15.421   -5.239   -7.628  163.177   54.690  -27.764    1615347928882
02    14.265   -5.264   -7.964  113.654    5.100  162.650    1615347928882
01    15.430   -5.192   -7.562  163.143   54.355  -27.724    1615347928898
02    14.288   -5.070   -7.808  112.954    1.045  163.834    1615347928898
01    15.422   -5.151   -7.527  163.313   53.771  -27.778    1615347928915
02    14.278   -5.036   -7.709  112.761   -0.757  164.848    1615347928915
01    15.395   -5.119   -7.542  163.847   52.856  -27.433    1615347928932
02    14.266   -4.957   -7.673  113.225   -1.829  165.832    1615347928932
01    15.380   -5.130   -7.536  164.736   52.461  -26.298    1615347928948
02    14.279   -4.939   -7.618  113.460   -1.816  166.383    1615347928948
01    15.371   -5.155   -7.555  165.052   52.236  -25.207    1615347928960
02    14.278   -4.933   -7.613  113.304   -1.525  166.789    1615347928960
01    15.373   -5.169   -7.548  164.969   52.288  -24.693    1615347928976
02    14.277   -4.920   -7.627  113.030   -1.302  166.872    1615347928976
01    15.369   -5.161   -7.537  164.829   52.163  -24.715    1615347928992
02    14.259   -4.950   -7.644  112.730   -1.244  166.889    1615347928992
01    15.373   -5.144   -7.520  164.899   52.237  -24.933    1615347929007
02    14.259   -4.962   -7.623  112.928   -1.141  166.536    1615347929007
01    15.352   -5.149   -7.538  164.865   52.111  -25.052    1615347929023
02    14.259   -4.924   -7.633  113.486   -1.089  165.944    1615347929023
01    15.357   -5.133   -7.546  164.769   52.430  -25.329    1615347929048
02    14.274   -4.883   -7.666  113.954   -0.663  165.129    1615347929048
01    15.369   -5.121   -7.577  164.492   52.870  -25.673    1615347929065
02    14.301   -4.824   -7.722  114.245    0.189  164.249    1615347929065
01    15.393   -5.093   -7.620  164.098   53.562  -26.223    1615347929077
02    14.335   -4.773   -7.772  114.394    1.906  163.361    1615347929077
01    15.426   -5.071   -7.661  163.573   54.466  -26.810    1615347929099
02    14.354   -4.743   -7.846  114.786    4.148  162.782    1615347929099
01    15.479   -5.052   -7.724  162.249   55.591  -27.960    1615347929115
02    14.351   -4.764   -7.924  115.621    6.985  162.209    1615347929115
01    15.579   -4.982   -7.751  158.079   57.844  -31.886    1615347929128
02    14.299   -4.810   -8.054  119.665   12.518  162.494    1615347929128
01    15.697   -4.870   -7.812  152.333   59.857  -37.120    1615347929148
02    14.173   -4.953   -8.325  126.898   19.711  164.804    1615347929148
01    15.809   -4.779   -7.861  146.749   61.574  -41.696    1615347929164
02    13.986   -5.259   -8.707  135.023   26.406  168.743    1615347929164
01    15.885   -4.730   -7.910  142.077   62.719  -45.133    1615347929182
02    13.867   -5.613   -8.987  141.707   32.036  172.368    1615347929182
01    15.968   -4.664   -7.949  137.628   63.573  -48.281    1615347929199
02    13.875   -5.885   -9.040  147.391   36.972  175.433    1615347929199
01    16.055   -4.603   -7.943  133.232   64.467  -51.441    1615347929215
02    13.864   -6.165   -9.019  152.917   40.214  179.154    1615347929216
01    16.119   -4.562   -7.932  129.670   65.159  -54.128    1615347929231
02    13.832   -6.446   -8.980  159.567   42.007 -175.901    1615347929231
01    16.185   -4.486   -7.921  126.255   65.594  -56.951    1615347929248
02    13.778   -6.731   -8.911  167.626   42.202 -169.866    1615347929248
01    16.209   -4.448   -7.949  123.104   65.635  -59.174    1615347929265
02    13.644   -7.091   -8.914  175.790   40.813 -163.628    1615347929265
01    16.246   -4.414   -7.982  120.516   65.924  -60.555    1615347929281
02    13.551   -7.379   -8.944 -177.431   39.862 -158.582    1615347929281
01    16.278   -4.428   -7.998  117.817   66.437  -61.684    1615347929298
02    13.555   -7.520   -8.960 -173.610   40.507 -155.981    1615347929298
01    16.344   -4.411   -7.935  114.229   67.165  -64.265    1615347929315
02    13.604   -7.596   -8.912 -171.141   41.747 -154.321    1615347929315
01    16.352   -4.438   -7.934  112.698   67.658  -64.857    1615347929331
02    13.625   -7.682   -8.868 -169.135   42.469 -152.875    1615347929331
01    16.363   -4.428   -7.912  111.241   68.010  -66.003    1615347929348
02    13.648   -7.741   -8.832 -167.009   42.750 -151.702    1615347929348
01    16.372   -4.400   -7.909  110.786   68.181  -66.483    1615347929365
02    13.688   -7.796   -8.758 -164.182   42.701 -149.971    1615347929365
01    16.373   -4.396   -7.874  110.289   68.398  -67.031    1615347929381
02    13.678   -7.913   -8.686 -162.179   41.945 -148.440    1615347929381
01    16.349   -4.420   -7.878  110.731   68.359  -66.441    1615347929398
02    13.665   -7.946   -8.658 -160.778   41.237 -147.812    1615347929398
01    16.338   -4.413   -7.890  110.920   68.364  -66.140    1615347929415
02    13.644   -7.980   -8.664 -160.110   40.892 -147.412    1615347929415
01    16.324   -4.436   -7.891  110.727   68.520  -65.999    1615347929432
02    13.647   -7.994   -8.638 -159.439   41.030 -146.912    1615347929432
01    16.325   -4.441   -7.873  109.901   68.715  -66.586    1615347929448
02    13.649   -7.992   -8.623 -159.042   41.092 -146.786    1615347929448
01    16.326   -4.431   -7.861  109.475   68.799  -67.005    1615347929465
02    13.642   -7.988   -8.607 -158.940   40.997 -146.793    1615347929465
01    16.318   -4.431   -7.856  109.942   68.846  -66.728    1615347929482
02    13.669   -7.936   -8.554 -158.981   41.093 -146.989    1615347929482
01    16.306   -4.414   -7.845  110.783   68.732  -66.564    1615347929498
02    13.656   -7.880   -8.547 -160.681   41.156 -148.304    1615347929498
01    16.283   -4.413   -7.832  112.308   68.574  -65.574    1615347929515
02    13.633   -7.779   -8.573 -163.667   41.310 -150.443    1615347929515
01    16.263   -4.425   -7.816  113.543   68.467  -64.683    1615347929532
02    13.590   -7.681   -8.651 -167.189   41.594 -152.880    1615347929532
01    16.235   -4.443   -7.797  114.531   68.371  -63.951    1615347929548
02    13.585   -7.593   -8.699 -169.517   42.127 -154.433    1615347929548
01    16.193   -4.463   -7.781  115.877   68.181  -62.916    1615347929565
02    13.616   -7.474   -8.712 -171.575   42.827 -155.925    1615347929565
01    16.133   -4.478   -7.746  118.904   67.889  -60.637    1615347929582
02    13.656   -7.278   -8.695 -175.611   43.551 -158.535    1615347929582
01    16.038   -4.501   -7.717  125.585   67.239  -55.459    1615347929598
02    13.744   -6.960   -8.556  175.910   44.419 -164.435    1615347929598
01    15.955   -4.531   -7.747  132.025   66.529  -50.226    1615347929615
02    13.719   -6.557   -8.547  164.807   42.006 -172.080    1615347929615
01    15.888   -4.592   -7.722  137.189   66.296  -45.786    1615347929632
02    13.623   -6.291   -8.738  156.911   38.654 -176.904    1615347929632
01    15.804   -4.623   -7.724  141.828   65.322  -41.852    1615347929648
02    13.721   -6.088   -8.700  150.298   38.240  178.507    1615347929648
01    15.734   -4.642   -7.655  146.887   64.128  -38.191    1615347929665
02    13.871   -5.841   -8.492  140.822   35.728  171.917    1615347929665
01    15.652   -4.696   -7.540  152.474   62.491  -34.303    1615347929682
02    13.939   -5.635   -8.265  129.755   28.683  166.630    1615347929682
01    15.533   -4.729   -7.428  158.170   59.404  -30.674    1615347929699
02    13.923   -5.268   -8.164  120.062   16.412  164.378    1615347929699
01    15.386   -4.798   -7.521  161.664   55.997  -27.625    1615347929715
02    14.070   -4.779   -7.901  114.896    6.664  163.126    1615347929715
01    15.310   -4.839   -7.593  162.604   54.470  -26.132    1615347929732
02    14.091   -4.556   -7.859  114.331    3.053  163.760    1615347929732
01    15.305   -4.826   -7.600  162.440   54.078  -25.885    1615347929749
02    14.111   -4.480   -7.844  113.815    1.645  163.869    1615347929749
01    15.331   -4.789   -7.569  162.064   54.173  -26.227    1615347929760
02    14.138   -4.459   -7.793  113.102    0.378  164.233    1615347929760
01    15.331   -4.774   -7.551  161.791   53.776  -26.614    1615347929776
02    14.131   -4.458   -7.748  112.593   -1.062  165.017    1615347929776
01    15.327   -4.756   -7.552  162.006   53.308  -26.682    1615347929799
02    14.137   -4.408   -7.700  112.658   -2.231  165.437    1615347929799
01    15.321   -4.751   -7.574  162.264   53.103  -26.504    1615347929815
02    14.149   -4.356   -7.700  112.808   -2.694  165.363    1615347929815
01    15.329   -4.758   -7.590  162.259   53.333  -26.319    1615347929832
02    14.180   -4.344   -7.707  112.815   -2.291  165.076    1615347929832
01    15.342   -4.768   -7.596  162.078   53.662  -26.222    1615347929849
02    14.192   -4.355   -7.720  112.634   -1.729  164.840    1615347929849
01    15.360   -4.766   -7.587  161.669   54.091  -26.559    1615347929865
02    14.197   -4.359   -7.761  112.622   -1.073  164.653    1615347929865
01    15.369   -4.771   -7.601  161.282   54.294  -26.939    1615347929875
02    14.223   -4.362   -7.766  112.856   -0.013  164.218    1615347929875
01    15.390   -4.756   -7.607  160.629   54.729  -27.922    1615347929891
02    14.224   -4.373   -7.823  112.921    0.761  164.092    1615347929891
01    15.414   -4.737   -7.641  159.645   55.117  -29.116    1615347929915
02    14.249   -4.380   -7.845  112.496    1.520  163.798    1615347929915
01    15.435   -4.745   -7.695  158.335   55.818  -30.286    1615347929932
02    14.271   -4.402   -7.883  112.195    2.664  163.085    1615347929932
01    15.507   -4.723   -7.801  155.646   57.019  -32.421    1615347929943
02    14.267   -4.431   -7.962  113.860    5.761  162.390    1615347929943
01    15.633   -4.655   -7.869  149.455   59.301  -37.327    1615347929959
02    14.184   -4.557   -8.131  118.228   11.526  163.125    1615347929959
01    15.774   -4.580   -7.921  142.531   61.431  -42.655    1615347929974
02    13.937   -4.855   -8.562  126.854   19.957  166.316    1615347929974
01    15.881   -4.550   -7.936  136.979   63.202  -46.693    1615347929998
02    13.686   -5.371   -9.010  137.205   28.481  171.368    1615347929998
01    16.000   -4.470   -7.969  131.305   64.398  -51.002    1615347930015
02    13.642   -5.873   -9.066  147.369   35.705  177.093    1615347930015
01    16.130   -4.401   -8.012  125.090   65.699  -55.565    1615347930030
02    13.610   -6.366   -8.964  159.168   39.949 -174.312    1615347930030
01    16.232   -4.391   -8.039  119.734   67.059  -58.887    1615347930034
02    13.533   -6.789   -8.850  170.605   40.461 -165.424    1615347930034
01    16.328   -4.440   -7.991  114.514   68.528  -62.225    1615347930065
02    13.432   -7.144   -8.816  178.640   39.535 -159.264    1615347930065
01    16.396   -4.446   -7.979  110.801   69.462  -64.648    1615347930082
02    13.386   -7.422   -8.779 -176.550   39.451 -155.614    1615347930082
01    16.445   -4.437   -7.941  108.043   70.165  -66.838    1615347930098
02    13.383   -7.598   -8.776 -173.021   39.591 -153.664    1615347930098
01    16.445   -4.464   -7.936  106.718   70.427  -67.645    1615347930109
02    13.424   -7.727   -8.719 -169.399   40.028 -151.754    1615347930109
01    16.460   -4.464   -7.895  105.620   70.723  -68.594    1615347930125
02    13.448   -7.833   -8.677 -166.694   40.134 -150.375    1615347930125
01    16.450   -4.517   -7.876  104.712   71.033  -69.011    1615347930140
02    13.493   -7.901   -8.604 -164.529   40.467 -149.147    1615347930140
01    16.430   -4.565   -7.883  104.577   71.310  -68.534    1615347930156
02    13.500   -7.964   -8.557 -163.011   40.380 -148.212    1615347930156
01    16.432   -4.592   -7.858  103.705   71.685  -69.041    1615347930172
02    13.485   -8.052   -8.499 -161.893   40.151 -147.286    1615347930172
01    16.432   -4.601   -7.848  103.553   71.866  -69.043    1615347930187
02    13.485   -8.097   -8.471 -160.705   39.855 -146.649    1615347930187
01    16.427   -4.624   -7.837  103.708   72.085  -68.728    1615347930203
02    13.469   -8.174   -8.448 -159.752   39.607 -145.927    1615347930203
01    16.431   -4.634   -7.809  103.252   72.359  -69.367    1615347930218
02    13.475   -8.236   -8.393 -158.593   39.406 -145.094    1615347930218
01    16.422   -4.658   -7.801  103.932   72.560  -68.743    1615347930248
02    13.506   -8.280   -8.325 -157.601   39.317 -144.352    1615347930248
01    16.410   -4.703   -7.791  104.315   72.776  -68.167    1615347930265
02    13.513   -8.276   -8.295 -157.256   39.203 -144.259    1615347930265
01    16.405   -4.724   -7.777  104.341   72.921  -68.026    1615347930282
02    13.481   -8.294   -8.293 -157.879   39.015 -144.549    1615347930282
01    16.413   -4.730   -7.756  103.653   73.058  -68.610    1615347930293
02    13.481   -8.295   -8.305 -158.010   39.117 -144.892    1615347930293
01    16.415   -4.725   -7.735  103.497   73.101  -68.886    1615347930309
02    13.491   -8.307   -8.284 -157.697   39.264 -144.810    1615347930309
01    16.392   -4.723   -7.754  104.425   72.907  -68.118    1615347930325
02    13.502   -8.289   -8.263 -157.491   39.266 -145.007    1615347930325
01    16.382   -4.710   -7.720  104.773   72.868  -68.215    1615347930349
02    13.536   -8.251   -8.196 -157.498   39.370 -145.180    1615347930349
01    16.352   -4.704   -7.717  106.517   72.598  -66.989    1615347930365
02    13.552   -8.156   -8.154 -158.932   39.344 -146.500    1615347930365
01    16.335   -4.702   -7.708  107.563   72.343  -66.361    1615347930376
02    13.533   -8.036   -8.136 -161.955   39.239 -148.413    1615347930376
01    16.328   -4.672   -7.699  108.452   72.077  -66.115    1615347930392
02    13.482   -7.947   -8.166 -165.687   38.945 -150.601    1615347930392
01    16.317   -4.675   -7.684  109.572   71.992  -65.508    1615347930415
02    13.446   -7.860   -8.190 -169.632   38.873 -152.873    1615347930415
01    16.279   -4.706   -7.660  111.726   71.892  -63.788    1615347930432
02    13.468   -7.631   -8.159 -175.241   39.601 -156.212    1615347930432
01    16.221   -4.709   -7.564  116.687   71.465  -60.393    1615347930449
02    13.524   -7.292   -8.033  173.771   40.190 -163.054    1615347930449
01    16.082   -4.729   -7.472  126.094   69.639  -53.026    1615347930459
02    13.527   -6.876   -7.877  158.860   37.730 -172.393    1615347930459
01    15.939   -4.746   -7.482  135.940   67.695  -45.287    1615347930474
02    13.398   -6.336   -8.048  145.749   30.023 -179.569    1615347930474
01    15.803   -4.819   -7.498  145.699   66.195  -37.424    1615347930499
02    13.395   -5.879   -8.278  136.667   24.125  176.282    1615347930499
01    15.698   -4.902   -7.457  153.402   64.667  -31.098    1615347930515
02    13.569   -5.652   -8.293  126.020   19.501  170.750    1615347930515
01    15.581   -4.967   -7.427  160.192   62.386  -25.844    1615347930531
02    13.793   -5.381   -8.137  116.449   11.635  165.865    1615347930531
01    15.455   -5.044   -7.418  165.721   59.435  -21.650    1615347930542
02    14.027   -5.134   -7.787  109.959    2.930  163.579    1615347930542
01    15.347   -5.135   -7.392  168.098   56.747  -19.588    1615347930565
02    14.057   -4.966   -7.626  110.142   -1.654  165.197    1615347930565
01    15.273   -5.155   -7.443  168.539   54.873  -19.103    1615347930582
02    14.070   -4.850   -7.544  110.657   -3.642  166.019    1615347930582
01    15.247   -5.182   -7.486  168.296   54.220  -18.663    1615347930598
02    14.101   -4.795   -7.492  110.668   -3.951  165.857    1615347930598
01    15.271   -5.163   -7.474  167.874   54.440  -18.690    1615347930615
02    14.124   -4.761   -7.497  110.461   -4.067  165.145    1615347930615
01    15.278   -5.128   -7.482  167.814   54.384  -18.745    1615347930632
02    14.123   -4.761   -7.507  110.374   -4.060  164.608    1615347930632
01    15.290   -5.124   -7.479  167.615   54.486  -18.778    1615347930648
02    14.147   -4.706   -7.517  110.744   -4.172  164.219    1615347930648
01    15.301   -5.114   -7.480  167.233   54.608  -18.897    1615347930665
02    14.160   -4.673   -7.530  110.754   -4.144  164.201    1615347930665
01    15.301   -5.100   -7.521  166.662   54.722  -19.041    1615347930682
02    14.179   -4.627   -7.544  110.521   -3.777  164.312    1615347930682
01    15.319   -5.067   -7.564  165.715   55.173  -19.730    1615347930698
02    14.201   -4.582   -7.577  110.150   -2.924  164.297    1615347930699
01    15.355   -5.024   -7.587  164.617   56.114  -21.233    1615347930715
02    14.232   -4.548   -7.625  109.745   -1.233  163.753    1615347930715
01    15.389   -5.024   -7.622  163.345   57.176  -23.067    1615347930732
02    14.244   -4.569   -7.697  109.907    1.473  162.522    1615347930732
01    15.430   -5.018   -7.665  161.410   58.443  -25.058    1615347930749
02    14.233   -4.568   -7.843  112.645    6.279  161.428    1615347930749
01    15.508   -4.971   -7.732  157.471   60.066  -28.335    1615347930765
02    14.105   -4.734   -8.156  119.466   15.004  162.667    1615347930765
01    15.637   -4.905   -7.799  150.918   62.335  -33.397    1615347930782
02    13.883   -5.197   -8.476  131.806   27.026  169.555    1615347930782
01    15.783   -4.814   -7.856  143.546   64.703  -39.100    1615347930799
02    13.675   -5.851   -8.603  146.582   35.471 -179.432    1615347930799
01    15.929   -4.725   -7.917  136.631   66.635  -44.530    1615347930815
02    13.488   -6.485   -8.574  159.625   38.178 -169.185    1615347930816
01    16.044   -4.688   -7.922  130.552   68.221  -49.088    1615347930832
02    13.286   -6.954   -8.660  169.676   37.362 -162.164    1615347930832
01    16.130   -4.671   -7.885  125.549   69.426  -52.794    1615347930849
02    13.207   -7.283   -8.794  175.475   38.158 -158.569    1615347930849
01    16.201   -4.641   -7.838  120.605   70.172  -56.701    1615347930865
02    13.306   -7.499   -8.735 -179.217   40.513 -155.749    1615347930865
01    16.241   -4.639   -7.830  117.006   70.564  -59.205    1615347930882
02    13.388   -7.630   -8.651 -174.148   41.675 -153.046    1615347930882
01    16.267   -4.630   -7.818  114.502   71.027  -60.881    1615347930899
02    13.413   -7.770   -8.554 -169.891   41.620 -150.364    1615347930899
01    16.299   -4.608   -7.801  113.185   71.489  -61.933    1615347930915
02    13.419   -7.880   -8.469 -166.440   40.755 -148.327    1615347930915
01    16.297   -4.634   -7.774  112.296   71.772  -62.292    1615347930931
02    13.414   -7.982   -8.382 -163.892   39.993 -146.732    1615347930931
01    16.300   -4.627   -7.765  111.205   71.780  -63.118    1615347930948
02    13.406   -8.053   -8.340 -161.970   39.398 -145.885    1615347930948
01    16.295   -4.615   -7.747  110.355   71.766  -63.844    1615347930965
02    13.392   -8.131   -8.309 -160.666   39.026 -145.309    1615347930965
01    16.273   -4.636   -7.751  110.380   71.848  -63.282    1615347930981
02    13.409   -8.159   -8.257 -159.440   38.960 -144.885    1615347930981
01    16.271   -4.633   -7.749  109.914   72.021  -63.525    1615347930998
02    13.404   -8.185   -8.225 -158.647   38.714 -144.428    1615347930998
01    16.280   -4.641   -7.732  109.140   72.362  -63.990    1615347931015
02    13.406   -8.199   -8.190 -157.734   38.428 -143.886    1615347931015
01    16.289   -4.650   -7.711  108.553   72.542  -64.413    1615347931031
02    13.403   -8.223   -8.171 -157.199   38.161 -143.560    1615347931031
01    16.296   -4.657   -7.689  108.254   72.721  -64.733    1615347931048
02    13.407   -8.222   -8.158 -156.500   37.932 -143.325    1615347931048
01    16.291   -4.666   -7.696  108.334   72.669  -64.544    1615347931065
02    13.407   -8.246   -8.134 -156.187   37.795 -143.023    1615347931065
01    16.299   -4.655   -7.679  108.028   72.781  -65.047    1615347931081
02    13.407   -8.264   -8.107 -156.205   37.658 -142.939    1615347931081
01    16.294   -4.657   -7.678  108.577   72.879  -64.813    1615347931098
02    13.422   -8.279   -8.087 -155.798   37.567 -142.689    1615347931098
01    16.288   -4.657   -7.688  109.233   73.050  -64.767    1615347931115
02    13.428   -8.296   -8.119 -155.726   37.284 -142.924    1615347931115
01    16.291   -4.673   -7.680  109.324   73.358  -65.110    1615347931131
02    13.479   -8.311   -8.101 -155.309   37.636 -142.773    1615347931131
01    16.300   -4.682   -7.674  109.394   73.445  -65.357    1615347931148
02    13.507   -8.286   -8.093 -155.677   37.844 -143.187    1615347931148
01    16.306   -4.678   -7.670  109.780   73.233  -65.227    1615347931165
02    13.531   -8.218   -8.080 -156.802   38.116 -144.072    1615347931165
01    16.302   -4.669   -7.667  110.605   72.790  -64.574    1615347931182
02    13.523   -8.122   -8.081 -159.019   38.221 -145.589    1615347931182
01    16.291   -4.661   -7.659  111.663   72.371  -63.710    1615347931198
02    13.493   -8.037   -8.119 -161.930   38.236 -147.465    1615347931198
01    16.277   -4.647   -7.647  113.608   72.046  -62.446    1615347931215
02    13.472   -7.916   -8.185 -165.129   38.458 -149.583    1615347931215
01    16.238   -4.652   -7.649  118.705   71.762  -58.749    1615347931232
02    13.496   -7.753   -8.241 -169.724   39.403 -152.171    1615347931232
01    16.167   -4.687   -7.642  125.382   71.303  -53.535    1615347931248
02    13.572   -7.500   -8.238 -176.801   40.743 -156.552    1615347931248
01    16.071   -4.750   -7.624  131.965   70.417  -48.029    1615347931265
02    13.634   -7.218   -8.164  172.910   41.223 -163.005    1615347931265
01    15.968   -4.833   -7.584  138.573   69.475  -42.383    1615347931282
02    13.655   -6.869   -8.029  159.932   39.270 -170.888    1615347931282
01    15.853   -4.878   -7.547  145.840   67.534  -36.564    1615347931299
02    13.532   -6.490   -8.166  148.154   33.313 -177.445    1615347931299
01    15.741   -4.940   -7.521  153.130   65.572  -31.263    1615347931315
02    13.536   -6.159   -8.284  139.489   28.468  177.846    1615347931315
01    15.640   -5.033   -7.511  160.810   63.465  -25.742    1615347931332
02    13.662   -5.926   -8.250  130.559   23.572  173.082    1615347931332
01    15.545   -5.153   -7.513  166.860   61.136  -21.085    1615347931349
02    13.774   -5.668   -8.247  123.014   17.096  169.514    1615347931349
01    15.494   -5.213   -7.492  169.615   59.168  -19.144    1615347931365
02    13.949   -5.414   -8.165  116.937   11.134  165.771    1615347931365
01    15.426   -5.254   -7.479  170.846   57.262  -18.454    1615347931382
02    14.143   -5.246   -7.934  113.022    6.419  162.387    1615347931382
01    15.375   -5.272   -7.427  170.631   55.509  -18.972    1615347931399
02    14.201   -5.115   -7.797  112.723    3.287  162.082    1615347931399
01    15.345   -5.241   -7.428  169.788   54.404  -19.875    1615347931415
02    14.235   -4.970   -7.718  113.057    1.256  162.561    1615347931415
01    15.335   -5.204   -7.454  168.719   53.798  -20.500    1615347931432
02    14.240   -4.859   -7.710  113.023   -0.066  163.497    1615347931432
01    15.359   -5.119   -7.488  167.848   53.636  -21.292    1615347931449
02    14.282   -4.778   -7.683  112.854   -0.482  163.781    1615347931449
01    15.394   -5.054   -7.497  167.122   53.759  -22.075    1615347931465
02    14.308   -4.749   -7.677  112.631   -0.606  163.720    1615347931465
01    15.413   -5.019   -7.507  166.864   53.822  -22.367    1615347931476
02    14.340   -4.691   -7.685  113.051   -0.632  163.579    1615347931476
01    15.429   -5.001   -7.526  166.109   53.886  -22.939    1615347931492
02    14.349   -4.635   -7.736  113.393   -0.626  163.707    1615347931492
01    15.458   -4.972   -7.538  165.319   54.138  -23.426    1615347931507
02    14.394   -4.562   -7.745  113.515   -0.104  163.517    1615347931507
01    15.486   -4.953   -7.557  164.316   54.575  -24.015    1615347931523
02    14.407   -4.583   -7.775  113.088    0.758  163.405    1615347931523
01    15.508   -4.917   -7.590  163.516   55.001  -24.899    1615347931539
02    14.437   -4.529   -7.821  113.054    1.979  162.954    1615347931539
01    15.532   -4.891   -7.637  163.033   55.589  -25.772    1615347931554
02    14.458   -4.546   -7.856  113.119    3.989  162.246    1615347931554
01    15.559   -4.914   -7.669  162.359   56.596  -26.523    1615347931570
02    14.436   -4.569   -7.937  113.941    6.470  161.513    1615347931570
01    15.612   -4.897   -7.741  159.863   57.875  -28.644    1615347931585
02    14.391   -4.555   -8.127  117.357   10.998  160.918    1615347931585
01    15.722   -4.816   -7.830  153.265   60.124  -33.806    1615347931615
02    14.232   -4.782   -8.459  125.999   20.919  163.627    1615347931615
01    15.887   -4.682   -7.892  144.251   62.684  -40.742    1615347931631
02    14.031   -5.284   -8.739  138.145   31.493  171.089    1615347931631
01    16.066   -4.552   -7.931  136.174   64.865  -46.956    1615347931642
02    13.908   -5.812   -8.802  149.225   37.859  179.344    1615347931642
01    16.199   -4.513   -7.917  128.974   66.601  -52.299    1615347931658
02    13.824   -6.218   -8.737  158.866   40.337 -173.041    1615347931658
01    16.307   -4.477   -7.909  122.981   67.542  -56.592    1615347931674
02    13.697   -6.613   -8.639  167.812   40.009 -165.805    1615347931674
01    16.398   -4.390   -7.927  118.162   68.141  -59.992    1615347931689
02    13.519   -6.903   -8.673  175.021   37.977 -160.561    1615347931689
01    16.481   -4.373   -7.888  113.324   69.004  -63.394    1615347931705
02    13.413   -7.146   -8.746  179.385   37.506 -157.350    1615347931705
01    16.532   -4.323   -7.871  110.276   69.441  -65.812    1615347931720
02    13.432   -7.341   -8.744 -176.317   38.476 -154.916    1615347931720
01    16.559   -4.309   -7.834  107.772   69.720  -67.884    1615347931736
02    13.503   -7.470   -8.676 -172.303   39.438 -152.703    1615347931736
01    16.561   -4.325   -7.813  106.377   69.751  -68.746    1615347931752
02    13.563   -7.507   -8.636 -169.441   39.999 -151.613    1615347931752
01    16.557   -4.340   -7.823  106.027   69.686  -68.544    1615347931782
02    13.591   -7.572   -8.583 -167.095   39.984 -150.232    1615347931782
01    16.561   -4.346   -7.840  105.376   69.732  -68.689    1615347931798
02    13.593   -7.630   -8.562 -165.319   39.654 -149.037    1615347931798
01    16.580   -4.323   -7.846  104.238   69.950  -69.390    1615347931815
02    13.594   -7.691   -8.522 -163.711   39.444 -147.701    1615347931815
01    16.611   -4.314   -7.804  102.251   70.316  -71.081    1615347931826
02    13.604   -7.748   -8.488 -162.360   39.266 -146.603    1615347931826
01    16.620   -4.312   -7.795  102.094   70.490  -71.238    1615347931848
02    13.605   -7.768   -8.486 -161.345   39.094 -146.188    1615347931848
01    16.616   -4.312   -7.796  102.110   70.553  -71.263    1615347931865
02    13.613   -7.805   -8.468 -160.364   39.026 -145.661    1615347931865
01    16.601   -4.327   -7.795  102.440   70.680  -70.809    1615347931881
02    13.618   -7.837   -8.443 -159.714   38.935 -145.289    1615347931881
01    16.590   -4.350   -7.813  102.473   70.777  -70.395    1615347931898
02    13.621   -7.840   -8.417 -159.232   38.932 -144.902    1615347931898
01    16.602   -4.335   -7.784  101.417   70.964  -71.394    1615347931903
02    13.624   -7.821   -8.385 -158.890   38.881 -144.579    1615347931903
01    16.601   -4.332   -7.778  101.402   71.043  -71.414    1615347931931
02    13.595   -7.838   -8.387 -159.214   38.611 -144.702    1615347931931
01    16.592   -4.326   -7.766  101.769   71.086  -71.463    1615347931948
02    13.591   -7.845   -8.388 -159.202   38.594 -145.007    1615347931948
01    16.584   -4.319   -7.742  102.516   71.149  -71.463    1615347931965
02    13.606   -7.842   -8.376 -159.147   38.785 -145.200    1615347931965
01    16.551   -4.331   -7.755  104.424   71.014  -70.014    1615347931976
02    13.609   -7.823   -8.401 -159.801   38.864 -145.943    1615347931976
01    16.524   -4.345   -7.762  105.527   70.900  -69.103    1615347931992
02    13.626   -7.765   -8.406 -160.769   39.269 -146.820    1615347931992
01    16.502   -4.355   -7.774  106.522   70.801  -68.199    1615347932008
02    13.633   -7.712   -8.386 -162.311   39.650 -147.672    1615347932008
01    16.481   -4.368   -7.754  107.247   70.728  -67.608    1615347932023
02    13.640   -7.604   -8.356 -164.697   40.111 -149.230    1615347932023
01    16.452   -4.362   -7.697  108.974   70.507  -66.499    1615347932039
02    13.624   -7.415   -8.332 -168.741   40.412 -151.774    1615347932039
01    16.357   -4.362   -7.640  115.187   69.730  -61.946    1615347932055
02    13.617   -7.149   -8.301 -175.985   40.582 -156.538    1615347932055
01    16.221   -4.384   -7.638  124.677   68.937  -54.705    1615347932070
02    13.559   -6.935   -8.397  175.794   39.494 -161.840    1615347932070
01    16.106   -4.453   -7.670  132.155   68.234  -48.552    1615347932086
02    13.536   -6.730   -8.550  168.906   38.767 -166.170    1615347932086
01    16.027   -4.538   -7.661  136.970   67.920  -44.411    1615347932101
02    13.607   -6.513   -8.596  161.549   39.096 -170.717    1615347932101
01    15.957   -4.621   -7.636  142.177   67.335  -39.925    1615347932132
02    13.748   -6.270   -8.510  151.786   38.802 -177.095    1615347932132
01    15.881   -4.681   -7.613  147.525   66.276  -35.722    1615347932149
02    13.886   -5.955   -8.348  140.294   35.299  175.615    1615347932149
01    15.806   -4.718   -7.581  154.202   64.842  -30.824    1615347932160
02    13.927   -5.630   -8.239  129.467   27.760  170.488    1615347932160
01    15.699   -4.821   -7.564  160.709   62.782  -25.800    1615347932175
02    13.969   -5.283   -8.228  121.370   18.653  167.433    1615347932175
01    15.595   -4.898   -7.574  166.012   60.353  -21.725    1615347932191
02    14.086   -5.024   -8.163  115.449   11.018  164.919    1615347932191
01    15.523   -4.988   -7.582  168.603   58.640  -19.302    1615347932207
02    14.238   -4.871   -7.946  112.539    6.273  163.002    1615347932207
01    15.475   -5.043   -7.617  169.124   57.669  -18.503    1615347932222
02    14.274   -4.744   -7.902  111.960    3.479  162.640    1615347932222
01    15.479   -5.034   -7.624  168.901   57.347  -18.648    1615347932238
02    14.292   -4.709   -7.874  111.552    2.159  162.547    1615347932238
01    15.470   -5.029   -7.611  168.587   57.080  -19.114    1615347932254
02    14.301   -4.689   -7.838  111.342    1.302  162.745    1615347932254
01    15.461   -5.024   -7.603  168.679   56.743  -19.200    1615347932282
02    14.300   -4.657   -7.813  111.629    0.655  163.059    1615347932282
01    15.444   -5.031   -7.626  168.930   56.362  -19.006    1615347932298
02    14.303   -4.635   -7.801  112.066    0.634  163.195    1615347932298
01    15.431   -5.029   -7.676  168.664   56.216  -18.979    1615347932311
02    14.301   -4.624   -7.838  112.138    0.882  163.113    1615347932311
01    15.454   -5.028   -7.674  167.650   56.831  -19.320    1615347932326
02    14.318   -4.578   -7.883  112.280    1.490  162.625    1615347932326
01    15.476   -5.005   -7.686  166.459   57.336  -20.212    1615347932349
02    14.342   -4.550   -7.921  112.158    2.356  161.974    1615347932349
01    15.496   -4.981   -7.697  164.961   57.793  -21.734    1615347932365
02    14.376   -4.527   -7.926  112.221    3.775  161.152    1615347932365
01    15.516   -4.949   -7.717  163.658   58.261  -23.354    1615347932382
02    14.395   -4.494   -7.978  112.470    5.426  160.626    1615347932382
01    15.536   -4.934   -7.753  162.162   58.845  -24.878    1615347932399
02    14.395   -4.476   -8.067  113.052    7.857  160.255    1615347932399
01    15.578   -4.913   -7.802  159.568   60.032  -26.995    1615347932416
02    14.363   -4.521   -8.196  115.360   12.103  160.283    1615347932416
01    15.684   -4.852   -7.872  154.844   61.736  -30.723    1615347932431
02    14.254   -4.678   -8.418  120.794   19.029  162.198    1615347932431
01    15.828   -4.736   -7.947  147.459   63.943  -36.499    1615347932448
02    14.066   -5.069   -8.669  130.421   28.446  167.873    1615347932448
01    15.960   -4.645   -7.975  140.203   66.010  -42.282    1615347932465
02    13.856   -5.560   -8.861  141.426   35.204  175.573    1615347932465
01    16.054   -4.605   -7.949  135.684   67.541  -46.039    1615347932481
02    13.772   -5.923   -8.907  147.791   39.028 -179.918    1615347932481
01    16.130   -4.548   -7.928  131.743   68.326  -49.455    1615347932498
02    13.754   -6.107   -8.919  151.982   41.049 -177.675    1615347932498
01    16.188   -4.523   -7.941  127.622   68.803  -52.634    1615347932515
02    13.723   -6.293   -8.899  156.987   42.263 -174.685    1615347932515
01    16.251   -4.489   -7.969  123.288   69.218  -55.716    1615347932531
02    13.645   -6.568   -8.850  164.356   42.600 -169.136    1615347932531
01    16.309   -4.449   -7.997  119.454   69.723  -58.142    1615347932548
02    13.548   -6.906   -8.757  172.787   41.993 -162.236    1615347932548
01    16.373   -4.439   -8.004  116.244   70.429  -59.825    1615347932565
02    13.488   -7.117   -8.674  179.685   40.811 -156.945    1615347932565
01    16.412   -4.455   -7.974  113.581   71.227  -61.160    1615347932581
02    13.433   -7.264   -8.615 -176.049   39.831 -153.498    1615347932581
01    16.443   -4.417   -7.941  112.070   71.636  -62.387    1615347932598
02    13.372   -7.380   -8.627 -174.229   39.476 -152.187    1615347932598
01    16.442   -4.421   -7.932  110.838   71.819  -63.398    1615347932615
02    13.378   -7.439   -8.619 -172.734   39.794 -151.609    1615347932615
01    16.434   -4.432   -7.915  110.334   72.015  -63.844    1615347932631
02    13.391   -7.517   -8.597 -171.311   40.169 -151.034    1615347932631
01    16.418   -4.433   -7.922  110.503   71.930  -63.691    1615347932648
02    13.400   -7.551   -8.596 -169.902   40.368 -150.552    1615347932648
01    16.391   -4.440   -7.927  110.922   71.790  -63.199    1615347932665
02    13.417   -7.596   -8.535 -168.524   40.516 -149.776    1615347932665
01    16.371   -4.454   -7.918  111.405   71.662  -62.702    1615347932681
02    13.401   -7.640   -8.505 -167.901   40.177 -149.509    1615347932682
01    16.361   -4.459   -7.902  111.710   71.724  -62.577    1615347932698
02    13.382   -7.668   -8.514 -167.449   39.830 -149.478    1615347932698
01    16.346   -4.460   -7.886  111.944   71.816  -62.789    1615347932715
02    13.367   -7.736   -8.508 -166.952   39.705 -149.230    1615347932715
01    16.322   -4.479   -7.888  112.917   71.974  -62.088    1615347932732
02    13.378   -7.776   -8.498 -166.188   39.704 -148.988    1615347932732
01    16.308   -4.488   -7.879  113.425   72.024  -61.919    1615347932748
02    13.394   -7.804   -8.475 -165.825   39.961 -148.941    1615347932748
01    16.295   -4.504   -7.854  113.714   72.041  -61.862    1615347932765
02    13.428   -7.798   -8.398 -165.843   40.328 -148.976    1615347932765
01    16.273   -4.525   -7.832  114.229   71.945  -61.576    1615347932782
02    13.403   -7.767   -8.392 -167.140   40.081 -149.867    1615347932782
01    16.233   -4.540   -7.836  115.349   71.677  -60.748    1615347932798
02    13.370   -7.729   -8.418 -168.641   39.712 -150.985    1615347932798
01    16.221   -4.526   -7.815  116.367   71.570  -60.332    1615347932815
02    13.357   -7.728   -8.432 -169.622   39.547 -151.601    1615347932815
01    16.196   -4.543   -7.789  118.225   71.489  -59.321    1615347932832
02    13.381   -7.704   -8.416 -170.511   39.745 -152.225    1615347932832
01    16.149   -4.578   -7.767  122.060   71.191  -56.790    1615347932848
02    13.407   -7.652   -8.392 -172.449   40.022 -153.273    1615347932848
01    16.059   -4.666   -7.724  126.989   70.853  -53.007    1615347932865
02    13.441   -7.557   -8.355 -175.711   40.498 -155.131    1615347932865
01    15.964   -4.724   -7.742  132.252   69.916  -48.556    1615347932882
02    13.444   -7.440   -8.329  178.084   40.567 -158.754    1615347932882
01    15.909   -4.782   -7.735  136.122   69.460  -45.291    1615347932900
02    13.441   -7.232   -8.320  170.692   40.021 -163.189    1615347932900
01    15.864   -4.830   -7.682  139.479   69.104  -42.808    1615347932915
02    13.430   -7.013   -8.327  164.200   38.906 -166.962    1615347932915
01    15.782   -4.875   -7.625  145.389   68.130  -38.461    1615347932932
02    13.449   -6.784   -8.346  156.937   37.478 -171.373    1615347932932
01    15.693   -4.899   -7.582  152.071   66.441  -33.940    1615347932949
02    13.534   -6.571   -8.277  147.778   35.353 -177.054    1615347932949
