01    14.146    1.500  -10.992   29.303   81.416  131.887    1598607815756
02     8.989    0.544   -9.521  179.879   32.269 -175.298    1598607815756
01    14.148    1.500  -10.990   29.285   81.417  131.878    1598607815778
02     8.989    0.540   -9.516  179.864   32.284 -175.285    1598607815778
01    14.146    1.503  -10.989   29.327   81.427  131.915    1598607815794
02     8.989    0.535   -9.513  179.865   32.294 -175.269    1598607815794
01    14.139    1.501  -10.995   29.837   81.558  132.448    1598607815809
02     8.990    0.535   -9.508  179.856   32.294 -175.280    1598607815809
01    14.142    1.497  -10.988   29.534   81.488  132.163    1598607815825
02     8.989    0.528   -9.505  179.849   32.291 -175.270    1598607815825
01    14.143    1.497  -10.980   29.335   81.475  131.929    1598607815841
02     8.990    0.523   -9.496  179.853   32.296 -175.257    1598607815841
01    14.141    1.491  -10.977   29.229   81.522  131.847    1598607815856
02     8.996    0.521   -9.479  179.862   32.326 -175.239    1598607815856
01    14.148    1.488  -10.958   29.170   81.487  131.779    1598607815878
02     8.991    0.515   -9.475  179.872   32.306 -175.217    1598607815878
01    14.139    1.490  -10.959   29.316   81.542  131.909    1598607815894
02     8.993    0.517   -9.464  179.866   32.303 -175.237    1598607815894
01    14.135    1.488  -10.963   29.395   81.604  131.984    1598607815910
02     8.984    0.515   -9.466  179.862   32.238 -175.250    1598607815910
01    14.129    1.481  -10.962   29.431   81.622  132.039    1598607815925
02     8.980    0.511   -9.465  179.871   32.196 -175.247    1598607815925
01    14.134    1.480  -10.948   29.403   81.578  132.006    1598607815941
02     8.984    0.510   -9.458  179.883   32.202 -175.241    1598607815941
01    14.133    1.481  -10.943   29.581   81.577  132.185    1598607815956
02     8.980    0.512   -9.455  179.891   32.156 -175.252    1598607815956
01    14.128    1.494  -10.940   29.875   81.590  132.419    1598607815979
02     8.979    0.514   -9.446  179.892   32.152 -175.260    1598607815979
01    14.127    1.487  -10.935   29.694   81.605  132.248    1598607815994
02     8.979    0.510   -9.436  179.900   32.146 -175.233    1598607815994
01    14.125    1.486  -10.934   29.732   81.626  132.278    1598607816010
02     8.970    0.510   -9.439  179.936   32.004 -175.218    1598607816010
01    14.130    1.484  -10.920   29.578   81.605  132.114    1598607816025
02     8.970    0.506   -9.435  179.959   32.006 -175.195    1598607816025
01    14.129    1.492  -10.915   29.730   81.595  132.238    1598607816041
02     8.970    0.501   -9.433  179.980   32.000 -175.162    1598607816041
01    14.127    1.486  -10.915   29.657   81.606  132.195    1598607816057
02     8.969    0.506   -9.434  179.984   31.982 -175.182    1598607816057
01    14.128    1.478  -10.910   29.622   81.592  132.211    1598607816079
02     8.968    0.509   -9.435  179.968   31.957 -175.192    1598607816079
01    14.130    1.477  -10.908   29.728   81.582  132.348    1598607816094
02     8.971    0.511   -9.433  179.957   31.999 -175.193    1598607816094
01    14.148    1.469  -10.885   29.397   81.503  132.031    1598607816110
02     8.967    0.515   -9.437  179.922   31.962 -175.226    1598607816110
01    14.152    1.466  -10.878   29.013   81.477  131.647    1598607816126
02     8.968    0.512   -9.437  179.910   31.969 -175.195    1598607816126
01    14.146    1.470  -10.887   29.094   81.480  131.751    1598607816141
02     8.971    0.514   -9.432  179.910   32.000 -175.206    1598607816141
01    14.151    1.472  -10.882   29.034   81.438  131.696    1598607816157
02     8.972    0.511   -9.431  179.932   32.015 -175.169    1598607816157
01    14.149    1.451  -10.887   28.726   81.487  131.441    1598607816179
02     8.969    0.509   -9.435  179.955   31.978 -175.145    1598607816179
01    14.140    1.463  -10.901   29.034   81.504  131.732    1598607816195
02     8.970    0.510   -9.436  179.941   31.990 -175.163    1598607816195
01    14.146    1.471  -10.897   29.132   81.451  131.830    1598607816210
02     8.974    0.511   -9.436  179.935   32.034 -175.162    1598607816210
01    14.145    1.461  -10.904   28.928   81.478  131.652    1598607816226
02     8.976    0.511   -9.440  179.933   32.039 -175.156    1598607816226
01    14.149    1.466  -10.908   28.992   81.447  131.715    1598607816242
02     8.977    0.512   -9.445  179.935   32.046 -175.151    1598607816242
01    14.152    1.469  -10.913   28.988   81.427  131.702    1598607816257
02     8.983    0.511   -9.450  179.933   32.099 -175.149    1598607816257
01    14.157    1.466  -10.919   28.821   81.431  131.526    1598607816279
02     8.982    0.510   -9.461  179.945   32.091 -175.133    1598607816279
01    14.160    1.453  -10.925   28.514   81.430  131.261    1598607816295
02     8.986    0.507   -9.472  179.934   32.101 -175.118    1598607816295
01    14.163    1.467  -10.926   28.666   81.382  131.363    1598607816311
02     8.993    0.507   -9.475  179.919   32.188 -175.119    1598607816311
01    14.167    1.487  -10.923   28.824   81.298  131.416    1598607816326
02     8.993    0.509   -9.484  179.920   32.205 -175.125    1598607816326
01    14.169    1.468  -10.930   28.342   81.326  131.026    1598607816342
02     8.991    0.511   -9.493  179.912   32.193 -175.142    1598607816342
01    14.178    1.467  -10.926   28.060   81.252  130.748    1598607816358
02     8.994    0.507   -9.497  179.901   32.210 -175.134    1598607816358
01    14.181    1.462  -10.927   27.926   81.222  130.628    1598607816380
02     8.997    0.506   -9.504  179.916   32.229 -175.133    1598607816380
01    14.182    1.460  -10.932   27.826   81.226  130.533    1598607816395
02     8.996    0.496   -9.511  179.911   32.234 -175.094    1598607816395
01    14.186    1.456  -10.932   27.421   81.133  130.175    1598607816411
02     9.002    0.502   -9.507  179.928   32.287 -175.109    1598607816411
01    14.187    1.453  -10.938   27.429   81.153  130.226    1598607816427
02     9.001    0.505   -9.511  179.913   32.294 -175.130    1598607816427
01    14.186    1.452  -10.943   27.530   81.195  130.338    1598607816442
02     9.007    0.501   -9.508  179.905   32.340 -175.108    1598607816442
01    14.191    1.451  -10.936   27.095   81.149  129.873    1598607816458
02     9.008    0.502   -9.508  179.917   32.344 -175.115    1598607816458
01    14.193    1.454  -10.940   27.244   81.156  129.989    1598607816480
02     9.008    0.501   -9.509  179.930   32.333 -175.122    1598607816480
01    14.187    1.456  -10.950   27.511   81.226  130.228    1598607816496
02     9.008    0.492   -9.511  179.974   32.303 -175.056    1598607816496
01    14.188    1.452  -10.949   27.272   81.223  130.022    1598607816511
02     9.015    0.489   -9.507 -179.983   32.363 -175.022    1598607816511
01    14.189    1.455  -10.948   27.367   81.165  130.103    1598607816527
02     9.015    0.487   -9.507 -179.975   32.354 -175.006    1598607816527
01    14.184    1.454  -10.956   27.500   81.247  130.238    1598607816542
02     9.015    0.490   -9.505 -179.974   32.353 -175.017    1598607816542
01    14.178    1.450  -10.966   27.534   81.297  130.288    1598607816558
02     9.015    0.494   -9.501 -179.990   32.353 -175.049    1598607816558
01    14.179    1.446  -10.962   27.387   81.303  130.139    1598607816580
02     9.015    0.492   -9.499  179.987   32.347 -175.058    1598607816580
01    14.183    1.443  -10.959   27.355   81.287  130.117    1598607816596
02     9.014    0.490   -9.499 -179.992   32.335 -175.040    1598607816596
01    14.187    1.439  -10.959   27.239   81.287  130.025    1598607816612
02     9.014    0.485   -9.501 -179.962   32.318 -175.005    1598607816612
01    14.189    1.425  -10.961   26.728   81.289  129.549    1598607816627
02     9.011    0.482   -9.506 -179.941   32.298 -174.990    1598607816627
01    14.191    1.410  -10.964   26.161   81.296  129.003    1598607816643
02     9.011    0.478   -9.509 -179.949   32.300 -174.975    1598607816643
01    14.187    1.414  -10.973   26.300   81.316  129.142    1598607816658
02     9.011    0.478   -9.514 -179.946   32.295 -174.971    1598607816658
01    14.188    1.420  -10.974   26.283   81.294  129.085    1598607816681
02     9.015    0.481   -9.515 -179.965   32.320 -174.988    1598607816681
01    14.187    1.421  -10.980   26.560   81.299  129.390    1598607816696
02     9.017    0.479   -9.517 -179.972   32.333 -174.987    1598607816696
01    14.185    1.427  -10.987   26.827   81.310  129.618    1598607816712
02     9.018    0.480   -9.519 -179.952   32.332 -174.994    1598607816712
01    14.196    1.434  -10.976   26.584   81.215  129.343    1598607816727
02     9.017    0.478   -9.523 -179.926   32.326 -174.987    1598607816727
01    14.198    1.423  -10.978   26.142   81.237  128.935    1598607816743
02     9.019    0.477   -9.526 -179.912   32.335 -174.976    1598607816743
01    14.196    1.421  -10.986   26.179   81.271  128.979    1598607816759
02     9.018    0.479   -9.532 -179.900   32.324 -174.971    1598607816759
01    14.201    1.435  -10.979   26.337   81.202  129.103    1598607816781
02     9.020    0.484   -9.533 -179.907   32.336 -174.985    1598607816781
01    14.204    1.432  -10.975   26.268   81.181  129.052    1598607816796
02     9.021    0.480   -9.535 -179.916   32.339 -174.976    1598607816796
01    14.202    1.438  -10.979   26.602   81.174  129.361    1598607816812
02     9.021    0.479   -9.535 -179.921   32.347 -174.982    1598607816812
01    14.197    1.439  -10.984   26.797   81.189  129.554    1598607816828
02     9.021    0.486   -9.534 -179.908   32.354 -175.012    1598607816828
01    14.196    1.444  -10.984   26.890   81.170  129.633    1598607816843
02     9.025    0.483   -9.527 -179.905   32.386 -175.003    1598607816843
01    14.196    1.446  -10.983   27.030   81.170  129.759    1598607816859
02     9.023    0.485   -9.524 -179.900   32.382 -175.010    1598607816859
01    14.193    1.443  -10.983   27.045   81.173  129.784    1598607816881
02     9.019    0.488   -9.523 -179.911   32.351 -175.017    1598607816881
01    14.186    1.448  -10.987   27.428   81.217  130.142    1598607816897
02     9.019    0.484   -9.520 -179.923   32.350 -175.009    1598607816897
01    14.182    1.448  -10.991   27.676   81.300  130.373    1598607816912
02     9.013    0.486   -9.522 -179.924   32.312 -175.023    1598607816912
01    14.178    1.446  -10.992   27.831   81.291  130.530    1598607816928
02     9.012    0.484   -9.523 -179.922   32.296 -175.032    1598607816928
01    14.179    1.445  -10.988   27.708   81.270  130.423    1598607816944
02     9.013    0.481   -9.523 -179.912   32.298 -175.034    1598607816944
01    14.183    1.435  -10.987   27.499   81.241  130.279    1598607816959
02     9.012    0.482   -9.523 -179.916   32.299 -175.055    1598607816959
01    14.181    1.436  -10.991   27.594   81.262  130.375    1598607816981
02     9.011    0.484   -9.525 -179.939   32.290 -175.076    1598607816981
01    14.181    1.442  -10.993   27.746   81.241  130.489    1598607816997
02     9.011    0.485   -9.528 -179.941   32.287 -175.076    1598607816997
01    14.181    1.440  -10.995   27.786   81.217  130.556    1598607817013
02     9.009    0.489   -9.533 -179.973   32.268 -175.127    1598607817013
01    14.176    1.441  -11.008   28.085   81.247  130.859    1598607817028
02     9.006    0.487   -9.542 -179.968   32.222 -175.124    1598607817028
01    14.183    1.447  -11.002   28.014   81.174  130.769    1598607817044
02     9.002    0.484   -9.558 -179.929   32.193 -175.106    1598607817044
01    14.188    1.453  -11.001   28.078   81.112  130.809    1598607817060
02     9.002    0.484   -9.572 -179.906   32.206 -175.108    1598607817060
01    14.190    1.449  -11.008   27.961   81.114  130.704    1598607817082
02     9.006    0.490   -9.585 -179.908   32.227 -175.128    1598607817082
01    14.197    1.455  -11.007   27.967   80.964  130.693    1598607817096
02     9.003    0.492   -9.606 -179.935   32.231 -175.145    1598607817096
01    14.196    1.452  -11.019   28.015   81.018  130.779    1598607817106
02     9.015    0.499   -9.603 -179.998   32.291 -175.182    1598607817106
01    14.200    1.460  -11.021   28.022   80.945  130.778    1598607817122
02     9.012    0.510   -9.612  179.933   32.296 -175.239    1598607817122
01    14.195    1.466  -11.035   28.323   80.985  131.059    1598607817137
02     9.004    0.510   -9.623  179.922   32.256 -175.265    1598607817137
01    14.199    1.467  -11.035   28.366   80.949  131.098    1598607817169
02     9.009    0.499   -9.621  179.940   32.280 -175.250    1598607817169
01    14.197    1.487  -11.040   28.836   80.910  131.512    1598607817182
02     9.011    0.497   -9.623  179.986   32.303 -175.259    1598607817182
01    14.189    1.494  -11.058   28.982   80.946  131.607    1598607817197
02     9.007    0.496   -9.630 -179.967   32.290 -175.248    1598607817197
01    14.186    1.485  -11.064   28.857   81.003  131.493    1598607817213
02     9.013    0.497   -9.626 -179.950   32.330 -175.246    1598607817213
01    14.192    1.479  -11.053   28.805   80.968  131.453    1598607817228
02     9.017    0.501   -9.619 -179.976   32.373 -175.270    1598607817228
01    14.188    1.480  -11.058   28.978   80.977  131.655    1598607817244
02     9.012    0.504   -9.624  179.995   32.359 -175.293    1598607817244
01    14.187    1.482  -11.061   29.195   80.999  131.886    1598607817260
02     9.012    0.510   -9.622  179.968   32.349 -175.335    1598607817260
01    14.187    1.486  -11.061   29.393   80.983  132.087    1598607817282
02     9.012    0.512   -9.620  179.931   32.346 -175.382    1598607817282
01    14.184    1.503  -11.067   30.075   80.983  132.719    1598607817298
02     9.015    0.507   -9.619  179.929   32.357 -175.362    1598607817298
01    14.178    1.501  -11.078   29.958   81.049  132.614    1598607817313
02     9.014    0.508   -9.622  179.951   32.342 -175.355    1598607817313
01    14.177    1.493  -11.079   29.761   81.060  132.438    1598607817329
02     9.014    0.504   -9.625  179.965   32.343 -175.333    1598607817329
01    14.169    1.499  -11.091   30.039   81.095  132.692    1598607817344
02     9.015    0.505   -9.628  179.977   32.346 -175.329    1598607817344
01    14.170    1.498  -11.093   30.027   81.107  132.672    1598607817360
02     9.015    0.503   -9.633  179.954   32.334 -175.332    1598607817360
01    14.180    1.487  -11.085   29.661   81.060  132.329    1598607817382
02     9.012    0.507   -9.642  179.947   32.315 -175.353    1598607817382
01    14.186    1.477  -11.086   29.433   81.036  132.136    1598607817398
02     9.017    0.503   -9.642  179.941   32.346 -175.349    1598607817398
01    14.188    1.484  -11.090   29.523   81.028  132.198    1598607817413
02     9.017    0.502   -9.651  179.917   32.351 -175.370    1598607817413
01    14.192    1.479  -11.091   29.471   80.991  132.183    1598607817429
02     9.017    0.498   -9.665  179.901   32.358 -175.382    1598607817429
01    14.193    1.480  -11.097   29.496   80.990  132.185    1598607817445
02     9.023    0.494   -9.669  179.894   32.415 -175.387    1598607817445
01    14.193    1.472  -11.108   29.448   81.004  132.130    1598607817460
02     9.026    0.488   -9.676  179.904   32.459 -175.382    1598607817460
01    14.195    1.457  -11.114   29.214   80.993  131.927    1598607817482
02     9.023    0.483   -9.685  179.900   32.452 -175.372    1598607817482
01    14.201    1.444  -11.113   29.002   80.981  131.730    1598607817498
02     9.029    0.484   -9.682  179.876   32.511 -175.381    1598607817498
01    14.207    1.456  -11.105   29.015   80.904  131.714    1598607817514
02     9.029    0.483   -9.686  179.877   32.529 -175.384    1598607817514
01    14.214    1.457  -11.101   28.782   80.799  131.491    1598607817529
02     9.025    0.479   -9.693  179.892   32.507 -175.383    1598607817529
01    14.203    1.460  -11.119   28.992   80.876  131.638    1598607817545
02     9.033    0.474   -9.685  179.903   32.577 -175.381    1598607817545
01    14.206    1.462  -11.116   29.106   80.816  131.734    1598607817561
02     9.028    0.473   -9.690  179.917   32.563 -175.392    1598607817561
01    14.213    1.464  -11.105   28.873   80.744  131.479    1598607817583
02     9.030    0.466   -9.687  179.932   32.590 -175.353    1598607817583
01    14.210    1.463  -11.106   28.970   80.772  131.562    1598607817598
02     9.028    0.464   -9.688  179.932   32.582 -175.354    1598607817598
01    14.205    1.463  -11.109   29.112   80.799  131.700    1598607817614
02     9.028    0.464   -9.685  179.912   32.592 -175.371    1598607817614
01    14.199    1.461  -11.116   29.127   80.845  131.710    1598607817630
02     9.026    0.465   -9.686  179.925   32.580 -175.374    1598607817630
01    14.196    1.463  -11.115   29.333   80.843  131.896    1598607817645
02     9.027    0.466   -9.682  179.936   32.594 -175.381    1598607817645
01    14.187    1.464  -11.123   29.716   80.892  132.273    1598607817661
02     9.027    0.465   -9.679  179.956   32.603 -175.391    1598607817661
01    14.190    1.464  -11.116   29.512   80.847  132.082    1598607817683
02     9.023    0.463   -9.680  179.980   32.577 -175.393    1598607817683
01    14.191    1.458  -11.113   29.423   80.837  132.013    1598607817699
02     9.017    0.464   -9.684 -179.983   32.500 -175.417    1598607817699
01    14.190    1.453  -11.113   29.402   80.861  132.014    1598607817714
02     9.014    0.463   -9.684 -179.964   32.479 -175.416    1598607817714
01    14.188    1.460  -11.111   29.614   80.864  132.192    1598607817730
02     9.013    0.461   -9.683 -179.978   32.478 -175.408    1598607817730
01    14.185    1.460  -11.115   29.735   80.884  132.332    1598607817746
02     9.005    0.465   -9.689 -179.960   32.392 -175.417    1598607817746
01    14.184    1.456  -11.117   29.675   80.910  132.271    1598607817761
02     9.006    0.466   -9.688 -179.974   32.419 -175.429    1598607817761
01    14.183    1.464  -11.118   29.862   80.888  132.418    1598607817783
02     9.007    0.473   -9.687 -179.979   32.420 -175.464    1598607817783
01    14.183    1.464  -11.120   29.832   80.887  132.410    1598607817799
02     9.003    0.478   -9.693 -179.989   32.374 -175.481    1598607817799
01    14.186    1.465  -11.120   29.739   80.868  132.337    1598607817815
02     9.006    0.480   -9.694  179.977   32.395 -175.479    1598607817815
01    14.189    1.464  -11.121   29.717   80.856  132.342    1598607817830
02     9.008    0.485   -9.694  179.928   32.416 -175.496    1598607817830
01    14.191    1.465  -11.122   29.614   80.843  132.235    1598607817846
02     9.001    0.494   -9.706  179.918   32.360 -175.509    1598607817846
01    14.187    1.462  -11.131   29.656   80.883  132.297    1598607817861
02     9.001    0.494   -9.711  179.898   32.346 -175.519    1598607817861
01    14.186    1.470  -11.135   29.676   80.878  132.281    1598607817884
02     9.007    0.492   -9.711  179.880   32.366 -175.514    1598607817884
01    14.191    1.469  -11.134   29.466   80.835  132.086    1598607817899
02     9.013    0.492   -9.710  179.891   32.400 -175.499    1598607817899
01    14.189    1.477  -11.143   29.722   80.851  132.331    1598607817915
02     9.014    0.486   -9.713  179.897   32.405 -175.471    1598607817915
01    14.193    1.471  -11.144   29.598   80.821  132.232    1598607817930
02     9.015    0.486   -9.717  179.915   32.414 -175.462    1598607817930
01    14.200    1.481  -11.139   29.623   80.735  132.234    1598607817946
02     9.017    0.488   -9.718  179.917   32.448 -175.471    1598607817946
01    14.200    1.472  -11.148   29.437   80.756  132.078    1598607817962
02     9.018    0.486   -9.721  179.916   32.462 -175.462    1598607817962
01    14.205    1.473  -11.146   29.205   80.727  131.839    1598607817984
02     9.024    0.481   -9.720  179.910   32.545 -175.421    1598607817984
01    14.209    1.464  -11.146   28.658   80.701  131.301    1598607818000
02     9.024    0.473   -9.722  179.941   32.540 -175.351    1598607818000
01    14.212    1.464  -11.145   28.383   80.675  130.937    1598607818015
02     9.026    0.472   -9.722 -179.975   32.549 -175.362    1598607818015
01    14.218    1.460  -11.143   27.924   80.630  130.439    1598607818031
02     9.028    0.452   -9.722 -179.872   32.562 -175.284    1598607818031
01    14.213    1.453  -11.153   28.004   80.674  130.489    1598607818046
02     9.036    0.436   -9.716 -179.717   32.613 -175.196    1598607818046
01    14.214    1.445  -11.156   27.677   80.687  130.179    1598607818062
02     9.038    0.424   -9.712 -179.557   32.591 -175.142    1598607818062
01    14.225    1.439  -11.143   27.296   80.526  129.761    1598607818084
02     9.037    0.420   -9.710 -179.428   32.554 -175.113    1598607818084
01    14.233    1.427  -11.130   27.036   80.464  129.541    1598607818100
02     9.041    0.419   -9.705 -179.429   32.534 -175.127    1598607818100
01    14.246    1.425  -11.119   26.987   80.354  129.456    1598607818115
02     9.044    0.414   -9.704 -179.415   32.519 -175.118    1598607818115
01    14.251    1.428  -11.112   27.142   80.304  129.540    1598607818131
02     9.039    0.413   -9.708 -179.337   32.459 -175.101    1598607818131
01    14.245    1.408  -11.126   26.855   80.409  129.296    1598607818147
02     9.043    0.405   -9.704 -179.287   32.476 -175.046    1598607818147
01    14.245    1.415  -11.129   27.086   80.373  129.410    1598607818162
02     9.046    0.395   -9.703 -179.260   32.462 -175.000    1598607818162
01    14.247    1.415  -11.130   26.790   80.364  129.044    1598607818184
02     9.043    0.390   -9.711 -179.191   32.400 -174.935    1598607818184
01    14.255    1.403  -11.128   26.247   80.332  128.479    1598607818200
02     9.048    0.376   -9.712 -179.196   32.447 -174.877    1598607818200
01    14.260    1.405  -11.123   26.312   80.255  128.497    1598607818216
02     9.048    0.375   -9.724 -179.172   32.424 -174.870    1598607818216
01    14.265    1.403  -11.123   26.176   80.135  128.269    1598607818231
02     9.051    0.370   -9.732 -179.198   32.446 -174.854    1598607818231
01    14.276    1.408  -11.119   26.636   79.991  128.645    1598607818247
02     9.063    0.365   -9.731 -179.285   32.554 -174.853    1598607818247
01    14.275    1.404  -11.134   26.674   80.061  128.576    1598607818263
02     9.068    0.360   -9.741 -179.387   32.566 -174.816    1598607818263
01    14.277    1.411  -11.134   27.111   80.015  128.787    1598607818285
02     9.080    0.363   -9.742 -179.535   32.648 -174.775    1598607818285
01    14.270    1.398  -11.149   27.701   80.169  129.243    1598607818300
02     9.084    0.358   -9.753 -179.775   32.649 -174.671    1598607818300
01    14.260    1.394  -11.159   28.923   80.255  130.141    1598607818316
02     9.082    0.344   -9.789  179.994   32.636 -174.387    1598607818316
01    14.232    1.394  -11.175   31.709   80.634  132.286    1598607818332
02     9.087    0.313   -9.859  179.626   32.997 -173.985    1598607818332
01    14.185    1.425  -11.184   38.141   81.007  137.665    1598607818347
02     9.118    0.281   -9.934  179.085   33.882 -173.690    1598607818347
01    14.047    1.464  -11.212   49.244   81.898  147.750    1598607818363
02     9.133    0.220  -10.083  178.211   35.018 -173.436    1598607818363
01    13.856    1.538  -11.218   70.008   82.402  167.486    1598607818385
02     9.192    0.165  -10.251  176.940   37.218 -173.764    1598607818385
01    13.599    1.676  -11.180   98.219   80.999 -165.919    1598607818401
02     9.331    0.213  -10.421  173.986   40.729 -175.888    1598607818401
01    13.339    1.803  -11.043  118.817   77.488 -147.361    1598607818416
02     9.576    0.410  -10.521  167.132   45.162  178.661    1598607818416
01    13.043    1.849  -10.885  132.925   72.567 -135.330    1598607818432
02     9.900    0.710  -10.497  155.246   48.723  169.736    1598607818432
01    12.737    1.871  -10.763  142.469   67.250 -128.322    1598607818448
02    10.233    1.041  -10.448  139.893   49.385  159.148    1598607818448
01    12.447    1.844  -10.699  149.650   62.675 -123.540    1598607818463
02    10.634    1.354  -10.375  122.500   47.749  148.396    1598607818463
01    12.093    1.823  -10.886  155.081   58.146 -119.550    1598607818485
02    10.764    1.034  -10.399  108.616   47.651  143.802    1598607818485
01    11.989    1.829  -10.903  156.697   56.934 -119.745    1598607818501
02    10.862    1.026  -10.360  105.822   47.509  141.902    1598607818501
01    11.958    1.829  -10.904  157.110   56.888 -120.334    1598607818517
02    10.877    1.007  -10.366  105.420   47.548  143.034    1598607818517
01    11.961    1.775  -10.920  157.205   57.357 -120.340    1598607818532
02    10.882    0.973  -10.386  105.444   47.910  144.232    1598607818532
01    11.979    1.762  -10.934  157.117   57.903 -120.560    1598607818548
02    10.887    0.932  -10.413  105.439   48.297  145.028    1598607818548
01    12.009    1.747  -10.947  156.860   58.454 -120.755    1598607818563
02    10.903    0.907  -10.441  105.219   48.583  145.419    1598607818563
01    12.053    1.754  -10.967  156.102   59.005 -121.204    1598607818586
02    10.935    0.912  -10.463  104.617   48.806  145.213    1598607818586
01    12.088    1.757  -11.020  155.636   59.545 -121.146    1598607818601
02    10.967    0.912  -10.503  103.753   49.154  145.189    1598607818601
01    12.171    1.736  -11.049  154.848   60.495 -120.883    1598607818617
02    11.008    0.924  -10.542  102.381   49.674  144.932    1598607818617
01    12.270    1.725  -11.083  154.109   61.519 -120.202    1598607818633
02    11.082    0.950  -10.572   99.956   50.129  144.102    1598607818633
01    12.366    1.671  -11.163  153.438   62.668 -119.113    1598607818648
02    11.155    0.990  -10.619   96.408   49.738  142.100    1598607818648
01    12.452    1.620  -11.270  151.916   63.936 -119.385    1598607818664
02    11.222    1.058  -10.625   92.840   48.519  139.052    1598607818664
01    12.595    1.611  -11.348  149.123   65.597 -121.558    1598607818686
02    11.181    1.060  -10.685   91.934   47.686  138.610    1598607818686
01    12.789    1.636  -11.423  144.572   67.534 -125.360    1598607818702
02    11.040    0.982  -10.747   96.155   49.010  141.372    1598607818702
01    13.066    1.590  -11.492  136.665   70.723 -131.650    1598607818717
02    10.846    0.861  -10.790  104.928   51.160  147.238    1598607818717
01    13.378    1.483  -11.542  124.818   74.679 -141.410    1598607818733
02    10.658    0.739  -10.768  115.875   52.800  154.687    1598607818733
01    13.694    1.347  -11.530  106.973   78.036 -157.150    1598607818748
02    10.456    0.644  -10.693  127.892   53.032  163.449    1598607818748
01    13.934    1.191  -11.546   86.193   80.097 -176.065    1598607818764
02    10.203    0.531  -10.583  141.043   51.774  173.582    1598607818764
01    14.132    1.033  -11.569   61.929   80.972  161.350    1598607818780
02     9.962    0.420  -10.467  152.176   49.299 -177.762    1598607818780
01    14.381    0.818  -11.518   34.214   79.960  135.605    1598607818802
02     9.809    0.321  -10.325  160.274   46.721 -171.723    1598607818802
01    14.591    0.572  -11.512   12.544   77.783  116.015    1598607818817
02     9.683    0.229  -10.195  167.165   43.606 -167.099    1598607818817
01    14.800    0.393  -11.465   -0.524   74.520  104.733    1598607818833
02     9.541    0.121  -10.120  173.308   39.845 -163.448    1598607818833
01    15.010    0.223  -11.373   -9.076   70.865   97.883    1598607818849
02     9.434    0.017  -10.073  178.522   36.540 -161.248    1598607818849
01    15.157   -0.001  -11.337  -15.557   67.652   93.229    1598607818864
02     9.384   -0.073  -10.013 -176.772   33.861 -159.781    1598607818864
01    15.283   -0.196  -11.272  -20.098   64.664   90.293    1598607818880
02     9.383   -0.146   -9.908 -171.936   31.093 -158.341    1598607818880
01    15.312   -0.235  -11.302  -21.979   62.987   89.005    1598607818902
02     9.317   -0.236   -9.866 -167.839   27.328 -157.151    1598607818902
01    15.335   -0.271  -11.326  -22.963   61.892   88.277    1598607818918
02     9.240   -0.355   -9.897 -164.885   24.255 -156.332    1598607818918
01    15.374   -0.244  -11.315  -22.519   61.007   88.618    1598607818933
02     9.247   -0.442   -9.875 -162.397   22.829 -156.045    1598607818933
01    15.377   -0.270  -11.337  -22.584   60.430   88.388    1598607818949
02     9.267   -0.512   -9.831 -160.411   21.654 -155.930    1598607818949
01    15.385   -0.254  -11.343  -21.950   60.021   88.821    1598607818965
02     9.265   -0.552   -9.801 -159.062   20.393 -156.166    1598607818965
01    15.404   -0.242  -11.312  -21.167   59.531   89.531    1598607818980
02     9.266   -0.568   -9.755 -158.140   19.449 -156.366    1598607818980
01    15.385   -0.231  -11.327  -21.152   59.660   89.523    1598607818987
02     9.256   -0.562   -9.706 -157.816   18.663 -156.625    1598607818987
01    15.359   -0.211  -11.355  -20.867   60.016   89.892    1598607819018
02     9.221   -0.558   -9.686 -158.097   17.706 -157.078    1598607819018
01    15.335   -0.143  -11.375  -19.584   60.392   91.055    1598607819034
02     9.183   -0.551   -9.680 -158.431   17.029 -157.612    1598607819034
01    15.321   -0.074  -11.382  -18.314   60.697   92.208    1598607819049
02     9.158   -0.542   -9.679 -158.729   16.807 -158.063    1598607819049
01    15.312   -0.045  -11.391  -17.349   60.976   93.160    1598607819065
02     9.144   -0.534   -9.675 -158.975   16.751 -158.376    1598607819065
01    15.307    0.031  -11.388  -15.691   61.196   94.501    1598607819081
02     9.138   -0.519   -9.669 -159.011   16.750 -158.652    1598607819081
01    15.312    0.071  -11.371  -14.638   61.287   95.290    1598607819103
02     9.136   -0.508   -9.661 -159.084   16.837 -158.724    1598607819103
01    15.306    0.092  -11.379  -14.069   61.628   95.755    1598607819118
02     9.138   -0.496   -9.642 -159.194   16.962 -158.683    1598607819118
01    15.293    0.110  -11.373  -13.526   61.870   96.165    1598607819134
02     9.136   -0.487   -9.623 -159.342   16.905 -158.699    1598607819134
01    15.277    0.119  -11.373  -13.215   62.066   96.487    1598607819150
02     9.124   -0.476   -9.608 -159.565   16.713 -158.799    1598607819150
01    15.264    0.152  -11.374  -12.473   62.311   97.126    1598607819165
02     9.111   -0.472   -9.586 -159.757   16.581 -158.916    1598607819165
01    15.228    0.284  -11.371  -10.388   62.800   98.836    1598607819181
02     9.104   -0.462   -9.565 -159.976   16.541 -159.157    1598607819181
01    15.146    0.415  -11.423   -7.603   64.056  101.235    1598607819187
02     9.084   -0.447   -9.562 -160.324   16.418 -159.572    1598607819187
01    15.057    0.600  -11.456   -2.179   65.877  106.115    1598607819219
02     9.059   -0.405   -9.568 -161.066   16.500 -160.042    1598607819219
01    14.944    0.736  -11.524    3.787   67.860  111.537    1598607819234
02     9.024   -0.320   -9.591 -162.753   16.931 -160.527    1598607819234
01    14.777    0.945  -11.579   11.260   70.184  117.650    1598607819250
02     8.914   -0.235   -9.698 -166.518   17.403 -160.673    1598607819250
01    14.572    1.098  -11.618   21.356   73.178  126.467    1598607819265
02     8.748   -0.184   -9.940 -171.494   19.052 -160.245    1598607819265
01    14.241    1.296  -11.656   40.448   76.271  143.740    1598607819281
02     8.686   -0.060  -10.237 -177.036   23.363 -160.393    1598607819281
01    13.898    1.483  -11.568   70.156   77.538  171.248    1598607819288
02     8.748    0.098  -10.548  176.480   28.946 -160.981    1598607819288
01    13.521    1.646  -11.393  101.902   75.033 -159.573    1598607819319
02     8.974    0.321  -10.826  167.163   36.106 -164.600    1598607819319
01    13.169    1.698  -11.099  122.464   70.171 -141.605    1598607819334
02     9.446    0.592  -11.005  151.317   44.797 -174.809    1598607819334
01    12.759    1.662  -10.959  138.143   64.337 -128.297    1598607819350
02    10.254    0.829  -10.918  122.742   52.375  162.269    1598607819350
01    12.305    1.589  -11.225  150.166   59.431 -117.696    1598607819366
02    10.725    0.906  -10.821   96.344   52.047  143.888    1598607819366
01    12.224    1.626  -11.211  153.500   58.594 -116.038    1598607819381
02    10.865    0.880  -10.827   91.532   51.572  142.561    1598607819381
01    12.167    1.610  -11.236  155.472   58.508 -114.905    1598607819388
02    10.934    0.853  -10.824   89.562   51.557  140.935    1598607819388
01    12.180    1.606  -11.210  155.843   59.098 -115.087    1598607819404
02    10.978    0.832  -10.821   88.576   51.560  139.409    1598607819404
01    12.194    1.643  -11.194  155.216   59.354 -115.987    1598607819435
02    11.015    0.823  -10.830   87.815   51.258  138.005    1598607819435
01    12.213    1.664  -11.196  154.388   59.520 -116.729    1598607819450
02    11.053    0.833  -10.844   86.966   50.895  136.500    1598607819450
01    12.247    1.698  -11.197  153.196   59.776 -117.687    1598607819466
02    11.095    0.860  -10.859   86.008   50.459  135.383    1598607819466
01    12.277    1.727  -11.215  151.978   60.116 -118.453    1598607819482
02    11.125    0.903  -10.887   85.437   50.197  135.020    1598607819482
01    12.318    1.768  -11.228  150.350   60.435 -119.621    1598607819488
02    11.159    0.958  -10.903   84.864   49.926  134.736    1598607819488
01    12.348    1.790  -11.247  148.909   60.633 -120.522    1598607819504
02    11.183    0.986  -10.929   84.687   49.891  134.829    1598607819504
01    12.382    1.789  -11.242  147.682   60.945 -121.401    1598607819535
02    11.178    1.018  -10.963   85.382   49.754  135.218    1598607819535
01    12.406    1.802  -11.232  146.904   61.070 -122.254    1598607819551
02    11.171    1.031  -10.978   86.229   49.602  135.349    1598607819551
01    12.407    1.833  -11.231  146.452   60.859 -122.933    1598607819566
02    11.167    1.040  -10.992   86.971   49.439  135.474    1598607819566
01    12.403    1.852  -11.235  146.306   60.715 -123.188    1598607819582
02    11.164    1.039  -11.006   87.297   49.428  135.395    1598607819582
01    12.404    1.852  -11.240  146.183   60.697 -123.210    1598607819588
02    11.153    1.036  -11.028   87.513   49.535  135.380    1598607819588
01    12.395    1.848  -11.255  146.288   60.678 -122.946    1598607819604
02    11.149    1.031  -11.041   87.445   49.737  135.201    1598607819604
01    12.391    1.832  -11.264  146.482   60.768 -122.535    1598607819635
02    11.149    1.026  -11.044   87.247   49.911  134.975    1598607819635
01    12.383    1.808  -11.272  146.686   60.845 -122.118    1598607819651
02    11.142    1.004  -11.047   87.103   50.161  134.885    1598607819651
01    12.366    1.800  -11.282  146.968   60.826 -121.779    1598607819667
02    11.124    0.984  -11.054   87.176   50.377  134.944    1598607819667
01    12.356    1.776  -11.287  147.261   60.884 -121.373    1598607819682
02    11.108    0.972  -11.062   87.325   50.543  135.084    1598607819682
01    12.344    1.747  -11.300  147.632   60.933 -120.907    1598607819689
02    11.098    0.948  -11.065   87.428   50.786  135.281    1598607819689
01    12.333    1.709  -11.317  148.114   61.031 -120.270    1598607819704
02    11.098    0.929  -11.057   87.428   51.077  135.486    1598607819704
01    12.343    1.646  -11.327  148.653   61.331 -119.236    1598607819736
02    11.098    0.909  -11.051   87.439   51.487  135.950    1598607819736
01    12.354    1.590  -11.350  149.398   61.680 -117.751    1598607819751
02    11.093    0.861  -11.052   87.609   52.400  137.385    1598607819751
01    12.381    1.513  -11.386  150.485   62.222 -115.588    1598607819767
02    11.093    0.794  -11.063   87.526   53.659  139.005    1598607819767
01    12.345    1.317  -11.569  152.495   62.541 -111.960    1598607819783
02    11.010    0.677  -11.161   88.646   55.343  140.737    1598607819783
01    12.462    1.250  -11.753  152.897   64.974 -111.222    1598607819789
02    10.884    0.606  -11.191   92.506   55.766  141.418    1598607819789
01    12.790    1.085  -11.935  148.948   70.310 -113.611    1598607819805
02    10.570    0.363  -11.142  108.595   57.769  152.926    1598607819805
01    13.413    0.847  -11.902  128.235   79.525 -131.819    1598607819836
02    10.334    0.138  -10.880  135.573   57.538  172.397    1598607819836
01    14.104    0.523  -11.740   49.312   83.709  152.377    1598607819852
02    10.075   -0.043  -10.494  158.534   52.737 -170.816    1598607819852
01    14.557    0.202  -11.672    4.268   78.855  110.207    1598607819867
02     9.813   -0.252  -10.090  173.908   45.423 -160.333    1598607819867
01    14.802   -0.079  -11.640  -11.422   74.293   96.730    1598607819883
02     9.645   -0.270   -9.783 -177.851   37.974 -156.962    1598607819883
01    14.839   -0.232  -11.713  -18.727   72.091   90.758    1598607819889
02     9.392   -0.282   -9.731 -173.526   29.627 -155.467    1598607819889
01    14.874   -0.336  -11.734  -22.561   70.537   87.399    1598607819905
02     9.175   -0.392   -9.783 -171.157   23.739 -154.799    1598607819905
01    14.896   -0.312  -11.743  -23.022   69.464   86.681    1598607819921
02     9.056   -0.528   -9.834 -168.810   20.855 -154.769    1598607819921
01    14.933   -0.371  -11.720  -23.592   68.301   86.015    1598607819952
02     9.027   -0.605   -9.842 -166.588   20.020 -154.905    1598607819952
01    14.963   -0.407  -11.704  -24.642   67.168   84.744    1598607819967
02     9.016   -0.651   -9.840 -165.079   19.534 -154.712    1598607819967
01    14.972   -0.525  -11.701  -26.948   66.100   82.674    1598607819983
02     9.020   -0.696   -9.824 -163.840   19.211 -154.173    1598607819983
01    15.020   -0.621  -11.659  -28.144   64.852   81.801    1598607819990
02     9.017   -0.740   -9.824 -162.703   18.612 -153.747    1598607819990
01    15.068   -0.606  -11.619  -27.832   63.814   81.957    1598607820005
02     9.019   -0.762   -9.818 -161.844   18.194 -153.475    1598607820005
01    15.087   -0.582  -11.619  -27.093   63.305   82.782    1598607820021
02     9.028   -0.751   -9.809 -161.231   17.865 -153.352    1598607820021
01    15.119   -0.599  -11.620  -26.684   62.661   83.390    1598607820052
02     9.041   -0.748   -9.784 -160.902   17.420 -153.049    1598607820052
01    15.124   -0.577  -11.636  -25.882   62.362   84.132    1598607820068
02     9.054   -0.736   -9.747 -160.614   16.760 -152.949    1598607820068
01    15.136   -0.596  -11.630  -25.702   61.825   84.293    1598607820083
02     9.049   -0.733   -9.714 -160.404   15.817 -152.970    1598607820083
01    15.126   -0.620  -11.661  -26.381   61.746   83.641    1598607820090
02     9.042   -0.734   -9.679 -160.103   14.928 -153.021    1598607820090
01    15.139   -0.618  -11.648  -26.095   61.433   83.847    1598607820106
02     9.024   -0.736   -9.639 -159.865   13.997 -153.140    1598607820106
01    15.119   -0.579  -11.659  -25.476   61.569   84.167    1598607820121
02     8.991   -0.743   -9.610 -159.746   13.081 -153.341    1598607820121
01    15.086   -0.529  -11.693  -24.731   61.934   84.726    1598607820152
02     8.952   -0.763   -9.601 -159.694   12.491 -153.509    1598607820152
01    15.057   -0.488  -11.708  -23.742   62.127   85.636    1598607820168
02     8.924   -0.755   -9.603 -159.674   12.410 -153.908    1598607820168
01    15.042   -0.471  -11.706  -23.240   62.302   86.257    1598607820184
02     8.900   -0.734   -9.603 -159.942   12.565 -154.233    1598607820184
01    14.997   -0.428  -11.735  -22.853   62.995   86.568    1598607820190
02     8.888   -0.680   -9.587 -160.701   13.024 -154.663    1598607820190
01    14.811   -0.230  -11.853  -21.617   65.169   87.479    1598607820206
02     8.850   -0.550   -9.573 -163.135   13.665 -155.238    1598607820206
01    14.435    0.275  -12.025  -13.732   71.218   94.041    1598607820222
02     8.639   -0.313   -9.677 -168.721   13.773 -155.409    1598607820222
01    13.932    0.818  -12.101   15.636   79.857  120.927    1598607820237
02     8.328   -0.076  -10.026 -177.051   15.658 -155.112    1598607820253
01    13.398    1.282  -11.899   90.922   80.185 -167.358    1598607820268
02     8.135    0.281  -10.569  171.663   20.826 -155.095    1598607820268
01    12.957    1.426  -11.413  126.290   71.701 -135.277    1598607820284
02     8.411    0.603  -11.082  155.752   31.098 -159.673    1598607820284
01    12.543    1.514  -10.889  143.112   61.909 -121.805    1598607820290
02     9.726    0.770  -11.019  123.322   47.499  177.021    1598607820290
01    12.021    1.476  -11.179  154.374   54.821 -111.535    1598607820306
02    10.308    0.989  -10.819  101.169   50.120  158.971    1598607820306
01    11.728    1.419  -11.416  159.268   51.754 -105.696    1598607820322
02    10.406    0.917  -10.823   94.235   51.198  156.881    1598607820322
01    11.657    1.323  -11.512  160.480   52.037 -103.902    1598607820337
02    10.460    0.865  -10.847   92.049   51.750  155.141    1598607820337
01    11.678    1.313  -11.543  160.714   53.002 -104.219    1598607820369
02    10.500    0.843  -10.886   91.446   51.654  153.886    1598607820369
01    11.720    1.333  -11.580  160.692   53.890 -104.547    1598607820384
02    10.552    0.811  -10.935   90.494   51.934  152.397    1598607820384
01    11.803    1.343  -11.617  160.423   55.183 -104.150    1598607820391
02    10.621    0.789  -10.995   88.473   52.551  150.138    1598607820391
01    11.914    1.336  -11.663  159.882   56.643 -103.004    1598607820406
02    10.711    0.782  -11.054   85.476   53.031  147.182    1598607820406
01    12.003    1.244  -11.770  160.157   58.119 -100.886    1598607820422
02    10.808    0.781  -11.123   82.701   53.267  143.989    1598607820422
01    12.091    1.074  -11.945  161.638   60.472  -98.104    1598607820438
02    10.873    0.849  -11.192   81.200   52.424  141.232    1598607820438
01    12.279    0.901  -12.094  162.484   64.436  -96.211    1598607820469
02    10.776    0.914  -11.281   85.155   52.080  142.777    1598607820469
01    12.615    0.699  -12.195  162.278   70.004  -95.229    1598607820485
02    10.566    0.927  -11.286   96.051   52.747  150.604    1598607820485
01    13.084    0.474  -12.259  161.818   76.057  -94.427    1598607820491
02    10.313    0.889  -11.210  110.555   52.776  161.443    1598607820491
01    13.508    0.254  -12.273  161.877   83.201  -92.731    1598607820507
02    10.051    0.796  -11.092  125.171   51.571  172.578    1598607820507
01    13.792    0.049  -12.265 -166.385   88.687  -59.385    1598607820522
02     9.800    0.695  -10.979  137.221   49.134 -178.662    1598607820522
01    13.993   -0.117  -12.276  -48.333   86.467   59.927    1598607820538
02     9.572    0.558  -10.832  147.763   46.008 -171.728    1598607820538
01    14.188   -0.262  -12.246  -40.676   82.633   68.764    1598607820569
02     9.359    0.398  -10.681  156.769   42.311 -166.541    1598607820569
01    14.389   -0.435  -12.221  -39.481   78.714   71.363    1598607820585
02     9.202    0.195  -10.544  164.888   38.469 -162.762    1598607820585
01    14.602   -0.631  -12.160  -39.439   74.524   73.009    1598607820591
02     9.107   -0.003  -10.437  172.683   34.499 -160.682    1598607820591
01    14.755   -0.773  -12.125  -39.085   70.930   74.865    1598607820607
02     9.057   -0.126  -10.364 -179.970   30.443 -160.079    1598607820607
01    14.845   -0.875  -12.127  -39.840   68.071   75.361    1598607820623
02     9.015   -0.153  -10.317 -173.901   26.239 -159.825    1598607820623
01    14.907   -0.982  -12.111  -40.681   65.607   75.437    1598607820638
02     8.958   -0.146  -10.291 -170.349   22.587 -159.442    1598607820638
01    14.946   -1.046  -12.118  -41.519   63.819   74.850    1598607820654
02     8.888   -0.170  -10.299 -168.384   19.664 -159.057    1598607820654
01    15.002   -0.988  -12.100  -40.619   62.491   75.332    1598607820685
02     8.825   -0.225  -10.331 -166.790   17.645 -158.858    1598607820685
01    15.022   -1.023  -12.092  -40.845   61.287   75.144    1598607820691
02     8.792   -0.275  -10.361 -165.244   16.668 -158.646    1598607820691
01    15.043   -1.054  -12.081  -41.188   60.527   74.997    1598607820707
02     8.774   -0.305  -10.386 -164.286   16.364 -158.360    1598607820707
01    15.011   -1.066  -12.121  -41.800   60.577   74.502    1598607820723
02     8.763   -0.317  -10.414 -163.778   16.575 -158.107    1598607820723
01    14.975   -1.023  -12.156  -41.529   60.971   74.587    1598607820738
02     8.746   -0.331  -10.449 -163.596   16.953 -157.869    1598607820738
01    14.931   -0.981  -12.172  -41.498   61.554   74.209    1598607820754
02     8.741   -0.315  -10.458 -163.720   17.907 -157.726    1598607820754
01    14.865   -0.984  -12.198  -42.327   62.142   72.741    1598607820785
02     8.777   -0.278  -10.410 -164.622   19.394 -157.508    1598607820785
01    14.749   -0.965  -12.261  -43.989   63.133   69.472    1598607820792
02     8.782   -0.265  -10.342 -165.615   19.663 -157.167    1598607820792
01    14.627   -1.007  -12.296  -46.849   64.133   64.822    1598607820807
02     8.777   -0.275  -10.249 -166.368   19.617 -156.508    1598607820807
01    14.455   -1.030  -12.351  -50.516   65.595   58.989    1598607820823
02     8.764   -0.295  -10.137 -167.491   19.498 -155.463    1598607820823
01    14.170   -1.066  -12.429  -56.475   67.217   50.467    1598607820838
02     8.743   -0.308   -9.963 -169.311   19.601 -154.168    1598607820838
01    13.902   -1.120  -12.410  -64.942   68.609   39.459    1598607820854
02     8.641   -0.375   -9.852 -171.798   19.279 -152.575    1598607820854
01    13.643   -1.183  -12.353  -74.769   69.199   27.716    1598607820885
02     8.626   -0.433   -9.696 -173.440   20.091 -151.729    1598607820885
01    13.517   -1.272  -12.288  -79.394   68.526   21.946    1598607820892
02     8.609   -0.463   -9.523 -174.899   20.546 -151.191    1598607820892
01    13.428   -1.309  -12.243  -81.338   68.155   19.465    1598607820907
02     8.547   -0.471   -9.400 -175.921   20.123 -151.220    1598607820907
01    13.310   -1.283  -12.227  -83.249   68.606   17.036    1598607820923
02     8.447   -0.417   -9.344 -177.225   19.410 -151.773    1598607820923
01    13.176   -1.170  -12.206  -86.037   69.573   13.561    1598607820939
02     8.299   -0.308   -9.376 -179.637   18.620 -152.387    1598607820939
01    12.925   -0.799  -12.170  -95.105   72.482    3.476    1598607820954
02     8.078   -0.122   -9.577  174.782   18.784 -152.339    1598607820954
01    12.514   -0.200  -11.966 -126.245   75.753  -28.791    1598607820986
02     7.977    0.081   -9.869  165.815   23.113 -152.558    1598607820986
01    12.174    0.322  -11.371 -166.115   72.114  -69.460    1598607820992
02     8.122    0.241  -10.203  154.286   31.690 -156.021    1598607820992
01    11.990    0.556  -10.479  174.620   63.045  -89.224    1598607821008
02     8.697    0.301  -10.380  135.951   44.412 -169.119    1598607821008
01    11.156    0.609  -10.728  170.413   44.860  -93.959    1598607821023
02     9.306    0.425  -10.169  115.668   49.550  173.927    1598607821023
01    10.735    0.650  -10.941  171.637   37.537  -93.298    1598607821039
02     9.480    0.413  -10.177  110.899   50.323  172.825    1598607821039
01    10.595    0.679  -11.048  171.517   36.040  -93.796    1598607821055
02     9.595    0.385  -10.201  108.583   50.866  169.091    1598607821055
01    10.575    0.696  -11.120  171.496   36.612  -94.711    1598607821070
02     9.688    0.339  -10.249  106.916   50.989  164.971    1598607821070
01    10.606    0.715  -11.202  171.627   37.742  -95.499    1598607821092
02     9.787    0.298  -10.313  105.104   50.981  160.730    1598607821092
01    10.681    0.735  -11.296  171.869   39.478  -95.393    1598607821108
02     9.903    0.243  -10.420  102.730   51.491  156.578    1598607821108
01    10.797    0.716  -11.402  172.377   41.658  -93.678    1598607821124
02    10.045    0.180  -10.560   99.461   52.584  152.141    1598607821124
01    10.975    0.682  -11.484  172.541   44.377  -91.090    1598607821139
02    10.240    0.128  -10.701   94.699   54.008  146.562    1598607821139
01    11.148    0.588  -11.587  172.466   46.663  -87.832    1598607821155
02    10.405    0.087  -10.853   90.490   55.134  142.003    1598607821155
01    11.276    0.501  -11.737  172.708   48.132  -85.412    1598607821171
02    10.349    0.073  -11.026   94.253   55.844  144.649    1598607821171
01    11.352    0.382  -12.080  173.328   50.353  -82.766    1598607821193
02    10.213    0.117  -11.019  107.034   55.792  153.614    1598607821193
01    11.792    0.065  -12.513  174.853   57.450  -79.009    1598607821208
02    10.034    0.148  -10.784  125.268   54.187  168.632    1598607821208
01    12.684   -0.302  -12.547 -178.684   70.835  -70.718    1598607821224
02     9.800    0.194  -10.456  142.459   49.340 -176.948    1598607821224
01    13.534   -0.550  -12.410 -129.382   83.901  -19.777    1598607821240
02     9.522    0.179  -10.165  154.955   42.226 -166.587    1598607821240
01    14.068   -0.752  -12.299  -57.327   79.811   53.906    1598607821255
02     9.195    0.165  -10.061  164.604   32.295 -159.797    1598607821255
01    14.340   -0.835  -12.293  -48.455   75.144   63.561    1598607821271
02     8.920    0.147  -10.101  169.948   24.967 -157.284    1598607821271
01    14.522   -0.909  -12.286  -45.544   71.975   67.093    1598607821293
02     8.780    0.088  -10.155  173.459   21.959 -156.717    1598607821293
01    14.648   -0.929  -12.304  -43.538   70.326   69.512    1598607821309
02     8.710    0.017  -10.213  176.756   20.690 -156.826    1598607821309
01    14.726   -0.936  -12.333  -42.679   69.445   70.987    1598607821324
02     8.682   -0.038  -10.264  179.492   20.179 -157.123    1598607821324
01    14.760   -0.959  -12.346  -42.841   68.865   71.452    1598607821340
02     8.667   -0.054  -10.311 -179.092   19.839 -157.302    1598607821340
01    14.737   -0.918  -12.415  -43.657   69.314   70.789    1598607821355
02     8.657    0.014  -10.347 -179.835   19.813 -157.497    1598607821355
01    14.634   -0.822  -12.508  -44.550   70.810   69.747    1598607821371
02     8.587    0.155  -10.451  176.970   19.278 -156.974    1598607821371
01    14.400   -0.480  -12.635  -42.930   75.135   70.149    1598607821393
02     8.357    0.412  -10.833  172.029   19.632 -155.949    1598607821393
01    14.113   -0.010  -12.668  -35.834   81.925   75.483    1598607821409
02     8.373    0.688  -11.289  164.768   25.125 -156.046    1598607821409
01    13.778    0.496  -12.558   74.748   88.156 -176.195    1598607821424
02     8.750    0.859  -11.583  153.884   34.176 -160.296    1598607821424
01    13.389    0.755  -12.383  137.035   80.264 -115.674    1598607821440
02     9.483    0.898  -11.614  137.755   45.082 -170.712    1598607821440
01    12.996    0.825  -12.277  150.797   73.310 -103.655    1598607821456
02    10.205    0.864  -11.564  110.466   53.828  167.338    1598607821456
01    12.626    0.728  -12.350  161.804   68.108  -92.425    1598607821471
02    10.611    0.979  -11.559   86.673   53.591  149.461    1598607821471
01    12.481    0.671  -12.342  166.595   66.715  -87.304    1598607821494
02    10.810    0.921  -11.584   79.278   55.127  144.308    1598607821494
01    12.394    0.561  -12.366  170.308   66.481  -82.431    1598607821509
02    10.905    0.879  -11.619   75.768   56.242  141.243    1598607821509
01    12.378    0.454  -12.367  173.896   67.252  -78.205    1598607821525
02    10.890    0.892  -11.670   76.979   57.072  141.002    1598607821525
01    12.393    0.286  -12.430  178.975   68.498  -72.046    1598607821540
02    10.660    0.895  -11.792   86.449   59.001  146.922    1598607821540
01    12.522    0.002  -12.534 -171.871   71.582  -61.282    1598607821556
02    10.324    0.738  -11.819  107.747   61.589  160.619    1598607821556
01    12.911   -0.287  -12.499 -151.220   77.511  -39.447    1598607821572
02    10.020    0.580  -11.635  135.810   60.683  179.326    1598607821572
01    13.389   -0.470  -12.364 -103.866   80.878    8.885    1598607821594
02     9.772    0.399  -11.231  159.168   55.586 -165.662    1598607821594
01    13.853   -0.551  -12.269  -58.411   76.892   55.343    1598607821609
02     9.589    0.221  -10.704  175.507   47.880 -157.291    1598607821609
01    14.110   -0.548  -12.241  -43.681   72.235   70.595    1598607821625
02     9.290    0.221  -10.152 -174.874   37.045 -154.352    1598607821625
01    14.221   -0.518  -12.231  -37.910   69.810   76.848    1598607821641
02     8.882    0.251   -9.833 -172.744   26.557 -153.481    1598607821641
01    14.256   -0.452  -12.221  -33.966   69.002   80.882    1598607821656
02     8.537    0.242   -9.712 -172.891   19.341 -152.948    1598607821656
01    14.264   -0.398  -12.208  -30.918   68.872   83.667    1598607821672
02     8.315    0.140   -9.672 -172.251   15.349 -152.831    1598607821672
01    14.272   -0.375  -12.178  -29.025   68.697   85.097    1598607821694
02     8.211    0.018   -9.662 -170.594   13.842 -153.126    1598607821694
01    14.253   -0.363  -12.188  -28.381   68.865   85.257    1598607821710
02     8.184   -0.062   -9.656 -169.307   13.664 -153.338    1598607821710
01    14.229   -0.343  -12.202  -28.222   69.128   84.760    1598607821725
02     8.160   -0.125   -9.674 -168.739   13.487 -153.333    1598607821725
01    14.194   -0.334  -12.227  -28.830   69.588   83.580    1598607821741
02     8.105   -0.168   -9.753 -168.871   13.424 -153.221    1598607821741
01    14.138   -0.289  -12.254  -29.152   70.693   82.722    1598607821757
02     8.029   -0.186   -9.908 -169.720   14.029 -152.758    1598607821757
01    14.038   -0.215  -12.301  -28.966   72.904   82.317    1598607821772
02     7.951   -0.203  -10.144 -171.333   15.740 -151.764    1598607821772
01    13.901   -0.058  -12.338  -25.590   76.451   84.852    1598607821794
02     7.912   -0.214  -10.450 -173.618   19.064 -150.583    1598607821794
01    13.592    0.284  -12.372  -14.070   81.676   95.260    1598607821810
02     7.993   -0.220  -10.762 -176.570   24.628 -149.757    1598607821810
01    13.240    0.607  -12.327   71.307   85.879  178.984    1598607821826
02     8.219   -0.185  -11.032  179.320   32.269 -150.665    1598607821826
01    12.926    0.771  -12.272  122.676   80.006 -131.500    1598607821841
02     8.606   -0.083  -11.232  172.748   41.808 -154.088    1598607821841
01    12.677    0.891  -12.126  134.738   74.042 -121.493    1598607821857
02     9.143    0.123  -11.337  157.734   52.843 -164.106    1598607821857
01    12.454    0.950  -11.880  142.587   68.222 -115.803    1598607821872
02     9.810    0.390  -11.341  129.286   58.923  175.021    1598607821872
01    12.005    0.942  -11.912  151.721   60.019 -108.138    1598607821895
02    10.114    0.568  -11.354  106.170   56.703  159.264    1598607821895
01    11.735    0.983  -11.890  155.344   56.497 -107.374    1598607821910
02    10.238    0.559  -11.343  103.103   55.466  158.781    1598607821910
01    11.566    0.972  -11.919  157.659   54.883 -105.886    1598607821926
02    10.257    0.493  -11.348  103.773   55.398  160.785    1598607821926
01    11.511    0.939  -11.945  158.888   55.053 -104.874    1598607821942
02    10.290    0.430  -11.348  103.337   55.869  160.496    1598607821942
01    11.509    0.906  -11.992  159.678   55.876 -103.881    1598607821957
02    10.317    0.380  -11.379  102.275   56.524  159.682    1598607821957
01    11.568    0.846  -12.024  160.218   57.570 -102.705    1598607821973
02    10.372    0.325  -11.411  100.041   57.694  157.527    1598607821973
01    11.650    0.798  -12.052  160.439   59.319 -101.759    1598607821995
02    10.435    0.274  -11.456   97.057   58.804  154.663    1598607821995
01    11.754    0.746  -12.088  160.646   61.137 -100.521    1598607822011
02    10.532    0.234  -11.506   93.070   59.833  151.050    1598607822011
01    11.887    0.639  -12.133  161.485   63.398  -97.789    1598607822026
02    10.588    0.210  -11.591   89.752   60.683  148.080    1598607822026
01    12.007    0.471  -12.283  163.415   66.091  -94.444    1598607822042
02    10.471    0.219  -11.708   92.393   60.919  146.865    1598607822042
01    12.312    0.292  -12.451  162.768   71.771  -93.381    1598607822057
02    10.180    0.047  -11.666  112.495   62.305  161.378    1598607822057
01    13.056    0.007  -12.365  153.956   82.278  -99.877    1598607822073
02     9.909   -0.010  -11.418  140.368   59.718 -177.909    1598607822073
01    13.743   -0.207  -12.264    6.058   85.140  114.837    1598607822095
02     9.642   -0.033  -11.007  160.470   53.056 -163.418    1598607822095
01    14.044   -0.345  -12.281  -11.396   78.537   99.100    1598607822111
02     9.335   -0.102  -10.573  174.485   42.385 -154.109    1598607822111
01    14.123   -0.444  -12.319  -18.728   75.906   92.856    1598607822126
02     8.933   -0.110  -10.241  179.343   32.256 -151.047    1598607822126
01    14.130   -0.523  -12.353  -23.902   74.812   88.294    1598607822142
02     8.566   -0.087  -10.184  179.837   25.012 -149.576    1598607822142
01    14.136   -0.591  -12.375  -27.779   74.116   84.469    1598607822158
02     8.372   -0.107  -10.219  179.679   22.142 -148.557    1598607822158
01    14.133   -0.624  -12.405  -30.268   73.763   81.757    1598607822173
02     8.327   -0.195  -10.215 -179.095   21.674 -148.021    1598607822173
01    14.096   -0.648  -12.452  -32.758   73.875   79.013    1598607822195
02     8.316   -0.292  -10.199 -177.074   21.422 -147.854    1598607822195
01    14.080   -0.714  -12.456  -35.872   73.743   75.939    1598607822211
02     8.328   -0.356  -10.165 -175.411   21.353 -147.822    1598607822211
01    14.037   -0.706  -12.461  -38.210   74.161   73.522    1598607822227
02     8.320   -0.332  -10.143 -175.110   21.100 -147.863    1598607822227
01    13.852   -0.545  -12.535  -40.638   76.617   70.679    1598607822242
02     8.234   -0.235  -10.210 -177.450   20.560 -147.445    1598607822242
01    13.527   -0.173  -12.576  -42.391   82.123   67.855    1598607822258
02     7.990   -0.107  -10.520  177.183   20.411 -148.518    1598607822258
01    13.182    0.280  -12.424  153.552   89.870  -97.754    1598607822274
02     7.990    0.100  -10.861  169.205   26.207 -149.203    1598607822274
01    12.759    0.696  -12.053  143.771   78.292 -108.923    1598607822296
02     8.339    0.270  -11.084  156.998   36.635 -153.398    1598607822296
01    12.329    0.890  -11.646  149.391   65.971 -104.110    1598607822311
02     8.928    0.366  -11.184  137.618   48.620 -166.735    1598607822311
01    11.747    0.932  -11.808  156.272   56.128  -96.833    1598607822327
02     9.388    0.545  -11.206  114.972   54.151  172.266    1598607822327
01    11.464    0.882  -11.907  160.452   53.894  -92.925    1598607822343
02     9.661    0.519  -11.288  104.606   56.128  164.559    1598607822343
01    11.367    0.781  -11.936  163.040   54.519  -89.796    1598607822358
02     9.819    0.471  -11.348  100.449   58.117  160.498    1598607822358
01    11.355    0.675  -11.929  164.968   55.844  -87.059    1598607822374
02     9.914    0.421  -11.375   97.998   59.730  157.518    1598607822374
01    11.363    0.592  -11.919  166.565   56.997  -84.719    1598607822396
02     9.964    0.368  -11.391   96.845   61.025  155.937    1598607822396
01    11.364    0.473  -11.955  168.631   58.042  -81.660    1598607822412
02     9.994    0.316  -11.405   96.286   62.118  154.858    1598607822412
01    11.366    0.308  -12.060  171.434   59.292  -78.284    1598607822427
02     9.992    0.296  -11.424   98.011   62.677  154.482    1598607822427
01    11.454    0.097  -12.226  175.023   62.360  -74.198    1598607822443
02     9.877    0.308  -11.436  105.265   62.064  158.839    1598607822443
01    11.742   -0.132  -12.339  179.183   68.575  -69.803    1598607822459
02     9.694    0.221  -11.304  121.511   60.908  170.423    1598607822459
01    12.189   -0.296  -12.314 -172.525   76.698  -61.525    1598607822474
02     9.484    0.103  -11.022  142.228   57.273 -174.429    1598607822474
01    12.724   -0.503  -12.255 -139.020   83.465  -27.473    1598607822496
02     9.256   -0.072  -10.618  161.367   50.541 -161.240    1598607822496
01    13.092   -0.604  -12.250  -73.907   83.138   37.962    1598607822512
02     8.791   -0.390  -10.194  178.943   37.548 -151.438    1598607822512
01    13.302   -0.740  -12.220  -57.294   79.252   55.072    1598607822528
02     8.423   -0.578   -9.968 -173.033   28.288 -149.542    1598607822528
01    13.388   -0.811  -12.241  -53.960   76.822   58.465    1598607822543
02     8.278   -0.623   -9.782 -169.814   23.511 -149.337    1598607822543
01    13.445   -0.833  -12.244  -51.596   75.406   60.499    1598607822559
02     8.180   -0.683   -9.652 -168.313   19.516 -149.267    1598607822559
01    13.515   -0.816  -12.227  -48.425   74.424   63.307    1598607822574
02     8.095   -0.751   -9.581 -166.746   16.030 -149.804    1598607822574
01    13.564   -0.792  -12.220  -46.121   73.814   65.321    1598607822597
02     8.063   -0.785   -9.521 -165.464   13.786 -150.355    1598607822597
01    13.614   -0.802  -12.224  -45.233   73.290   66.198    1598607822612
02     8.057   -0.766   -9.463 -164.847   12.016 -150.729    1598607822612
01    13.620   -0.799  -12.262  -45.170   73.151   66.338    1598607822628
02     8.022   -0.743   -9.435 -165.013   10.100 -150.759    1598607822628
01    13.638   -0.809  -12.287  -45.352   72.989   66.370    1598607822643
02     7.977   -0.719   -9.446 -165.640    8.652 -150.653    1598607822643
01    13.640   -0.809  -12.319  -45.495   73.070   66.424    1598607822659
02     7.935   -0.711   -9.487 -166.217    7.797 -150.574    1598607822659
01    13.653   -0.803  -12.333  -45.137   73.119   66.685    1598607822675
02     7.928   -0.722   -9.519 -166.342    7.675 -150.530    1598607822675
01    13.654   -0.762  -12.360  -44.333   73.636   67.187    1598607822697
02     7.922   -0.745   -9.562 -166.194    7.751 -150.519    1598607822697
01    13.606   -0.690  -12.405  -44.140   75.022   66.917    1598607822713
02     7.897   -0.766   -9.631 -166.391    8.095 -150.301    1598607822713
01    13.475   -0.504  -12.466  -43.371   78.296   66.903    1598607822728
02     7.845   -0.730   -9.750 -167.895    9.417 -149.718    1598607822728
01    13.183   -0.115  -12.506  -42.324   83.952   66.901    1598607822744
02     7.757   -0.627   -9.963 -171.751   11.721 -148.596    1598607822744
01    12.767    0.393  -12.349  141.625   85.278 -111.183    1598607822759
02     7.628   -0.458  -10.397 -178.282   15.567 -147.475    1598607822759
01    12.376    0.726  -11.950  146.288   73.434 -108.756    1598607822775
02     7.773   -0.058  -10.881  171.590   23.928 -150.402    1598607822775
01    11.991    0.844  -11.497  151.800   62.571 -104.400    1598607822797
02     8.369    0.177  -11.053  153.967   39.091 -157.495    1598607822797
01    11.385    0.852  -11.529  160.281   52.004  -96.215    1598607822813
02     9.093    0.354  -11.054  130.284   51.208 -174.350    1598607822813
01    11.030    0.736  -11.653  165.015   48.841  -91.723    1598607822828
02     9.354    0.318  -11.090  120.814   55.729  179.190    1598607822828
01    10.911    0.685  -11.696  166.311   49.101  -90.738    1598607822844
02     9.499    0.318  -11.088  115.053   57.853  174.274    1598607822844
01    10.878    0.647  -11.707  166.917   50.004  -90.454    1598607822860
02     9.575    0.309  -11.088  113.024   58.654  172.207    1598607822860
01    10.887    0.651  -11.706  167.294   50.941  -90.632    1598607822875
02     9.622    0.286  -11.097  112.398   59.209  171.102    1598607822875
01    10.894    0.635  -11.745  167.890   51.797  -90.078    1598607822897
02     9.660    0.250  -11.127  111.969   60.088  170.122    1598607822897
01    10.940    0.595  -11.801  168.478   53.099  -88.875    1598607822913
02     9.705    0.197  -11.174  111.305   61.226  169.076    1598607822913
01    10.965    0.466  -11.965  169.920   54.530  -86.008    1598607822929
02     9.697    0.120  -11.271  112.976   62.381  168.321    1598607822929
01    11.093    0.276  -12.207  171.918   58.125  -82.437    1598607822944
02     9.597    0.010  -11.278  121.844   61.725  171.439    1598607822944
01    11.503    0.058  -12.376  173.647   66.097  -79.224    1598607822960
02     9.489   -0.150  -11.062  144.823   58.496 -173.664    1598607822960
01    12.274   -0.173  -12.357  178.021   77.641  -73.459    1598607822976
02     9.310   -0.317  -10.725  166.533   51.102 -159.790    1598607822976
01    13.013   -0.327  -12.329  -87.297   87.742   22.670    1598607822998
02     9.110   -0.499  -10.181 -178.015   41.172 -151.771    1598607822998
01    13.393   -0.442  -12.349  -33.747   81.895   77.497    1598607823013
02     8.797   -0.492   -9.729 -169.871   28.625 -149.889    1598607823013
01    13.557   -0.535  -12.379  -34.895   78.593   77.559    1598607823029
02     8.420   -0.451   -9.614 -169.983   18.371 -149.430    1598607823029
01    13.650   -0.600  -12.378  -36.355   76.821   77.110    1598607823045
02     8.104   -0.400   -9.692 -172.112   12.580 -148.934    1598607823045
01    13.647   -0.517  -12.441  -35.947   76.855   77.405    1598607823060
02     7.917   -0.387   -9.823 -173.411   10.902 -148.627    1598607823060
01    13.594   -0.365  -12.505  -32.830   78.097   80.031    1598607823076
02     7.777   -0.410  -10.018 -174.039   11.279 -148.721    1598607823076
01    13.436   -0.171  -12.599  -29.354   81.142   82.879    1598607823098
02     7.659   -0.384  -10.290 -175.301   13.421 -148.817    1598607823098
01    13.204    0.123  -12.616  -11.861   85.982   99.374    1598607823114
02     7.593   -0.252  -10.640 -178.921   17.698 -148.667    1598607823114
01    12.923    0.455  -12.518  111.336   86.056 -138.890    1598607823129
02     7.739   -0.061  -10.968  174.079   25.273 -149.223    1598607823129
01    12.611    0.632  -12.392  136.115   79.369 -115.087    1598607823145
02     8.143    0.130  -11.193  164.083   35.254 -152.255    1598607823145
01    12.293    0.705  -12.347  145.857   73.754 -106.260    1598607823161
02     8.672    0.280  -11.338  149.937   45.848 -160.309    1598607823161
01    12.071    0.710  -12.318  151.625   70.439 -101.126    1598607823176
02     9.403    0.399  -11.402  122.176   57.007  178.020    1598607823176
01    11.907    0.623  -12.367  157.137   68.911  -95.536    1598607823198
02     9.769    0.553  -11.545  100.618   59.068  160.474    1598607823198
01    11.839    0.522  -12.380  161.892   68.858  -90.638    1598607823214
02    10.017    0.540  -11.614   90.985   60.248  153.034    1598607823214
01    11.825    0.381  -12.406  167.419   69.693  -84.927    1598607823230
02    10.141    0.551  -11.657   86.871   60.534  148.569    1598607823230
01    11.872    0.146  -12.473  175.435   71.515  -76.157    1598607823245
02    10.051    0.596  -11.732   89.557   60.381  149.136    1598607823245
01    12.122   -0.185  -12.508 -170.699   75.790  -61.213    1598607823261
02     9.710    0.477  -11.704  109.972   60.401  163.210    1598607823261
01    12.634   -0.501  -12.405 -135.880   81.146  -25.203    1598607823276
02     9.475    0.291  -11.326  140.954   56.918 -175.828    1598607823276
01    13.247   -0.711  -12.321  -71.614   79.234   40.846    1598607823299
02     9.331    0.079  -10.648  166.783   49.315 -160.766    1598607823299
01    13.558   -0.756  -12.352  -51.715   73.558   62.030    1598607823314
02     9.070    0.043  -10.098 -176.663   36.982 -154.403    1598607823314
01    13.725   -0.806  -12.347  -47.027   69.610   68.333    1598607823330
02     8.718    0.056   -9.812 -171.743   25.102 -152.673    1598607823330
01    13.789   -0.783  -12.349  -44.690   68.236   72.019    1598607823345
02     8.378    0.075   -9.685 -171.578   15.763 -152.213    1598607823345
01    13.769   -0.680  -12.402  -42.532   68.621   74.525    1598607823361
02     8.086    0.057   -9.649 -171.117    9.584 -152.693    1598607823361
01    13.770   -0.609  -12.412  -40.355   68.924   76.719    1598607823377
02     7.923   -0.017   -9.637 -169.425    7.057 -153.450    1598607823377
01    13.778   -0.566  -12.416  -38.983   69.135   78.015    1598607823399
02     7.853   -0.064   -9.621 -167.992    6.246 -153.891    1598607823399
01    13.771   -0.550  -12.432  -38.665   69.335   78.298    1598607823414
02     7.813   -0.074   -9.611 -167.730    5.774 -154.011    1598607823414
01    13.772   -0.527  -12.444  -38.402   69.631   78.633    1598607823430
02     7.780   -0.045   -9.628 -168.543    5.605 -154.017    1598607823430
01    13.785   -0.475  -12.453  -37.111   70.324   80.243    1598607823446
02     7.760    0.035   -9.665 -170.445    5.649 -153.943    1598607823446
01    13.823   -0.435  -12.465  -35.134   70.928   82.883    1598607823461
02     7.710    0.166   -9.768 -173.157    5.526 -153.725    1598607823461
01    13.884   -0.411  -12.464  -32.903   71.266   85.854    1598607823477
02     7.705    0.312   -9.886 -176.088    6.283 -153.197    1598607823477
01    13.933   -0.377  -12.511  -30.801   71.815   88.237    1598607823499
02     7.758    0.417   -9.972 -178.193    7.652 -152.921    1598607823499
01    14.014   -0.282  -12.570  -27.894   72.216   90.929    1598607823515
02     7.811    0.447  -10.056 -178.818    8.637 -153.037    1598607823515
01    14.138   -0.194  -12.611  -24.464   72.374   94.025    1598607823530
02     7.855    0.430  -10.152 -178.333    9.449 -153.264    1598607823530
01    14.208   -0.142  -12.656  -21.233   72.497   96.785    1598607823546
02     7.926    0.412  -10.222 -177.637   10.515 -153.496    1598607823546
01    14.193   -0.048  -12.744  -17.993   73.061   99.310    1598607823562
02     7.996    0.398  -10.265 -177.263   11.339 -153.773    1598607823562
01    14.151    0.083  -12.801  -13.428   73.938  102.893    1598607823577
02     8.053    0.388  -10.282 -177.070   11.909 -154.121    1598607823577
01    13.992    0.306  -12.896   -4.732   76.151  110.320    1598607823599
02     8.092    0.375  -10.276 -177.060   12.242 -154.471    1598607823599
01    13.661    0.797  -12.946   25.978   79.520  138.826    1598607823615
02     8.122    0.369  -10.236 -177.213   12.451 -154.874    1598607823615
01    13.172    1.441  -12.856   80.099   76.731 -170.086    1598607823631
02     8.120    0.362  -10.188 -177.839   12.380 -155.233    1598607823631
01    12.712    1.935  -12.569  103.535   68.341 -149.597    1598607823646
02     8.079    0.363  -10.154 -179.231   12.316 -155.585    1598607823646
01    12.253    2.170  -12.313  115.433   60.030 -140.477    1598607823662
02     7.995    0.399  -10.166  176.751   12.706 -156.119    1598607823662
01    11.800    2.261  -12.253  123.595   54.652 -135.050    1598607823678
02     7.873    0.480  -10.252  169.185   15.406 -156.132    1598607823678
01    11.538    2.207  -12.243  128.904   53.680 -131.476    1598607823700
02     7.770    0.625  -10.460  159.916   22.604 -156.941    1598607823700
01    11.391    2.071  -12.219  132.410   54.172 -128.756    1598607823715
02     7.865    0.733  -10.619  149.062   32.661 -160.912    1598607823715
01    11.276    1.893  -12.236  135.538   55.024 -126.668    1598607823731
02     8.094    0.793  -10.714  135.855   41.802 -169.377    1598607823731
01    11.211    1.731  -12.208  138.080   55.936 -125.786    1598607823747
02     8.398    0.799  -10.764  120.607   48.061  178.691    1598607823747
01    11.183    1.639  -12.145  140.691   56.293 -125.264    1598607823762
02     8.831    0.775  -10.785  104.116   51.077  164.859    1598607823762
01    11.156    1.562  -12.123  143.064   56.434 -124.137    1598607823778
02     9.270    0.742  -10.803   92.237   51.644  155.313    1598607823778
01    11.159    1.495  -12.119  144.353   56.567 -123.384    1598607823800
02     9.601    0.723  -10.839   85.189   51.434  149.854    1598607823800
01    11.187    1.445  -12.101  145.096   56.739 -123.026    1598607823816
02     9.853    0.690  -10.872   79.880   51.090  145.764    1598607823816
01    11.208    1.393  -12.117  146.078   56.858 -122.017    1598607823831
02    10.023    0.686  -10.911   76.277   50.458  143.207    1598607823831
01    11.260    1.339  -12.139  146.658   57.510 -121.332    1598607823847
02    10.170    0.644  -10.935   73.381   50.279  140.991    1598607823847
01    11.324    1.269  -12.168  147.238   58.392 -120.543    1598607823863
02    10.264    0.613  -10.991   71.300   50.102  139.546    1598607823863
01    11.396    1.187  -12.191  147.759   59.445 -119.717    1598607823878
02    10.332    0.596  -11.051   69.579   49.941  138.047    1598607823878
01    11.457    1.109  -12.232  148.373   60.499 -118.757    1598607823900
02    10.386    0.542  -11.104   67.865   50.143  136.412    1598607823900
01    11.509    0.956  -12.345  149.224   61.682 -117.489    1598607823916
02    10.378    0.542  -11.174   68.280   50.390  135.803    1598607823916
01    11.641    0.790  -12.482  150.281   64.247 -115.991    1598607823932
02    10.204    0.543  -11.293   74.526   51.672  140.044    1598607823932
01    11.977    0.601  -12.580  149.636   69.976 -115.541    1598607823947
02     9.809    0.407  -11.396   92.119   54.533  153.232    1598607823947
01    12.564    0.382  -12.600  140.908   78.706 -121.651    1598607823963
02     9.527    0.053  -11.160  120.846   55.819  173.226    1598607823963
01    13.397    0.062  -12.456   50.093   85.684  152.545    1598607823978
02     9.399   -0.226  -10.624  154.389   50.854 -164.917    1598607823978
01    13.923   -0.284  -12.463   -7.113   78.712  100.281    1598607824001
02     9.193   -0.447  -10.179 -178.973   36.254 -151.680    1598607824001
01    13.903   -0.300  -12.683  -16.032   76.508   92.612    1598607824016
02     8.846   -0.500  -10.003 -170.084   21.798 -150.761    1598607824016
01    13.851   -0.398  -12.775  -22.850   76.141   87.054    1598607824032
02     8.574   -0.522   -9.889 -168.964   14.711 -150.773    1598607824032
01    13.771   -0.400  -12.851  -26.308   76.738   83.981    1598607824047
02     8.341   -0.552   -9.848 -169.083    9.760 -150.651    1598607824047
01    13.651   -0.262  -12.875  -25.853   78.788   84.561    1598607824063
02     8.109   -0.614   -9.944 -169.971    7.179 -150.880    1598607824063
01    13.418    0.046  -12.902  -16.106   83.367   93.806    1598607824079
02     7.927   -0.621  -10.131 -171.922    7.993 -150.851    1598607824079
01    13.117    0.446  -12.821   75.287   86.919 -175.931    1598607824101
02     7.709   -0.548  -10.481 -176.086   10.472 -150.880    1598607824101
01    12.794    0.812  -12.574  127.223   79.187 -125.878    1598607824116
02     7.561   -0.378  -10.972  176.539   15.998 -151.221    1598607824116
01    12.471    1.001  -12.196  138.922   69.976 -116.227    1598607824132
02     7.768   -0.060  -11.447  165.092   26.515 -157.456    1598607824132
01    12.082    1.083  -11.905  148.990   60.711 -108.255    1598607824148
02     8.459    0.191  -11.665  148.388   40.719 -168.664    1598607824148
01    11.588    1.103  -12.032  158.810   52.229 -100.350    1598607824163
02     9.014    0.323  -11.667  131.551   49.591 -179.429    1598607824163
01    11.308    0.982  -12.127  164.611   49.208  -95.482    1598607824179
02     9.285    0.303  -11.728  124.046   53.790  177.640    1598607824179
01    11.185    0.876  -12.172  167.661   48.691  -93.206    1598607824201
02     9.475    0.281  -11.758  120.803   56.524  175.855    1598607824201
01    11.126    0.789  -12.199  169.611   48.758  -92.052    1598607824217
02     9.608    0.233  -11.786  119.626   58.205  174.666    1598607824217
01    11.109    0.724  -12.200  170.966   49.153  -91.667    1598607824232
02     9.706    0.176  -11.797  119.453   59.187  173.554    1598607824232
01    11.097    0.696  -12.210  171.919   49.349  -91.525    1598607824248
02     9.771    0.129  -11.814  119.636   59.706  172.827    1598607824248
01    11.098    0.690  -12.243  172.387   49.562  -91.196    1598607824264
02     9.844    0.085  -11.830  119.234   60.304  171.946    1598607824264
01    11.097    0.638  -12.338  172.954   49.952  -89.384    1598607824279
02     9.871    0.016  -11.894  119.176   61.148  171.838    1598607824279
01    11.107    0.517  -12.518  174.223   51.396  -86.725    1598607824301
02     9.867   -0.057  -11.967  119.100   61.867  168.782    1598607824301
01    11.261    0.320  -12.787  175.752   54.973  -83.872    1598607824317
02     9.805   -0.151  -11.921  124.781   61.546  169.912    1598607824317
01    11.699    0.150  -12.969  176.135   61.830  -82.425    1598607824333
02     9.704   -0.265  -11.732  138.341   60.157  178.527    1598607824333
01    12.392    0.027  -12.963  176.845   73.922  -80.254    1598607824348
02     9.550   -0.352  -11.449  157.865   55.130 -168.115    1598607824348
01    13.047   -0.132  -12.931 -168.696   85.750  -63.444    1598607824364
02     9.305   -0.497  -11.073  175.384   45.252 -156.829    1598607824364
01    13.355   -0.235  -12.974  -51.577   86.663   55.205    1598607824380
02     9.026   -0.521  -10.594 -175.933   35.702 -153.585    1598607824380
01    13.445   -0.397  -13.020  -50.520   83.338   57.178    1598607824402
02     8.729   -0.496  -10.262 -173.723   27.868 -152.310    1598607824402
01    13.455   -0.534  -13.026  -56.190   81.049   51.724    1598607824417
02     8.485   -0.521  -10.060 -173.276   21.966 -151.370    1598607824417
01    13.423   -0.611  -13.036  -60.279   79.797   47.142    1598607824433
02     8.342   -0.652   -9.909 -171.678   17.352 -151.000    1598607824433
01    13.376   -0.635  -13.045  -62.388   79.171   44.066    1598607824449
02     8.250   -0.840   -9.820 -168.932   13.471 -151.615    1598607824449
01    13.335   -0.617  -13.044  -62.946   79.093   42.425    1598607824464
02     8.203   -1.000   -9.765 -166.014   10.804 -152.762    1598607824464
01    13.272   -0.585  -13.058  -64.364   79.277   40.091    1598607824480
02     8.205   -1.089   -9.696 -163.692    9.582 -153.663    1598607824480
01    13.210   -0.549  -13.075  -66.422   79.716   37.573    1598607824502
02     8.215   -1.104   -9.619 -162.453    8.747 -154.178    1598607824502
01    13.190   -0.535  -13.043  -66.649   79.885   37.343    1598607824518
02     8.173   -1.093   -9.580 -162.419    7.669 -154.377    1598607824518
01    13.140   -0.474  -13.032  -68.534   80.330   35.637    1598607824533
02     8.041   -1.097   -9.656 -163.266    6.598 -154.296    1598607824533
01    13.034   -0.353  -13.016  -74.828   81.662   29.763    1598607824549
02     7.819   -1.091   -9.898 -164.930    6.725 -153.812    1598607824549
01    12.864   -0.150  -12.967  -94.965   84.119    9.785    1598607824565
02     7.573   -0.975  -10.315 -168.353    9.566 -152.886    1598607824565
01    12.532    0.298  -12.753 -159.778   84.857  -55.862    1598607824580
02     7.470   -0.687  -10.826 -175.252   16.017 -151.962    1598607824580
01    12.187    0.689  -12.286  158.644   75.435  -99.812    1598607824602
02     7.756   -0.299  -11.258  173.052   26.841 -153.819    1598607824602
01    11.864    0.855  -11.721  156.433   63.439 -104.781    1598607824618
02     8.549    0.133  -11.379  148.769   41.630 -166.797    1598607824618
01    11.218    0.865  -11.911  161.934   51.478  -99.986    1598607824634
02     9.025    0.268  -11.362  124.568   47.910  177.799    1598607824634
01    10.920    0.864  -12.015  165.843   47.964  -98.052    1598607824649
02     9.266    0.306  -11.424  117.796   50.318  172.701    1598607824649
01    10.787    0.818  -12.103  167.662   47.423  -96.707    1598607824665
02     9.417    0.294  -11.476  115.839   52.050  170.697    1598607824665
01    10.783    0.784  -12.132  168.604   48.554  -95.987    1598607824681
02     9.534    0.257  -11.520  114.487   53.524  168.095    1598607824681
01    10.825    0.747  -12.142  168.910   49.848  -95.465    1598607824703
02     9.611    0.212  -11.572  113.688   54.513  165.976    1598607824703
01    10.860    0.685  -12.189  169.275   50.922  -94.496    1598607824718
02     9.674    0.150  -11.634  113.081   55.586  164.159    1598607824718
01    10.926    0.642  -12.247  169.784   52.339  -93.408    1598607824734
02     9.756    0.084  -11.702  111.964   56.987  162.138    1598607824734
01    11.017    0.579  -12.324  170.516   54.132  -91.594    1598607824750
02     9.819    0.001  -11.793  111.653   58.687  161.096    1598607824750
01    11.097    0.439  -12.442  171.618   55.932  -89.059    1598607824765
02     9.791   -0.102  -11.876  114.771   60.038  162.603    1598607824765
01    11.214    0.312  -12.619  172.789   58.651  -86.680    1598607824781
02     9.695   -0.222  -11.817  126.231   60.288  170.641    1598607824781
01    11.479    0.184  -12.770  172.891   63.629  -85.199    1598607824797
02     9.535   -0.336  -11.661  143.246   58.107 -176.492    1598607824797
01    11.989    0.026  -12.863  172.461   70.353  -84.041    1598607824819
02     9.324   -0.453  -11.439  157.849   53.569 -165.786    1598607824819
01    12.531   -0.116  -12.899  171.787   78.821  -82.714    1598607824834
02     9.134   -0.550  -11.145  171.611   46.018 -156.602    1598607824834
01    12.894   -0.191  -12.917  169.685   85.208  -83.312    1598607824850
02     8.897   -0.657  -10.753 -179.913   37.377 -151.863    1598607824850
01    13.051   -0.217  -12.967  161.674   88.347  -90.433    1598607824866
02     8.655   -0.682  -10.405 -176.170   29.573 -150.179    1598607824866
01    13.111   -0.216  -12.989  108.578   89.448 -143.063    1598607824881
02     8.405   -0.705  -10.225 -174.857   22.796 -149.132    1598607824881
01    13.092   -0.179  -13.026   87.112   88.872 -164.540    1598607824897
02     8.201   -0.779  -10.181 -174.352   18.150 -148.416    1598607824897
01    13.107   -0.092  -13.003   80.895   87.715 -171.148    1598607824919
02     8.076   -0.885  -10.195 -173.261   15.761 -148.364    1598607824919
01    13.097    0.021  -12.983   86.056   86.341 -166.455    1598607824935
02     8.019   -0.988  -10.225 -171.674   14.998 -148.614    1598607824935
01    13.014    0.200  -12.974   97.660   84.307 -155.321    1598607824950
02     7.967   -1.066  -10.293 -170.401   14.755 -148.847    1598607824950
01    12.852    0.434  -12.921  110.520   81.165 -143.075    1598607824966
02     7.847   -1.101  -10.482 -170.348   14.992 -149.002    1598607824966
01    12.628    0.683  -12.763  121.771   76.273 -132.860    1598607824981
02     7.681   -0.995  -10.839 -173.305   17.562 -149.051    1598607824981
01    12.327    0.833  -12.521  132.263   70.272 -124.098    1598607824997
02     7.696   -0.697  -11.274  178.084   24.740 -150.093    1598607824997
01    11.950    0.873  -12.278  143.732   63.762 -114.961    1598607825019
02     8.235   -0.276  -11.519  160.570   37.466 -156.762    1598607825019
01    11.403    0.815  -12.338  156.578   56.263 -102.806    1598607825035
02     8.910   -0.024  -11.473  132.865   49.528 -173.044    1598607825035
01    11.141    0.742  -12.340  162.124   53.218  -98.231    1598607825051
02     9.258    0.107  -11.547  116.594   53.469  177.282    1598607825051
01    11.026    0.711  -12.378  164.306   52.431  -95.944    1598607825066
02     9.520    0.201  -11.619  108.392   55.514  172.667    1598607825066
01    11.054    0.688  -12.381  164.418   53.262  -94.974    1598607825082
02     9.716    0.288  -11.684  102.545   56.491  168.720    1598607825082
01    11.118    0.712  -12.389  163.498   54.236  -95.014    1598607825097
02     9.855    0.367  -11.751   98.133   56.848  165.237    1598607825097
01    11.215    0.738  -12.392  162.467   55.299  -94.923    1598607825104
02     9.963    0.417  -11.835   94.200   57.105  161.697    1598607825104
01    11.338    0.725  -12.402  162.094   56.421  -93.430    1598607825135
02    10.083    0.461  -11.910   89.148   57.362  157.524    1598607825135
01    11.409    0.628  -12.494  162.931   57.198  -90.710    1598607825151
02    10.136    0.469  -12.022   86.400   57.917  154.678    1598607825151
01    11.498    0.531  -12.630  163.951   58.567  -88.794    1598607825166
02    10.058    0.524  -12.150   89.611   57.648  153.597    1598607825166
01    11.659    0.446  -12.813  163.588   61.328  -88.316    1598607825182
02     9.802    0.438  -12.210  104.722   58.291  162.167    1598607825182
01    12.057    0.293  -12.986  161.485   66.489  -89.318    1598607825198
02     9.550    0.304  -12.054  127.206   57.071  178.723    1598607825198
01    12.758    0.135  -13.023  152.213   76.005  -97.135    1598607825204
02     9.274    0.096  -11.805  148.858   52.330 -165.273    1598607825204
01    13.341    0.002  -13.009  110.492   84.585 -137.410    1598607825236
02     9.042   -0.098  -11.519  163.828   45.790 -156.556    1598607825236
01    13.620   -0.096  -13.025   38.018   84.502  151.120    1598607825251
02     8.846   -0.238  -11.271  173.779   38.609 -152.327    1598607825251
01    13.734   -0.188  -13.059   15.733   82.522  129.386    1598607825267
02     8.670   -0.326  -11.066  179.996   31.548 -150.565    1598607825267
01    13.743   -0.204  -13.106   10.885   81.674  124.398    1598607825283
02     8.496   -0.395  -10.896 -176.738   25.802 -149.884    1598607825283
01    13.733   -0.193  -13.146    9.939   81.366  122.675    1598607825298
02     8.333   -0.509  -10.803 -174.574   21.255 -149.367    1598607825298
01    13.678   -0.125  -13.198   12.104   81.555  123.817    1598607825305
02     8.202   -0.648  -10.776 -172.483   18.245 -149.228    1598607825305
01    13.627   -0.074  -13.224   15.801   81.819  126.841    1598607825336
02     8.138   -0.748  -10.765 -170.667   17.102 -149.425    1598607825336
01    13.591   -0.019  -13.224   20.402   82.052  131.058    1598607825352
02     8.117   -0.783  -10.744 -169.770   16.965 -149.703    1598607825352
01    13.485    0.094  -13.234   30.572   82.892  140.633    1598607825367
02     8.015   -0.723  -10.806 -170.849   16.759 -150.170    1598607825367
01    13.225    0.380  -13.228   67.267   83.218  176.169    1598607825383
02     7.793   -0.554  -11.039 -175.364   17.372 -150.347    1598607825383
01    12.877    0.693  -13.068  107.361   79.406 -145.618    1598607825399
02     7.560   -0.256  -11.496  175.822   20.962 -150.559    1598607825399
01    12.509    0.933  -12.639  128.412   71.849 -126.923    1598607825405
02     7.814    0.030  -11.920  161.553   31.799 -155.112    1598607825405
01    11.894    1.023  -12.303  145.316   59.798 -111.729    1598607825421
02     8.787    0.116  -11.978  137.245   49.006 -170.746    1598607825421
01    11.369    1.137  -12.403  151.518   51.264 -107.182    1598607825452
02     9.351    0.369  -11.965  115.289   54.948  170.635    1598607825452
01    11.142    1.186  -12.509  153.621   48.923 -105.447    1598607825468
02     9.594    0.383  -12.015  100.931   57.439  159.940    1598607825468
01    11.150    1.157  -12.531  153.303   49.914 -104.659    1598607825483
02     9.787    0.399  -12.059   91.958   58.465  152.438    1598607825483
01    11.225    1.136  -12.510  152.191   51.114 -104.308    1598607825499
02     9.918    0.440  -12.100   87.050   58.588  148.605    1598607825499
01    11.283    1.127  -12.497  151.313   51.709 -104.133    1598607825505
02     9.997    0.476  -12.140   84.531   58.533  146.262    1598607825505
01    11.324    1.121  -12.518  150.671   52.139 -103.976    1598607825521
02    10.076    0.478  -12.178   81.967   58.664  143.751    1598607825521
01    11.376    1.094  -12.559  150.296   52.890 -103.430    1598607825537
02    10.139    0.452  -12.245   79.266   59.052  140.564    1598607825537
01    11.442    1.029  -12.618  150.391   54.039 -101.950    1598607825568
02    10.191    0.378  -12.320   76.758   60.186  137.696    1598607825568
01    11.467    0.900  -12.766  152.306   55.504  -99.022    1598607825584
02    10.075    0.418  -12.438   83.451   61.160  142.926    1598607825584
01    11.566    0.727  -13.008  153.365   58.721  -96.979    1598607825599
02     9.798    0.322  -12.496  103.118   62.211  157.185    1598607825599
01    11.974    0.514  -13.153  150.347   65.713  -99.135    1598607825606
02     9.546    0.107  -12.346  132.046   61.143  178.749    1598607825606
01    12.760    0.248  -13.127  135.972   76.130 -112.224    1598607825621
02     9.310   -0.113  -12.034  157.003   55.427 -163.799    1598607825621
01    13.427    0.052  -13.079   74.933   82.861 -172.089    1598607825653
02     9.125   -0.341  -11.627  177.557   45.035 -152.463    1598607825653
01    13.703   -0.059  -13.127   30.268   80.757  143.859    1598607825668
02     8.873   -0.448  -11.189 -172.118   33.844 -149.774    1598607825668
01    13.812   -0.231  -13.146   11.926   79.158  126.322    1598607825684
02     8.626   -0.455  -10.878 -169.589   25.532 -149.577    1598607825684
01    13.831   -0.294  -13.196    4.220   78.583  118.576    1598607825699
02     8.377   -0.504  -10.718 -169.301   18.834 -149.237    1598607825699
01    13.842   -0.323  -13.218    0.294   78.214  114.187    1598607825706
02     8.160   -0.628  -10.701 -168.478   14.112 -149.143    1598607825706
01    13.866   -0.307  -13.223   -0.839   77.762  112.351    1598607825722
02     8.034   -0.776  -10.753 -166.858   12.135 -149.285    1598607825722
01    13.887   -0.307  -13.227   -1.580   77.451  111.375    1598607825737
02     7.998   -0.849  -10.810 -165.489   12.357 -149.663    1598607825737
01    13.874   -0.299  -13.263   -1.692   77.635  111.357    1598607825768
02     7.987   -0.814  -10.872 -165.490   13.307 -150.048    1598607825768
01    13.800   -0.228  -13.288   -0.091   78.758  113.220    1598607825784
02     7.872   -0.675  -11.047 -168.189   14.057 -150.135    1598607825784
01    13.597    0.017  -13.333   12.135   81.645  125.118    1598607825800
02     7.620   -0.441  -11.448 -174.633   15.713 -149.597    1598607825800
01    13.306    0.369  -13.294   60.333   83.567  172.006    1598607825806
02     7.507   -0.104  -12.002  174.098   22.243 -152.308    1598607825806
01    12.968    0.678  -13.122  109.516   79.449 -140.680    1598607825822
02     8.131    0.175  -12.273  156.617   37.614 -159.307    1598607825822
01    12.616    0.908  -12.781  133.073   71.711 -119.612    1598607825838
02     9.220    0.293  -12.186  122.794   53.860  177.295    1598607825838
01    12.170    0.860  -12.799  147.350   63.585 -104.527    1598607825869
02     9.760    0.612  -12.204   97.831   52.315  158.191    1598607825869
01    11.851    0.830  -12.892  154.986   59.461  -96.769    1598607825884
02     9.995    0.666  -12.322   89.174   53.219  153.415    1598607825884
01    11.700    0.771  -12.968  158.761   58.560  -92.286    1598607825900
02    10.140    0.646  -12.418   85.425   54.765  150.272    1598607825900
01    11.680    0.695  -12.989  160.595   59.307  -89.493    1598607825907
02    10.250    0.625  -12.481   82.908   55.731  147.345    1598607825907
01    11.689    0.634  -13.001  161.538   60.234  -87.677    1598607825922
02    10.301    0.606  -12.542   81.698   56.551  145.324    1598607825922
01    11.688    0.549  -13.030  162.824   61.041  -85.716    1598607825938
02    10.321    0.554  -12.596   81.034   57.627  143.408    1598607825938
01    11.704    0.457  -13.051  164.929   62.125  -83.376    1598607825969
02    10.323    0.477  -12.653   81.078   59.008  141.867    1598607825969
01    11.726    0.323  -13.099  168.019   63.321  -80.000    1598607825985
02    10.321    0.375  -12.707   81.627   60.568  140.506    1598607825985
01    11.772    0.161  -13.169  171.957   65.010  -76.572    1598607826000
02    10.207    0.257  -12.805   86.986   62.432  141.780    1598607826000
01    11.908   -0.135  -13.331  177.627   68.124  -70.954    1598607826007
02     9.972    0.034  -12.836  104.087   64.379  152.809    1598607826007
01    12.388   -0.394  -13.347 -174.072   74.963  -63.132    1598607826022
02     9.765   -0.214  -12.682  131.546   64.218  172.916    1598607826022
01    13.038   -0.549  -13.256 -131.681   84.603  -21.217    1598607826038
02     9.557   -0.478  -12.370  165.524   56.842 -163.358    1598607826038
01    13.507   -0.649  -13.250  -44.810   81.844   65.572    1598607826054
02     9.347   -0.794  -11.717 -172.921   44.603 -152.293    1598607826054
01    13.657   -0.601  -13.307  -31.086   78.036   78.553    1598607826085
02     9.099   -0.854  -11.095 -163.994   32.607 -151.723    1598607826085
01    13.698   -0.643  -13.335  -30.069   76.436   79.559    1598607826101
02     8.814   -0.789  -10.674 -163.064   23.205 -152.636    1598607826101
01    13.672   -0.606  -13.361  -28.761   76.423   80.666    1598607826107
02     8.454   -0.838  -10.519 -164.819   15.274 -152.642    1598607826107
01    13.617   -0.547  -13.382  -26.967   77.086   82.121    1598607826123
02     8.155   -0.987  -10.538 -165.190   10.575 -152.839    1598607826123
01    13.514   -0.411  -13.419  -22.913   78.809   85.805    1598607826138
02     7.972   -1.123  -10.636 -164.507    9.435 -153.383    1598607826138
01    13.350   -0.159  -13.429  -11.591   82.009   96.678    1598607826154
02     7.793   -1.162  -10.850 -164.719   10.481 -153.868    1598607826154
01    13.132    0.153  -13.367   32.016   85.619  139.445    1598607826185
02     7.602   -1.023  -11.207 -167.951   13.854 -153.985    1598607826185
01    12.856    0.444  -13.226  108.290   82.729 -145.441    1598607826201
02     7.567   -0.653  -11.632 -176.309   20.766 -154.480    1598607826201
01    12.547    0.680  -12.930  129.910   75.610 -124.870    1598607826207
02     7.982   -0.183  -11.928  168.017   32.219 -159.089    1598607826207
01    12.181    0.799  -12.569  143.593   67.035 -112.150    1598607826223
02     8.804    0.158  -12.017  142.995   44.133 -172.772    1598607826223
01    11.709    0.720  -12.680  153.773   59.548 -101.543    1598607826239
02     9.280    0.316  -12.064  123.077   49.164  173.810    1598607826239
01    11.528    0.699  -12.715  157.716   57.046  -98.267    1598607826254
02     9.547    0.341  -12.155  110.270   52.454  166.116    1598607826254
01    11.462    0.650  -12.733  159.206   56.493  -96.789    1598607826286
02     9.744    0.361  -12.228  103.508   54.181  161.231    1598607826286
01    11.435    0.630  -12.761  159.546   56.438  -96.652    1598607826301
02     9.899    0.375  -12.282   99.940   54.965  157.765    1598607826301
01    11.448    0.635  -12.774  159.185   56.759  -96.991    1598607826308
02    10.008    0.380  -12.327   97.764   55.319  155.508    1598607826308
01    11.467    0.633  -12.814  159.100   57.249  -96.629    1598607826323
02    10.080    0.356  -12.380   96.587   56.129  154.230    1598607826323
01    11.502    0.596  -12.879  159.590   58.226  -95.122    1598607826339
02    10.120    0.288  -12.450   96.035   57.500  152.998    1598607826339
01    11.555    0.458  -13.015  161.575   60.267  -92.068    1598607826355
02    10.050    0.194  -12.557   98.903   58.956  152.836    1598607826355
01    11.738    0.284  -13.163  162.946   64.768  -89.782    1598607826370
02     9.847   -0.006  -12.569  112.989   60.064  161.378    1598607826370
01    12.140    0.090  -13.249  161.853   72.078  -90.035    1598607826402
02     9.659   -0.182  -12.396  134.982   58.692  176.763    1598607826402
01    12.841   -0.179  -13.221  155.196   81.574  -95.586    1598607826408
02     9.455   -0.333  -12.112  154.978   53.957 -169.176    1598607826408
01    13.381   -0.350  -13.215   41.120   87.975  151.281    1598607826424
02     9.260   -0.485  -11.768  171.261   45.733 -158.754    1598607826424
01    13.620   -0.467  -13.239   -5.566   83.340  105.252    1598607826439
02     9.010   -0.582  -11.345 -179.180   35.979 -154.619    1598607826439
01    13.702   -0.553  -13.267  -14.183   81.174   97.209    1598607826455
02     8.716   -0.613  -11.021 -175.653   27.282 -153.509    1598607826455
01    13.711   -0.592  -13.286  -19.273   80.457   92.310    1598607826471
02     8.397   -0.691  -10.925 -174.829   20.249 -152.808    1598607826471
01    13.675   -0.542  -13.330  -19.457   81.026   91.990    1598607826502
02     8.168   -0.830  -10.979 -173.530   16.484 -152.462    1598607826502
01    13.632   -0.422  -13.341  -14.700   82.189   96.450    1598607826508
02     8.040   -0.987  -11.100 -171.702   15.717 -152.448    1598607826508
01    13.546   -0.280  -13.340   -5.802   84.105  105.225    1598607826524
02     7.956   -1.118  -11.288 -170.165   16.738 -152.403    1598607826524
01    13.366   -0.097  -13.312   32.343   86.913  143.151    1598607826540
02     7.871   -1.118  -11.597 -170.559   19.605 -152.298    1598607826540
01    13.123    0.151  -13.224  113.898   84.738 -136.142    1598607826555
02     7.915   -0.970  -11.953 -174.729   25.931 -152.448    1598607826555
01    12.859    0.337  -13.030  134.756   78.806 -116.526    1598607826571
02     8.249   -0.658  -12.247  175.609   36.146 -155.797    1598607826571
01    12.565    0.410  -12.798  146.348   72.325 -106.315    1598607826602
02     8.923   -0.289  -12.331  156.377   48.202 -166.960    1598607826602
01    12.061    0.399  -12.892  159.239   63.030  -94.604    1598607826609
02     9.427   -0.034  -12.285  130.010   54.054  175.570    1598607826609
01    11.806    0.319  -12.889  164.115   59.928  -90.995    1598607826624
02     9.739   -0.017  -12.375  115.252   56.413  167.603    1598607826624
01    11.691    0.264  -12.884  166.529   59.188  -88.953    1598607826640
02     9.959    0.011  -12.430  107.514   57.990  163.683    1598607826640
01    11.655    0.218  -12.881  167.614   59.423  -87.858    1598607826656
02    10.115    0.032  -12.461  103.056   59.088  160.968    1598607826656
01    11.666    0.199  -12.864  167.801   59.962  -87.623    1598607826671
02    10.196    0.037  -12.493  101.034   59.740  159.628    1598607826671
01    11.689    0.164  -12.857  168.121   60.503  -87.045    1598607826687
02    10.253    0.011  -12.518   99.759   60.398  158.392    1598607826687
01    11.727    0.130  -12.876  169.112   61.051  -85.625    1598607826709
02    10.297   -0.038  -12.557   98.589   61.355  156.939    1598607826709
01    11.753    0.003  -12.953  171.511   61.794  -82.137    1598607826725
02    10.317   -0.140  -12.629   97.920   62.694  154.986    1598607826725
01    11.836   -0.156  -13.077  175.079   63.633  -77.855    1598607826740
02    10.240   -0.163  -12.712  100.649   62.864  154.215    1598607826740
01    12.050   -0.342  -13.202  178.811   67.471  -73.164    1598607826756
02    10.055   -0.307  -12.682  115.737   63.212  164.253    1598607826756
01    12.594   -0.613  -13.252 -175.305   73.875  -66.342    1598607826771
02     9.839   -0.440  -12.526  138.117   61.278 -178.946    1598607826771
01    13.283   -0.816  -13.175 -143.666   83.863  -33.415    1598607826787
02     9.613   -0.547  -12.266  156.985   56.216 -164.938    1598607826787
