01     8.583   -0.599   -9.939   96.089    7.140 -125.701    1608104743244
02     7.430   -3.457  -14.159   86.718   78.536   -3.162    1608104743244
01     8.580   -0.588   -9.939   96.054    7.161 -125.712    1608104743266
02     7.441   -3.426  -14.157   86.639   78.436   -3.270    1608104743266
01     8.576   -0.581   -9.937   96.015    7.168 -125.715    1608104743282
02     7.433   -3.419  -14.155   86.900   78.400   -2.966    1608104743282
01     8.582   -0.568   -9.929   96.005    7.162 -125.746    1608104743297
02     7.431   -3.422  -14.151   87.072   78.427   -2.785    1608104743297
01     8.580   -0.552   -9.929   96.016    7.107 -125.762    1608104743313
02     7.422   -3.406  -14.151   87.319   78.356   -2.535    1608104743313
01     8.579   -0.550   -9.926   95.992    7.105 -125.764    1608104743328
02     7.431   -3.375  -14.150   87.407   78.236   -2.502    1608104743328
01     8.580   -0.540   -9.928   95.989    7.088 -125.762    1608104743344
02     7.435   -3.365  -14.149   87.392   78.182   -2.506    1608104743344
01     8.580   -0.540   -9.927   95.960    7.100 -125.776    1608104743366
02     7.440   -3.369  -14.147   87.143   78.216   -2.747    1608104743366
01     8.581   -0.539   -9.927   95.923    7.114 -125.791    1608104743382
02     7.420   -3.355  -14.160   87.523   78.165   -2.365    1608104743382
01     8.582   -0.531   -9.929   95.896    7.095 -125.801    1608104743398
02     7.430   -3.348  -14.155   87.374   78.173   -2.549    1608104743398
01     8.579   -0.529   -9.929   95.884    7.104 -125.792    1608104743413
02     7.412   -3.343  -14.164   87.910   78.155   -2.025    1608104743413
01     8.579   -0.525   -9.929   95.903    7.108 -125.790    1608104743429
02     7.409   -3.343  -14.164   87.940   78.134   -1.966    1608104743429
01     8.579   -0.527   -9.926   95.893    7.125 -125.790    1608104743444
02     7.415   -3.346  -14.160   87.809   78.159   -2.097    1608104743444
01     8.573   -0.529   -9.930   95.872    7.138 -125.764    1608104743467
02     7.434   -3.342  -14.148   87.473   78.159   -2.497    1608104743467
01     8.574   -0.523   -9.926   95.883    7.133 -125.764    1608104743482
02     7.424   -3.340  -14.153   87.700   78.162   -2.275    1608104743482
01     8.569   -0.522   -9.928   95.887    7.137 -125.737    1608104743498
02     7.423   -3.328  -14.153   87.800   78.120   -2.211    1608104743498
01     8.570   -0.516   -9.927   95.892    7.129 -125.731    1608104743514
02     7.422   -3.332  -14.151   87.779   78.144   -2.228    1608104743514
01     8.566   -0.515   -9.931   95.909    7.136 -125.712    1608104743529
02     7.413   -3.337  -14.153   87.935   78.152   -2.036    1608104743529
01     8.566   -0.523   -9.934   95.894    7.165 -125.706    1608104743545
02     7.408   -3.339  -14.157   88.100   78.160   -1.875    1608104743545
01     8.566   -0.526   -9.935   95.891    7.214 -125.705    1608104743567
02     7.405   -3.339  -14.158   88.165   78.159   -1.838    1608104743567
01     8.567   -0.526   -9.936   95.891    7.234 -125.704    1608104743582
02     7.408   -3.331  -14.159   88.042   78.122   -1.978    1608104743582
01     8.565   -0.523   -9.939   95.906    7.235 -125.680    1608104743598
02     7.404   -3.328  -14.163   88.211   78.103   -1.817    1608104743598
01     8.563   -0.523   -9.943   95.885    7.241 -125.651    1608104743614
02     7.400   -3.329  -14.165   88.309   78.100   -1.709    1608104743614
01     8.563   -0.522   -9.945   95.886    7.248 -125.643    1608104743629
02     7.396   -3.328  -14.169   88.573   78.084   -1.438    1608104743629
01     8.566   -0.519   -9.945   95.897    7.253 -125.665    1608104743645
02     7.401   -3.326  -14.169   88.470   78.047   -1.559    1608104743645
01     8.568   -0.520   -9.946   95.883    7.274 -125.684    1608104743667
02     7.397   -3.335  -14.169   88.654   78.099   -1.364    1608104743667
01     8.567   -0.521   -9.949   95.893    7.290 -125.662    1608104743683
02     7.399   -3.332  -14.170   88.609   78.080   -1.425    1608104743683
01     8.566   -0.522   -9.951   95.887    7.296 -125.660    1608104743698
02     7.397   -3.330  -14.172   88.784   78.063   -1.263    1608104743698
01     8.567   -0.523   -9.952   95.892    7.311 -125.669    1608104743714
02     7.392   -3.330  -14.177   89.079   78.051   -0.970    1608104743714
01     8.569   -0.526   -9.953   95.885    7.354 -125.697    1608104743730
02     7.391   -3.329  -14.178   89.050   78.007   -1.018    1608104743730
01     8.570   -0.526   -9.955   95.910    7.373 -125.705    1608104743745
02     7.389   -3.339  -14.178   89.217   78.039   -0.788    1608104743745
01     8.572   -0.534   -9.955   95.863    7.469 -125.695    1608104743767
02     7.388   -3.336  -14.178   89.399   78.008   -0.630    1608104743767
01     8.573   -0.533   -9.957   95.878    7.464 -125.662    1608104743783
02     7.384   -3.339  -14.180   89.553   77.996   -0.462    1608104743783
01     8.578   -0.538   -9.954   95.842    7.513 -125.672    1608104743799
02     7.385   -3.343  -14.178   89.553   77.991   -0.455    1608104743799
01     8.577   -0.538   -9.956   95.822    7.521 -125.628    1608104743814
02     7.389   -3.343  -14.174   89.555   77.976   -0.491    1608104743814
01     8.579   -0.541   -9.952   95.791    7.565 -125.630    1608104743830
02     7.390   -3.342  -14.172   89.596   77.935   -0.452    1608104743830
01     8.581   -0.544   -9.949   95.762    7.573 -125.627    1608104743845
02     7.388   -3.346  -14.169   89.786   77.948   -0.253    1608104743845
01     8.580   -0.545   -9.946   95.761    7.588 -125.622    1608104743868
02     7.390   -3.358  -14.157   89.685   77.973   -0.333    1608104743868
01     8.578   -0.546   -9.945   95.758    7.602 -125.586    1608104743883
02     7.393   -3.349  -14.155   89.673   77.930   -0.373    1608104743883
01     8.577   -0.548   -9.945   95.763    7.599 -125.560    1608104743899
02     7.390   -3.352  -14.152   89.856   77.939   -0.198    1608104743899
01     8.578   -0.553   -9.939   95.730    7.620 -125.569    1608104743915
02     7.383   -3.349  -14.152   90.029   77.920   -0.024    1608104743915
01     8.575   -0.551   -9.940   95.750    7.592 -125.541    1608104743930
02     7.375   -3.354  -14.152   90.342   77.945    0.304    1608104743930
01     8.572   -0.553   -9.942   95.754    7.610 -125.506    1608104743946
02     7.379   -3.366  -14.146   90.244   78.017    0.217    1608104743946
01     8.575   -0.556   -9.940   95.744    7.655 -125.530    1608104743968
02     7.379   -3.371  -14.143   90.266   78.036    0.261    1608104743968
01     8.572   -0.562   -9.943   95.721    7.715 -125.501    1608104743984
02     7.373   -3.375  -14.145   90.497   78.059    0.504    1608104743984
01     8.567   -0.564   -9.946   95.705    7.715 -125.466    1608104743999
02     7.378   -3.381  -14.141   90.345   78.079    0.344    1608104743999
01     8.569   -0.568   -9.943   95.702    7.745 -125.508    1608104744015
02     7.371   -3.400  -14.137   90.401   78.153    0.426    1608104744015
01     8.566   -0.574   -9.944   95.698    7.776 -125.485    1608104744030
02     7.369   -3.390  -14.136   90.501   78.121    0.526    1608104744030
01     8.561   -0.574   -9.944   95.720    7.776 -125.468    1608104744046
02     7.373   -3.397  -14.130   90.447   78.150    0.469    1608104744046
01     8.561   -0.578   -9.941   95.701    7.795 -125.493    1608104744068
02     7.365   -3.400  -14.132   90.588   78.143    0.623    1608104744068
01     8.559   -0.578   -9.942   95.717    7.789 -125.493    1608104744084
02     7.353   -3.399  -14.140   90.835   78.130    0.885    1608104744084
01     8.560   -0.581   -9.942   95.719    7.810 -125.514    1608104744099
02     7.344   -3.401  -14.143   91.195   78.125    1.255    1608104744099
01     8.555   -0.584   -9.946   95.724    7.815 -125.503    1608104744115
02     7.345   -3.404  -14.141   91.068   78.111    1.133    1608104744115
01     8.551   -0.587   -9.950   95.731    7.823 -125.491    1608104744131
02     7.348   -3.404  -14.142   91.078   78.115    1.098    1608104744131
01     8.552   -0.587   -9.951   95.749    7.835 -125.490    1608104744146
02     7.342   -3.412  -14.145   91.249   78.137    1.275    1608104744146
01     8.549   -0.595   -9.957   95.734    7.914 -125.462    1608104744168
02     7.348   -3.421  -14.140   91.042   78.164    1.065    1608104744168
01     8.545   -0.599   -9.961   95.743    7.958 -125.419    1608104744184
02     7.343   -3.426  -14.141   91.098   78.178    1.132    1608104744184
01     8.544   -0.608   -9.960   95.725    8.044 -125.428    1608104744200
02     7.349   -3.422  -14.140   91.049   78.146    1.041    1608104744200
01     8.543   -0.601   -9.959   95.767    8.009 -125.449    1608104744215
02     7.338   -3.422  -14.145   91.271   78.106    1.267    1608104744215
01     8.542   -0.608   -9.958   95.735    8.036 -125.462    1608104744231
02     7.337   -3.424  -14.145   91.344   78.090    1.327    1608104744231
01     8.538   -0.609   -9.961   95.779    8.033 -125.428    1608104744247
02     7.324   -3.422  -14.150   91.886   78.030    1.881    1608104744247
01     8.535   -0.609   -9.962   95.785    8.041 -125.411    1608104744268
02     7.328   -3.426  -14.145   91.713   78.024    1.686    1608104744268
01     8.535   -0.607   -9.961   95.797    8.037 -125.430    1608104744284
02     7.330   -3.428  -14.142   91.618   78.011    1.588    1608104744284
01     8.529   -0.609   -9.965   95.805    8.064 -125.374    1608104744300
02     7.331   -3.427  -14.142   91.682   77.995    1.617    1608104744300
01     8.527   -0.612   -9.965   95.799    8.088 -125.368    1608104744315
02     7.335   -3.426  -14.137   91.535   77.982    1.454    1608104744315
01     8.528   -0.613   -9.963   95.792    8.098 -125.410    1608104744331
02     7.330   -3.424  -14.140   91.671   77.938    1.610    1608104744331
01     8.526   -0.614   -9.966   95.796    8.109 -125.388    1608104744347
02     7.325   -3.424  -14.142   91.860   77.930    1.789    1608104744347
01     8.527   -0.612   -9.965   95.805    8.119 -125.402    1608104744368
02     7.317   -3.425  -14.144   92.097   77.923    2.037    1608104744368
01     8.527   -0.611   -9.964   95.814    8.134 -125.434    1608104744384
02     7.317   -3.429  -14.142   92.074   77.924    2.019    1608104744384
01     8.523   -0.617   -9.966   95.803    8.183 -125.422    1608104744400
02     7.319   -3.427  -14.139   91.998   77.889    1.919    1608104744400
01     8.519   -0.618   -9.965   95.812    8.203 -125.442    1608104744415
02     7.321   -3.427  -14.136   91.858   77.887    1.762    1608104744415
01     8.509   -0.619   -9.968   95.834    8.216 -125.419    1608104744431
02     7.318   -3.426  -14.135   91.868   77.870    1.767    1608104744431
01     8.506   -0.622   -9.966   95.853    8.227 -125.425    1608104744447
02     7.314   -3.422  -14.136   92.188   77.782    2.050    1608104744447
01     8.498   -0.623   -9.971   95.890    8.255 -125.400    1608104744469
02     7.304   -3.423  -14.137   92.562   77.733    2.451    1608104744469
01     8.496   -0.620   -9.974   95.947    8.281 -125.416    1608104744485
02     7.294   -3.415  -14.140   93.088   77.588    2.936    1608104744485
01     8.497   -0.622   -9.974   95.965    8.330 -125.493    1608104744500
02     7.294   -3.421  -14.137   92.964   77.583    2.778    1608104744500
01     8.497   -0.623   -9.977   95.990    8.399 -125.553    1608104744516
02     7.302   -3.422  -14.133   92.729   77.540    2.474    1608104744516
01     8.486   -0.633   -9.992   96.007    8.506 -125.586    1608104744531
02     7.306   -3.411  -14.132   92.921   77.206    2.667    1608104744531
01     8.452   -0.633  -10.026   96.333    8.631 -125.843    1608104744547
02     7.326   -3.282  -14.114   94.500   74.982    4.043    1608104744547
01     8.396   -0.697  -10.075   97.074    9.649 -126.468    1608104744569
02     7.369   -2.988  -14.001   99.234   69.714    8.548    1608104744569
01     8.297   -0.706  -10.180   99.444   10.955 -127.234    1608104744585
02     7.432   -2.766  -13.732  105.506   61.759   14.999    1608104744585
01     8.189   -0.759  -10.320  102.586   13.372 -128.136    1608104744600
02     7.500   -2.708  -13.319  110.804   51.685   21.667    1608104744600
01     8.069   -0.845  -10.490  106.832   16.669 -128.707    1608104744616
02     7.501   -2.763  -12.855  114.530   40.466   27.961    1608104744616
01     7.956   -0.966  -10.659  112.062   20.575 -128.290    1608104744632
02     7.351   -2.768  -12.498  116.500   27.547   33.499    1608104744632
01     7.865   -1.098  -10.823  118.028   24.689 -126.534    1608104744647
02     7.136   -2.618  -12.326  117.544   13.666   37.865    1608104744647
01     7.786   -1.287  -10.974  123.805   28.624 -123.396    1608104744670
02     7.008   -2.379  -12.207  118.729    1.513   40.359    1608104744670
01     7.763   -1.416  -11.053  126.940   31.098 -121.846    1608104744685
02     7.009   -2.140  -12.169  121.618   -5.040   39.878    1608104744685
01     7.775   -1.506  -11.098  128.778   32.582 -120.881    1608104744701
02     7.025   -2.079  -12.164  123.627   -7.584   39.593    1608104744701
01     7.798   -1.581  -11.124  130.086   33.586 -120.088    1608104744717
02     7.038   -2.083  -12.172  125.146   -8.937   39.652    1608104744717
01     7.820   -1.613  -11.147  131.010   34.018 -119.541    1608104744732
02     7.065   -2.101  -12.174  126.419   -9.759   39.564    1608104744732
01     7.835   -1.616  -11.183  131.729   34.273 -119.076    1608104744748
02     7.088   -2.121  -12.183  127.373  -10.237   39.454    1608104744748
01     7.856   -1.631  -11.208  132.261   34.870 -118.745    1608104744770
02     7.116   -2.137  -12.201  128.111  -10.367   39.106    1608104744770
01     7.872   -1.636  -11.246  132.732   35.511 -118.493    1608104744786
02     7.142   -2.152  -12.225  128.547  -10.124   38.639    1608104744786
01     7.893   -1.651  -11.275  132.740   36.253 -118.419    1608104744801
02     7.165   -2.174  -12.254  128.401   -9.616   38.233    1608104744801
01     7.924   -1.663  -11.290  131.840   36.814 -118.756    1608104744817
02     7.178   -2.185  -12.292  127.557   -8.900   37.711    1608104744817
01     7.984   -1.665  -11.267  129.884   37.054 -119.787    1608104744833
02     7.195   -2.161  -12.328  125.944   -8.020   36.960    1608104744833
01     8.076   -1.696  -11.160  127.800   37.060 -120.530    1608104744848
02     7.166   -1.970  -12.412  124.665   -7.062   36.384    1608104744848
01     8.150   -1.640  -10.999  123.912   34.789 -122.482    1608104744870
02     6.948   -1.519  -12.814  124.532   -2.610   35.574    1608104744870
01     8.214   -1.498  -10.796  117.512   29.641 -125.706    1608104744886
02     6.571   -1.413  -13.419  124.501    5.963   36.083    1608104744886
01     8.275   -1.280  -10.569  110.767   22.445 -128.423    1608104744902
02     6.418   -1.818  -13.867  124.568   20.101   37.095    1608104744902
01     8.321   -1.037  -10.364  105.834   15.606 -129.655    1608104744917
02     6.487   -2.413  -14.126  124.656   38.065   37.622    1608104744917
01     8.379   -0.871  -10.196  102.987   11.362 -129.861    1608104744933
02     6.692   -2.989  -14.255  123.887   54.092   36.647    1608104744933
01     8.430   -0.777  -10.091  101.213    8.745 -129.427    1608104744949
02     6.947   -3.504  -14.296  121.506   67.361   34.064    1608104744949
01     8.490   -0.726  -10.018   99.947    6.955 -128.856    1608104744971
02     7.166   -3.906  -14.301  116.056   77.762   28.753    1608104744971
01     8.526   -0.682   -9.987   99.097    5.597 -128.117    1608104744986
02     7.359   -4.166  -14.299   97.823   84.531   10.765    1608104744986
01     8.558   -0.647   -9.983   98.465    4.795 -127.624    1608104745002
02     7.516   -4.336  -14.295   36.532   87.070  -50.252    1608104745002
01     8.600   -0.635   -9.964   97.856    4.438 -127.573    1608104745017
02     7.617   -4.435  -14.308   -8.474   85.519  -94.876    1608104745017
01     8.622   -0.632   -9.958   97.361    4.160 -127.468    1608104745033
02     7.711   -4.486  -14.304  -20.671   83.505 -106.846    1608104745033
01     8.642   -0.615   -9.950   97.016    3.844 -127.336    1608104745049
02     7.772   -4.511  -14.306  -25.926   82.084 -111.964    1608104745049
01     8.659   -0.599   -9.945   96.769    3.582 -127.168    1608104745071
02     7.810   -4.521  -14.310  -28.912   80.999 -114.825    1608104745071
01     8.668   -0.579   -9.954   96.618    3.369 -127.031    1608104745087
02     7.829   -4.509  -14.327  -30.453   80.290 -116.308    1608104745087
01     8.691   -0.572   -9.951   96.382    3.294 -127.093    1608104745102
02     7.859   -4.508  -14.333  -31.730   79.568 -117.495    1608104745102
01     8.713   -0.555   -9.952   96.191    3.117 -127.125    1608104745118
02     7.906   -4.501  -14.328  -31.171   78.812 -116.807    1608104745118
01     8.730   -0.540   -9.959   95.988    3.041 -127.159    1608104745133
02     7.932   -4.492  -14.338  -31.087   78.493 -116.593    1608104745133
01     8.737   -0.514   -9.980   95.951    3.058 -127.242    1608104745149
02     7.954   -4.473  -14.351  -30.294   78.322 -115.854    1608104745149
01     8.741   -0.495  -10.013   95.972    3.446 -127.405    1608104745171
02     7.982   -4.449  -14.364  -27.736   78.345 -113.302    1608104745171
01     8.742   -0.490  -10.056   96.131    4.226 -127.552    1608104745187
02     8.008   -4.363  -14.392  -20.209   79.153 -106.158    1608104745187
01     8.734   -0.476  -10.124   96.556    5.319 -127.613    1608104745202
02     8.032   -4.192  -14.423   -0.299   80.621  -86.869    1608104745202
01     8.711   -0.470  -10.226   97.458    7.122 -127.881    1608104745218
02     8.082   -3.741  -14.449   43.683   79.721  -44.178    1608104745218
01     8.634   -0.498  -10.432   99.525   10.206 -128.394    1608104745233
02     8.263   -3.220  -14.205   81.358   71.041   -8.332    1608104745233
01     8.520   -0.631  -10.691  104.429   16.510 -128.802    1608104745249
02     8.416   -3.088  -13.687  100.848   56.192   11.627    1608104745249
01     8.426   -0.811  -10.923  110.383   22.709 -128.097    1608104745271
02     8.358   -3.120  -13.087  109.329   40.207   24.316    1608104745271
01     8.294   -1.017  -11.156  117.439   28.245 -125.217    1608104745287
02     8.038   -3.076  -12.710  113.117   22.475   33.475    1608104745287
01     8.197   -1.252  -11.343  124.714   33.356 -120.829    1608104745303
02     7.725   -2.591  -12.551  118.284    2.908   38.284    1608104745303
01     8.203   -1.437  -11.397  128.141   36.381 -118.778    1608104745318
02     7.597   -2.309  -12.468  122.911   -4.501   39.745    1608104745318
01     8.230   -1.510  -11.420  129.805   37.643 -118.190    1608104745334
02     7.550   -2.183  -12.436  125.945   -7.263   39.783    1608104745334
01     8.236   -1.555  -11.463  130.961   38.276 -117.750    1608104745349
02     7.537   -2.150  -12.442  127.768   -8.112   39.271    1608104745349
01     8.263   -1.581  -11.504  131.625   39.034 -117.546    1608104745365
02     7.552   -2.165  -12.470  128.573   -7.894   38.186    1608104745365
01     8.328   -1.596  -11.518  131.200   39.831 -117.646    1608104745387
02     7.578   -2.175  -12.511  128.373   -7.374   36.979    1608104745387
01     8.436   -1.602  -11.472  129.162   40.279 -118.439    1608104745403
02     7.603   -2.159  -12.549  126.868   -6.789   35.594    1608104745403
01     8.525   -1.587  -11.373  127.423   39.955 -118.782    1608104745418
02     7.550   -1.890  -12.657  124.993   -5.956   35.316    1608104745418
01     8.570   -1.531  -11.225  125.415   38.140 -118.865    1608104745434
02     7.366   -1.358  -12.950  124.027   -2.052   34.596    1608104745434
01     8.593   -1.425  -11.015  119.684   33.586 -121.296    1608104745450
02     7.070   -1.199  -13.414  123.215    6.831   35.281    1608104745450
01     8.610   -1.243  -10.798  113.156   26.962 -124.368    1608104745465
02     6.907   -1.457  -13.788  122.654   18.599   36.352    1608104745465
01     8.636   -1.038  -10.593  108.181   20.399 -126.540    1608104745487
02     6.872   -1.894  -14.058  122.519   30.648   37.133    1608104745487
01     8.700   -0.817  -10.363  104.131   14.095 -127.961    1608104745503
02     6.949   -2.386  -14.236  122.430   44.099   37.405    1608104745503
01     8.780   -0.643  -10.196  101.549    9.420 -128.152    1608104745518
02     7.113   -2.839  -14.340  120.899   58.244   35.799    1608104745518
01     8.847   -0.527  -10.114   99.975    6.541 -127.636    1608104745534
02     7.333   -3.218  -14.375  115.707   70.285   30.606    1608104745534
01     8.912   -0.472  -10.080   98.734    5.184 -127.290    1608104745550
02     7.536   -3.537  -14.399  105.292   78.468   20.438    1608104745550
01     8.960   -0.467  -10.064   97.829    4.769 -127.250    1608104745571
02     7.725   -3.793  -14.420   83.675   83.292   -1.068    1608104745571
01     8.995   -0.484  -10.047   97.071    4.624 -127.256    1608104745587
02     7.865   -3.973  -14.434   49.434   85.182  -35.094    1608104745587
01     9.009   -0.491  -10.030   96.445    4.310 -127.141    1608104745603
02     7.950   -4.086  -14.438   17.564   85.106  -66.741    1608104745603
01     9.006   -0.490  -10.022   95.980    4.011 -126.982    1608104745618
02     7.986   -4.151  -14.441    0.170   84.364  -83.817    1608104745618
01     8.996   -0.474  -10.018   95.790    3.852 -126.978    1608104745634
02     8.020   -4.170  -14.437   -7.161   83.464  -91.157    1608104745634
01     8.994   -0.468  -10.013   95.668    3.994 -127.261    1608104745650
02     8.045   -4.194  -14.437  -12.111   82.720  -96.181    1608104745650
01     9.000   -0.466  -10.009   95.550    4.024 -127.406    1608104745665
02     8.074   -4.177  -14.445  -12.373   82.014  -96.366    1608104745665
01     9.015   -0.461  -10.008   95.369    3.981 -127.462    1608104745687
02     8.113   -4.178  -14.441  -13.249   81.335  -97.044    1608104745687
01     9.031   -0.449  -10.009   95.261    3.872 -127.545    1608104745703
02     8.160   -4.165  -14.435  -12.384   80.796  -96.175    1608104745703
01     9.043   -0.430  -10.015   95.308    3.926 -127.655    1608104745719
02     8.192   -4.106  -14.445   -7.661   80.735  -91.747    1608104745719
01     9.033   -0.405  -10.047   95.642    4.342 -127.701    1608104745734
02     8.230   -3.951  -14.461    7.726   80.710  -77.092    1608104745734
01     9.008   -0.400  -10.099   96.259    5.356 -127.665    1608104745750
02     8.254   -3.717  -14.472   34.589   80.058  -51.295    1608104745750
01     8.962   -0.391  -10.189   97.541    6.976 -127.650    1608104745765
02     8.287   -3.314  -14.428   66.460   75.446  -20.947    1608104745765
01     8.857   -0.399  -10.385   99.945    9.761 -127.663    1608104745788
02     8.437   -2.857  -14.059   87.570   65.594   -0.793    1608104745788
01     8.686   -0.492  -10.683  105.817   16.048 -127.327    1608104745803
02     8.514   -2.792  -13.470  101.657   50.879   15.161    1608104745803
01     8.513   -0.691  -10.983  113.073   23.204 -125.756    1608104745819
02     8.354   -2.826  -12.976  109.352   33.276   27.067    1608104745819
01     8.401   -0.951  -11.205  120.119   29.502 -122.654    1608104745835
02     8.041   -2.731  -12.693  113.340   15.114   35.257    1608104745835
01     8.354   -1.180  -11.322  124.958   33.521 -119.807    1608104745850
02     7.801   -2.276  -12.537  118.685   -0.131   37.973    1608104745850
01     8.375   -1.305  -11.347  126.660   35.442 -119.246    1608104745866
02     7.694   -2.042  -12.453  122.039   -5.284   38.864    1608104745866
01     8.376   -1.366  -11.387  128.025   36.377 -118.954    1608104745888
02     7.668   -1.933  -12.425  124.393   -7.140   38.624    1608104745888
01     8.374   -1.396  -11.431  129.156   37.077 -118.735    1608104745904
02     7.669   -1.912  -12.429  126.031   -7.491   38.104    1608104745904
01     8.402   -1.414  -11.456  130.048   38.070 -118.814    1608104745919
02     7.695   -1.929  -12.449  127.080   -7.026   37.225    1608104745919
01     8.437   -1.440  -11.474  130.392   39.034 -118.792    1608104745935
02     7.713   -1.944  -12.487  127.424   -6.577   36.418    1608104745935
01     8.470   -1.454  -11.484  129.964   39.601 -118.865    1608104745950
02     7.729   -1.967  -12.519  126.881   -5.959   35.707    1608104745950
01     8.514   -1.468  -11.455  128.565   39.865 -119.377    1608104745966
02     7.730   -1.940  -12.555  125.628   -5.376   34.966    1608104745966
01     8.546   -1.460  -11.383  128.228   39.598 -119.097    1608104745973
02     7.680   -1.727  -12.664  124.050   -3.535   34.977    1608104745973
01     8.568   -1.414  -11.253  125.288   37.551 -120.430    1608104746004
02     7.475   -1.395  -12.969  123.662    0.600   34.915    1608104746004
01     8.586   -1.283  -11.093  119.694   33.117 -123.676    1608104746020
02     7.253   -1.381  -13.360  123.029    8.723   35.737    1608104746020
01     8.615   -1.142  -10.917  114.092   28.007 -126.784    1608104746035
02     7.106   -1.599  -13.716  122.800   18.508   36.583    1608104746035
01     8.663   -0.946  -10.693  109.565   22.707 -129.200    1608104746051
02     7.058   -1.978  -14.002  122.881   30.095   37.052    1608104746051
01     8.730   -0.758  -10.476  105.371   17.014 -130.812    1608104746066
02     7.105   -2.421  -14.209  122.823   44.700   36.856    1608104746066
01     8.783   -0.615  -10.329  102.732   12.745 -131.029    1608104746073
02     7.263   -2.923  -14.342  121.623   58.920   35.134    1608104746073
01     8.820   -0.545  -10.237  101.028   10.191 -130.662    1608104746104
02     7.466   -3.388  -14.422  117.725   70.355   30.977    1608104746104
01     8.836   -0.514  -10.174   99.838    8.549 -130.276    1608104746120
02     7.671   -3.723  -14.445  107.300   78.268   20.540    1608104746120
01     8.839   -0.470  -10.136   99.243    7.319 -129.887    1608104746136
02     7.834   -3.931  -14.445   86.629   83.118   -0.183    1608104746136
01     8.853   -0.443  -10.093   98.683    6.480 -129.539    1608104746151
02     7.932   -4.086  -14.438   49.480   85.407  -37.018    1608104746151
01     8.854   -0.405  -10.070   98.217    5.660 -129.029    1608104746167
02     7.975   -4.150  -14.442   16.041   85.172  -70.100    1608104746167
01     8.857   -0.387  -10.058   97.773    5.249 -128.653    1608104746173
02     8.003   -4.182  -14.440   -1.636   84.161  -87.475    1608104746173
01     8.868   -0.376  -10.049   97.385    5.021 -128.571    1608104746205
02     8.038   -4.206  -14.430  -11.404   82.950  -97.032    1608104746205
01     8.894   -0.374  -10.034   96.974    4.910 -128.633    1608104746220
02     8.058   -4.258  -14.430  -18.472   81.938 -103.823    1608104746220
01     8.919   -0.379  -10.020   96.542    4.743 -128.509    1608104746236
02     8.097   -4.264  -14.424  -21.464   80.894 -106.671    1608104746236
01     8.931   -0.382  -10.013   96.195    4.425 -128.171    1608104746251
02     8.120   -4.276  -14.418  -24.335   80.208 -109.228    1608104746251
01     8.945   -0.370  -10.005   95.924    4.011 -127.916    1608104746267
02     8.133   -4.258  -14.419  -25.055   79.756 -109.781    1608104746267
01     8.953   -0.357   -9.999   95.757    3.757 -127.752    1608104746274
02     8.146   -4.250  -14.415  -25.876   79.240 -110.423    1608104746274
01     8.957   -0.347   -9.998   95.612    3.591 -127.623    1608104746305
02     8.143   -4.260  -14.417  -27.158   78.950 -111.435    1608104746305
01     8.963   -0.347   -9.996   95.414    3.639 -127.565    1608104746320
02     8.155   -4.251  -14.415  -26.992   78.639 -111.230    1608104746320
01     8.965   -0.340  -10.000   95.347    3.671 -127.443    1608104746336
02     8.131   -4.229  -14.434  -26.832   78.784 -110.995    1608104746336
01     8.960   -0.330  -10.009   95.361    3.810 -127.325    1608104746352
02     8.137   -4.199  -14.435  -24.892   78.664 -109.402    1608104746352
01     8.960   -0.322  -10.023   95.338    4.141 -127.274    1608104746367
02     8.171   -4.170  -14.420  -21.564   78.294 -106.339    1608104746367
01     8.954   -0.322  -10.052   95.289    4.664 -127.242    1608104746374
02     8.207   -4.102  -14.420  -15.775   78.274 -100.891    1608104746374
01     8.946   -0.332  -10.087   95.414    5.492 -127.201    1608104746390
02     8.220   -3.911  -14.443   -0.717   79.224  -86.549    1608104746390
01     8.920   -0.341  -10.139   96.098    6.704 -127.108    1608104746421
02     8.224   -3.352  -14.445   33.287   79.068  -53.927    1608104746421
01     8.824   -0.345  -10.289   97.957    8.858 -127.061    1608104746437
02     8.218   -2.662  -14.250   77.762   71.179  -11.328    1608104746437
01     8.690   -0.409  -10.501  102.063   13.387 -127.326    1608104746441
02     8.277   -2.497  -13.739   97.866   58.373    9.304    1608104746441
01     8.567   -0.505  -10.706  107.558   18.644 -126.969    1608104746457
02     8.278   -2.577  -13.164  106.620   45.400   20.482    1608104746457
01     8.436   -0.681  -10.925  113.305   23.886 -125.020    1608104746474
02     8.044   -2.579  -12.785  111.873   30.735   29.480    1608104746474
01     8.313   -0.869  -11.118  119.154   28.368 -121.984    1608104746490
02     7.748   -2.436  -12.581  114.772   16.400   35.472    1608104746490
01     8.239   -1.113  -11.261  124.707   32.663 -118.530    1608104746521
02     7.562   -2.162  -12.461  117.586    4.248   38.389    1608104746521
01     8.231   -1.252  -11.324  127.805   35.140 -117.032    1608104746537
02     7.504   -1.961  -12.417  120.983   -1.709   38.874    1608104746537
01     8.227   -1.353  -11.366  129.372   36.505 -116.290    1608104746552
02     7.488   -1.892  -12.409  123.184   -3.808   38.858    1608104746552
01     8.252   -1.411  -11.381  130.133   37.488 -116.281    1608104746568
02     7.498   -1.892  -12.413  124.582   -4.360   38.335    1608104746568
01     8.248   -1.437  -11.410  130.855   38.095 -116.258    1608104746574
02     7.503   -1.904  -12.433  125.433   -4.353   37.493    1608104746574
01     8.291   -1.426  -11.400  130.782   38.634 -116.557    1608104746590
02     7.511   -1.917  -12.456  125.377   -4.177   36.695    1608104746590
01     8.352   -1.422  -11.349  129.494   38.760 -117.034    1608104746621
02     7.514   -1.896  -12.471  124.535   -4.040   36.027    1608104746621
01     8.377   -1.408  -11.280  128.643   38.350 -116.880    1608104746637
02     7.457   -1.698  -12.544  123.517   -3.383   36.032    1608104746637
01     8.412   -1.359  -11.136  126.121   36.680 -117.646    1608104746652
02     7.261   -1.290  -12.796  123.306   -0.274   35.463    1608104746652
01     8.460   -1.227  -10.937  120.089   32.364 -120.670    1608104746668
02     7.000   -1.156  -13.194  122.858    7.112   35.880    1608104746668
01     8.510   -1.056  -10.733  113.646   26.622 -123.795    1608104746675
02     6.852   -1.332  -13.544  122.360   16.885   36.443    1608104746675
01     8.566   -0.882  -10.532  108.668   20.967 -126.111    1608104746690
02     6.796   -1.655  -13.826  122.113   27.200   36.709    1608104746690
01     8.648   -0.684  -10.312  104.391   14.949 -127.691    1608104746706
02     6.855   -2.053  -14.024  121.773   39.077   36.398    1608104746706
01     8.724   -0.549  -10.138  101.616   10.491 -127.912    1608104746737
02     6.975   -2.443  -14.168  121.003   52.062   35.367    1608104746737
01     8.779   -0.425  -10.030  100.101    7.328 -127.474    1608104746753
02     7.148   -2.798  -14.234  117.950   63.845   32.092    1608104746753
01     8.809   -0.371   -9.978   98.975    5.639 -126.883    1608104746768
02     7.336   -3.116  -14.268  111.957   72.525   26.073    1608104746768
01     8.831   -0.334   -9.953   98.178    4.726 -126.384    1608104746775
02     7.515   -3.353  -14.287  101.931   78.095   16.197    1608104746775
01     8.860   -0.332   -9.925   97.339    4.333 -126.146    1608104746791
02     7.614   -3.560  -14.310   89.720   81.910    4.542    1608104746791
01     8.882   -0.334   -9.899   96.588    3.943 -125.943    1608104746806
02     7.699   -3.685  -14.316   69.177   84.136  -15.584    1608104746806
01     8.900   -0.328   -9.887   96.009    3.515 -125.663    1608104746837
02     7.752   -3.792  -14.318   42.902   85.298  -41.270    1608104746837
01     8.919   -0.323   -9.881   95.548    3.230 -125.469    1608104746853
02     7.794   -3.844  -14.323   20.359   85.248  -63.474    1608104746853
01     8.947   -0.326   -9.871   95.136    3.083 -125.419    1608104746869
02     7.844   -3.878  -14.324    4.723   84.535  -78.903    1608104746869
01     8.973   -0.324   -9.864   94.742    2.813 -125.237    1608104746875
02     7.849   -3.901  -14.344   -4.141   84.045  -87.321    1608104746875
01     8.993   -0.323   -9.860   94.349    2.609 -125.101    1608104746891
02     7.893   -3.928  -14.336  -10.376   83.265  -93.318    1608104746891
01     9.008   -0.324   -9.855   94.053    2.479 -125.041    1608104746907
02     7.911   -3.921  -14.342  -13.123   82.761  -95.969    1608104746907
01     9.009   -0.315   -9.857   93.978    2.398 -124.959    1608104746938
02     7.924   -3.929  -14.337  -16.121   82.307  -98.883    1608104746938
01     9.013   -0.319   -9.853   93.787    2.455 -124.926    1608104746954
02     7.918   -3.941  -14.340  -19.307   81.962 -101.931    1608104746954
01     9.023   -0.314   -9.848   93.573    2.295 -124.803    1608104746969
02     7.906   -3.975  -14.340  -22.627   81.640 -104.941    1608104746969
01     9.031   -0.315   -9.847   93.216    2.154 -124.550    1608104746975
02     7.916   -3.966  -14.337  -22.078   81.356 -104.148    1608104746975
01     9.047   -0.318   -9.841   92.859    2.065 -124.483    1608104746991
02     7.914   -3.966  -14.335  -23.132   81.200 -105.053    1608104746991
01     9.058   -0.306   -9.844   92.712    1.952 -124.390    1608104747007
02     7.913   -3.964  -14.338  -23.439   81.031 -105.226    1608104747007
01     9.076   -0.310   -9.846   92.471    2.133 -124.443    1608104747038
02     7.935   -3.970  -14.335  -23.673   80.604 -105.386    1608104747038
01     9.089   -0.320   -9.853   92.216    2.279 -124.414    1608104747053
02     7.954   -3.982  -14.333  -23.990   80.367 -105.642    1608104747053
01     9.089   -0.322   -9.865   92.062    2.353 -124.387    1608104747069
02     7.975   -3.960  -14.338  -22.375   80.286 -104.186    1608104747069
01     9.080   -0.316   -9.880   92.244    2.646 -124.483    1608104747076
02     7.975   -3.874  -14.356  -14.949   80.737  -97.352    1608104747076
01     9.051   -0.323   -9.910   92.811    3.505 -124.582    1608104747091
02     8.004   -3.691  -14.369    5.376   81.315  -78.120    1608104747091
01     8.991   -0.317   -9.972   94.202    4.815 -124.502    1608104747107
02     8.024   -3.361  -14.368   35.870   80.803  -48.832    1608104747107
01     8.873   -0.293  -10.115   96.907    7.222 -124.519    1608104747138
02     8.025   -3.018  -14.327   67.810   76.767  -18.225    1608104747138
01     8.726   -0.326  -10.312  101.182   11.473 -124.645    1608104747154
02     8.069   -2.729  -14.158   87.657   68.982    0.448    1608104747154
01     8.576   -0.411  -10.515  106.077   16.029 -124.155    1608104747169
02     8.134   -2.532  -13.811   98.995   58.959   11.798    1608104747169
01     8.415   -0.547  -10.725  111.563   20.603 -122.978    1608104747176
02     8.122   -2.520  -13.341  106.773   47.777   21.520    1608104747176
01     8.282   -0.693  -10.916  117.016   24.768 -121.506    1608104747191
02     7.997   -2.571  -12.908  111.230   35.520   29.327    1608104747191
01     8.184   -0.863  -11.090  121.969   28.619 -119.504    1608104747207
02     7.780   -2.594  -12.615  113.075   21.922   35.517    1608104747207
01     8.139   -1.060  -11.210  126.844   32.468 -116.972    1608104747223
02     7.565   -2.338  -12.456  115.146    6.948   39.636    1608104747223
01     8.160   -1.208  -11.226  129.430   35.065 -115.839    1608104747254
02     7.466   -2.038  -12.392  118.611   -1.464   40.822    1608104747254
01     8.147   -1.259  -11.245  130.639   35.709 -115.394    1608104747270
02     7.415   -1.890  -12.358  120.658   -4.845   41.320    1608104747270
01     8.128   -1.302  -11.266  131.444   35.943 -114.998    1608104747276
02     7.404   -1.833  -12.336  122.062   -6.160   41.353    1608104747276
01     8.100   -1.323  -11.293  132.230   36.139 -114.739    1608104747291
02     7.409   -1.815  -12.326  123.398   -6.660   40.988    1608104747291
01     8.097   -1.320  -11.308  132.910   36.583 -114.771    1608104747307
02     7.419   -1.821  -12.332  124.346   -6.581   40.335    1608104747307
01     8.124   -1.325  -11.312  132.812   37.114 -114.887    1608104747323
02     7.410   -1.837  -12.358  124.283   -6.411   39.989    1608104747323
01     8.174   -1.332  -11.279  131.579   37.383 -115.327    1608104747354
02     7.402   -1.843  -12.378  123.269   -6.206   39.649    1608104747354
01     8.228   -1.316  -11.205  129.650   36.973 -116.090    1608104747370
02     7.391   -1.779  -12.380  121.909   -6.188   39.119    1608104747370
01     8.282   -1.276  -11.098  127.475   35.912 -116.591    1608104747376
02     7.320   -1.505  -12.428  121.197   -5.546   38.647    1608104747376
01     8.325   -1.189  -10.925  122.684   32.764 -118.663    1608104747391
02     7.046   -1.100  -12.741  121.906   -1.794   38.151    1608104747391
01     8.371   -1.046  -10.722  116.244   27.485 -121.661    1608104747407
02     6.759   -1.065  -13.151  122.295    5.951   38.818    1608104747407
01     8.429   -0.850  -10.492  110.188   21.032 -124.304    1608104747423
02     6.580   -1.316  -13.518  122.663   15.590   39.705    1608104747423
01     8.494   -0.645  -10.286  105.602   14.767 -125.829    1608104747454
02     6.534   -1.694  -13.807  123.162   26.702   40.245    1608104747454
01     8.589   -0.494  -10.129  102.766   10.472 -126.352    1608104747470
02     6.596   -2.146  -14.017  123.684   40.354   40.594    1608104747470
01     8.676   -0.414  -10.044  100.895    7.895 -125.975    1608104747476
02     6.750   -2.600  -14.159  123.672   53.650   40.273    1608104747476
01     8.748   -0.364  -10.001   99.543    6.182 -125.358    1608104747492
02     6.938   -3.010  -14.244  123.079   64.832   39.458    1608104747492
01     8.799   -0.343   -9.985   98.435    5.276 -124.930    1608104747507
02     7.139   -3.384  -14.296  121.227   73.265   37.661    1608104747507
01     8.833   -0.344   -9.980   97.606    4.963 -124.892    1608104747523
02     7.336   -3.633  -14.319  115.744   79.294   32.084    1608104747523
01     8.855   -0.372   -9.968   96.966    4.944 -125.040    1608104747554
02     7.485   -3.790  -14.335  106.128   83.431   22.303    1608104747554
01     8.871   -0.371   -9.952   96.550    4.573 -125.050    1608104747570
02     7.573   -3.889  -14.346   87.942   86.050    4.192    1608104747570
01     8.875   -0.375   -9.951   96.117    4.250 -124.813    1608104747576
02     7.632   -3.957  -14.345   52.545   87.368  -30.958    1608104747576
01     8.884   -0.374   -9.948   95.772    4.075 -124.836    1608104747592
02     7.679   -3.998  -14.349   16.644   87.196  -66.734    1608104747592
01     8.897   -0.373   -9.947   95.600    4.002 -124.990    1608104747608
02     7.738   -4.046  -14.347   -4.862   86.248  -88.107    1608104747608
01     8.908   -0.379   -9.950   95.369    4.016 -125.010    1608104747623
02     7.766   -4.066  -14.364  -13.678   85.411  -96.813    1608104747623
01     8.930   -0.380   -9.941   95.050    3.793 -125.086    1608104747655
02     7.796   -4.081  -14.370  -18.252   84.609 -101.260    1608104747655
01     8.952   -0.373   -9.930   94.760    3.515 -125.086    1608104747670
02     7.809   -4.099  -14.373  -21.932   84.048 -104.674    1608104747670
01     8.963   -0.352   -9.931   94.630    3.322 -125.082    1608104747677
02     7.839   -4.069  -14.381  -21.365   83.538 -104.198    1608104747677
01     8.962   -0.335   -9.942   94.627    3.399 -125.156    1608104747692
02     7.861   -4.077  -14.377  -22.904   83.022 -105.790    1608104747692
01     8.963   -0.344   -9.953   94.590    3.881 -125.310    1608104747708
02     7.879   -4.089  -14.385  -23.112   82.639 -106.062    1608104747708
01     8.966   -0.356   -9.961   94.462    4.156 -125.334    1608104747724
02     7.885   -4.103  -14.389  -24.674   82.393 -107.610    1608104747724
01     8.962   -0.366   -9.973   94.308    4.254 -125.212    1608104747755
02     7.913   -4.118  -14.376  -24.776   81.976 -107.626    1608104747755
01     8.963   -0.372   -9.982   94.224    4.389 -125.223    1608104747770
02     7.937   -4.102  -14.375  -22.629   81.836 -105.532    1608104747770
01     8.956   -0.364  -10.002   94.424    4.683 -125.272    1608104747777
02     7.956   -3.896  -14.404   -1.181   82.603  -84.909    1608104747777
01     8.937   -0.370  -10.036   95.187    5.722 -125.319    1608104747793
02     7.977   -3.570  -14.412   44.370   81.652  -40.632    1608104747793
01     8.872   -0.369  -10.134   97.055    7.499 -125.298    1608104747808
02     8.053   -2.971  -14.282   78.236   74.617   -8.292    1608104747808
01     8.728   -0.378  -10.353  101.221   11.261 -125.037    1608104747824
02     8.124   -2.658  -13.918   96.805   62.008   10.235    1608104747824
01     8.552   -0.463  -10.601  106.892   16.306 -124.330    1608104747840
02     8.129   -2.614  -13.415  106.000   48.314   21.731    1608104747840
01     8.379   -0.636  -10.838  113.565   21.937 -122.614    1608104747871
02     7.993   -2.635  -12.960  110.987   34.151   30.181    1608104747871
01     8.210   -0.825  -11.078  120.424   26.824 -119.587    1608104747877
02     7.724   -2.590  -12.663  113.292   18.994   36.813    1608104747877
01     8.112   -1.108  -11.240  127.066   31.753 -115.788    1608104747893
02     7.485   -2.295  -12.482  116.180    4.407   40.538    1608104747893
01     8.083   -1.308  -11.304  130.734   34.610 -113.947    1608104747908
02     7.381   -2.050  -12.409  119.950   -2.639   41.358    1608104747908
01     8.078   -1.418  -11.331  132.313   35.803 -113.411    1608104747924
02     7.344   -1.971  -12.383  122.226   -5.183   41.338    1608104747924
01     8.056   -1.478  -11.362  133.414   36.228 -113.172    1608104747940
02     7.339   -1.956  -12.376  123.904   -6.137   40.927    1608104747940
01     8.022   -1.503  -11.405  134.396   36.397 -113.109    1608104747971
02     7.335   -1.973  -12.389  125.056   -6.343   40.385    1608104747971
01     8.032   -1.519  -11.420  135.122   37.033 -113.255    1608104747988
02     7.335   -2.000  -12.415  125.911   -6.076   39.846    1608104747988
01     8.074   -1.523  -11.405  134.894   37.642 -113.588    1608104748004
02     7.324   -2.031  -12.445  125.616   -5.759   39.676    1608104748004
01     8.119   -1.521  -11.369  133.667   37.653 -114.078    1608104748020
02     7.314   -2.018  -12.463  124.579   -5.573   39.443    1608104748020
01     8.189   -1.474  -11.294  131.871   37.241 -115.092    1608104748035
02     7.288   -1.880  -12.501  123.889   -5.429   39.127    1608104748035
01     8.252   -1.446  -11.170  129.529   36.098 -116.012    1608104748051
02     7.218   -1.635  -12.633  123.613   -2.915   38.211    1608104748051
01     8.322   -1.329  -10.992  123.721   32.475 -119.264    1608104748066
02     6.972   -1.430  -12.998  123.815    2.526   38.309    1608104748066
01     8.399   -1.164  -10.798  117.249   27.195 -122.610    1608104748078
02     6.760   -1.489  -13.399  124.060   10.790   39.026    1608104748078
01     8.475   -0.987  -10.608  111.690   21.447 -125.010    1608104748094
02     6.647   -1.773  -13.748  124.435   20.703   39.789    1608104748094
01     8.557   -0.801  -10.416  106.931   15.553 -126.418    1608104748109
02     6.668   -2.164  -14.005  124.928   33.882   40.251    1608104748109
01     8.645   -0.663  -10.256  103.870   11.356 -126.788    1608104748125
02     6.764   -2.583  -14.184  125.173   47.762   40.245    1608104748125
01     8.692   -0.575  -10.169  101.977    8.569 -126.275    1608104748140
02     6.934   -3.019  -14.299  124.578   59.956   39.458    1608104748140
01     8.721   -0.492  -10.138  100.839    6.815 -125.742    1608104748156
02     7.130   -3.373  -14.351  122.372   68.905   37.161    1608104748156
01     8.736   -0.440  -10.145  100.397    6.598 -125.511    1608104748178
02     7.314   -3.521  -14.370  116.356   73.627   30.623    1608104748178
01     8.720   -0.439  -10.199  100.581    7.726 -125.336    1608104748194
02     7.437   -3.541  -14.366  110.590   74.549   24.474    1608104748194
01     8.713   -0.482  -10.246  100.898    9.366 -125.068    1608104748209
02     7.529   -3.564  -14.358  107.003   74.835   20.746    1608104748209
01     8.728   -0.512  -10.278  100.867   10.454 -124.645    1608104748225
02     7.603   -3.541  -14.346  103.967   74.665   17.814    1608104748225
01     8.739   -0.523  -10.332  100.770   11.250 -124.161    1608104748241
02     7.680   -3.364  -14.291  101.837   71.231   15.673    1608104748241
01     8.722   -0.554  -10.410  101.323   12.741 -123.803    1608104748256
02     7.776   -3.088  -14.107  103.571   63.362   17.886    1608104748256
01     8.673   -0.612  -10.516  102.967   15.076 -123.479    1608104748278
02     7.863   -2.885  -13.757  106.657   52.836   22.840    1608104748278
01     8.593   -0.676  -10.655  105.947   18.017 -123.026    1608104748294
02     7.840   -2.783  -13.368  109.584   40.648   29.135    1608104748294
01     8.470   -0.755  -10.855  110.541   21.775 -121.830    1608104748310
02     7.720   -2.641  -12.953  111.430   28.029   33.935    1608104748310
01     8.312   -0.961  -11.149  117.909   27.939 -118.701    1608104748325
02     7.521   -2.508  -12.639  112.492   14.174   38.691    1608104748325
01     8.288   -1.236  -11.272  123.835   33.981 -115.901    1608104748341
02     7.445   -2.170  -12.455  117.303    2.458   40.953    1608104748341
01     8.278   -1.408  -11.338  127.054   36.750 -114.769    1608104748357
02     7.414   -2.024  -12.374  121.201   -2.720   41.788    1608104748357
01     8.263   -1.523  -11.407  128.963   38.086 -114.122    1608104748379
02     7.407   -2.009  -12.361  123.709   -4.599   41.732    1608104748379
01     8.279   -1.589  -11.464  130.217   39.200 -113.962    1608104748394
02     7.413   -2.046  -12.396  124.997   -4.973   40.975    1608104748394
01     8.355   -1.627  -11.470  130.017   40.298 -114.435    1608104748410
02     7.443   -2.079  -12.441  125.180   -4.753   39.960    1608104748410
01     8.452   -1.640  -11.432  128.596   40.788 -115.288    1608104748426
02     7.472   -2.075  -12.480  124.233   -4.560   38.858    1608104748426
01     8.531   -1.642  -11.333  127.607   40.354 -115.562    1608104748441
02     7.432   -1.852  -12.585  123.053   -4.418   38.780    1608104748441
01     8.561   -1.579  -11.202  125.793   38.278 -116.091    1608104748457
02     7.348   -1.580  -12.763  122.502   -1.435   38.529    1608104748457
01     8.583   -1.434  -11.024  120.262   33.652 -119.037    1608104748479
02     7.132   -1.474  -13.094  122.572    5.047   39.584    1608104748479
01     8.622   -1.253  -10.825  113.934   27.711 -122.233    1608104748495
02     6.939   -1.609  -13.427  123.130   13.991   41.149    1608104748495
01     8.668   -1.077  -10.633  108.871   21.834 -124.490    1608104748510
02     6.817   -1.911  -13.733  124.081   23.862   42.530    1608104748510
01     8.736   -0.892  -10.430  104.718   15.987 -125.939    1608104748526
02     6.802   -2.314  -13.988  125.404   37.241   43.575    1608104748526
01     8.809   -0.726  -10.265  101.952   11.352 -126.135    1608104748542
02     6.905   -2.768  -14.165  125.817   51.436   43.544    1608104748542
01     8.874   -0.607  -10.169  100.195    8.356 -125.798    1608104748557
02     7.102   -3.167  -14.271  124.099   63.377   41.324    1608104748557
01     8.940   -0.546  -10.108   98.991    6.903 -125.649    1608104748579
02     7.310   -3.505  -14.336  120.463   72.244   37.526    1608104748579
01     8.990   -0.507  -10.082   98.182    6.278 -125.618    1608104748595
02     7.503   -3.754  -14.362  114.455   78.480   31.351    1608104748595
01     9.024   -0.516  -10.069   97.406    6.228 -125.539    1608104748611
02     7.648   -3.947  -14.379  104.606   82.905   21.658    1608104748611
01     9.048   -0.523  -10.053   96.789    6.138 -125.452    1608104748627
02     7.738   -4.088  -14.383   87.717   85.790    5.081    1608104748627
01     9.053   -0.529  -10.047   96.214    6.061 -125.333    1608104748642
02     7.773   -4.185  -14.389   58.707   87.401  -23.556    1608104748642
01     9.056   -0.535  -10.043   95.836    6.211 -125.382    1608104748658
02     7.828   -4.243  -14.374   17.542   87.344  -64.600    1608104748658
01     9.056   -0.526  -10.052   95.680    6.362 -125.424    1608104748680
02     7.871   -4.301  -14.366   -6.553   86.596  -88.512    1608104748680
01     9.073   -0.535  -10.053   95.358    6.550 -125.493    1608104748696
02     7.905   -4.377  -14.357  -21.889   85.530 -103.468    1608104748696
01     9.092   -0.546  -10.054   95.023    6.665 -125.465    1608104748711
02     7.937   -4.415  -14.358  -27.208   84.619 -108.409    1608104748711
01     9.100   -0.558  -10.058   94.809    6.726 -125.437    1608104748727
02     7.948   -4.405  -14.373  -29.840   84.127 -111.274    1608104748727
01     9.101   -0.551  -10.066   94.897    6.745 -125.497    1608104748743
02     7.969   -4.356  -14.392  -25.413   84.048 -107.170    1608104748743
01     9.089   -0.532  -10.088   95.400    7.122 -125.477    1608104748758
02     8.010   -4.184  -14.408   -0.170   84.641  -82.829    1608104748758
01     9.055   -0.541  -10.137   96.281    8.236 -125.265    1608104748780
02     8.028   -3.984  -14.415   43.627   83.994  -39.868    1608104748780
01     9.023   -0.563  -10.188   97.312    9.601 -125.006    1608104748796
02     8.031   -3.868  -14.398   67.723   81.844  -16.189    1608104748796
01     9.004   -0.586  -10.234   98.178   10.845 -124.683    1608104748812
02     8.019   -3.793  -14.389   78.761   79.778   -5.171    1608104748812
01     8.987   -0.615  -10.290   99.053   12.253 -124.220    1608104748827
02     8.025   -3.715  -14.373   83.682   77.934   -0.226    1608104748827
01     8.956   -0.633  -10.359  100.063   13.523 -123.680    1608104748843
02     8.075   -3.527  -14.318   87.109   74.867    2.688    1608104748843
01     8.879   -0.659  -10.481  102.073   15.552 -122.707    1608104748858
02     8.191   -3.047  -14.081   93.510   67.090    8.369    1608104748858
01     8.745   -0.714  -10.655  105.790   18.817 -121.345    1608104748881
02     8.262   -2.790  -13.576  101.776   54.110   17.879    1608104748881
01     8.578   -0.821  -10.853  110.780   22.860 -119.974    1608104748896
02     8.156   -2.785  -13.076  107.433   39.882   27.198    1608104748896
01     8.430   -0.997  -11.036  116.983   27.560 -117.855    1608104748912
02     7.934   -2.761  -12.734  110.426   25.259   34.113    1608104748912
01     8.342   -1.203  -11.160  122.997   31.778 -114.968    1608104748927
02     7.658   -2.555  -12.497  112.442   10.525   39.192    1608104748927
01     8.303   -1.397  -11.188  126.854   34.330 -113.045    1608104748943
02     7.522   -2.190  -12.353  116.095    0.335   40.524    1608104748943
01     8.262   -1.455  -11.208  128.708   34.899 -112.634    1608104748959
02     7.476   -1.984  -12.279  119.002   -4.199   40.356    1608104748959
01     8.227   -1.473  -11.232  130.033   35.145 -112.637    1608104748981
02     7.469   -1.908  -12.248  121.168   -5.895   39.687    1608104748981
01     8.214   -1.486  -11.258  131.058   35.654 -112.718    1608104748996
02     7.475   -1.877  -12.251  122.793   -6.488   38.797    1608104748996
01     8.248   -1.489  -11.268  131.614   36.515 -113.013    1608104749012
02     7.486   -1.896  -12.277  123.437   -6.265   38.161    1608104749012
01     8.312   -1.487  -11.262  131.098   37.146 -113.399    1608104749028
02     7.477   -1.905  -12.325  122.983   -6.191   38.042    1608104749028
01     8.411   -1.496  -11.205  129.066   37.319 -114.123    1608104749043
02     7.487   -1.887  -12.346  121.270   -6.096   38.144    1608104749043
01     8.499   -1.497  -11.107  126.432   36.598 -114.762    1608104749059
02     7.473   -1.669  -12.375  119.889   -6.089   38.318    1608104749059
01     8.560   -1.456  -10.960  122.631   34.241 -116.184    1608104749081
02     7.371   -1.375  -12.552  119.625   -2.808   38.042    1608104749081
01     8.622   -1.330  -10.771  116.374   29.487 -119.337    1608104749097
02     7.132   -1.267  -12.895  119.866    3.749   39.056    1608104749097
01     8.692   -1.155  -10.575  110.395   23.683 -122.208    1608104749112
02     6.940   -1.394  -13.242  120.231   12.547   40.305    1608104749112
01     8.776   -0.952  -10.366  105.170   17.298 -124.218    1608104749128
02     6.815   -1.659  -13.555  120.917   22.085   41.371    1608104749128
01     8.857   -0.777  -10.196  101.692   12.178 -124.899    1608104749143
02     6.791   -2.023  -13.800  121.926   33.972   42.221    1608104749143
01     8.924   -0.662  -10.101   99.621    8.958 -124.685    1608104749159
02     6.859   -2.480  -13.993  122.744   46.986   42.747    1608104749159
01     8.999   -0.608  -10.041   98.169    7.187 -124.427    1608104749181
02     7.002   -2.946  -14.145  122.662   58.417   42.263    1608104749181
01     9.061   -0.607  -10.001   96.982    6.210 -124.202    1608104749197
02     7.176   -3.360  -14.244  121.946   67.761   41.046    1608104749197
01     9.095   -0.608   -9.983   96.106    5.488 -123.919    1608104749213
02     7.354   -3.665  -14.288  119.684   74.679   38.401    1608104749213
01     9.109   -0.605   -9.978   95.558    5.023 -123.756    1608104749228
02     7.489   -3.845  -14.312  115.371   79.276   33.843    1608104749228
01     9.121   -0.612   -9.972   95.093    4.943 -123.864    1608104749244
02     7.589   -3.984  -14.321  108.763   82.688   27.343    1608104749244
01     9.140   -0.621   -9.964   94.791    5.019 -124.074    1608104749259
02     7.674   -4.097  -14.322   96.417   85.256   15.049    1608104749259
01     9.160   -0.629   -9.960   94.407    4.887 -124.094    1608104749282
02     7.738   -4.161  -14.322   75.235   86.771   -5.968    1608104749282
01     9.189   -0.637   -9.954   93.972    4.686 -124.147    1608104749297
02     7.786   -4.219  -14.332   43.457   87.410  -37.449    1608104749297
01     9.225   -0.621   -9.947   93.671    4.362 -124.308    1608104749313
02     7.867   -4.247  -14.328   14.494   86.792  -66.321    1608104749313
01     9.263   -0.604   -9.946   93.438    4.188 -124.530    1608104749329
02     7.942   -4.250  -14.335    2.111   85.932  -78.710    1608104749329
01     9.301   -0.601   -9.943   93.125    4.223 -124.759    1608104749344
02     8.020   -4.258  -14.331   -5.477   84.984  -86.196    1608104749344
01     9.340   -0.612   -9.930   92.748    4.211 -124.905    1608104749360
02     8.060   -4.263  -14.341  -11.018   84.382  -91.599    1608104749360
01     9.349   -0.615   -9.934   92.445    4.080 -124.780    1608104749382
02     8.087   -4.282  -14.344  -16.233   83.762  -96.590    1608104749382
01     9.352   -0.613   -9.936   92.300    4.004 -124.805    1608104749398
02     8.115   -4.290  -14.347  -18.718   83.261  -99.036    1608104749398
01     9.350   -0.594   -9.949   92.362    4.002 -124.903    1608104749413
02     8.119   -4.325  -14.352  -22.868   82.827 -103.127    1608104749413
01     9.339   -0.601   -9.972   92.400    4.401 -125.033    1608104749429
02     8.142   -4.334  -14.362  -23.159   82.367 -103.652    1608104749429
01     9.337   -0.608   -9.992   92.456    4.805 -125.151    1608104749444
02     8.142   -4.327  -14.384  -21.360   82.264 -102.040    1608104749444
01     9.331   -0.619  -10.018   92.529    5.312 -125.138    1608104749460
02     8.168   -4.301  -14.387  -15.876   82.166  -96.862    1608104749460
01     9.325   -0.631  -10.042   92.593    5.875 -125.087    1608104749482
02     8.174   -4.268  -14.397  -10.341   82.264  -91.627    1608104749482
01     9.315   -0.644  -10.069   92.652    6.395 -125.058    1608104749497
02     8.179   -4.243  -14.404   -5.399   82.328  -86.944    1608104749497
01     9.296   -0.650  -10.106   92.833    6.962 -125.140    1608104749513
02     8.207   -4.140  -14.406    7.739   82.285  -74.487    1608104749513
01     9.246   -0.635  -10.182   93.816    8.172 -125.326    1608104749529
02     8.237   -3.768  -14.405   43.160   81.132  -40.330    1608104749529
01     9.113   -0.623  -10.369   96.763   11.231 -125.348    1608104749544
02     8.317   -3.234  -14.212   81.073   72.776   -4.053    1608104749544
01     8.963   -0.714  -10.590  101.171   16.169 -125.254    1608104749560
02     8.396   -3.074  -13.787   98.060   60.146   13.518    1608104749560
01     8.808   -0.869  -10.798  106.544   21.453 -124.394    1608104749582
02     8.347   -3.039  -13.331  105.804   47.167   23.799    1608104749582
01     8.665   -1.047  -10.982  112.399   26.314 -122.565    1608104749598
02     8.167   -2.983  -12.972  110.012   33.843   30.981    1608104749598
01     8.513   -1.217  -11.178  118.471   30.450 -119.686    1608104749614
02     7.942   -2.871  -12.731  112.247   21.177   35.762    1608104749614
01     8.406   -1.435  -11.349  124.547   34.708 -116.019    1608104749629
02     7.753   -2.689  -12.548  114.014    9.714   38.955    1608104749629
01     8.409   -1.655  -11.388  128.171   38.109 -114.107    1608104749645
02     7.689   -2.434  -12.493  117.948    2.630   39.571    1608104749645
01     8.389   -1.767  -11.417  130.007   39.379 -113.237    1608104749661
02     7.655   -2.341  -12.482  120.454   -0.253   39.652    1608104749661
01     8.375   -1.825  -11.450  131.210   39.986 -112.788    1608104749682
02     7.643   -2.328  -12.490  122.161   -1.371   39.470    1608104749682
01     8.359   -1.861  -11.483  132.076   40.441 -112.582    1608104749698
02     7.637   -2.338  -12.511  123.324   -1.633   39.041    1608104749698
01     8.374   -1.880  -11.506  132.544   41.091 -112.709    1608104749714
02     7.640   -2.364  -12.540  123.843   -1.397   38.605    1608104749714
01     8.422   -1.877  -11.490  131.830   41.520 -113.293    1608104749729
02     7.635   -2.383  -12.571  123.314   -1.160   38.547    1608104749729
01     8.475   -1.855  -11.444  130.105   41.327 -114.307    1608104749745
02     7.626   -2.353  -12.590  122.159   -0.997   38.419    1608104749745
01     8.552   -1.823  -11.345  127.935   40.799 -115.484    1608104749760
02     7.581   -2.142  -12.655  121.359   -0.800   38.211    1608104749760
01     8.639   -1.739  -11.164  123.374   38.354 -118.239    1608104749782
02     7.407   -1.803  -12.917  121.537    2.386   37.938    1608104749782
01     8.717   -1.585  -10.944  116.265   33.133 -122.310    1608104749798
02     7.138   -1.711  -13.325  121.744    9.371   38.786    1608104749798
01     8.765   -1.381  -10.748  110.204   26.689 -125.318    1608104749813
02     6.982   -1.916  -13.671  121.977   18.923   39.671    1608104749813
01     8.820   -1.173  -10.546  105.771   20.414 -127.127    1608104749829
02     6.940   -2.245  -13.927  122.316   28.941   40.060    1608104749829
01     8.884   -1.000  -10.350  102.545   15.064 -127.750    1608104749845
02     6.956   -2.612  -14.122  122.753   41.289   40.275    1608104749845
01     8.939   -0.848  -10.220  100.613   11.108 -127.289    1608104749860
02     7.052   -2.998  -14.232  122.894   53.757   40.157    1608104749860
01     8.982   -0.745  -10.158   99.197    8.691 -126.520    1608104749883
02     7.192   -3.358  -14.293  122.218   64.191   39.455    1608104749883
01     9.030   -0.724  -10.110   98.032    7.581 -126.192    1608104749898
02     7.341   -3.703  -14.341  120.827   72.004   38.020    1608104749898
01     9.064   -0.709  -10.078   97.340    6.907 -125.949    1608104749914
02     7.509   -3.933  -14.360  116.801   77.591   33.591    1608104749914
01     9.078   -0.707  -10.060   96.720    6.353 -125.674    1608104749930
02     7.631   -4.107  -14.371  112.175   81.814   28.807    1608104749930
01     9.090   -0.690  -10.046   96.296    5.827 -125.524    1608104749945
02     7.720   -4.224  -14.366  102.911   84.881   19.700    1608104749945
01     9.102   -0.685  -10.032   95.910    5.591 -125.483    1608104749961
02     7.794   -4.302  -14.359   81.738   86.861   -1.299    1608104749961
01     9.098   -0.660  -10.040   95.713    5.369 -125.427    1608104749983
02     7.816   -4.339  -14.375   54.918   87.670  -27.962    1608104749983
01     9.097   -0.649  -10.050   95.584    5.469 -125.473    1608104749998
02     7.859   -4.368  -14.373   20.862   87.462  -62.029    1608104749998
01     9.113   -0.646  -10.047   95.372    5.568 -125.580    1608104750014
02     7.902   -4.383  -14.376    2.771   86.841  -80.051    1608104750014
01     9.127   -0.645  -10.049   95.136    5.585 -125.518    1608104750029
02     7.935   -4.398  -14.378   -7.803   86.154  -90.434    1608104750029
01     9.139   -0.640  -10.049   94.916    5.605 -125.544    1608104750045
02     7.948   -4.394  -14.391  -11.285   85.678  -93.772    1608104750045
01     9.135   -0.631  -10.060   94.874    5.695 -125.544    1608104750061
02     7.961   -4.388  -14.405  -14.084   85.321  -96.614    1608104750061
01     9.129   -0.610  -10.077   95.030    5.832 -125.707    1608104750083
02     8.003   -4.403  -14.395  -16.998   84.580  -99.664    1608104750083
01     9.120   -0.591  -10.103   95.282    6.179 -125.856    1608104750098
02     8.035   -4.337  -14.411   -7.089   84.635  -90.124    1608104750098
01     9.103   -0.583  -10.142   95.684    6.892 -125.932    1608104750114
02     8.059   -4.191  -14.425   19.371   84.695  -64.474    1608104750114
01     9.061   -0.585  -10.210   96.556    8.193 -125.811    1608104750130
02     8.082   -3.932  -14.425   61.299   82.191  -23.665    1608104750130
01     8.958   -0.588  -10.375   98.304   10.398 -125.672    1608104750145
02     8.095   -3.620  -14.361   85.699   76.130    0.061    1608104750145
01     8.821   -0.624  -10.614  102.151   14.937 -125.412    1608104750161
02     8.169   -3.368  -14.137   96.784   68.254   11.176    1608104750161
01     8.700   -0.770  -10.852  107.024   20.915 -124.457    1608104750183
02     8.244   -3.212  -13.768  104.396   56.670   20.176    1608104750183
01     8.613   -0.989  -11.038  112.239   26.776 -122.500    1608104750199
02     8.229   -3.146  -13.331  108.981   43.609   27.754    1608104750199
01     8.530   -1.188  -11.188  117.876   31.294 -119.708    1608104750214
02     8.084   -3.060  -12.955  111.432   30.587   33.411    1608104750214
01     8.453   -1.347  -11.330  123.656   34.879 -116.151    1608104750230
02     7.894   -2.870  -12.695  113.049   17.803   37.503    1608104750230
01     8.432   -1.505  -11.411  128.854   38.031 -112.938    1608104750246
02     7.756   -2.434  -12.587  116.266    5.663   39.255    1608104750246
01     8.452   -1.605  -11.413  130.713   39.551 -112.004    1608104750261
02     7.705   -2.257  -12.539  118.727    1.002   40.171    1608104750261
01     8.461   -1.632  -11.418  131.531   39.989 -111.941    1608104750283
02     7.694   -2.167  -12.520  120.334   -1.111   40.338    1608104750283
01     8.453   -1.660  -11.427  132.184   40.152 -111.819    1608104750299
02     7.691   -2.151  -12.509  121.295   -1.873   40.254    1608104750299
01     8.453   -1.659  -11.431  132.614   40.248 -111.909    1608104750315
02     7.692   -2.142  -12.511  121.908   -2.105   39.893    1608104750315
01     8.479   -1.661  -11.413  132.247   40.368 -112.125    1608104750330
02     7.670   -2.146  -12.530  121.560   -2.152   39.897    1608104750330
01     8.511   -1.650  -11.372  130.948   39.951 -112.667    1608104750346
02     7.653   -2.107  -12.537  120.607   -2.186   39.688    1608104750346
01     8.562   -1.617  -11.298  129.001   39.024 -113.655    1608104750362
02     7.620   -1.950  -12.570  119.826   -2.021   39.178    1608104750362
01     8.616   -1.554  -11.175  125.134   36.777 -115.857    1608104750384
02     7.504   -1.665  -12.757  120.323    0.288   38.289    1608104750384
01     8.683   -1.424  -11.014  119.020   32.636 -119.648    1608104750399
02     7.289   -1.529  -13.088  120.769    6.031   38.543    1608104750399
01     8.747   -1.280  -10.842  113.097   27.579 -122.893    1608104750415
02     7.100   -1.616  -13.447  121.087   14.352   39.232    1608104750415
01     8.838   -1.076  -10.628  108.010   22.007 -125.363    1608104750431
02     7.001   -1.878  -13.759  121.460   23.966   39.815    1608104750431
01     8.909   -0.893  -10.456  104.085   16.769 -126.588    1608104750446
02     7.000   -2.239  -13.990  121.893   34.273   40.140    1608104750446
01     8.968   -0.784  -10.337  101.452   13.181 -126.896    1608104750462
02     7.058   -2.645  -14.155  122.403   46.452   40.464    1608104750462
01     9.021   -0.712  -10.251   99.795   10.789 -126.804    1608104750484
02     7.189   -3.051  -14.270  122.038   57.505   39.765    1608104750484
01     9.058   -0.669  -10.192   98.651    9.257 -126.554    1608104750500
02     7.350   -3.411  -14.341  120.719   66.430   38.100    1608104750500
01     9.073   -0.634  -10.161   97.845    8.138 -126.230    1608104750515
02     7.489   -3.677  -14.385  118.365   72.728   35.580    1608104750515
01     9.095   -0.610  -10.122   97.195    7.405 -126.122    1608104750531
02     7.608   -3.839  -14.400  113.952   77.313   30.935    1608104750531
01     9.103   -0.578  -10.108   96.773    6.822 -125.937    1608104750547
02     7.713   -3.957  -14.397  107.328   80.795   24.381    1608104750547
01     9.119   -0.560  -10.099   96.348    6.521 -125.843    1608104750562
02     7.799   -4.036  -14.391   97.239   83.289   14.370    1608104750562
01     9.134   -0.559  -10.101   95.984    6.454 -125.702    1608104750584
02     7.863   -4.094  -14.396   84.446   85.131    1.668    1608104750584
01     9.164   -0.549  -10.099   95.612    6.354 -125.753    1608104750600
02     7.901   -4.149  -14.410   66.570   86.277  -15.968    1608104750600
01     9.191   -0.557  -10.102   95.170    6.352 -125.746    1608104750616
02     7.966   -4.187  -14.412   40.614   86.567  -41.730    1608104750616
01     9.223   -0.552  -10.103   94.890    6.393 -125.865    1608104750631
02     8.031   -4.223  -14.415   18.769   86.200  -63.508    1608104750631
01     9.248   -0.563  -10.112   94.503    6.527 -125.923    1608104750647
02     8.085   -4.257  -14.419    5.474   85.581  -76.624    1608104750647
