01    13.657   -3.645  -11.259  123.424   68.828    1.796    1600059690975
02    13.140   -3.775  -11.709   86.404    4.523 -173.212    1600059690975
01    13.656   -3.644  -11.260  123.348   68.801    1.735    1600059690991
02    13.146   -3.774  -11.702   86.382    4.473 -173.266    1600059690991
01    13.656   -3.643  -11.257  123.280   68.778    1.673    1600059691006
02    13.153   -3.770  -11.693   86.368    4.458 -173.301    1600059691006
01    13.651   -3.642  -11.256  123.431   68.731    1.848    1600059691033
02    13.140   -3.773  -11.699   86.336    4.451 -173.204    1600059691033
01    13.637   -3.644  -11.267  123.704   68.666    2.170    1600059691050
02    13.134   -3.776  -11.698   86.307    4.440 -173.166    1600059691050
01    13.641   -3.639  -11.260  123.615   68.672    2.018    1600059691066
02    13.136   -3.769  -11.694   86.348    4.418 -173.185    1600059691066
01    13.638   -3.633  -11.262  123.633   68.632    2.007    1600059691081
02    13.130   -3.771  -11.698   86.328    4.409 -173.132    1600059691081
01    13.639   -3.638  -11.258  123.634   68.691    2.028    1600059691097
02    13.134   -3.770  -11.691   86.314    4.412 -173.157    1600059691097
01    13.642   -3.634  -11.256  123.590   68.681    1.986    1600059691116
02    13.134   -3.766  -11.692   86.289    4.395 -173.143    1600059691117
01    13.647   -3.621  -11.255  123.433   68.635    1.798    1600059691133
02    13.134   -3.758  -11.695   86.293    4.366 -173.120    1600059691133
01    13.646   -3.606  -11.262  123.469   68.587    1.829    1600059691150
02    13.139   -3.754  -11.691   86.286    4.367 -173.150    1600059691150
01    13.660   -3.585  -11.249  123.308   68.583    1.624    1600059691167
02    13.137   -3.750  -11.693   86.268    4.354 -173.122    1600059691167
01    13.652   -3.585  -11.260  123.430   68.569    1.775    1600059691183
02    13.141   -3.736  -11.691   86.277    4.321 -173.133    1600059691183
01    13.644   -3.587  -11.264  123.470   68.552    1.851    1600059691200
02    13.137   -3.729  -11.689   86.268    4.301 -173.125    1600059691200
01    13.637   -3.582  -11.266  123.488   68.524    1.885    1600059691217
02    13.127   -3.732  -11.694   86.239    4.324 -173.072    1600059691217
01    13.633   -3.581  -11.268  123.494   68.512    1.937    1600059691225
02    13.129   -3.719  -11.686   86.266    4.320 -173.085    1600059691225
01    13.633   -3.572  -11.266  123.551   68.498    1.975    1600059691240
02    13.129   -3.709  -11.683   86.272    4.311 -173.081    1600059691240
01    13.637   -3.572  -11.255  123.448   68.514    1.886    1600059691256
02    13.119   -3.689  -11.692   86.298    4.241 -173.004    1600059691256
01    13.632   -3.568  -11.253  123.424   68.499    1.878    1600059691272
02    13.126   -3.674  -11.674   86.329    4.219 -173.048    1600059691272
01    13.629   -3.562  -11.254  123.444   68.470    1.889    1600059691287
02    13.117   -3.685  -11.673   86.285    4.196 -173.018    1600059691287
01    13.616   -3.543  -11.258  123.486   68.420    1.913    1600059691303
02    13.110   -3.679  -11.675   86.282    4.151 -172.990    1600059691303
01    13.604   -3.524  -11.260  123.479   68.383    1.886    1600059691318
02    13.105   -3.664  -11.680   86.287    4.082 -172.939    1600059691318
01    13.602   -3.520  -11.254  123.331   68.349    1.747    1600059691350
02    13.098   -3.658  -11.684   86.289    4.058 -172.917    1600059691350
01    13.612   -3.520  -11.244  123.179   68.351    1.600    1600059691365
02    13.107   -3.636  -11.680   86.368    3.981 -173.003    1600059691365
01    13.611   -3.522  -11.244  123.083   68.363    1.524    1600059691381
02    13.091   -3.639  -11.696   86.319    3.982 -172.847    1600059691381
01    13.611   -3.530  -11.239  123.048   68.384    1.521    1600059691397
02    13.089   -3.640  -11.695   86.282    3.967 -172.865    1600059691397
01    13.604   -3.515  -11.252  123.107   68.342    1.571    1600059691412
02    13.083   -3.625  -11.703   86.312    3.936 -172.791    1600059691412
01    13.610   -3.500  -11.250  123.014   68.347    1.444    1600059691434
02    13.070   -3.624  -11.719   86.333    3.979 -172.684    1600059691434
01    13.620   -3.495  -11.240  122.894   68.350    1.320    1600059691439
02    13.080   -3.636  -11.703   86.256    4.000 -172.790    1600059691439
01    13.618   -3.483  -11.244  122.821   68.309    1.211    1600059691455
02    13.082   -3.622  -11.704   86.260    3.965 -172.789    1600059691455
01    13.606   -3.492  -11.250  122.925   68.291    1.411    1600059691470
02    13.075   -3.624  -11.711   86.241    3.972 -172.729    1600059691470
01    13.605   -3.502  -11.243  122.947   68.345    1.492    1600059691486
02    13.076   -3.626  -11.702   86.221    3.985 -172.742    1600059691486
01    13.596   -3.502  -11.243  123.001   68.273    1.581    1600059691517
02    13.077   -3.625  -11.688   86.209    3.994 -172.765    1600059691517
01    13.592   -3.494  -11.235  123.019   68.255    1.591    1600059691533
02    13.074   -3.611  -11.679   86.245    3.964 -172.743    1600059691533
01    13.589   -3.479  -11.229  123.084   68.208    1.580    1600059691548
02    13.071   -3.606  -11.664   86.264    3.963 -172.746    1600059691548
01    13.574   -3.473  -11.229  123.169   68.139    1.668    1600059691564
02    13.068   -3.593  -11.649   86.285    3.905 -172.750    1600059691564
01    13.567   -3.474  -11.223  123.199   68.106    1.709    1600059691580
02    13.065   -3.592  -11.636   86.285    3.885 -172.754    1600059691580
01    13.562   -3.481  -11.213  123.244   68.122    1.777    1600059691595
02    13.048   -3.595  -11.638   86.291    3.877 -172.709    1600059691595
01    13.560   -3.473  -11.213  123.341   68.064    1.869    1600059691611
02    13.043   -3.589  -11.633   86.307    3.864 -172.697    1600059691611
01    13.556   -3.477  -11.211  123.295   68.035    1.862    1600059691626
02    13.034   -3.589  -11.640   86.279    3.847 -172.593    1600059691626
01    13.550   -3.476  -11.216  123.448   68.006    1.997    1600059691642
02    13.026   -3.592  -11.646   86.267    3.812 -172.485    1600059691642
01    13.553   -3.473  -11.209  123.404   68.008    1.915    1600059691658
02    13.015   -3.593  -11.649   86.239    3.780 -172.380    1600059691658
01    13.552   -3.474  -11.205  123.342   68.021    1.864    1600059691673
02    13.013   -3.599  -11.649   86.227    3.813 -172.400    1600059691673
01    13.550   -3.466  -11.205  123.358   67.977    1.810    1600059691689
02    13.001   -3.597  -11.662   86.209    3.785 -172.287    1600059691689
01    13.543   -3.469  -11.207  123.453   67.951    1.923    1600059691705
02    13.003   -3.602  -11.658   86.190    3.799 -172.330    1600059691705
01    13.538   -3.468  -11.210  123.509   67.923    1.965    1600059691720
02    13.004   -3.591  -11.659   86.329    3.744 -172.321    1600059691720
01    13.535   -3.476  -11.207  123.451   67.961    1.929    1600059691736
02    13.005   -3.595  -11.655   86.308    3.768 -172.366    1600059691736
01    13.532   -3.478  -11.209  123.461   67.958    1.940    1600059691767
02    13.010   -3.596  -11.648   86.345    3.793 -172.445    1600059691767
01    13.535   -3.468  -11.208  123.384   67.919    1.812    1600059691783
02    13.010   -3.593  -11.646   86.376    3.766 -172.457    1600059691783
01    13.529   -3.472  -11.210  123.435   67.914    1.868    1600059691798
02    13.001   -3.599  -11.652   86.349    3.763 -172.356    1600059691798
01    13.531   -3.473  -11.206  123.381   67.941    1.810    1600059691814
02    12.996   -3.598  -11.656   86.356    3.754 -172.331    1600059691814
01    13.524   -3.477  -11.212  123.511   67.902    1.946    1600059691830
02    12.998   -3.597  -11.655   86.374    3.728 -172.334    1600059691830
01    13.523   -3.485  -11.209  123.499   67.932    1.953    1600059691845
02    13.001   -3.598  -11.648   86.366    3.733 -172.394    1600059691845
01    13.515   -3.489  -11.217  123.596   67.900    2.062    1600059691861
02    13.005   -3.600  -11.642   86.384    3.725 -172.458    1600059691861
01    13.514   -3.496  -11.214  123.572   67.912    2.039    1600059691876
02    13.009   -3.602  -11.635   86.385    3.736 -172.499    1600059691876
01    13.515   -3.508  -11.209  123.553   67.935    2.055    1600059691892
02    13.003   -3.603  -11.639   86.384    3.742 -172.430    1600059691892
01    13.515   -3.510  -11.205  123.502   67.927    2.018    1600059691908
02    12.999   -3.601  -11.644   86.409    3.708 -172.378    1600059691908
01    13.523   -3.501  -11.198  123.408   67.945    1.895    1600059691923
02    12.994   -3.609  -11.647   86.395    3.780 -172.312    1600059691923
01    13.524   -3.503  -11.198  123.392   67.951    1.904    1600059691939
02    12.994   -3.602  -11.649   86.423    3.733 -172.320    1600059691939
01    13.522   -3.490  -11.207  123.429   67.899    1.931    1600059691955
02    12.991   -3.600  -11.653   86.408    3.715 -172.302    1600059691955
01    13.527   -3.497  -11.199  123.327   67.910    1.861    1600059691970
02    12.989   -3.602  -11.656   86.396    3.718 -172.280    1600059691970
01    13.527   -3.494  -11.200  123.326   67.903    1.855    1600059691986
02    12.990   -3.604  -11.657   86.373    3.714 -172.285    1600059691986
01    13.520   -3.495  -11.210  123.409   67.872    1.968    1600059692017
02    12.996   -3.604  -11.651   86.363    3.718 -172.341    1600059692017
01    13.523   -3.502  -11.206  123.440   67.931    2.009    1600059692033
02    13.000   -3.612  -11.646   86.317    3.747 -172.383    1600059692033
01    13.523   -3.501  -11.209  123.456   67.922    2.028    1600059692048
02    13.001   -3.625  -11.644   86.252    3.793 -172.406    1600059692048
01    13.521   -3.506  -11.212  123.492   67.930    2.082    1600059692064
02    12.997   -3.631  -11.646   86.238    3.804 -172.365    1600059692064
01    13.522   -3.511  -11.209  123.519   67.966    2.104    1600059692080
02    13.000   -3.630  -11.645   86.264    3.810 -172.379    1600059692080
01    13.518   -3.514  -11.211  123.603   67.954    2.188    1600059692095
02    12.999   -3.638  -11.643   86.266    3.826 -172.372    1600059692095
01    13.518   -3.514  -11.207  123.540   67.952    2.115    1600059692111
02    13.000   -3.638  -11.641   86.255    3.821 -172.387    1600059692111
01    13.521   -3.505  -11.204  123.506   67.917    2.030    1600059692126
02    13.006   -3.634  -11.627   86.281    3.812 -172.446    1600059692126
01    13.517   -3.505  -11.206  123.549   67.868    2.085    1600059692142
02    13.004   -3.631  -11.626   86.290    3.798 -172.438    1600059692142
01    13.514   -3.498  -11.207  123.594   67.818    2.110    1600059692158
02    13.005   -3.626  -11.623   86.297    3.787 -172.448    1600059692158
01    13.512   -3.494  -11.206  123.570   67.804    2.074    1600059692173
02    12.999   -3.626  -11.627   86.297    3.782 -172.406    1600059692173
01    13.515   -3.489  -11.201  123.445   67.778    1.926    1600059692189
02    12.994   -3.626  -11.629   86.283    3.755 -172.369    1600059692189
01    13.514   -3.491  -11.199  123.540   67.798    2.024    1600059692205
02    12.994   -3.622  -11.631   86.301    3.743 -172.347    1600059692205
01    13.508   -3.491  -11.208  123.712   67.763    2.196    1600059692220
02    12.990   -3.617  -11.635   86.310    3.725 -172.283    1600059692220
01    13.505   -3.495  -11.211  123.815   67.765    2.313    1600059692236
02    12.990   -3.622  -11.635   86.272    3.738 -172.284    1600059692236
01    13.506   -3.493  -11.212  123.827   67.769    2.311    1600059692267
02    12.994   -3.622  -11.632   86.263    3.737 -172.330    1600059692267
01    13.512   -3.495  -11.208  123.760   67.817    2.256    1600059692283
02    12.993   -3.626  -11.638   86.238    3.765 -172.291    1600059692283
01    13.516   -3.501  -11.207  123.683   67.849    2.221    1600059692298
02    12.995   -3.633  -11.637   86.207    3.800 -172.316    1600059692298
01    13.520   -3.504  -11.206  123.647   67.870    2.198    1600059692314
02    13.001   -3.634  -11.635   86.209    3.794 -172.352    1600059692314
01    13.521   -3.505  -11.209  123.624   67.871    2.185    1600059692330
02    13.007   -3.631  -11.632   86.228    3.796 -172.382    1600059692330
01    13.521   -3.507  -11.210  123.653   67.864    2.230    1600059692345
02    13.013   -3.633  -11.626   86.236    3.815 -172.422    1600059692345
01    13.522   -3.515  -11.206  123.678   67.918    2.278    1600059692361
02    13.016   -3.631  -11.620   86.230    3.803 -172.445    1600059692361
01    13.527   -3.513  -11.195  123.635   67.946    2.207    1600059692376
02    13.014   -3.634  -11.617   86.214    3.813 -172.433    1600059692376
01    13.524   -3.514  -11.192  123.669   67.944    2.238    1600059692392
02    13.008   -3.643  -11.614   86.185    3.839 -172.424    1600059692392
01    13.518   -3.511  -11.193  123.732   67.901    2.300    1600059692408
02    13.006   -3.636  -11.611   86.206    3.804 -172.442    1600059692408
01    13.514   -3.509  -11.194  123.775   67.872    2.325    1600059692423
02    13.004   -3.635  -11.609   86.226    3.801 -172.429    1600059692423
01    13.514   -3.504  -11.190  123.739   67.870    2.272    1600059692439
02    13.000   -3.637  -11.608   86.189    3.794 -172.407    1600059692439
01    13.516   -3.505  -11.184  123.643   67.882    2.178    1600059692455
02    13.000   -3.629  -11.609   86.230    3.772 -172.397    1600059692455
01    13.515   -3.501  -11.185  123.648   67.869    2.182    1600059692470
02    13.001   -3.622  -11.611   86.276    3.742 -172.397    1600059692470
01    13.517   -3.496  -11.183  123.607   67.859    2.108    1600059692486
02    13.003   -3.622  -11.608   86.243    3.739 -172.425    1600059692486
01    13.519   -3.490  -11.185  123.616   67.853    2.104    1600059692517
02    13.005   -3.623  -11.607   86.232    3.753 -172.428    1600059692517
01    13.517   -3.499  -11.190  123.677   67.871    2.216    1600059692533
02    13.005   -3.622  -11.609   86.226    3.772 -172.427    1600059692533
01    13.522   -3.497  -11.188  123.591   67.876    2.127    1600059692548
02    13.004   -3.625  -11.610   86.204    3.785 -172.430    1600059692548
01    13.517   -3.505  -11.192  123.664   67.886    2.243    1600059692564
02    13.005   -3.620  -11.613   86.213    3.770 -172.427    1600059692564
01    13.512   -3.505  -11.197  123.703   67.879    2.290    1600059692580
02    13.002   -3.623  -11.617   86.194    3.800 -172.398    1600059692580
01    13.513   -3.506  -11.197  123.705   67.886    2.306    1600059692595
02    12.999   -3.626  -11.619   86.169    3.819 -172.369    1600059692595
01    13.516   -3.501  -11.195  123.682   67.895    2.269    1600059692611
02    12.994   -3.618  -11.629   86.180    3.803 -172.324    1600059692611
01    13.522   -3.499  -11.189  123.624   67.941    2.195    1600059692626
02    12.992   -3.619  -11.640   86.154    3.808 -172.259    1600059692626
01    13.529   -3.495  -11.185  123.535   67.962    2.101    1600059692642
02    12.991   -3.622  -11.642   86.082    3.841 -172.205    1600059692642
01    13.541   -3.487  -11.181  123.397   67.955    1.955    1600059692658
02    13.001   -3.614  -11.632   86.120    3.816 -172.299    1600059692658
01    13.541   -3.485  -11.182  123.366   67.948    1.935    1600059692673
02    13.008   -3.610  -11.626   86.117    3.793 -172.320    1600059692673
01    13.538   -3.486  -11.185  123.454   67.943    2.044    1600059692689
02    13.011   -3.611  -11.625   86.084    3.770 -172.347    1600059692689
01    13.541   -3.482  -11.186  123.431   67.929    2.026    1600059692705
02    13.014   -3.600  -11.628   86.137    3.738 -172.320    1600059692705
01    13.543   -3.475  -11.184  123.386   67.908    1.968    1600059692720
02    13.017   -3.590  -11.627   86.183    3.708 -172.327    1600059692720
01    13.542   -3.478  -11.187  123.414   67.911    2.009    1600059692736
02    13.011   -3.594  -11.632   86.159    3.737 -172.281    1600059692736
01    13.545   -3.471  -11.187  123.366   67.885    1.951    1600059692767
02    13.011   -3.592  -11.634   86.163    3.712 -172.295    1600059692767
01    13.546   -3.473  -11.185  123.350   67.882    1.964    1600059692783
02    13.007   -3.590  -11.642   86.158    3.712 -172.248    1600059692783
01    13.543   -3.475  -11.190  123.334   67.849    1.979    1600059692798
02    13.009   -3.600  -11.638   86.119    3.741 -172.273    1600059692798
01    13.548   -3.477  -11.189  123.268   67.872    1.924    1600059692814
02    13.014   -3.597  -11.635   86.127    3.720 -172.300    1600059692814
01    13.551   -3.471  -11.191  123.278   67.880    1.896    1600059692830
02    13.024   -3.587  -11.628   86.164    3.681 -172.380    1600059692830
01    13.551   -3.467  -11.193  123.278   67.870    1.873    1600059692845
02    13.022   -3.588  -11.634   86.147    3.696 -172.336    1600059692845
01    13.549   -3.467  -11.199  123.314   67.852    1.916    1600059692861
02    13.024   -3.587  -11.637   86.147    3.693 -172.353    1600059692861
01    13.548   -3.468  -11.208  123.339   67.858    1.957    1600059692876
02    13.031   -3.589  -11.635   86.137    3.682 -172.397    1600059692876
01    13.553   -3.475  -11.207  123.279   67.892    1.924    1600059692892
02    13.029   -3.591  -11.641   86.119    3.699 -172.375    1600059692892
01    13.551   -3.470  -11.214  123.315   67.865    1.953    1600059692908
02    13.030   -3.595  -11.641   86.118    3.727 -172.383    1600059692908
01    13.554   -3.471  -11.212  123.270   67.883    1.903    1600059692923
02    13.032   -3.598  -11.644   86.076    3.746 -172.394    1600059692923
01    13.557   -3.471  -11.211  123.237   67.891    1.884    1600059692939
02    13.033   -3.592  -11.647   86.108    3.734 -172.401    1600059692939
01    13.563   -3.468  -11.204  123.174   67.927    1.813    1600059692955
02    13.029   -3.589  -11.651   86.099    3.719 -172.351    1600059692955
01    13.577   -3.449  -11.194  122.995   67.952    1.546    1600059692970
02    13.033   -3.587  -11.648   86.090    3.717 -172.378    1600059692970
01    13.569   -3.453  -11.201  122.969   67.905    1.588    1600059692986
02    13.034   -3.587  -11.647   86.068    3.702 -172.384    1600059692986
01    13.570   -3.448  -11.200  123.007   67.920    1.608    1600059693017
02    13.037   -3.590  -11.641   86.062    3.733 -172.421    1600059693017
01    13.568   -3.448  -11.200  123.017   67.904    1.621    1600059693033
02    13.029   -3.583  -11.650   86.072    3.709 -172.351    1600059693033
01    13.563   -3.456  -11.200  123.098   67.931    1.729    1600059693048
02    13.029   -3.586  -11.646   86.042    3.722 -172.366    1600059693048
01    13.559   -3.453  -11.200  123.131   67.915    1.769    1600059693064
02    13.031   -3.584  -11.641   86.044    3.738 -172.382    1600059693064
01    13.557   -3.448  -11.199  123.100   67.882    1.747    1600059693080
02    13.026   -3.580  -11.646   86.049    3.720 -172.320    1600059693080
01    13.552   -3.448  -11.199  123.156   67.865    1.812    1600059693095
02    13.022   -3.581  -11.647   86.050    3.714 -172.289    1600059693095
01    13.547   -3.453  -11.200  123.191   67.854    1.881    1600059693111
02    13.018   -3.580  -11.647   86.042    3.695 -172.271    1600059693111
01    13.544   -3.459  -11.200  123.229   67.875    1.983    1600059693126
02    13.017   -3.578  -11.643   86.035    3.705 -172.282    1600059693126
01    13.551   -3.462  -11.192  123.079   67.932    1.837    1600059693142
02    13.017   -3.575  -11.642   86.048    3.691 -172.281    1600059693142
01    13.551   -3.460  -11.193  123.086   67.918    1.834    1600059693158
02    13.020   -3.577  -11.639   86.032    3.686 -172.309    1600059693158
01    13.552   -3.452  -11.196  123.102   67.898    1.811    1600059693173
02    13.017   -3.581  -11.644   86.009    3.706 -172.271    1600059693173
01    13.555   -3.453  -11.193  123.027   67.904    1.721    1600059693189
02    13.020   -3.578  -11.643   86.034    3.691 -172.290    1600059693189
01    13.558   -3.453  -11.195  123.038   67.901    1.715    1600059693205
02    13.022   -3.582  -11.641   86.042    3.711 -172.303    1600059693205
01    13.556   -3.453  -11.198  123.108   67.884    1.794    1600059693220
02    13.027   -3.587  -11.633   86.036    3.736 -172.351    1600059693220
01    13.555   -3.455  -11.199  123.158   67.861    1.842    1600059693236
02    13.025   -3.587  -11.634   86.063    3.742 -172.321    1600059693236
01    13.549   -3.456  -11.204  123.269   67.798    1.963    1600059693267
02    13.029   -3.587  -11.626   86.072    3.728 -172.357    1600059693267
01    13.545   -3.462  -11.201  123.291   67.793    2.003    1600059693283
02    13.036   -3.607  -11.600   86.064    3.753 -172.404    1600059693283
01    13.543   -3.463  -11.198  123.346   67.785    2.039    1600059693298
02    13.027   -3.607  -11.604   86.075    3.747 -172.385    1600059693298
01    13.538   -3.459  -11.199  123.425   67.654    2.116    1600059693314
02    13.020   -3.606  -11.607   86.082    3.736 -172.349    1600059693314
01    13.537   -3.463  -11.192  123.407   67.727    2.109    1600059693330
02    13.017   -3.598  -11.608   86.096    3.717 -172.310    1600059693330
01    13.540   -3.463  -11.184  123.384   67.784    2.012    1600059693350
02    13.021   -3.595  -11.600   86.107    3.717 -172.314    1600059693350
01    13.540   -3.468  -11.178  123.351   67.780    2.034    1600059693367
02    13.018   -3.591  -11.608   86.129    3.701 -172.280    1600059693367
01    13.542   -3.465  -11.174  123.375   67.815    1.983    1600059693383
02    13.012   -3.594  -11.615   86.137    3.708 -172.226    1600059693384
01    13.539   -3.467  -11.177  123.430   67.806    2.057    1600059693400
02    13.017   -3.592  -11.606   86.145    3.676 -172.258    1600059693400
01    13.540   -3.473  -11.173  123.385   67.825    2.030    1600059693417
02    13.027   -3.598  -11.594   86.157    3.705 -172.307    1600059693417
01    13.536   -3.479  -11.172  123.371   67.829    2.053    1600059693433
02    13.025   -3.602  -11.591   86.146    3.752 -172.317    1600059693433
01    13.536   -3.477  -11.172  123.391   67.800    2.060    1600059693448
02    13.023   -3.601  -11.593   86.159    3.763 -172.302    1600059693448
01    13.532   -3.470  -11.179  123.401   67.722    2.074    1600059693464
02    13.020   -3.607  -11.594   86.142    3.792 -172.314    1600059693464
01    13.534   -3.468  -11.176  123.378   67.731    2.059    1600059693483
02    13.016   -3.607  -11.601   86.118    3.773 -172.293    1600059693483
01    13.534   -3.463  -11.180  123.337   67.694    2.015    1600059693500
02    13.012   -3.603  -11.609   86.115    3.756 -172.263    1600059693500
01    13.536   -3.458  -11.183  123.299   67.681    1.961    1600059693509
02    13.010   -3.593  -11.616   86.140    3.717 -172.242    1600059693509
01    13.536   -3.456  -11.185  123.305   67.677    1.957    1600059693525
02    13.014   -3.590  -11.613   86.148    3.703 -172.265    1600059693525
01    13.540   -3.461  -11.181  123.190   67.702    1.845    1600059693541
02    13.015   -3.590  -11.612   86.151    3.699 -172.286    1600059693541
01    13.536   -3.464  -11.189  123.323   67.695    1.989    1600059693556
02    13.014   -3.598  -11.613   86.129    3.729 -172.301    1600059693556
01    13.534   -3.465  -11.192  123.328   67.693    1.993    1600059693572
02    13.014   -3.602  -11.615   86.113    3.735 -172.321    1600059693572
01    13.531   -3.471  -11.194  123.366   67.698    2.072    1600059693588
02    13.013   -3.602  -11.618   86.113    3.730 -172.319    1600059693588
01    13.529   -3.468  -11.196  123.341   67.674    2.037    1600059693603
02    13.013   -3.603  -11.616   86.132    3.735 -172.331    1600059693603
01    13.531   -3.471  -11.192  123.359   67.713    2.023    1600059693619
02    13.016   -3.606  -11.610   86.147    3.753 -172.361    1600059693619
01    13.532   -3.473  -11.188  123.342   67.722    1.993    1600059693650
02    13.009   -3.610  -11.613   86.152    3.756 -172.331    1600059693650
01    13.534   -3.473  -11.181  123.291   67.752    1.929    1600059693662
02    13.004   -3.611  -11.616   86.143    3.747 -172.301    1600059693662
01    13.527   -3.471  -11.188  123.443   67.713    2.071    1600059693678
02    13.007   -3.613  -11.610   86.135    3.754 -172.319    1600059693678
01    13.521   -3.469  -11.191  123.485   67.680    2.104    1600059693694
02    13.008   -3.609  -11.606   86.158    3.726 -172.326    1600059693694
01    13.528   -3.473  -11.178  123.377   67.731    1.985    1600059693709
02    13.007   -3.608  -11.605   86.182    3.722 -172.303    1600059693709
01    13.529   -3.485  -11.173  123.373   67.780    2.032    1600059693725
02    13.007   -3.604  -11.605   86.194    3.705 -172.300    1600059693725
01    13.531   -3.488  -11.169  123.342   67.798    2.011    1600059693740
02    13.011   -3.599  -11.602   86.266    3.680 -172.335    1600059693740
01    13.534   -3.490  -11.168  123.368   67.825    2.048    1600059693756
02    13.017   -3.600  -11.595   86.253    3.677 -172.411    1600059693756
01    13.534   -3.491  -11.167  123.390   67.846    2.097    1600059693772
02    13.014   -3.605  -11.596   86.215    3.695 -172.386    1600059693772
01    13.530   -3.489  -11.171  123.398   67.810    2.117    1600059693787
02    13.008   -3.605  -11.599   86.208    3.711 -172.329    1600059693787
01    13.524   -3.491  -11.171  123.400   67.785    2.148    1600059693803
02    13.002   -3.607  -11.603   86.191    3.708 -172.298    1600059693803
01    13.523   -3.480  -11.169  123.407   67.758    2.112    1600059693819
02    12.994   -3.608  -11.608   86.168    3.714 -172.233    1600059693819
01    13.515   -3.482  -11.174  123.440   67.729    2.188    1600059693850
02    12.987   -3.611  -11.607   86.140    3.711 -172.218    1600059693850
01    13.513   -3.481  -11.172  123.437   67.731    2.189    1600059693865
02    12.988   -3.606  -11.602   86.148    3.687 -172.240    1600059693865
01    13.509   -3.460  -11.177  123.393   67.663    2.087    1600059693881
02    12.986   -3.590  -11.601   86.208    3.643 -172.246    1600059693881
01    13.503   -3.473  -11.176  123.360   67.673    2.109    1600059693897
02    12.985   -3.591  -11.597   86.186    3.632 -172.269    1600059693897
01    13.500   -3.465  -11.178  123.324   67.626    2.050    1600059693912
02    12.982   -3.594  -11.597   86.164    3.613 -172.262    1600059693912
01    13.505   -3.463  -11.175  123.233   67.642    1.961    1600059693928
02    12.973   -3.584  -11.610   86.176    3.584 -172.203    1600059693928
01    13.506   -3.461  -11.174  123.207   67.643    1.934    1600059693944
02    12.972   -3.573  -11.613   86.187    3.566 -172.210    1600059693944
01    13.506   -3.464  -11.172  123.148   67.652    1.903    1600059693959
02    12.978   -3.567  -11.610   86.204    3.560 -172.232    1600059693959
01    13.507   -3.470  -11.171  123.087   67.682    1.876    1600059693975
02    12.981   -3.565  -11.609   86.210    3.542 -172.264    1600059693975
01    13.505   -3.470  -11.173  123.090   67.680    1.888    1600059693990
02    12.978   -3.565  -11.611   86.206    3.536 -172.261    1600059693990
01    13.505   -3.470  -11.173  123.107   67.689    1.911    1600059694006
02    12.978   -3.571  -11.610   86.197    3.560 -172.258    1600059694006
01    13.502   -3.469  -11.175  123.163   67.689    1.956    1600059694022
02    12.979   -3.566  -11.609   86.198    3.529 -172.269    1600059694022
01    13.503   -3.462  -11.174  123.170   67.682    1.920    1600059694037
02    12.979   -3.565  -11.608   86.213    3.535 -172.276    1600059694037
01    13.498   -3.461  -11.181  123.272   67.659    2.030    1600059694053
02    12.977   -3.559  -11.612   86.254    3.486 -172.246    1600059694053
01    13.499   -3.457  -11.180  123.242   67.650    1.999    1600059694068
02    12.968   -3.565  -11.619   86.200    3.497 -172.177    1600059694068
01    13.496   -3.455  -11.182  123.198   67.635    1.956    1600059694100
02    12.967   -3.571  -11.618   86.171    3.514 -172.191    1600059694100
01    13.502   -3.443  -11.178  123.092   67.597    1.780    1600059694115
02    12.967   -3.567  -11.620   86.209    3.485 -172.185    1600059694115
01    13.490   -3.441  -11.192  123.135   67.543    1.844    1600059694131
02    12.966   -3.571  -11.620   86.182    3.481 -172.211    1600059694131
01    13.499   -3.380  -11.210  121.979   67.126    1.158    1600059694147
02    12.965   -3.547  -11.633   86.178    3.445 -172.139    1600059694147
01    13.560   -3.265  -11.266  117.991   66.742   -0.667    1600059694162
02    12.921   -3.206  -11.823   86.625    3.610 -171.739    1600059694162
01    13.958   -2.425  -11.142  100.197   61.585  -15.793    1600059694178
02    12.266   -2.550  -13.088   93.923   12.125 -170.617    1600059694178
01    14.496   -2.209  -10.474   75.899   49.382  -30.655    1600059694193
02    11.681   -3.879  -14.096  100.774   35.814 -169.420    1600059694193
01    14.683   -2.578  -10.103   63.708   42.086  -32.646    1600059694209
02    11.856   -5.334  -14.127  102.132   57.614 -171.849    1600059694209
01    14.867   -2.979   -9.926   55.688   41.191  -33.752    1600059694225
02    12.043   -6.175  -13.953  100.512   71.360 -174.659    1600059694225
01    14.980   -3.267   -9.933   51.397   41.053  -34.079    1600059694240
02    12.028   -6.826  -13.816  116.190   79.773 -159.587    1600059694240
01    15.011   -3.421   -9.999   50.289   40.952  -34.507    1600059694256
02    12.089   -7.232  -13.724  143.909   83.577 -133.677    1600059694256
01    15.057   -3.518   -9.996   49.839   40.106  -35.840    1600059694272
02    12.238   -7.536  -13.685  170.615   85.567 -109.503    1600059694272
01    15.118   -3.630   -9.997   49.204   39.392  -36.890    1600059694287
02    12.299   -7.744  -13.719 -168.281   85.382  -89.649    1600059694287
01    15.189   -3.735  -10.033   48.356   38.856  -37.026    1600059694303
02    12.348   -7.925  -13.709 -158.141   84.585  -79.498    1600059694303
01    15.224   -3.816  -10.095   47.944   38.708  -36.734    1600059694318
02    12.361   -7.994  -13.750 -157.801   84.050  -79.372    1600059694318
01    15.231   -3.875  -10.146   48.056   38.765  -36.611    1600059694350
02    12.373   -8.037  -13.789 -156.177   83.737  -78.096    1600059694350
01    15.191   -3.905  -10.229   48.956   39.796  -36.638    1600059694365
02    12.354   -8.150  -13.827 -150.637   83.107  -72.212    1600059694365
01    15.059   -3.940  -10.389   50.874   41.854  -36.133    1600059694381
02    12.381   -8.311  -13.837 -138.886   82.941  -60.367    1600059694381
01    14.807   -3.977  -10.633   55.058   45.765  -34.908    1600059694397
02    12.453   -8.333  -13.883 -133.653   83.814  -55.764    1600059694397
01    14.291   -4.216  -11.005   61.272   52.008  -33.566    1600059694412
02    12.703   -7.784  -13.895  143.565   86.424 -140.361    1600059694412
01    13.679   -4.746  -11.358   74.223   62.403  -29.089    1600059694428
02    13.174   -7.085  -13.147   96.858   73.473  170.756    1600059694428
01    13.165   -5.591  -11.579  115.355   74.911    3.522    1600059694443
02    13.149   -7.218  -12.049   91.838   55.579  177.517    1600059694443
01    13.006   -5.388  -12.072  170.676   72.908   46.333    1600059694459
02    12.732   -6.244  -12.327   93.570   27.940 -172.458    1600059694459
01    12.902   -5.267  -12.292  161.342   72.787   36.348    1600059694475
02    12.498   -5.984  -12.409   94.719   21.315 -168.861    1600059694475
01    12.949   -5.230  -12.267  145.313   74.243   21.128    1600059694490
02    12.410   -5.797  -12.457   95.314   18.112 -169.517    1600059694490
01    13.050   -5.213  -12.182  131.364   75.498    7.776    1600059694506
02    12.439   -5.649  -12.468   95.277   16.587 -171.791    1600059694506
01    13.131   -5.202  -12.109  122.227   75.996   -1.013    1600059694522
02    12.503   -5.518  -12.469   95.489   15.944 -173.542    1600059694522
01    13.183   -5.207  -12.107  117.963   76.181   -4.747    1600059694537
02    12.566   -5.397  -12.501   95.817   15.968 -174.356    1600059694537
01    13.284   -5.253  -12.087  114.360   77.237   -7.421    1600059694553
02    12.648   -5.323  -12.545   95.227   16.743 -175.089    1600059694553
01    13.383   -5.308  -12.075  112.069   78.297   -8.531    1600059694569
02    12.756   -5.312  -12.565   93.550   17.859 -175.799    1600059694584
01    13.496   -5.278  -12.084  110.035   78.684   -9.042    1600059694600
02    12.791   -5.291  -12.635   91.048   17.886 -175.016    1600059694600
01    13.847   -4.843  -11.990   89.869   75.547  -28.585    1600059694615
02    12.627   -4.911  -13.261   93.252   20.483 -174.509    1600059694615
01    14.129   -4.582  -11.778   72.959   68.591  -41.866    1600059694631
02    12.440   -5.335  -13.769   95.037   32.064 -174.036    1600059694631
01    14.414   -4.314  -11.488   64.313   60.647  -45.360    1600059694647
02    12.366   -6.120  -14.044   95.875   45.768 -175.073    1600059694647
01    14.622   -4.096  -11.148   59.138   52.437  -45.077    1600059694662
02    12.517   -6.840  -14.099   91.271   62.065  177.503    1600059694662
01    14.732   -3.984  -10.855   57.057   46.913  -44.187    1600059694678
02    12.751   -7.390  -14.067   75.369   73.340  159.089    1600059694678
01    14.758   -3.930  -10.697   56.854   44.688  -43.372    1600059694693
02    12.778   -7.817  -14.087   63.954   80.252  146.976    1600059694693
01    14.759   -3.854  -10.625   57.702   43.876  -43.121    1600059694709
02    12.781   -8.145  -14.016   50.912   85.681  133.468    1600059694709
01    14.739   -3.870  -10.613   58.409   44.348  -43.076    1600059694725
02    12.761   -8.334  -13.991   16.891   88.518   99.726    1600059694725
01    14.665   -3.865  -10.674   60.273   45.542  -42.310    1600059694740
02    12.816   -8.452  -13.956  -39.006   87.928   43.734    1600059694740
01    14.646   -3.820  -10.699   61.817   46.175  -41.779    1600059694756
02    12.901   -8.517  -13.906  -44.523   86.574   38.186    1600059694756
01    14.605   -3.832  -10.735   62.963   46.965  -41.167    1600059694772
02    13.082   -8.312  -13.893   -4.256   85.607   77.923    1600059694772
01    14.486   -3.953  -10.825   64.616   49.082  -40.438    1600059694787
02    13.371   -7.618  -13.876   50.646   79.169  131.632    1600059694787
01    14.328   -4.130  -10.954   67.944   53.068  -40.177    1600059694803
02    13.824   -6.821  -13.210   68.218   63.685  146.551    1600059694803
01    14.060   -4.509  -11.218   74.459   60.363  -36.322    1600059694818
02    13.764   -7.088  -12.094   71.871   45.478  158.643    1600059694818
01    14.039   -4.561  -11.408   83.539   68.927  -34.511    1600059694850
02    13.503   -5.997  -12.193   85.446   25.474  174.583    1600059694850
01    13.928   -4.640  -11.670   89.813   72.328  -30.187    1600059694865
02    13.330   -5.525  -12.256   89.484   18.769 -179.717    1600059694865
01    13.844   -4.717  -11.832   89.714   72.925  -30.307    1600059694881
02    13.229   -5.274  -12.284   91.572   15.692 -177.465    1600059694881
01    13.782   -4.755  -11.923   87.964   72.555  -31.464    1600059694897
02    13.159   -5.127  -12.315   92.484   14.030 -176.656    1600059694897
01    13.769   -4.776  -11.941   85.780   72.134  -32.505    1600059694912
02    13.131   -4.980  -12.341   92.562   12.893 -176.503    1600059694912
01    13.811   -4.800  -11.946   83.100   72.051  -33.689    1600059694928
02    13.115   -4.842  -12.395   91.683   12.366 -176.460    1600059694928
01    13.857   -4.858  -11.948   80.682   72.517  -34.477    1600059694943
02    13.146   -4.777  -12.431   89.825   12.512 -177.269    1600059694943
01    13.881   -4.868  -11.962   81.100   72.904  -32.555    1600059694959
02    13.209   -4.693  -12.461   87.796   12.300 -178.316    1600059694959
01    14.193   -4.491  -11.821   77.006   70.580  -36.175    1600059694975
02    13.068   -3.997  -13.082   89.347   12.950 -178.076    1600059694975
01    14.566   -4.186  -11.521   67.456   64.347  -42.874    1600059694990
02    12.879   -4.397  -13.677   90.149   23.989 -178.008    1600059694990
01    14.830   -4.079  -11.254   59.867   57.247  -45.126    1600059695006
02    12.738   -5.349  -14.073   89.469   37.911 -178.967    1600059695006
01    15.041   -4.067  -10.954   53.928   50.692  -45.699    1600059695022
02    12.735   -6.252  -14.189   87.273   52.918  178.444    1600059695022
01    15.077   -4.008  -10.831   53.021   47.405  -44.579    1600059695037
02    12.694   -6.803  -14.232   86.793   67.239  177.271    1600059695037
01    15.032   -3.915  -10.774   55.008   46.600  -43.735    1600059695053
02    12.636   -7.156  -14.193   95.713   76.694 -174.527    1600059695053
01    14.930   -3.833  -10.771   58.541   47.133  -42.551    1600059695068
02    12.594   -7.380  -14.126  115.828   81.268 -154.832    1600059695068
01    14.816   -3.758  -10.792   62.706   48.123  -40.727    1600059695100
02    12.594   -7.552  -14.069  132.020   83.371 -139.051    1600059695100
01    14.704   -3.659  -10.799   67.109   48.868  -38.850    1600059695115
02    12.662   -7.609  -14.032  129.164   84.723 -142.662    1600059695115
01    14.563   -3.625  -10.814   71.246   49.912  -37.024    1600059695131
02    12.795   -7.481  -14.005  101.432   84.088 -171.358    1600059695131
01    14.384   -3.687  -10.860   75.999   52.373  -35.504    1600059695147
02    13.065   -6.990  -13.906   81.105   76.120  165.770    1600059695147
01    14.171   -3.861  -10.979   83.148   57.074  -32.929    1600059695162
02    13.499   -6.519  -13.258   76.456   61.450  160.093    1600059695162
01    13.896   -3.931  -11.374   98.475   63.594  -22.491    1600059695178
02    13.397   -6.751  -12.557   74.570   42.339  168.342    1600059695178
01    13.695   -4.207  -11.632  107.846   65.775  -14.060    1600059695193
02    13.328   -6.090  -12.508   82.657   27.284  176.742    1600059695193
01    13.671   -4.332  -11.750  110.176   66.891  -12.345    1600059695209
02    13.292   -5.682  -12.480   85.848   20.831  179.497    1600059695209
01    13.673   -4.441  -11.803  108.990   67.540  -13.557    1600059695225
02    13.266   -5.374  -12.481   87.659   17.516 -179.456    1600059695225
01    13.675   -4.545  -11.858  107.397   68.266  -14.754    1600059695240
02    13.254   -5.174  -12.497   88.706   16.184 -178.980    1600059695240
01    13.701   -4.661  -11.902  105.870   69.429  -15.414    1600059695256
02    13.279   -5.045  -12.519   89.051   16.158 -178.754    1600059695256
01    13.736   -4.787  -11.951  105.060   70.880  -15.063    1600059695272
02    13.304   -4.991  -12.568   88.602   16.851 -178.321    1600059695272
01    13.801   -4.870  -11.988  104.917   72.147  -13.664    1600059695287
02    13.371   -5.005  -12.572   87.145   17.728 -178.081    1600059695287
01    14.009   -4.676  -12.004  101.911   72.236  -15.801    1600059695303
02    13.383   -4.995  -12.611   85.575   17.856 -177.938    1600059695303
01    14.264   -4.408  -11.862   89.717   69.395  -26.437    1600059695318
02    13.131   -4.711  -13.186   88.287   21.026 -176.247    1600059695318
01    14.418   -4.262  -11.705   80.466   65.214  -32.926    1600059695350
02    12.953   -5.093  -13.579   89.545   31.552 -175.886    1600059695350
01    14.548   -4.133  -11.530   72.865   60.255  -36.941    1600059695365
02    12.848   -5.732  -13.828   90.268   43.627 -176.482    1600059695365
01    14.633   -4.048  -11.344   67.807   55.347  -39.122    1600059695381
02    12.794   -6.527  -13.984   90.827   60.743 -177.876    1600059695381
01    14.677   -3.975  -11.173   66.127   52.305  -39.932    1600059695397
02    12.748   -7.227  -14.062   94.060   73.902 -176.040    1600059695397
01    14.687   -3.936  -11.059   66.343   51.411  -40.043    1600059695412
02    12.684   -7.705  -14.031  110.635   81.187 -159.812    1600059695412
01    14.651   -3.925  -11.034   67.792   51.835  -39.300    1600059695428
02    12.641   -8.015  -13.954  142.152   83.833 -128.153    1600059695428
01    14.587   -3.924  -11.039   69.962   52.596  -38.076    1600059695443
02    12.624   -8.201  -13.925  162.843   84.282 -107.557    1600059695443
01    14.456   -3.983  -11.076   73.211   54.240  -36.146    1600059695459
02    12.749   -8.176  -13.893  150.873   85.704 -120.604    1600059695459
01    14.285   -4.085  -11.135   78.216   57.063  -33.607    1600059695475
02    12.993   -7.802  -13.864   98.811   83.054 -175.235    1600059695475
01    14.046   -4.335  -11.242   87.221   62.252  -27.957    1600059695490
02    13.420   -7.170  -13.419   82.266   71.658  165.661    1600059695490
01    13.752   -4.796  -11.429  107.633   69.945  -11.497    1600059695506
02    13.617   -7.127  -12.394   78.908   55.181  167.963    1600059695506
01    13.661   -5.152  -11.386  114.743   70.028   -3.850    1600059695522
02    13.371   -6.272  -12.478   87.011   34.520  178.805    1600059695522
01    13.512   -5.006  -11.714  122.348   68.265    2.072    1600059695537
02    13.220   -5.888  -12.553   89.297   27.008 -178.641    1600059695537
01    13.462   -4.994  -11.892  123.206   67.796    2.283    1600059695553
02    13.148   -5.707  -12.618   90.433   24.013 -178.089    1600059695553
01    13.467   -5.056  -11.973  122.172   68.357    1.254    1600059695568
02    13.139   -5.620  -12.659   90.992   23.016 -178.215    1600059695568
01    13.504   -5.120  -12.031  120.723   69.219    0.161    1600059695600
02    13.166   -5.575  -12.693   91.124   22.966 -178.516    1600059695600
01    13.585   -5.140  -12.061  118.380   70.079   -1.604    1600059695615
02    13.221   -5.552  -12.720   90.677   23.399 -178.792    1600059695615
01    13.670   -5.155  -12.102  115.541   70.725   -3.203    1600059695631
02    13.301   -5.559  -12.726   89.209   23.848 -178.982    1600059695631
01    13.769   -5.143  -12.129  111.901   70.849   -4.740    1600059695647
02    13.370   -5.583  -12.730   86.814   23.687 -178.526    1600059695647
01    13.929   -5.090  -12.156  107.016   71.239   -8.186    1600059695662
02    13.350   -5.402  -12.928   86.448   23.178 -178.833    1600059695662
01    14.114   -4.962  -12.072   97.582   70.518  -16.875    1600059695678
02    13.239   -5.423  -13.321   87.012   27.846 -178.999    1600059695678
01    14.297   -4.761  -11.950   86.309   67.295  -26.814    1600059695693
02    13.156   -5.814  -13.648   86.574   36.023  179.411    1600059695693
01    14.564   -4.405  -11.681   74.806   60.016  -35.455    1600059695709
02    13.154   -6.623  -13.928   84.072   49.625  174.668    1600059695709
01    14.788   -4.167  -11.372   67.267   52.048  -38.924    1600059695725
02    13.234   -7.524  -14.071   73.176   65.738  162.228    1600059695725
01    14.923   -4.059  -11.147   63.314   47.937  -39.691    1600059695740
02    13.270   -8.088  -14.135   54.966   76.204  143.716    1600059695740
01    15.006   -4.008  -10.997   61.684   46.618  -40.105    1600059695756
02    13.135   -8.451  -14.149   38.106   83.298  127.826    1600059695756
01    14.980   -3.994  -10.988   61.723   46.882  -39.643    1600059695772
02    13.112   -8.473  -14.132   20.647   86.408  110.268    1600059695772
01    14.911   -4.006  -11.029   62.682   48.175  -39.386    1600059695787
02    13.123   -8.488  -14.140    6.452   86.845   95.800    1600059695787
01    14.752   -4.113  -11.156   64.692   51.103  -38.408    1600059695803
02    13.257   -8.301  -14.110   26.010   85.342  114.030    1600059695803
01    14.532   -4.304  -11.314   68.550   55.992  -36.871    1600059695819
02    13.471   -7.703  -14.038   60.315   79.232  145.479    1600059695819
01    14.245   -4.631  -11.519   76.490   62.769  -32.492    1600059695850
02    13.901   -7.061  -13.271   70.988   66.040  155.433    1600059695850
01    14.006   -5.093  -11.685   90.968   71.400  -21.950    1600059695865
02    13.737   -7.536  -12.225   70.761   48.074  164.589    1600059695865
01    13.890   -5.134  -11.957  108.440   75.841  -10.563    1600059695881
02    13.510   -6.732  -12.409   81.684   33.740  176.665    1600059695881
01    13.870   -5.219  -12.066  112.003   77.842   -9.217    1600059695897
02    13.402   -6.303  -12.523   85.587   27.575 -179.546    1600059695897
01    13.878   -5.298  -12.138  107.480   78.500  -14.305    1600059695912
02    13.360   -6.084  -12.587   87.262   24.662 -178.475    1600059695912
01    13.879   -5.380  -12.188  102.986   78.944  -18.724    1600059695928
02    13.360   -5.963  -12.621   88.109   23.196 -178.254    1600059695928
01    13.885   -5.428  -12.229   99.446   79.226  -21.931    1600059695943
02    13.372   -5.852  -12.661   88.684   22.384 -178.176    1600059695943
01    13.914   -5.486  -12.234   96.636   79.667  -24.064    1600059695959
02    13.402   -5.781  -12.685   88.640   22.268 -178.025    1600059695959
01    13.942   -5.526  -12.258   95.886   80.196  -23.831    1600059695975
02    13.436   -5.757  -12.689   87.824   22.565 -177.957    1600059695975
01    13.984   -5.565  -12.261   97.069   80.579  -21.003    1600059695991
02    13.461   -5.757  -12.698   86.287   22.593 -177.615    1600059695991
01    14.244   -5.245  -12.201   86.146   78.871  -31.305    1600059696006
02    13.376   -5.489  -12.966   86.521   21.569 -177.353    1600059696006
01    14.456   -5.013  -12.046   73.464   74.554  -42.069    1600059696022
02    13.135   -5.498  -13.518   88.417   27.835 -176.775    1600059696022
01    14.604   -4.816  -11.889   64.904   68.198  -47.336    1600059696037
02    12.973   -6.006  -13.873   88.916   38.235 -177.416    1600059696037
01    14.793   -4.596  -11.623   58.540   59.875  -49.255    1600059696053
02    12.896   -6.734  -14.059   88.477   52.223 -179.577    1600059696053
01    14.906   -4.385  -11.390   56.259   53.747  -48.391    1600059696084
02    12.902   -7.545  -14.141   83.944   68.482  174.418    1600059696084
01    14.959   -4.254  -11.204   56.095   50.713  -47.817    1600059696100
02    12.877   -8.115  -14.167   78.138   79.975  167.848    1600059696100
01    14.947   -4.174  -11.133   57.304   50.018  -46.710    1600059696116
02    12.841   -8.478  -14.107   88.991   87.155  179.035    1600059696116
01    14.890   -4.122  -11.117   59.299   50.402  -45.508    1600059696131
02    12.876   -8.626  -14.067 -145.353   89.526  -55.629    1600059696131
01    14.783   -4.042  -11.128   62.675   50.992  -43.780    1600059696147
02    12.923   -8.659  -14.064  -91.044   88.882   -2.202    1600059696147
01    14.675   -3.985  -11.144   66.493   51.747  -41.784    1600059696162
02    13.052   -8.514  -14.047  -11.828   88.945   75.701    1600059696162
01    14.547   -4.025  -11.171   69.944   53.656  -40.360    1600059696178
02    13.260   -8.135  -14.039   52.837   85.051  138.565    1600059696178
01    14.338   -4.234  -11.294   74.978   58.220  -38.423    1600059696193
02    13.614   -7.393  -13.779   69.706   74.021  152.080    1600059696193
01    14.105   -4.579  -11.491   84.720   65.477  -32.024    1600059696209
02    13.921   -7.112  -12.794   74.943   58.418  159.732    1600059696209
01    13.973   -4.697  -11.740  102.262   72.390  -19.655    1600059696225
02    13.668   -5.900  -12.855   88.118   30.915  176.293    1600059696225
01    13.890   -4.848  -11.944  112.033   74.062  -12.057    1600059696240
02    13.506   -5.680  -12.804   89.965   25.084 -179.302    1600059696240
01    13.852   -5.035  -12.063  111.792   75.285  -12.946    1600059696256
02    13.413   -5.604  -12.778   90.820   22.785 -177.786    1600059696256
01    13.842   -5.199  -12.134  108.519   76.384  -16.378    1600059696272
02    13.379   -5.599  -12.763   91.150   21.995 -177.670    1600059696272
01    13.850   -5.342  -12.173  104.924   77.391  -19.704    1600059696287
02    13.373   -5.611  -12.758   91.269   21.951 -177.886    1600059696287
01    13.871   -5.417  -12.212  101.768   78.186  -22.175    1600059696303
02    13.388   -5.609  -12.770   90.995   22.222 -178.021    1600059696303
01    13.907   -5.519  -12.229   99.662   79.038  -23.055    1600059696318
02    13.408   -5.625  -12.784   90.202   22.807 -178.007    1600059696334
01    13.939   -5.545  -12.258   99.854   79.400  -21.235    1600059696350
02    13.457   -5.637  -12.769   88.712   23.174 -177.970    1600059696350
01    14.088   -5.422  -12.252   96.988   78.734  -22.087    1600059696365
02    13.438   -5.569  -12.828   87.323   22.372 -177.686    1600059696365
01    14.449   -5.013  -12.075   81.832   75.668  -35.737    1600059696381
02    13.225   -5.297  -13.360   89.015   24.747 -176.688    1600059696381
01    14.661   -4.815  -11.897   70.626   70.572  -44.175    1600059696397
02    13.110   -5.610  -13.694   89.280   32.890 -177.335    1600059696397
01    14.851   -4.634  -11.676   60.847   62.741  -49.253    1600059696412
02    12.999   -6.194  -13.963   89.169   43.441 -178.605    1600059696412
01    14.997   -4.420  -11.423   56.261   54.510  -49.177    1600059696428
02    13.004   -6.994  -14.116   86.211   60.325  176.305    1600059696428
01    15.112   -4.228  -11.143   54.983   49.082  -47.897    1600059696443
02    13.036   -7.614  -14.194   79.142   73.465  167.910    1600059696443
01    15.199   -4.065  -10.949   55.006   46.454  -46.704    1600059696459
02    12.924   -7.980  -14.196   85.904   81.936  174.974    1600059696459
01    15.166   -4.063  -10.925   55.808   46.929  -45.466    1600059696475
02    12.857   -8.037  -14.146  113.735   85.053 -156.385    1600059696475
01    15.028   -4.126  -11.025   58.085   49.665  -44.793    1600059696490
02    12.970   -7.966  -14.096  103.147   85.077 -167.271    1600059696490
01    14.736   -4.357  -11.244   62.487   55.779  -43.153    1600059696506
02    13.231   -7.661  -13.989   79.859   80.601  167.916    1600059696506
01    14.419   -4.666  -11.475   71.783   64.080  -38.135    1600059696522
02    13.587   -7.157  -13.572   78.271   70.592  164.605    1600059696522
01    14.110   -5.133  -11.655   90.126   72.921  -23.472    1600059696537
02    13.760   -7.047  -12.698   78.067   55.673  170.372    1600059696537
01    14.057   -5.086  -11.816  111.132   76.733   -8.604    1600059696553
02    13.552   -6.297  -12.703   84.295   34.010 -179.148    1600059696553
01    13.993   -5.120  -11.981  115.993   77.185   -5.960    1600059696568
02    13.410   -6.025  -12.713   86.443   27.325 -176.459    1600059696584
01    13.954   -5.267  -12.054  112.482   78.171  -10.182    1600059696600
02    13.352   -5.900  -12.723   87.547   24.503 -176.311    1600059696600
01    13.932   -5.433  -12.101  108.511   79.468  -14.367    1600059696615
02    13.327   -5.854  -12.746   88.311   23.609 -176.563    1600059696615
01    13.929   -5.579  -12.169  105.726   80.716  -17.158    1600059696631
02    13.339   -5.819  -12.786   88.818   23.546 -176.868    1600059696631
01    13.929   -5.735  -12.259  104.342   81.961  -17.967    1600059696647
02    13.378   -5.844  -12.810   88.422   24.181 -177.258    1600059696647
01    13.913   -5.865  -12.351  105.938   82.777  -14.990    1600059696662
02    13.443   -5.876  -12.809   87.105   24.564 -177.426    1600059696662
01    14.147   -5.603  -12.333   99.343   82.096  -20.256    1600059696678
02    13.448   -5.838  -12.852   85.476   23.986 -177.035    1600059696678
01    14.547   -5.127  -12.135   78.498   78.324  -39.472    1600059696693
02    13.174   -5.604  -13.427   87.386   26.593 -175.299    1600059696693
01    14.812   -4.870  -11.897   65.798   72.442  -48.738    1600059696709
02    13.010   -5.945  -13.767   88.458   35.490 -175.134    1600059696709
01    14.971   -4.737  -11.673   56.161   63.587  -51.995    1600059696725
02    12.853   -6.595  -14.023   89.619   46.932 -175.260    1600059696725
01    15.061   -4.603  -11.484   52.368   56.598  -51.727    1600059696740
02    12.718   -7.349  -14.212   92.691   62.830 -174.182    1600059696740
01    15.087   -4.513  -11.337   51.886   53.177  -51.207    1600059696756
02    12.674   -7.940  -14.200   99.529   75.637 -168.559    1600059696756
01    15.055   -4.457  -11.284   53.430   53.024  -49.973    1600059696772
02    12.731   -8.238  -14.132  108.986   82.646 -159.479    1600059696772
01    14.960   -4.424  -11.290   57.049   54.432  -48.003    1600059696787
02    12.844   -8.385  -14.106  106.182   86.064 -162.915    1600059696787
01    14.829   -4.390  -11.311   62.419   56.104  -44.884    1600059696803
02    12.938   -8.396  -14.100   89.231   86.878  179.355    1600059696803
01    14.679   -4.374  -11.343   68.992   58.031  -40.997    1600059696818
02    13.058   -8.187  -14.106   77.065   84.264  166.057    1600059696834
01    14.521   -4.426  -11.372   75.600   60.784  -37.773    1600059696850
02    13.363   -7.652  -13.923   73.156   76.069  159.477    1600059696850
01    14.327   -4.578  -11.477   85.647   65.514  -31.482    1600059696865
02    13.802   -7.160  -13.157   72.986   61.227  159.046    1600059696865
01    14.210   -4.505  -11.723   98.007   69.205  -22.783    1600059696881
02    13.606   -6.581  -12.907   81.948   39.097  176.042    1600059696881
01    14.031   -4.722  -11.918  106.933   71.086  -14.652    1600059696897
02    13.507   -6.100  -12.852   85.491   28.823 -179.239    1600059696897
01    13.977   -4.918  -11.995  109.205   72.471  -12.395    1600059696912
02    13.453   -5.835  -12.793   86.533   24.692 -177.524    1600059696912
01    13.959   -5.090  -12.063  109.325   73.622  -11.933    1600059696928
02    13.440   -5.688  -12.759   86.990   23.003 -177.014    1600059696928
01    13.939   -5.267  -12.114  109.020   74.709  -11.692    1600059696943
02    13.439   -5.657  -12.741   86.997   22.541 -176.797    1600059696943
01    13.942   -5.355  -12.166  108.706   75.439  -11.386    1600059696967
02    13.463   -5.611  -12.739   86.805   22.388 -176.603    1600059696967
01    13.937   -5.461  -12.222  108.720   76.147  -10.361    1600059696979
02    13.482   -5.613  -12.761   86.025   22.700 -176.254    1600059696979
01    13.942   -5.523  -12.290  110.135   76.764   -7.338    1600059696995
02    13.509   -5.623  -12.762   84.607   22.728 -175.801    1600059696995
01    14.236   -5.156  -12.258  102.969   76.515  -13.948    1600059697010
02    13.405   -5.266  -13.097   85.336   22.172 -175.372    1600059697010
01    14.538   -4.844  -12.035   87.931   73.894  -27.494    1600059697026
02    13.160   -5.405  -13.590   87.095   28.947 -174.780    1600059697026
01    14.731   -4.691  -11.815   74.141   69.017  -38.177    1600059697042
02    12.985   -5.968  -13.908   88.020   38.745 -175.197    1600059697042
01    14.882   -4.574  -11.605   63.695   62.075  -44.734    1600059697057
02    12.913   -6.625  -14.073   88.529   52.089 -176.577    1600059697057
01    14.951   -4.510  -11.462   59.312   57.435  -47.006    1600059697073
02    12.866   -7.404  -14.180   87.950   67.029 -178.750    1600059697073
01    14.976   -4.443  -11.372   58.509   55.225  -47.810    1600059697089
02    12.895   -8.010  -14.172   85.579   77.744  177.858    1600059697089
01    14.969   -4.457  -11.330   58.739   55.267  -48.057    1600059697104
02    12.873   -8.350  -14.156   94.143   83.735 -173.750    1600059697104
01    14.925   -4.449  -11.357   61.019   56.446  -47.039    1600059697120
02    12.858   -8.555  -14.099  122.907   86.398 -144.826    1600059697120
01    14.838   -4.473  -11.415   64.602   58.514  -44.959    1600059697136
02    12.861   -8.716  -14.038  150.625   87.216 -117.053    1600059697136
01    14.721   -4.510  -11.485   68.987   60.848  -42.405    1600059697167
02    13.042   -8.523  -14.013  105.129   86.630 -164.380    1600059697167
01    14.568   -4.648  -11.551   74.522   64.813  -39.631    1600059697182
02    13.416   -7.919  -13.821   78.678   78.404  166.289    1600059697182
01    14.316   -4.949  -11.708   86.282   70.725  -30.447    1600059697198
02    13.885   -7.383  -12.996   75.661   63.719  164.638    1600059697198
01    14.071   -5.136  -12.090  108.027   76.319  -12.146    1600059697214
02    13.589   -6.605  -12.908   85.248   40.491 -178.898    1600059697214
01    13.943   -5.291  -12.248  122.750   77.495    0.101    1600059697229
02    13.464   -6.277  -12.882   87.201   31.574 -176.164    1600059697229
01    13.918   -5.472  -12.249  123.766   78.428    0.401    1600059697245
02    13.403   -6.128  -12.861   88.282   27.841 -175.582    1600059697245
01    13.904   -5.630  -12.273  120.801   79.161   -2.647    1600059697260
02    13.391   -6.081  -12.848   88.752   26.283 -175.949    1600059697260
01    13.915   -5.735  -12.293  117.673   79.887   -5.716    1600059697276
02    13.410   -6.060  -12.842   89.016   25.847 -176.448    1600059697276
01    13.929   -5.799  -12.319  115.163   80.566   -7.903    1600059697292
02    13.449   -6.046  -12.838   88.968   25.922 -176.972    1600059697292
01    13.963   -5.852  -12.339  113.023   81.134   -9.306    1600059697307
02    13.495   -6.041  -12.838   88.436   26.224 -177.353    1600059697307
01    14.016   -5.874  -12.339  111.131   81.488   -9.972    1600059697323
02    13.552   -6.040  -12.836   87.144   26.309 -177.484    1600059697323
01    14.194   -5.750  -12.309  104.462   81.163  -15.159    1600059697339
02    13.563   -6.031  -12.841   85.490   25.800 -177.318    1600059697339
01    14.540   -5.360  -12.146   82.969   78.486  -35.852    1600059697354
02    13.357   -5.636  -13.393   87.198   26.204 -176.403    1600059697354
01    14.797   -5.092  -11.928   66.617   72.172  -49.704    1600059697370
02    13.203   -5.981  -13.765   88.136   34.103 -176.674    1600059697370
01    15.006   -4.826  -11.687   57.291   62.057  -53.539    1600059697386
02    13.102   -6.641  -14.006   88.298   44.426 -178.107    1600059697386
01    15.223   -4.561  -11.349   52.797   52.583  -52.901    1600059697417
02    13.123   -7.401  -14.137   85.452   61.377  176.422    1600059697417
01    15.358   -4.359  -11.064   51.524   47.130  -51.168    1600059697432
02    13.177   -7.960  -14.190   77.320   74.578  166.910    1600059697432
01    15.465   -4.244  -10.863   50.957   43.864  -49.498    1600059697448
02    13.080   -8.254  -14.229   81.663   82.497  171.577    1600059697448
01    15.564   -4.181  -10.725   50.147   42.469  -48.258    1600059697464
02    12.995   -8.315  -14.171  118.133   86.117 -151.282    1600059697464
01    15.623   -4.111  -10.645   50.051   41.745  -46.952    1600059697479
02    12.938   -8.265  -14.148  150.997   85.760 -118.194    1600059697479
01    15.610   -4.027  -10.590   51.118   41.348  -45.268    1600059697495
02    12.939   -8.211  -14.119  164.949   85.806 -104.725    1600059697495
01    15.497   -3.960  -10.574   53.388   41.790  -43.364    1600059697510
02    12.961   -8.166  -14.065  171.626   86.231  -98.702    1600059697510
01    15.282   -3.943  -10.635   56.767   43.404  -41.929    1600059697526
02    13.048   -7.995  -14.047  138.239   86.814 -133.092    1600059697526
01    14.974   -4.034  -10.765   61.275   47.165  -41.587    1600059697542
02    13.302   -7.525  -13.953   84.487   81.230  170.582    1600059697542
01    14.639   -4.257  -11.008   67.908   54.162  -40.980    1600059697557
02    13.671   -6.987  -13.417   80.241   68.235  163.628    1600059697557
01    14.383   -4.705  -11.343   74.544   63.739  -38.183    1600059697573
02    13.672   -7.182  -12.511   78.559   51.915  170.312    1600059697573
01    14.335   -4.889  -11.677   85.602   72.923  -31.372    1600059697589
02    13.569   -6.238  -12.522   85.577   27.225 -179.132    1600059697589
01    14.282   -5.091  -11.882   87.559   76.965  -30.452    1600059697604
02    13.459   -5.896  -12.509   88.669   20.371 -174.030    1600059697604
01    14.269   -5.274  -11.980   80.212   78.318  -38.190    1600059697620
02    13.377   -5.767  -12.535   90.541   17.958 -172.762    1600059697620
01    14.298   -5.436  -12.028   69.510   78.594  -48.906    1600059697636
02    13.364   -5.735  -12.558   91.396   17.309 -173.732    1600059697636
01    14.343   -5.564  -12.039   59.221   78.343  -58.853    1600059697667
02    13.416   -5.697  -12.581   91.491   17.127 -175.515    1600059697667
01    14.417   -5.620  -12.049   50.954   77.894  -66.503    1600059697682
02    13.500   -5.648  -12.613   91.064   17.319 -177.264    1600059697682
01    14.486   -5.667  -12.052   46.055   77.493  -70.362    1600059697698
02    13.587   -5.631  -12.635   89.814   17.650 -178.833    1600059697698
01    14.506   -5.662  -12.094   48.394   77.213  -66.431    1600059697714
02    13.704   -5.592  -12.622   87.962   17.413  179.806    1600059697714
01    14.722   -5.415  -12.040   50.400   75.023  -63.239    1600059697729
02    13.600   -4.969  -13.141   88.708   16.483 -179.728    1600059697729
01    15.012   -5.150  -11.825   48.504   69.382  -62.824    1600059697745
02    13.466   -5.213  -13.622   89.022   25.591  179.675    1600059697745
01    15.162   -5.000  -11.660   46.931   63.281  -60.501    1600059697760
02    13.399   -5.839  -13.894   87.226   36.458  177.286    1600059697760
01    15.312   -4.843  -11.426   45.291   56.140  -57.462    1600059697776
02    13.343   -6.609  -14.049   83.734   50.360  173.206    1600059697776
01    15.419   -4.667  -11.176   45.053   50.796  -54.983    1600059697792
02    13.349   -7.203  -14.110   75.485   65.142  164.444    1600059697792
01    15.501   -4.523  -10.979   45.666   47.857  -53.282    1600059697807
02    13.271   -7.671  -14.169   69.175   75.196  158.504    1600059697807
01    15.522   -4.453  -10.901   46.641   47.065  -51.871    1600059697823
02    13.131   -8.034  -14.127   75.588   82.530  165.751    1600059697823
01    15.432   -4.407  -10.957   48.844   48.107  -49.887    1600059697839
02    13.081   -8.119  -14.086   90.808   85.078 -178.496    1600059697839
01    15.236   -4.395  -11.066   52.716   50.732  -48.223    1600059697854
02    13.171   -8.062  -14.057   80.842   84.538  171.144    1600059697854
01    14.913   -4.555  -11.235   58.327   56.103  -46.630    1600059697870
02    13.401   -7.729  -13.981   71.104   79.679  159.432    1600059697870
01    14.552   -4.908  -11.417   67.287   64.394  -42.761    1600059697885
02    13.761   -7.245  -13.555   72.367   70.065  158.465    1600059697885
01    14.203   -5.447  -11.606   86.999   74.992  -27.422    1600059697917
02    13.951   -7.182  -12.718   74.637   56.523  165.063    1600059697917
01    14.093   -5.650  -11.728   98.628   77.163  -17.354    1600059697932
02    13.712   -6.578  -12.809   83.663   40.061  177.602    1600059697932
01    14.033   -5.672  -11.910  105.463   76.903  -12.343    1600059697948
02    13.574   -6.410  -12.826   85.433   34.081 -179.565    1600059697948
01    14.010   -5.770  -12.039  105.055   76.866  -13.275    1600059697964
02    13.523   -6.328  -12.851   86.071   31.180 -179.064    1600059697964
01    14.045   -5.914  -12.089  100.916   77.409  -17.078    1600059697979
02    13.540   -6.295  -12.872   85.886   29.982 -179.691    1600059697979
01    14.101   -6.002  -12.138   96.789   78.104  -20.716    1600059697995
02    13.582   -6.281  -12.895   85.332   29.663  179.661    1600059697995
01    14.160   -6.055  -12.191   92.909   78.815  -23.796    1600059698011
02    13.661   -6.281  -12.887   84.265   29.774  178.983    1600059698011
01    14.195   -6.062  -12.269   91.287   79.211  -23.446    1600059698026
02    13.746   -6.281  -12.858   82.261   29.388  179.152    1600059698026
01    14.522   -5.819  -12.235   80.707   78.631  -32.206    1600059698042
02    13.691   -6.013  -13.112   82.774   28.627  179.808    1600059698042
01    14.973   -5.435  -11.934   63.271   73.395  -47.466    1600059698057
02    13.577   -6.091  -13.406   82.834   34.375  179.898    1600059698057
01    15.154   -5.315  -11.769   54.196   66.482  -52.040    1600059698073
02    13.508   -6.402  -13.602   81.500   42.375  177.993    1600059698073
01    15.335   -5.162  -11.534   47.990   59.554  -53.892    1600059698089
02    13.407   -7.003  -13.827   78.952   52.743  174.651    1600059698089
01    15.509   -4.956  -11.246   45.872   53.395  -53.388    1600059698104
02    13.381   -7.757  -13.967   70.487   66.309  165.156    1600059698104
01    15.619   -4.748  -11.003   45.574   48.704  -52.024    1600059698120
02    13.298   -8.298  -14.094   56.648   76.578  150.617    1600059698120
01    15.698   -4.650  -10.845   45.526   46.305  -50.808    1600059698135
02    13.145   -8.572  -14.132   46.925   83.476  141.085    1600059698135
01    15.720   -4.601  -10.790   45.656   45.686  -49.888    1600059698167
02    12.993   -8.618  -14.098   69.859   88.521  164.242    1600059698167
01    15.655   -4.599  -10.844   46.573   46.660  -49.291    1600059698182
02    12.898   -8.605  -14.043 -179.865   87.821  -85.128    1600059698182
01    15.536   -4.584  -10.936   48.523   48.530  -49.005    1600059698198
02    12.884   -8.654  -13.996 -162.497   86.638  -68.029    1600059698198
01    15.334   -4.577  -11.085   52.149   51.407  -47.839    1600059698214
02    12.970   -8.688  -13.969 -144.363   87.444  -50.837    1600059698214
01    15.050   -4.697  -11.244   56.832   55.596  -46.125    1600059698229
02    13.197   -8.454  -13.958   58.114   88.273  149.766    1600059698229
01    14.758   -4.933  -11.377   63.681   61.587  -44.093    1600059698245
02    13.533   -7.873  -13.789   68.630   78.830  157.098    1600059698245
01    14.457   -5.294  -11.578   75.722   69.957  -37.304    1600059698260
02    13.862   -7.461  -13.137   73.530   65.253  163.667    1600059698260
01    14.392   -5.178  -11.845   98.630   76.353  -21.176    1600059698276
02    13.692   -6.824  -13.124   81.995   44.688  176.993    1600059698276
01    14.275   -5.372  -12.027  112.635   77.561   -9.013    1600059698292
02    13.634   -6.583  -13.039   83.702   35.618  179.517    1600059698292
01    14.213   -5.623  -12.109  110.161   77.992  -11.302    1600059698307
02    13.633   -6.476  -12.969   84.186   30.961  179.649    1600059698307
01    14.199   -5.819  -12.170  104.205   78.252  -16.541    1600059698323
02    13.676   -6.457  -12.917   83.725   28.842  178.633    1600059698323
01    14.182   -5.977  -12.224   98.378   78.314  -21.353    1600059698339
02    13.749   -6.397  -12.882   83.054   27.416  177.433    1600059698339
01    14.187   -6.058  -12.263   94.616   78.413  -24.206    1600059698354
02    13.810   -6.338  -12.873   82.410   26.797  177.040    1600059698354
01    14.218   -6.085  -12.274   92.923   78.975  -24.941    1600059698370
02    13.863   -6.309  -12.879   81.641   27.015  177.189    1600059698370
01    14.233   -6.124  -12.334   94.557   79.537  -21.402    1600059698385
02    13.913   -6.338  -12.864   80.126   27.443  177.870    1600059698385
01    14.519   -5.940  -12.291   88.392   79.478  -26.326    1600059698417
02    13.954   -6.367  -12.820   78.176   26.871  177.555    1600059698417
01    14.939   -5.626  -12.033   68.198   75.236  -45.006    1600059698432
02    13.707   -5.940  -13.438   80.648   27.122 -179.970    1600059698432
01    15.146   -5.478  -11.849   59.170   69.646  -51.252    1600059698448
02    13.580   -6.349  -13.764   80.051   37.459  178.265    1600059698448
01    15.303   -5.329  -11.681   53.189   62.513  -53.416    1600059698464
02    13.511   -7.008  -13.950   77.077   48.565  174.258    1600059698464
01    15.450   -5.192  -11.477   49.707   56.021  -53.322    1600059698479
02    13.483   -7.825  -14.041   69.818   60.974  165.932    1600059698479
01    15.548   -5.084  -11.300   48.490   51.886  -52.513    1600059698495
02    13.477   -8.600  -14.097   51.583   72.323  147.316    1600059698495
01    15.565   -5.053  -11.206   48.611   50.959  -51.865    1600059698510
02    13.427   -9.061  -14.102   26.598   78.721  122.883    1600059698510
01    15.462   -5.053  -11.286   50.556   52.691  -50.523    1600059698526
02    13.452   -9.141  -14.096    8.136   80.995  104.518    1600059698526
01    15.266   -5.182  -11.416   53.470   57.238  -49.397    1600059698542
02    13.695   -8.900  -14.037   15.620   78.966  110.916    1600059698542
01    15.022   -5.376  -11.575   58.449   63.765  -47.889    1600059698557
02    14.103   -8.201  -13.818   41.418   71.487  133.548    1600059698557
01    14.657   -5.834  -11.757   69.721   73.781  -39.912    1600059698573
02    14.463   -7.766  -13.026   57.610   59.245  149.745    1600059698573
01    14.581   -5.566  -12.072   93.747   78.399  -21.252    1600059698589
02    14.137   -7.008  -12.970   74.617   42.830  173.513    1600059698589
01    14.469   -5.710  -12.162  109.018   79.204   -7.805    1600059698604
02    13.948   -6.778  -12.919   78.763   36.120  178.692    1600059698604
01    14.381   -5.852  -12.192  110.672   79.364   -6.913    1600059698620
02    13.862   -6.662  -12.867   80.607   32.750 -179.983    1600059698620
01    14.313   -5.967  -12.221  108.820   79.469   -9.008    1600059698635
02    13.827   -6.607  -12.834   81.405   30.913 -179.741    1600059698635
01    14.278   -6.032  -12.238  105.122   79.423  -12.546    1600059698667
02    13.839   -6.514  -12.814   81.630   29.438 -179.803    1600059698667
01    14.271   -6.056  -12.241  101.773   79.320  -15.238    1600059698682
02    13.881   -6.415  -12.780   81.228   28.305 -179.829    1600059698682
01    14.266   -6.068  -12.250  100.602   79.256  -15.254    1600059698698
02    13.926   -6.328  -12.732   80.318   27.325 -179.441    1600059698698
01    14.325   -6.041  -12.209  100.291   79.378  -13.774    1600059698714
02    13.964   -6.294  -12.642   78.813   26.252 -178.707    1600059698714
01    14.645   -5.630  -12.083   86.622   77.762  -27.470    1600059698729
02    13.909   -5.935  -12.810   79.485   23.812 -177.437    1600059698729
01    14.864   -5.384  -11.922   72.871   73.446  -39.432    1600059698745
02    13.642   -5.783  -13.323   82.074   28.646 -175.439    1600059698745
01    15.044   -5.203  -11.716   62.904   67.157  -45.749    1600059698760
02    13.429   -6.127  -13.641   83.319   38.133 -175.003    1600059698760
01    15.178   -5.041  -11.510   58.218   61.509  -47.206    1600059698776
02    13.239   -6.647  -13.856   84.625   48.310 -174.675    1600059698776
01    15.298   -4.904  -11.316   56.196   58.145  -47.628    1600059698792
02    13.144   -7.140  -13.935   86.007   58.926 -174.718    1600059698792
01    15.399   -4.794  -11.172   55.351   56.490  -48.080    1600059698807
02    13.065   -7.642  -13.962   88.669   69.343 -173.134    1600059698807
01    15.456   -4.763  -11.105   54.695   55.976  -48.539    1600059698823
02    12.998   -8.056  -13.935   94.857   76.980 -167.408    1600059698823
01    15.500   -4.773  -11.097   54.184   56.177  -48.867    1600059698839
02    12.967   -8.336  -13.882  104.424   81.136 -157.634    1600059698839
01    15.520   -4.786  -11.089   53.704   56.612  -49.109    1600059698854
02    12.966   -8.478  -13.834  114.293   82.948 -147.561    1600059698854
01    15.497   -4.777  -11.144   53.957   57.151  -48.434    1600059698885
02    12.996   -8.479  -13.787  116.669   83.062 -145.490    1600059698885
01    15.475   -4.780  -11.138   54.273   57.734  -47.996    1600059698885
02    12.991   -8.424  -13.761  113.933   82.048 -148.257    1600059698885
01    15.369   -4.788  -11.173   56.164   58.885  -46.536    1600059698917
02    13.010   -8.299  -13.738  108.819   80.432 -153.716    1600059698917
01    15.238   -4.790  -11.209   59.192   60.279  -44.623    1600059698932
02    13.038   -8.139  -13.707  105.071   78.421 -158.125    1600059698932
01    15.127   -4.727  -11.242   63.008   61.423  -42.417    1600059698948
02    13.124   -7.840  -13.613   99.248   74.358 -164.550    1600059698948
01    14.997   -4.738  -11.268   67.121   63.186  -39.996    1600059698964
02    13.379   -7.416  -13.225   88.741   66.122 -173.926    1600059698964
01    14.759   -4.906  -11.326   74.773   67.129  -34.215    1600059698979
02    13.610   -6.987  -12.403   80.113   50.797 -176.829    1600059698979
01    14.416   -4.972  -11.516   99.946   72.610  -13.994    1600059698995
02    13.594   -5.799  -11.926   80.175   20.516 -170.433    1600059698995
01    14.246   -4.788  -11.580  109.744   71.757   -9.012    1600059699010
02    13.525   -5.171  -11.783   83.930   10.912 -168.241    1600059699010
01    14.177   -4.694  -11.546  108.227   70.898  -11.853    1600059699026
02    13.455   -4.901  -11.714   86.550    8.041 -167.979    1600059699026
01    14.135   -4.620  -11.506  104.670   69.944  -15.664    1600059699042
02    13.408   -4.749  -11.686   87.926    6.745 -168.427    1600059699042
01    14.132   -4.580  -11.449  100.583   69.324  -19.295    1600059699057
02    13.403   -4.657  -11.666   88.205    6.150 -169.287    1600059699057
01    14.136   -4.583  -11.399   97.084   69.176  -22.016    1600059699073
02    13.426   -4.602  -11.657   87.832    5.938 -170.313    1600059699073
01    14.126   -4.591  -11.373   95.490   69.131  -22.958    1600059699089
02    13.440   -4.611  -11.614   87.405    6.152 -170.883    1600059699089
01    14.128   -4.606  -11.318   94.741   69.232  -23.433    1600059699104
02    13.439   -4.594  -11.572   87.298    6.213 -170.846    1600059699104
01    14.117   -4.590  -11.287   95.457   69.060  -22.531    1600059699120
02    13.409   -4.596  -11.542   87.083    6.045 -170.265    1600059699120
01    14.107   -4.583  -11.250   96.414   68.832  -21.463    1600059699135
02    13.372   -4.572  -11.520   86.972    5.631 -169.482    1600059699135
01    14.103   -4.555  -11.227   97.431   68.529  -20.446    1600059699167
02    13.376   -4.538  -11.492   86.859    5.257 -169.111    1600059699167
01    14.101   -4.560  -11.209   98.106   68.522  -19.632    1600059699182
02    13.379   -4.472  -11.506   86.875    5.000 -168.930    1600059699182
01    14.113   -4.572  -11.194   98.612   68.725  -19.139    1600059699198
02    13.373   -4.477  -11.526   86.641    4.981 -168.951    1600059699198
01    14.120   -4.580  -11.189   99.454   69.037  -18.387    1600059699214
02    13.388   -4.484  -11.529   86.553    5.067 -168.978    1600059699214
01    14.124   -4.576  -11.196  100.488   69.258  -17.502    1600059699229
02    13.401   -4.491  -11.526   86.494    5.098 -168.913    1600059699229
01    14.123   -4.578  -11.198  101.335   69.368  -16.729    1600059699245
02    13.415   -4.494  -11.510   86.420    5.027 -168.823    1600059699245
01    14.130   -4.567  -11.195  102.282   69.385  -15.997    1600059699260
02    13.418   -4.484  -11.508   86.381    4.895 -168.536    1600059699260
01    14.135   -4.556  -11.196  103.610   69.482  -14.981    1600059699276
02    13.407   -4.481  -11.514   86.269    4.824 -168.179    1600059699276
01    14.125   -4.554  -11.211  105.795   69.712  -13.028    1600059699292
02    13.403   -4.466  -11.517   86.233    4.764 -167.869    1600059699292
01    14.121   -4.552  -11.220  107.279   70.009  -11.661    1600059699307
02    13.412   -4.440  -11.519   86.309    4.781 -167.790    1600059699307
01    14.118   -4.551  -11.226  107.893   70.209  -10.964    1600059699323
02    13.423   -4.440  -11.513   86.234    4.914 -167.879    1600059699323
01    14.123   -4.551  -11.227  107.816   70.342  -10.991    1600059699339
02    13.426   -4.445  -11.518   86.127    5.001 -167.918    1600059699339
01    14.128   -4.538  -11.230  107.674   70.257  -11.060    1600059699354
02    13.427   -4.438  -11.525   86.035    5.008 -167.870    1600059699354
01    14.132   -4.524  -11.232  107.857   70.241  -10.748    1600059699370
02    13.430   -4.434  -11.528   85.911    4.986 -167.782    1600059699370
01    14.131   -4.522  -11.233  108.164   70.228  -10.199    1600059699385
02    13.432   -4.414  -11.523   85.758    4.916 -167.653    1600059699385
01    14.142   -4.509  -11.226  108.208   70.228  -10.062    1600059699417
02    13.436   -4.409  -11.514   85.534    4.930 -167.490    1600059699417
01    14.141   -4.473  -11.237  108.527   70.181   -9.687    1600059699432
02    13.438   -4.388  -11.510   85.346    4.905 -167.424    1600059699432
01    14.149   -4.467  -11.221  108.223   70.165   -9.882    1600059699448
02    13.426   -4.347  -11.525   85.270    4.751 -167.269    1600059699448
01    14.149   -4.448  -11.221  108.152   70.048   -9.841    1600059699464
02    13.422   -4.352  -11.521   85.145    4.888 -167.336    1600059699464
01    14.169   -4.410  -11.193  107.855   70.037  -10.151    1600059699479
02    13.438   -4.335  -11.503   85.187    4.993 -167.530    1600059699479
01    14.171   -4.398  -11.189  107.829   70.039  -10.156    1600059699495
02    13.449   -4.321  -11.482   85.179    5.059 -167.704    1600059699495
01    14.158   -4.377  -11.199  108.000   70.007  -10.004    1600059699510
02    13.445   -4.301  -11.487   85.187    5.054 -167.663    1600059699510
01    14.154   -4.383  -11.183  108.048   70.080   -9.935    1600059699526
02    13.434   -4.305  -11.482   85.165    5.126 -167.588    1600059699526
01    14.145   -4.393  -11.182  108.244   70.102   -9.693    1600059699542
02    13.422   -4.322  -11.477   85.049    5.177 -167.526    1600059699542
01    14.137   -4.379  -11.187  108.413   70.076   -9.544    1600059699557
02    13.421   -4.307  -11.474   85.080    5.172 -167.496    1600059699557
01    14.130   -4.384  -11.183  108.483   70.120   -9.457    1600059699573
02    13.412   -4.289  -11.479   85.093    5.129 -167.421    1600059699573
01    14.126   -4.384  -11.196  108.589   70.117   -9.299    1600059699589
02    13.412   -4.295  -11.473   85.025    5.182 -167.449    1600059699589
