01    14.261    3.804   -7.156 -116.688   40.289   98.345    1607485108558
02    13.458    7.172  -11.233 -157.792   64.812 -168.533    1607485108558
01    14.273    3.791   -7.173 -116.638   40.514   98.412    1607485108574
02    13.450    7.171  -11.259 -158.743   64.754 -169.576    1607485108574
01    14.282    3.783   -7.192 -116.526   40.651   98.512    1607485108583
02    13.459    7.175  -11.288 -159.465   64.931 -170.318    1607485108583
01    14.303    3.775   -7.184 -116.324   40.772   98.719    1607485108609
02    13.487    7.162  -11.336 -159.615   65.228 -170.337    1607485108609
01    14.323    3.767   -7.174 -116.073   40.821   98.987    1607485108624
02    13.521    7.175  -11.372 -159.659   65.720 -170.268    1607485108624
01    14.333    3.764   -7.177 -115.851   40.751   99.193    1607485108634
02    13.574    7.151  -11.407 -159.339   66.212 -169.680    1607485108634
01    14.346    3.766   -7.180 -115.514   40.622   99.538    1607485108659
02    13.609    7.149  -11.422 -158.847   66.735 -168.986    1607485108659
01    14.356    3.774   -7.183 -115.191   40.497   99.875    1607485108675
02    13.648    7.120  -11.438 -158.579   66.979 -168.467    1607485108675
01    14.372    3.776   -7.189 -115.018   40.373  100.189    1607485108685
02    13.634    7.184  -11.428 -158.773   67.087 -168.916    1607485108685
01    14.388    3.782   -7.195 -114.791   40.284  100.575    1607485108710
02    13.615    7.211  -11.431 -159.011   66.814 -169.364    1607485108710
01    14.395    3.803   -7.220 -114.740   40.237  100.631    1607485108726
02    13.608    7.216  -11.428 -159.351   66.542 -169.838    1607485108726
01    14.404    3.822   -7.238 -114.773   40.273  100.758    1607485108735
02    13.609    7.228  -11.423 -159.722   66.250 -170.285    1607485108735
01    14.408    3.855   -7.254 -114.731   40.345  100.876    1607485108761
02    13.593    7.264  -11.424 -160.276   65.967 -170.977    1607485108761
01    14.421    3.887   -7.255 -114.574   40.463  101.079    1607485108776
02    13.587    7.277  -11.443 -160.490   65.789 -171.166    1607485108776
01    14.432    3.895   -7.248 -114.387   40.468  101.328    1607485108786
02    13.579    7.300  -11.472 -160.550   65.692 -171.213    1607485108786
01    14.442    3.893   -7.244 -114.150   40.347  101.528    1607485108811
02    13.571    7.339  -11.495 -160.405   65.768 -171.068    1607485108811
01    14.441    3.902   -7.244 -113.868   40.196  101.617    1607485108827
02    13.580    7.352  -11.498 -160.334   65.937 -170.945    1607485108827
01    14.439    3.901   -7.246 -113.688   40.028  101.618    1607485108836
02    13.572    7.381  -11.505 -160.277   66.114 -170.877    1607485108836
01    14.444    3.908   -7.235 -113.487   40.052  101.689    1607485108862
02    13.576    7.370  -11.509 -160.327   66.234 -170.847    1607485108862
01    14.439    3.913   -7.244 -113.362   39.960  101.628    1607485108877
02    13.596    7.379  -11.470 -160.465   66.385 -170.961    1607485108877
01    14.441    3.914   -7.239 -113.253   39.973  101.701    1607485108887
02    13.580    7.398  -11.458 -160.689   66.402 -171.259    1607485108887
01    14.447    3.906   -7.233 -113.336   39.976  101.718    1607485108912
02    13.569    7.410  -11.443 -160.930   66.338 -171.597    1607485108912
01    14.450    3.902   -7.241 -113.434   39.914  101.685    1607485108928
02    13.562    7.393  -11.447 -161.104   66.183 -171.811    1607485108928
01    14.458    3.895   -7.241 -113.458   39.841  101.753    1607485108937
02    13.566    7.374  -11.453 -161.268   65.996 -171.993    1607485108937
01    14.467    3.894   -7.241 -113.370   39.791  101.872    1607485108963
02    13.581    7.358  -11.460 -161.267   65.932 -171.970    1607485108963
01    14.483    3.892   -7.232 -113.243   39.722  102.051    1607485108978
02    13.589    7.361  -11.474 -161.174   65.902 -171.859    1607485108978
01    14.489    3.889   -7.233 -113.139   39.537  102.146    1607485108988
02    13.600    7.350  -11.498 -161.017   65.919 -171.641    1607485108988
01    14.493    3.902   -7.223 -112.901   39.427  102.316    1607485109004
02    13.600    7.353  -11.524 -160.754   65.937 -171.351    1607485109004
01    14.500    3.898   -7.220 -112.923   39.306  102.410    1607485109029
02    13.614    7.361  -11.532 -160.540   66.078 -171.090    1607485109029
01    14.494    3.917   -7.229 -112.771   39.253  102.376    1607485109039
02    13.624    7.367  -11.545 -160.397   66.232 -170.853    1607485109039
01    14.496    3.914   -7.236 -112.742   39.112  102.458    1607485109055
02    13.611    7.400  -11.567 -160.393   66.377 -170.850    1607485109055
01    14.494    3.918   -7.248 -112.634   39.104  102.515    1607485109065
02    13.604    7.429  -11.570 -160.708   66.483 -171.163    1607485109065
01    14.493    3.937   -7.254 -112.492   39.226  102.589    1607485109090
02    13.591    7.453  -11.581 -160.879   66.519 -171.341    1607485109090
01    14.484    3.952   -7.273 -112.471   39.247  102.591    1607485109106
02    13.566    7.462  -11.598 -161.077   66.460 -171.536    1607485109106
01    14.474    3.970   -7.290 -112.540   39.331  102.588    1607485109115
02    13.564    7.484  -11.592 -161.400   66.436 -171.859    1607485109115
01    14.458    3.987   -7.305 -112.602   39.373  102.549    1607485109142
02    13.554    7.500  -11.590 -161.672   66.383 -172.135    1607485109142
01    14.448    4.001   -7.315 -112.673   39.474  102.493    1607485109157
02    13.557    7.497  -11.594 -162.064   66.365 -172.446    1607485109157
01    14.458    3.973   -7.314 -112.754   39.470  102.534    1607485109167
02    13.549    7.504  -11.611 -162.367   66.427 -172.717    1607485109167
01    14.459    3.971   -7.306 -112.733   39.480  102.584    1607485109192
02    13.557    7.502  -11.628 -162.205   66.574 -172.501    1607485109192
01    14.471    3.965   -7.287 -112.708   39.494  102.689    1607485109208
02    13.572    7.501  -11.641 -162.205   66.775 -172.382    1607485109208
01    14.473    3.972   -7.270 -112.638   39.479  102.764    1607485109218
02    13.591    7.503  -11.635 -162.150   67.076 -172.213    1607485109218
01    14.471    3.971   -7.270 -112.684   39.400  102.710    1607485109243
02    13.591    7.514  -11.649 -162.184   67.172 -172.233    1607485109243
01    14.472    3.987   -7.268 -112.673   39.368  102.681    1607485109258
02    13.612    7.494  -11.651 -162.454   67.333 -172.196    1607485109258
01    14.478    3.974   -7.265 -112.765   39.277  102.690    1607485109268
02    13.615    7.507  -11.634 -162.826   67.291 -172.604    1607485109268
01    14.477    3.996   -7.249 -112.772   39.267  102.708    1607485109293
02    13.613    7.521  -11.621 -163.187   67.159 -173.025    1607485109293
01    14.471    4.017   -7.252 -112.876   39.192  102.654    1607485109309
02    13.597    7.539  -11.617 -163.521   66.812 -173.454    1607485109309
01    14.465    4.024   -7.267 -113.191   39.035  102.524    1607485109319
02    13.586    7.552  -11.620 -163.510   66.590 -173.468    1607485109319
01    14.463    4.037   -7.271 -113.336   39.030  102.496    1607485109344
02    13.583    7.581  -11.617 -163.691   66.564 -173.655    1607485109344
01    14.461    4.056   -7.270 -113.338   39.019  102.562    1607485109360
02    13.580    7.587  -11.640 -163.678   66.506 -173.491    1607485109360
01    14.463    4.073   -7.259 -113.294   39.093  102.706    1607485109369
02    13.576    7.619  -11.651 -163.654   66.643 -173.425    1607485109369
01    14.454    4.100   -7.264 -113.290   39.081  102.676    1607485109395
02    13.568    7.638  -11.681 -163.529   66.698 -173.253    1607485109395
01    14.448    4.104   -7.267 -113.291   39.085  102.683    1607485109411
02    13.574    7.648  -11.685 -163.451   66.853 -173.041    1607485109411
01    14.437    4.115   -7.273 -113.340   39.126  102.568    1607485109421
02    13.566    7.664  -11.683 -163.533   66.961 -173.064    1607485109421
01    14.421    4.123   -7.279 -113.383   39.165  102.420    1607485109446
02    13.568    7.689  -11.646 -163.922   67.169 -173.419    1607485109446
01    14.399    4.127   -7.286 -113.429   39.201  102.234    1607485109462
02    13.537    7.713  -11.633 -164.471   67.141 -174.060    1607485109462
01    14.394    4.116   -7.280 -113.492   39.233  102.087    1607485109471
02    13.530    7.718  -11.602 -165.010   67.134 -174.643    1607485109471
01    14.392    4.112   -7.262 -113.550   39.351  101.967    1607485109496
02    13.517    7.710  -11.585 -165.316   67.010 -175.068    1607485109496
01    14.392    4.100   -7.250 -113.618   39.406  101.869    1607485109512
02    13.512    7.675  -11.577 -165.583   66.821 -175.281    1607485109512
01    14.398    4.063   -7.248 -113.707   39.255  101.853    1607485109523
02    13.522    7.662  -11.556 -165.638   66.791 -175.407    1607485109523
01    14.410    4.049   -7.230 -113.607   39.274  101.952    1607485109539
02    13.536    7.628  -11.551 -165.538   66.783 -175.258    1607485109539
01    14.429    4.034   -7.209 -113.384   39.190  102.185    1607485109549
02    13.541    7.599  -11.568 -165.242   66.694 -174.926    1607485109549
01    14.434    4.033   -7.208 -113.260   39.029  102.206    1607485109574
02    13.558    7.593  -11.556 -164.933   66.825 -174.614    1607485109574
01    14.443    4.020   -7.197 -113.209   38.885  102.315    1607485109585
02    13.562    7.582  -11.573 -164.505   66.845 -174.172    1607485109585
01    14.449    4.029   -7.185 -113.127   38.820  102.424    1607485109600
02    13.572    7.582  -11.577 -164.125   66.922 -173.740    1607485109600
01    14.444    4.039   -7.193 -113.204   38.727  102.398    1607485109625
02    13.575    7.591  -11.579 -163.747   66.932 -173.334    1607485109625
01    14.445    4.053   -7.202 -113.297   38.695  102.391    1607485109641
02    13.579    7.596  -11.581 -163.447   66.922 -172.978    1607485109641
01    14.438    4.070   -7.221 -113.422   38.684  102.369    1607485109651
02    13.588    7.617  -11.572 -163.425   66.984 -172.952    1607485109651
01    14.433    4.090   -7.241 -113.585   38.717  102.311    1607485109677
02    13.584    7.631  -11.573 -163.708   66.807 -173.230    1607485109677
01    14.420    4.129   -7.272 -113.728   38.806  102.249    1607485109686
02    13.576    7.663  -11.545 -164.210   66.554 -173.851    1607485109686
01    14.408    4.178   -7.303 -114.010   39.056  102.169    1607485109702
02    13.550    7.709  -11.485 -164.932   65.958 -174.821    1607485109702
01    14.389    4.214   -7.352 -114.343   39.302  101.994    1607485109728
02    13.501    7.732  -11.488 -165.849   64.555 -176.105    1607485109728
01    14.386    4.232   -7.352 -114.511   39.638  102.044    1607485109744
02    13.449    7.784  -11.505 -166.531   63.862 -177.230    1607485109744
01    14.385    4.231   -7.345 -114.532   39.876  102.139    1607485109753
02    13.437    7.788  -11.532 -166.549   63.967 -177.061    1607485109753
01    14.389    4.235   -7.329 -114.389   40.031  102.287    1607485109779
02    13.455    7.774  -11.542 -166.355   64.436 -176.584    1607485109779
01    14.385    4.230   -7.318 -114.290   40.047  102.255    1607485109786
02    13.461    7.788  -11.553 -166.122   64.856 -176.308    1607485109786
01    14.381    4.219   -7.303 -114.269   40.017  102.230    1607485109805
02    13.480    7.764  -11.561 -165.262   65.316 -175.112    1607485109805
01    14.385    4.190   -7.291 -114.373   39.913  102.163    1607485109829
02    13.504    7.751  -11.542 -164.937   65.722 -174.650    1607485109829
01    14.377    4.186   -7.298 -114.486   39.879  101.970    1607485109846
02    13.510    7.746  -11.506 -164.842   65.705 -174.739    1607485109846
01    14.370    4.184   -7.339 -114.803   40.091  101.680    1607485109855
02    13.532    7.715  -11.399 -165.023   65.197 -175.245    1607485109855
01    14.359    4.226   -7.381 -115.775   41.212  100.980    1607485109871
02    13.575    7.646  -11.111 -165.471   63.993 -176.295    1607485109871
01    14.345    4.275   -7.432 -117.350   42.551  100.233    1607485109886
02    13.513    7.591  -11.003 -165.356   61.148 -177.087    1607485109886
01    14.316    4.364   -7.516 -119.126   43.839   99.281    1607485109907
02    13.456    7.579  -10.994 -165.170   58.356 -177.692    1607485109907
01    14.307    4.420   -7.606 -120.644   44.710   98.898    1607485109923
02    13.429    7.567  -11.056 -164.493   56.870 -177.211    1607485109923
01    14.338    4.464   -7.605 -120.732   45.426   99.486    1607485109932
02    13.434    7.566  -11.123 -164.174   56.523 -176.805    1607485109932
01    14.362    4.492   -7.597 -120.352   45.592  100.231    1607485109957
02    13.456    7.586  -11.201 -163.465   56.897 -175.770    1607485109957
01    14.376    4.504   -7.587 -120.082   45.477  100.741    1607485109973
02    13.484    7.582  -11.292 -162.408   57.553 -174.230    1607485109973
01    14.345    4.529   -7.634 -120.187   45.133  100.602    1607485109987
02    13.524    7.609  -11.284 -161.862   58.604 -173.564    1607485109987
01    14.267    4.599   -7.751 -121.140   45.210   99.609    1607485110010
02    13.561    7.625  -11.147 -161.957   58.768 -174.100    1607485110010
01    14.147    4.757   -7.930 -123.048   46.212   98.054    1607485110026
02    13.639    7.615  -10.810 -162.887   57.910 -175.975    1607485110026
01    14.019    5.008   -8.072 -127.142   48.601   95.064    1607485110036
02    13.745    7.578   -9.980 -162.724   55.235 -177.519    1607485110036
01    13.895    5.312   -8.121 -132.962   51.516   91.231    1607485110061
02    13.753    7.542   -9.013 -158.914   49.570 -176.464    1607485110061
01    13.763    5.638   -8.133 -140.247   53.444   86.641    1607485110077
02    13.623    7.411   -8.401 -151.865   39.508 -171.854    1607485110077
01    13.735    5.791   -8.047 -149.209   54.636   81.755    1607485110087
02    13.313    7.065   -8.425 -146.309   24.248 -167.786    1607485110087
01    13.672    5.902   -8.010 -154.408   54.413   79.507    1607485110113
02    13.191    6.784   -8.518 -149.136   16.269 -170.118    1607485110113
01    13.635    5.917   -8.052 -157.087   53.544   78.639    1607485110128
02    13.101    6.748   -8.529 -150.355   12.902 -171.958    1607485110128
01    13.666    5.918   -7.988 -157.694   53.731   78.984    1607485110138
02    13.107    6.733   -8.474 -150.861   12.056 -173.155    1607485110138
01    13.673    5.902   -7.985 -157.764   53.217   79.365    1607485110163
02    13.103    6.726   -8.435 -151.086   11.317 -174.530    1607485110163
01    13.687    5.894   -7.971 -157.647   52.961   79.779    1607485110179
02    13.110    6.711   -8.402 -151.260   10.633 -175.541    1607485110179
01    13.697    5.914   -7.962 -157.284   52.805   80.185    1607485110189
02    13.110    6.735   -8.378 -151.135   10.159 -176.031    1607485110189
01    13.709    5.919   -7.971 -156.816   52.637   80.797    1607485110205
02    13.120    6.753   -8.361 -151.061    9.970 -175.837    1607485110205
01    13.718    5.921   -7.991 -156.429   52.488   81.414    1607485110214
02    13.140    6.750   -8.361 -151.089    9.835 -175.238    1607485110214
01    13.738    5.917   -8.011 -156.040   52.453   82.041    1607485110240
02    13.162    6.751   -8.374 -151.159    9.890 -174.656    1607485110240
01    13.760    5.906   -8.042 -155.738   52.532   82.528    1607485110255
02    13.171    6.767   -8.413 -150.987   10.042 -174.214    1607485110255
01    13.775    5.904   -8.090 -155.220   52.607   82.882    1607485110265
02    13.179    6.788   -8.455 -150.564   10.525 -173.785    1607485110265
01    13.792    5.917   -8.113 -154.639   52.975   82.959    1607485110291
02    13.188    6.810   -8.502 -149.922   11.369 -173.163    1607485110291
01    13.811    5.899   -8.136 -153.858   53.025   83.252    1607485110307
02    13.192    6.842   -8.557 -148.536   11.836 -171.535    1607485110307
01    13.832    5.868   -8.163 -152.917   53.191   83.304    1607485110317
02    13.183    6.804   -8.664 -147.290   12.558 -169.654    1607485110317
01    13.898    5.751   -8.119 -151.051   53.642   84.094    1607485110341
02    13.025    6.692   -9.171 -146.290   14.605 -167.560    1607485110341
01    14.076    5.411   -7.913 -141.640   53.434   89.969    1607485110358
02    12.674    6.639  -10.241 -146.236   19.019 -165.371    1607485110358
01    14.268    4.927   -7.659 -128.384   50.096   97.347    1607485110367
02    12.343    6.820  -11.329 -147.292   26.104 -164.260    1607485110367
01    14.379    4.596   -7.452 -118.785   46.006   99.957    1607485110392
02    12.295    7.184  -12.184 -150.301   37.169 -164.332    1607485110392
01    14.407    4.368   -7.409 -112.846   42.330   99.440    1607485110409
02    12.671    7.849  -12.206 -157.379   53.704 -168.024    1607485110409
01    14.429    4.235   -7.490 -109.820   40.636   97.242    1607485110418
02    12.909    8.222  -11.985 -169.319   63.197 -178.392    1607485110418
01    14.490    4.179   -7.474 -107.731   41.025   95.811    1607485110445
02    12.900    8.450  -11.844  179.735   65.641  170.692    1607485110445
01    14.508    4.218   -7.450 -105.984   41.348   94.924    1607485110460
02    12.926    8.493  -11.786  174.180   67.209  165.878    1607485110460
01    14.544    4.216   -7.381 -104.502   41.304   95.146    1607485110470
02    12.946    8.504  -11.747  172.597   68.728  164.724    1607485110470
01    14.562    4.211   -7.333 -103.836   40.970   95.302    1607485110496
02    12.988    8.484  -11.714  172.907   69.904  165.398    1607485110496
01    14.566    4.210   -7.306 -103.631   40.605   95.384    1607485110511
02    13.020    8.441  -11.733  174.917   70.723  167.732    1607485110511
01    14.578    4.195   -7.288 -103.662   40.335   95.564    1607485110521
02    13.074    8.412  -11.731  176.352   71.498  169.370    1607485110521
01    14.580    4.194   -7.311 -103.683   40.145   95.549    1607485110546
02    13.110    8.386  -11.770  177.861   72.009  171.047    1607485110546
01    14.599    4.197   -7.313 -103.495   40.259   95.912    1607485110562
02    13.144    8.376  -11.792  178.493   72.515  171.793    1607485110562
01    14.600    4.187   -7.348 -103.665   40.289   95.847    1607485110571
02    13.161    8.383  -11.814  178.091   72.699  171.378    1607485110571
01    14.606    4.175   -7.359 -103.837   40.538   95.924    1607485110587
02    13.174    8.400  -11.820  176.714   72.723  170.052    1607485110587
01    14.595    4.162   -7.387 -104.283   40.817   95.704    1607485110598
02    13.154    8.424  -11.837  175.524   72.447  168.766    1607485110598
01    14.555    4.178   -7.421 -105.001   41.248   95.244    1607485110623
02    13.153    8.439  -11.812  174.678   72.429  167.939    1607485110623
01    14.476    4.234   -7.438 -106.839   42.260   94.421    1607485110639
02    13.156    8.445  -11.758  174.354   71.819  167.510    1607485110639
01    14.267    4.443   -7.478 -110.697   43.766   92.621    1607485110649
02    13.179    8.418  -11.610  175.180   70.518  167.934    1607485110649
01    13.834    4.932   -7.625 -121.591   46.296   87.485    1607485110674
02    13.382    8.213  -10.840  178.086   67.986  169.691    1607485110674
01    13.399    5.512   -7.887 -138.279   47.808   78.529    1607485110688
02    13.906    7.931   -8.771 -175.595   64.048  172.635    1607485110688
01    13.124    6.077   -8.111 -156.102   47.961   68.349    1607485110700
02    14.027    7.816   -6.894 -160.684   53.613 -178.307    1607485110700
01    13.119    6.260   -8.073 -167.198   46.852   63.818    1607485110725
02    13.257    6.676   -7.976 -157.966   18.765 -177.143    1607485110725
01    13.256    6.187   -8.062 -171.087   47.583   64.605    1607485110741
02    12.789    6.877   -8.208 -156.069    6.720  175.394    1607485110741
01    13.390    6.169   -8.017 -172.520   48.878   64.754    1607485110751
02    12.752    6.912   -8.191 -155.779    3.003  171.702    1607485110751
01    13.441    6.189   -8.043 -172.469   49.139   64.794    1607485110776
02    12.773    6.969   -8.144 -155.174    1.866  169.532    1607485110776
01    13.473    6.230   -8.050 -172.307   49.320   64.572    1607485110788
02    12.778    7.031   -8.099 -154.418    1.490  168.610    1607485110788
01    13.491    6.266   -8.073 -171.845   49.614   64.986    1607485110803
02    12.795    7.061   -8.107 -154.289    1.586  169.042    1607485110803
01    13.503    6.290   -8.101 -171.021   49.918   66.047    1607485110828
02    12.830    7.072   -8.127 -154.706    2.089  170.059    1607485110828
01    13.516    6.306   -8.134 -170.407   50.320   66.911    1607485110844
02    12.838    7.121   -8.174 -154.804    2.701  170.993    1607485110844
01    13.543    6.283   -8.170 -169.724   50.762   67.598    1607485110854
02    12.854    7.155   -8.203 -154.542    3.506  171.904    1607485110854
01    13.572    6.240   -8.224 -168.580   51.214   68.143    1607485110879
02    12.858    7.180   -8.243 -153.386    4.559  173.177    1607485110879
01    13.619    6.170   -8.261 -166.735   52.017   68.779    1607485110888
02    12.846    7.198   -8.314 -151.359    5.859  175.764    1607485110888
01    13.708    6.044   -8.245 -164.069   53.138   70.075    1607485110905
02    12.835    7.093   -8.477 -149.270    7.682 -179.812    1607485110905
01    13.895    5.775   -8.065 -158.998   54.637   73.521    1607485110930
02    12.673    6.847   -9.063 -147.990   10.951 -174.787    1607485110930
01    14.258    5.147   -7.498 -143.265   54.213   84.851    1607485110947
02    12.116    6.510  -10.826 -147.609   16.386 -169.086    1607485110947
01    14.425    4.542   -7.238 -123.313   46.139   94.995    1607485110956
02    11.914    6.510  -12.457 -148.091   26.816 -163.896    1607485110956
01    14.487    4.109   -7.316 -113.199   38.660   95.848    1607485110972
02    12.588    7.302  -12.267 -152.424   47.084 -163.958    1607485110972
01    14.570    3.924   -7.439 -108.885   37.332   93.493    1607485110989
02    12.769    7.785  -11.950 -162.600   58.404 -173.519    1607485110989
01    14.687    3.846   -7.431 -106.074   38.274   92.461    1607485111008
02    12.757    8.047  -11.759 -175.128   62.433  174.123    1607485111008
01    14.751    3.857   -7.357 -104.038   39.432   92.484    1607485111024
02    12.793    8.098  -11.680  177.448   64.551  167.683    1607485111024
01    14.777    3.879   -7.223 -102.658   39.749   93.694    1607485111033
02    12.846    8.113  -11.629  174.378   66.399  165.684    1607485111033
01    14.750    3.903   -7.085 -102.027   39.225   95.148    1607485111059
02    12.936    8.062  -11.624  174.702   68.081  167.343    1607485111059
01    14.701    3.921   -6.991 -102.130   38.247   96.262    1607485111075
02    13.022    7.994  -11.643  178.352   69.723  172.102    1607485111075
01    14.656    3.912   -6.969 -102.876   37.271   96.633    1607485111089
02    13.120    7.897  -11.648 -176.761   70.982  177.854    1607485111089
01    14.629    3.912   -6.974 -103.641   36.758   96.764    1607485111110
02    13.163    7.888  -11.655 -173.368   71.436 -178.564    1607485111110
01    14.584    3.931   -6.999 -104.893   36.853   96.413    1607485111126
02    13.180    7.887  -11.669 -172.161   71.307 -177.349    1607485111126
01    14.480    4.013   -7.068 -107.167   37.528   95.250    1607485111136
02    13.192    7.917  -11.639 -172.643   70.971 -177.890    1607485111136
01    14.309    4.179   -7.162 -110.819   38.811   93.537    1607485111162
02    13.194    7.975  -11.557 -174.499   70.019  179.924    1607485111162
01    14.047    4.436   -7.371 -116.674   40.394   90.745    1607485111178
02    13.229    8.042  -11.333 -177.070   68.254  176.633    1607485111178
01    13.596    4.979   -7.809 -128.789   43.052   84.544    1607485111189
02    13.461    8.033  -10.502 -179.183   65.301  172.708    1607485111189
01    13.150    5.766   -8.265 -146.607   45.717   74.244    1607485111212
02    14.069    7.814   -8.251 -177.888   60.942  171.717    1607485111212
01    13.245    6.189   -8.185 -167.857   49.171   62.793    1607485111228
02    13.511    7.776   -7.787 -164.085   45.108  179.133    1607485111228
01    13.232    6.389   -8.166 -174.647   48.591   60.835    1607485111238
02    12.954    7.246   -8.334 -160.615   19.282  175.533    1607485111238
01    13.294    6.379   -8.170 -175.665   49.100   62.141    1607485111263
02    12.725    7.172   -8.468 -157.461    7.459  170.230    1607485111263
01    13.343    6.413   -8.147 -175.197   49.712   62.248    1607485111279
02    12.647    7.168   -8.446 -153.991    2.374  165.210    1607485111279
01    13.341    6.459   -8.178 -174.815   49.709   62.194    1607485111289
02    12.641    7.161   -8.365 -151.941    0.379  162.034    1607485111289
01    13.356    6.492   -8.154 -174.737   50.091   62.249    1607485111305
02    12.666    7.149   -8.270 -151.116   -0.269  160.859    1607485111305
01    13.364    6.517   -8.144 -174.647   50.338   62.733    1607485111314
02    12.692    7.147   -8.214 -151.014   -0.544  161.100    1607485111314
01    13.387    6.518   -8.135 -174.524   50.670   63.413    1607485111340
02    12.715    7.148   -8.203 -151.219   -0.753  161.980    1607485111340
01    13.409    6.516   -8.142 -174.690   50.909   63.726    1607485111356
02    12.736    7.161   -8.206 -151.465   -0.572  162.888    1607485111356
01    13.424    6.515   -8.183 -174.786   50.979   63.782    1607485111366
02    12.754    7.203   -8.216 -151.689    0.255  164.131    1607485111366
01    13.441    6.512   -8.243 -174.946   51.171   63.483    1607485111392
02    12.772    7.248   -8.248 -151.992    1.744  165.958    1607485111392
01    13.472    6.509   -8.306 -174.877   51.622   62.963    1607485111408
02    12.758    7.348   -8.326 -151.746    3.530  169.111    1607485111408
01    13.529    6.489   -8.339 -174.167   52.571   62.724    1607485111417
02    12.720    7.347   -8.545 -151.580    6.291  173.425    1607485111417
01    13.636    6.381   -8.326 -172.183   53.971   63.389    1607485111442
02    12.440    7.321   -9.430 -150.559   10.514  179.309    1607485111442
01    13.864    6.041   -8.151 -164.462   55.768   68.772    1607485111458
02    12.089    7.079  -11.356 -150.432   17.540 -172.723    1607485111458
01    14.208    5.388   -7.804 -143.138   55.215   83.631    1607485111468
02    12.363    7.069  -12.499 -148.958   31.389 -163.818    1607485111468
01    14.404    4.830   -7.626 -122.427   48.728   94.481    1607485111494
02    12.874    7.531  -12.599 -147.473   49.070 -158.551    1607485111494
01    14.503    4.441   -7.640 -112.261   43.162   96.841    1607485111510
02    13.062    8.038  -12.319 -154.345   60.388 -163.226    1607485111510
01    14.567    4.260   -7.701 -108.075   41.672   96.269    1607485111520
02    13.071    8.329  -12.202 -167.748   65.092 -175.321    1607485111520
01    14.649    4.182   -7.678 -105.579   41.728   96.293    1607485111546
02    13.031    8.480  -12.125 -179.284   66.745  173.664    1607485111546
01    14.709    4.147   -7.547 -103.763   41.965   97.070    1607485111561
02    13.024    8.476  -12.041  175.093   67.447  168.624    1607485111561
01    14.691    4.153   -7.389 -103.195   41.502   97.764    1607485111571
02    13.040    8.401  -11.986  174.133   68.087  168.564    1607485111571
01    14.613    4.185   -7.309 -103.969   40.561   97.561    1607485111597
02    13.080    8.312  -11.954  175.776   68.884  171.025    1607485111597
01    14.542    4.162   -7.314 -105.345   39.512   97.257    1607485111613
02    13.146    8.240  -11.936  178.793   69.870  174.707    1607485111613
01    14.511    4.156   -7.307 -106.066   38.942   97.484    1607485111623
02    13.223    8.187  -11.934 -178.001   70.750  178.296    1607485111623
01    14.496    4.165   -7.338 -106.794   38.767   97.362    1607485111638
02    13.270    8.167  -11.938 -175.680   71.157 -179.240    1607485111638
01    14.475    4.165   -7.425 -107.756   38.734   96.942    1607485111648
02    13.292    8.167  -11.958 -174.101   71.220 -177.817    1607485111648
01    14.429    4.251   -7.522 -109.170   39.738   96.238    1607485111674
02    13.323    8.170  -11.947 -173.749   71.028 -177.902    1607485111674
01    14.349    4.408   -7.591 -111.557   41.475   95.523    1607485111689
02    13.355    8.196  -11.865 -174.794   70.247 -179.650    1607485111689
01    14.190    4.670   -7.687 -115.759   43.484   94.069    1607485111699
02    13.421    8.227  -11.570 -176.562   68.510  177.476    1607485111699
01    13.854    5.163   -7.934 -123.662   45.722   90.629    1607485111724
02    13.774    8.219  -10.203 -177.574   65.714  174.771    1607485111724
01    13.410    5.892   -8.362 -140.810   48.431   81.540    1607485111740
02    14.167    7.994   -8.269 -173.368   60.483  178.166    1607485111740
01    13.581    6.351   -8.000 -162.169   54.164   69.942    1607485111749
02    13.735    7.005   -8.399 -158.650   36.651 -169.636    1607485111749
01    13.494    6.353   -8.287 -168.696   51.627   69.199    1607485111775
02    13.341    6.736   -8.743 -158.403   15.779 -178.463    1607485111775
01    13.525    6.310   -8.369 -170.972   51.831   69.223    1607485111789
02    13.084    6.891   -8.755 -154.735    6.392  174.385    1607485111789
01    13.545    6.331   -8.369 -172.929   52.164   67.599    1607485111801
02    13.038    6.948   -8.640 -152.561    3.378  169.765    1607485111801
01    13.540    6.384   -8.323 -174.014   52.368   66.485    1607485111827
02    13.003    7.025   -8.530 -151.640    2.416  168.062    1607485111827
01    13.522    6.399   -8.287 -174.013   52.207   66.872    1607485111842
02    12.965    7.057   -8.472 -151.790    1.794  168.501    1607485111842
01    13.512    6.395   -8.275 -173.741   52.007   67.426    1607485111852
02    12.928    7.096   -8.453 -152.240    1.686  170.181    1607485111852
01    13.525    6.383   -8.270 -173.549   51.903   67.769    1607485111878
02    12.920    7.131   -8.448 -152.818    2.155  172.089    1607485111878
01    13.527    6.398   -8.289 -172.871   51.785   68.175    1607485111889
02    12.910    7.174   -8.482 -153.216    2.781  174.243    1607485111889
01    13.543    6.389   -8.318 -171.982   51.789   68.935    1607485111903
02    12.910    7.223   -8.532 -153.593    3.666  176.617    1607485111903
01    13.573    6.372   -8.349 -170.936   51.989   69.615    1607485111929
02    12.918    7.256   -8.604 -153.683    4.769  179.441    1607485111929
01    13.606    6.352   -8.373 -169.434   52.371   70.453    1607485111945
02    12.910    7.295   -8.691 -153.215    6.048 -177.166    1607485111945
01    13.638    6.271   -8.449 -167.004   52.427   72.070    1607485111954
02    12.908    7.271   -8.815 -152.403    7.974 -173.324    1607485111954
01    13.744    6.118   -8.441 -163.173   53.585   74.292    1607485111980
02    12.827    7.167   -9.149 -151.300   10.803 -170.577    1607485111980
01    14.036    5.708   -8.173 -152.217   54.962   81.942    1607485111989
02    12.361    6.965  -10.531 -150.875   14.624 -167.931    1607485111989
01    14.373    5.138   -7.690 -130.557   51.833   95.603    1607485112006
02    11.889    6.949  -12.389 -151.497   22.126 -164.911    1607485112006
01    14.521    4.690   -7.410 -115.529   44.145   99.777    1607485112021
02    12.403    7.450  -12.857 -153.132   40.288 -162.092    1607485112021
01    14.498    4.360   -7.566 -110.153   38.536   97.082    1607485112031
02    12.865    7.997  -12.423 -156.753   58.007 -163.957    1607485112031
01    14.514    4.262   -7.633 -107.591   38.191   95.436    1607485112056
02    12.934    8.171  -12.324 -162.706   64.234 -168.209    1607485112056
01    14.525    4.250   -7.673 -106.150   38.750   95.066    1607485112072
02    12.980    8.328  -12.250 -170.706   67.691 -175.726    1607485112072
01    14.538    4.256   -7.634 -105.068   39.396   95.599    1607485112090
02    12.958    8.402  -12.236 -174.353   68.912 -178.717    1607485112090
01    14.507    4.294   -7.571 -104.811   39.670   96.206    1607485112107
02    13.015    8.406  -12.179 -176.254   70.323 -179.221    1607485112107
01    14.460    4.304   -7.560 -105.410   39.527   96.423    1607485112123
02    13.083    8.415  -12.141 -176.668   71.419 -178.741    1607485112123
01    14.447    4.307   -7.550 -105.726   39.439   96.903    1607485112133
02    13.148    8.374  -12.169 -174.683   72.029 -176.149    1607485112133
01    14.453    4.299   -7.556 -105.830   39.377   97.355    1607485112159
02    13.214    8.344  -12.189 -173.011   72.673 -174.076    1607485112159
01    14.481    4.279   -7.555 -105.792   39.255   97.848    1607485112174
02    13.265    8.328  -12.199 -171.135   73.135 -172.116    1607485112174
01    14.503    4.278   -7.555 -105.777   39.224   98.090    1607485112190
02    13.289    8.338  -12.198 -170.372   73.125 -171.592    1607485112190
01    14.508    4.286   -7.557 -105.940   39.335   98.200    1607485112210
02    13.281    8.334  -12.208 -170.504   72.680 -171.829    1607485112210
01    14.475    4.332   -7.568 -106.773   39.828   97.775    1607485112226
02    13.283    8.337  -12.179 -171.390   72.341 -172.856    1607485112226
01    14.375    4.454   -7.583 -108.842   40.827   96.702    1607485112236
02    13.263    8.367  -12.070 -173.006   71.068 -174.911    1607485112236
01    14.116    4.733   -7.669 -113.116   42.063   94.651    1607485112261
02    13.287    8.409  -11.719 -175.257   68.776 -178.166    1607485112261
01    13.635    5.270   -7.961 -124.855   44.158   89.179    1607485112277
02    13.666    8.300  -10.043 -175.835   64.979  179.224    1607485112277
01    13.201    5.927   -8.299 -142.345   46.305   80.235    1607485112290
02    13.991    8.097   -7.946 -172.062   57.452 -179.793    1607485112290
01    13.276    6.147   -8.265 -160.248   48.908   73.007    1607485112312
02    13.490    7.343   -8.048 -162.922   32.462 -172.804    1607485112312
01    13.256    6.369   -8.259 -168.520   48.854   69.791    1607485112327
02    12.864    7.045   -8.389 -163.778    4.481 -179.902    1607485112327
01    13.253    6.425   -8.360 -170.678   48.677   70.032    1607485112337
02    12.641    7.265   -8.316 -160.603   -2.748  174.887    1607485112337
01    13.298    6.458   -8.370 -171.835   49.334   69.546    1607485112362
02    12.617    7.352   -8.265 -159.384   -4.404  172.543    1607485112362
01    13.314    6.516   -8.361 -172.786   49.596   68.421    1607485112378
02    12.624    7.409   -8.209 -159.007   -4.456  171.409    1607485112378
01    13.307    6.547   -8.380 -172.954   49.613   68.317    1607485112390
02    12.610    7.474   -8.180 -158.943   -4.190  171.401    1607485112390
01    13.307    6.569   -8.371 -172.420   49.814   68.954    1607485112412
02    12.583    7.526   -8.195 -159.126   -3.856  172.219    1607485112412
01    13.319    6.551   -8.398 -171.184   50.057   70.386    1607485112428
02    12.588    7.553   -8.205 -159.543   -3.087  173.571    1607485112428
01    13.351    6.517   -8.431 -170.125   50.527   71.530    1607485112438
02    12.593    7.576   -8.265 -159.654   -2.375  174.960    1607485112438
01    13.370    6.511   -8.495 -168.799   50.988   72.534    1607485112454
02    12.623    7.583   -8.322 -159.610   -1.321  176.175    1607485112454
01    13.425    6.490   -8.533 -167.500   51.821   73.584    1607485112479
02    12.665    7.584   -8.381 -159.421   -0.072  177.385    1607485112479
01    13.476    6.460   -8.567 -165.713   52.649   75.035    1607485112491
02    12.699    7.600   -8.447 -158.915    1.360  179.034    1607485112491
01    13.553    6.420   -8.510 -163.593   53.659   76.820    1607485112506
02    12.682    7.653   -8.524 -157.563    3.526 -178.089    1607485112506
01    13.599    6.305   -8.496 -161.609   53.549   78.253    1607485112514
02    12.607    7.575   -8.764 -156.216    7.008 -174.709    1607485112514
01    13.761    6.025   -8.293 -156.550   54.171   81.608    1607485112540
02    12.192    7.336   -9.947 -155.102   12.228 -169.853    1607485112540
01    14.005    5.460   -7.871 -140.968   51.844   91.448    1607485112555
02    11.687    7.272  -11.691 -155.020   20.193 -165.189    1607485112555
01    14.057    5.014   -7.753 -126.116   44.734   96.821    1607485112565
02    11.885    7.575  -12.597 -156.308   34.222 -161.867    1607485112565
01    14.058    4.757   -7.889 -119.065   40.143   96.207    1607485112591
02    12.671    7.756  -12.535 -152.498   52.042 -152.452    1607485112591
01    14.113    4.688   -7.891 -114.814   39.460   95.924    1607485112606
02    12.985    7.990  -12.420 -149.412   60.912 -148.564    1607485112606
01    14.127    4.702   -7.825 -112.594   39.683   95.882    1607485112616
02    13.074    8.144  -12.378 -149.611   64.795 -148.712    1607485112616
01    14.094    4.737   -7.776 -111.973   39.396   96.008    1607485112642
02    13.147    8.219  -12.361 -148.484   67.058 -146.750    1607485112642
01    14.052    4.766   -7.734 -112.339   39.194   96.037    1607485112657
02    13.184    8.303  -12.344 -150.045   68.614 -147.882    1607485112657
01    14.004    4.769   -7.721 -113.368   38.825   95.734    1607485112667
02    13.189    8.369  -12.383 -153.160   69.641 -150.612    1607485112667
01    13.965    4.756   -7.736 -114.567   38.408   95.182    1607485112692
02    13.213    8.400  -12.395 -155.489   70.491 -152.714    1607485112692
01    13.947    4.730   -7.769 -115.328   38.198   94.700    1607485112708
02    13.220    8.433  -12.427 -156.748   71.057 -154.055    1607485112708
01    13.948    4.718   -7.785 -115.492   38.413   94.618    1607485112717
02    13.251    8.438  -12.435 -156.475   71.841 -153.809    1607485112717
01    13.958    4.721   -7.778 -115.467   38.747   94.696    1607485112743
02    13.278    8.446  -12.428 -156.390   72.323 -153.678    1607485112743
01    13.967    4.727   -7.756 -115.407   38.932   94.837    1607485112758
02    13.308    8.429  -12.393 -155.060   72.429 -152.355    1607485112758
01    13.957    4.728   -7.758 -115.644   38.955   94.781    1607485112768
02    13.300    8.437  -12.342 -155.316   72.007 -153.006    1607485112768
01    13.907    4.789   -7.780 -116.668   39.438   94.229    1607485112793
02    13.299    8.434  -12.207 -157.473   70.786 -155.944    1607485112793
01    13.808    4.939   -7.825 -119.228   40.512   93.165    1607485112809
02    13.338    8.432  -11.753 -161.156   68.146 -161.557    1607485112809
01    13.526    5.360   -8.003 -125.661   42.149   90.595    1607485112818
02    13.715    8.408   -9.661 -164.300   63.969 -167.388    1607485112818
01    13.188    5.952   -8.245 -139.860   44.673   83.932    1607485112844
02    14.043    7.951   -7.588 -164.771   55.296 -169.643    1607485112844
01    13.209    6.256   -8.169 -156.858   47.703   75.592    1607485112860
02    13.035    7.194   -8.368 -160.432   19.683 -170.704    1607485112860
01    13.167    6.316   -8.338 -164.255   46.765   74.135    1607485112869
02    12.581    7.291   -8.290 -160.804    1.284 -175.041    1607485112869
01    13.234    6.368   -8.351 -165.843   48.092   74.619    1607485112895
02    12.530    7.391   -8.283 -160.595   -1.733 -177.000    1607485112895
01    13.279    6.383   -8.372 -166.709   48.513   74.539    1607485112910
02    12.549    7.454   -8.253 -160.642   -2.116 -178.649    1607485112910
01    13.311    6.389   -8.433 -167.005   48.660   73.870    1607485112920
02    12.577    7.487   -8.254 -160.209   -1.760 -179.872    1607485112920
01    13.339    6.411   -8.471 -166.968   49.186   73.366    1607485112945
02    12.602    7.518   -8.277 -159.838   -1.132  179.107    1607485112945
01    13.357    6.432   -8.517 -166.514   49.670   73.269    1607485112961
02    12.613    7.556   -8.314 -159.441   -0.391  178.637    1607485112961
01    13.382    6.451   -8.542 -165.584   50.453   73.867    1607485112970
02    12.619    7.583   -8.367 -159.020    0.358  178.909    1607485112970
01    13.395    6.440   -8.589 -163.996   51.081   75.310    1607485112995
02    12.639    7.592   -8.408 -158.631    1.320  179.904    1607485112995
01    13.433    6.418   -8.603 -161.986   51.984   77.171    1607485113012
02    12.648    7.604   -8.467 -157.996    2.345 -178.364    1607485113012
01    13.500    6.352   -8.596 -159.325   52.876   79.543    1607485113021
02    12.644    7.613   -8.541 -156.886    3.494 -175.437    1607485113021
01    13.559    6.306   -8.546 -156.350   53.506   81.755    1607485113046
02    12.639    7.568   -8.639 -155.233    5.638 -171.732    1607485113046
01    13.597    6.207   -8.535 -154.708   53.240   82.629    1607485113062
02    12.557    7.425   -8.964 -153.449    9.020 -168.751    1607485113062
01    13.747    5.947   -8.399 -151.125   53.539   84.798    1607485113071
02    12.333    7.141   -9.935 -151.761   13.769 -164.832    1607485113071
01    14.037    5.467   -7.943 -139.846   52.694   91.862    1607485113091
02    12.044    6.942  -11.338 -150.773   20.679 -159.970    1607485113091
01    14.197    5.017   -7.566 -125.772   47.366   97.945    1607485113113
02    12.059    7.104  -12.455 -151.451   31.616 -156.893    1607485113113
01    14.158    4.724   -7.588 -118.252   40.776   97.517    1607485113123
02    12.620    7.694  -12.511 -153.792   48.422 -155.953    1607485113123
01    14.142    4.585   -7.665 -115.247   38.058   95.385    1607485113138
02    12.897    8.141  -12.359 -158.808   59.436 -160.146    1607485113138
01    14.152    4.553   -7.645 -113.749   37.775   93.834    1607485113148
02    12.888    8.318  -12.325 -164.651   63.591 -165.817    1607485113148
01    14.142    4.556   -7.605 -113.412   37.691   92.548    1607485113174
02    12.932    8.364  -12.250 -166.936   66.017 -167.580    1607485113174
01    14.111    4.586   -7.559 -113.421   37.624   91.753    1607485113192
02    12.944    8.351  -12.220 -164.601   67.309 -164.924    1607485113192
01    14.069    4.634   -7.499 -113.666   37.503   91.435    1607485113199
02    12.940    8.374  -12.173 -163.029   67.975 -163.436    1607485113199
01    14.011    4.667   -7.479 -114.410   37.128   91.177    1607485113225
02    12.984    8.353  -12.133 -160.914   68.586 -161.075    1607485113225
01    13.952    4.693   -7.481 -115.210   36.929   90.911    1607485113241
02    13.026    8.335  -12.102 -158.614   69.102 -158.676    1607485113241
01    13.925    4.683   -7.484 -115.790   36.758   90.904    1607485113250
02    13.041    8.316  -12.117 -157.366   69.326 -157.385    1607485113250
01    13.917    4.658   -7.485 -116.141   36.730   90.983    1607485113276
02    13.075    8.327  -12.088 -157.821   69.972 -157.952    1607485113276
01    13.909    4.653   -7.479 -116.364   36.774   90.912    1607485113292
02    13.067    8.352  -12.076 -159.078   70.084 -159.474    1607485113292
01    13.896    4.658   -7.461 -116.626   36.809   90.866    1607485113301
02    13.070    8.348  -12.029 -160.355   69.972 -160.945    1607485113301
01    13.853    4.696   -7.459 -117.370   37.012   90.552    1607485113326
02    13.074    8.330  -11.948 -160.629   69.445 -161.686    1607485113326
01    13.777    4.781   -7.466 -119.043   37.429   90.169    1607485113342
02    13.098    8.312  -11.707 -161.190   67.997 -163.271    1607485113342
01    13.581    5.031   -7.518 -122.197   38.077   89.452    1607485113352
02    13.310    8.192  -10.635 -160.907   65.270 -164.736    1607485113352
01    13.321    5.396   -7.657 -130.934   39.151   87.146    1607485113377
02    13.732    8.033   -8.541 -160.212   60.644 -166.009    1607485113377
01    13.089    5.843   -7.790 -143.533   40.273   82.482    1607485113392
02    13.688    7.604   -7.330 -158.987   46.458 -167.881    1607485113392
01    13.059    6.185   -7.650 -155.999   41.718   76.780    1607485113403
02    12.848    6.656   -7.944 -156.999    7.563 -169.436    1607485113403
01    12.989    6.201   -7.859 -161.812   39.629   76.502    1607485113428
02    12.503    6.898   -8.009 -156.592   -2.408 -173.789    1607485113428
01    13.047    6.235   -7.877 -163.506   40.259   76.555    1607485113444
02    12.458    7.051   -8.006 -155.937   -4.681 -176.889    1607485113444
01    13.103    6.221   -7.909 -164.370   40.355   76.137    1607485113454
02    12.477    7.132   -7.954 -155.336   -4.918 -178.601    1607485113454
01    13.127    6.245   -7.979 -164.290   40.389   75.372    1607485113479
02    12.513    7.179   -7.935 -154.511   -4.387 -179.544    1607485113479
01    13.143    6.277   -8.046 -163.845   40.670   74.773    1607485113492
02    12.557    7.184   -7.950 -154.071   -3.658 -179.865    1607485113492
01    13.172    6.302   -8.080 -163.470   41.323   74.469    1607485113504
02    12.593    7.202   -7.978 -153.711   -2.854 -179.881    1607485113504
01    13.208    6.297   -8.120 -162.827   41.993   74.710    1607485113530
02    12.613    7.224   -8.026 -153.215   -2.047 -179.501    1607485113530
01    13.234    6.279   -8.176 -161.869   42.556   75.168    1607485113546
02    12.621    7.241   -8.086 -152.489   -1.182 -178.607    1607485113546
01    13.271    6.233   -8.219 -160.434   43.319   76.060    1607485113556
02    12.650    7.221   -8.139 -151.677    0.032 -177.053    1607485113556
01    13.320    6.166   -8.271 -158.497   44.163   77.178    1607485113572
02    12.656    7.214   -8.220 -150.394    1.504 -174.714    1607485113572
01    13.386    6.094   -8.278 -156.398   45.152   78.449    1607485113592
02    12.679    7.125   -8.351 -149.055    4.002 -171.726    1607485113592
01    13.501    5.960   -8.201 -153.613   46.278   80.284    1607485113606
02    12.594    6.966   -8.805 -148.137    7.715 -168.206    1607485113606
01    13.724    5.609   -7.974 -145.290   46.438   86.095    1607485113622
02    12.230    6.796  -10.166 -148.165   12.944 -164.593    1607485113622
01    13.946    5.127   -7.719 -132.598   43.605   93.238    1607485113632
02    11.901    6.825  -11.807 -149.312   21.350 -160.496    1607485113632
01    14.091    4.705   -7.635 -122.941   39.374   95.694    1607485113658
02    12.255    7.303  -12.497 -151.390   36.725 -158.334    1607485113658
01    14.185    4.444   -7.742 -117.375   36.764   94.704    1607485113674
02    12.842    7.743  -12.442 -153.344   53.913 -157.813    1607485113674
01    14.292    4.385   -7.755 -113.629   37.166   93.609    1607485113693
02    13.034    7.982  -12.319 -155.592   61.948 -159.736    1607485113693
01    14.353    4.429   -7.647 -111.024   38.041   93.433    1607485113710
02    13.077    8.108  -12.271 -156.763   65.514 -160.569    1607485113710
01    14.343    4.480   -7.554 -109.932   38.133   93.524    1607485113726
02    13.142    8.143  -12.212 -155.353   67.905 -158.460    1607485113726
01    14.296    4.516   -7.479 -109.998   37.692   93.593    1607485113737
02    13.179    8.152  -12.185 -152.808   69.085 -155.424    1607485113737
01    14.240    4.547   -7.412 -110.375   37.119   93.797    1607485113762
02    13.214    8.126  -12.164 -150.179   69.805 -152.204    1607485113762
01    14.194    4.523   -7.395 -111.149   36.353   93.679    1607485113778
02    13.226    8.134  -12.147 -149.075   70.307 -151.038    1607485113778
01    14.150    4.503   -7.418 -111.947   35.818   93.143    1607485113793
02    13.214    8.138  -12.148 -149.789   70.455 -151.863    1607485113793
01    14.117    4.447   -7.463 -112.833   35.543   92.521    1607485113813
02    13.196    8.178  -12.140 -152.365   70.907 -154.741    1607485113813
01    14.100    4.415   -7.486 -113.291   35.663   92.124    1607485113829
02    13.180    8.195  -12.150 -156.383   71.256 -158.673    1607485113829
01    14.086    4.388   -7.493 -113.655   36.023   91.899    1607485113839
02    13.158    8.236  -12.133 -160.606   71.525 -163.073    1607485113839
01    14.066    4.388   -7.491 -113.966   36.544   91.726    1607485113854
02    13.152    8.229  -12.094 -161.669   71.374 -164.181    1607485113854
01    14.021    4.423   -7.480 -114.667   37.133   91.611    1607485113865
02    13.148    8.202  -12.005 -161.768   70.626 -164.587    1607485113865
01    13.922    4.529   -7.499 -116.368   37.808   91.094    1607485113893
02    13.166    8.175  -11.743 -161.446   68.896 -165.270    1607485113893
01    13.755    4.729   -7.565 -119.712   38.725   90.254    1607485113909
02    13.347    8.040  -10.637 -160.448   65.674 -166.078    1607485113909
01    13.484    5.124   -7.698 -128.349   40.549   87.618    1607485113916
02    13.774    7.835   -8.467 -158.770   60.904 -166.419    1607485113916
01    13.203    5.600   -7.875 -141.909   41.838   81.854    1607485113942
02    13.688    7.460   -7.298 -156.058   46.187 -167.298    1607485113942
01    13.160    5.947   -7.779 -154.480   43.336   75.581    1607485113958
02    12.937    6.325   -7.965 -156.178    6.725 -170.694    1607485113958
01    13.103    5.977   -7.971 -160.747   41.368   74.998    1607485113968
02    12.610    6.601   -7.986 -155.454   -3.600 -177.144    1607485113968
01    13.158    6.030   -7.992 -162.997   41.822   74.729    1607485113993
02    12.549    6.779   -7.963 -154.476   -5.975  178.332    1607485113993
01    13.193    6.039   -8.041 -164.082   41.662   74.486    1607485114009
02    12.550    6.910   -7.913 -153.722   -6.396  175.936    1607485114009
01    13.207    6.074   -8.127 -164.500   41.605   73.713    1607485114018
02    12.586    6.988   -7.884 -153.192   -5.892  174.873    1607485114018
01    13.218    6.142   -8.186 -164.848   42.087   72.630    1607485114044
02    12.608    7.041   -7.915 -152.974   -5.331  174.184    1607485114044
01    13.239    6.171   -8.236 -165.133   42.690   72.019    1607485114059
02    12.630    7.103   -7.930 -152.738   -4.451  173.800    1607485114059
01    13.242    6.203   -8.305 -164.673   43.248   71.778    1607485114069
02    12.632    7.160   -7.957 -152.150   -3.552  173.879    1607485114069
01    13.266    6.183   -8.347 -163.618   44.069   72.003    1607485114095
02    12.626    7.185   -7.992 -151.255   -2.425  174.627    1607485114095
01    13.307    6.128   -8.377 -161.707   45.082   72.667    1607485114110
02    12.617    7.190   -8.047 -149.968   -1.053  176.210    1607485114110
01    13.374    6.043   -8.369 -158.636   46.394   74.175    1607485114120
02    12.610    7.167   -8.108 -148.451    1.141  179.466    1607485114120
01    13.520    5.850   -8.235 -153.846   47.949   77.407    1607485114145
02    12.504    7.024   -8.457 -148.274    5.034 -176.463    1607485114145
01    13.729    5.502   -7.982 -143.982   47.966   84.181    1607485114161
02    12.032    6.920   -9.669 -149.302    9.936 -172.760    1607485114161
01    13.983    4.966   -7.649 -129.374   44.330   91.773    1607485114171
02    11.458    6.960  -11.519 -151.548   17.363 -169.140    1607485114171
01    14.125    4.556   -7.477 -118.697   39.295   93.941    1607485114196
02    11.665    7.560  -12.226 -156.216   33.003 -169.020    1607485114196
01    14.204    4.295   -7.460 -113.492   36.294   92.768    1607485114212
02    12.231    8.033  -12.114 -165.294   50.676 -173.606    1607485114212
01    14.289    4.175   -7.415 -110.950   35.817   91.407    1607485114222
02    12.426    8.285  -11.943 -174.819   58.345  177.984    1607485114222
01    14.295    4.200   -7.324 -109.365   35.972   90.751    1607485114238
02    12.489    8.403  -11.874  178.315   61.273  172.183    1607485114238
01    14.268    4.230   -7.223 -108.978   35.887   90.880    1607485114263
02    12.586    8.447  -11.816  176.504   63.928  171.638    1607485114263
01    14.213    4.264   -7.167 -109.179   35.526   91.025    1607485114273
02    12.662    8.448  -11.814  176.851   65.809  173.106    1607485114273
01    14.163    4.293   -7.143 -109.598   35.016   91.164    1607485114293
02    12.727    8.461  -11.796  177.485   67.299  174.291    1607485114293
01    14.125    4.314   -7.160 -110.089   34.662   91.009    1607485114298
02    12.779    8.489  -11.778  178.941   68.428  175.962    1607485114298
01    14.102    4.326   -7.193 -110.618   34.595   90.728    1607485114324
02    12.780    8.513  -11.787  179.447   68.560  176.434    1607485114324
01    14.071    4.375   -7.215 -110.981   34.823   90.278    1607485114339
02    12.773    8.562  -11.771  178.496   68.564  175.312    1607485114339
01    14.034    4.415   -7.208 -111.679   35.164   89.942    1607485114349
02    12.756    8.594  -11.772  177.639   68.247  174.536    1607485114349
01    13.971    4.458   -7.184 -112.950   35.498   89.557    1607485114374
02    12.725    8.637  -11.752  176.984   67.887  173.872    1607485114374
01    13.847    4.550   -7.173 -115.210   35.986   88.876    1607485114394
02    12.729    8.654  -11.650  176.200   67.237  173.212    1607485114394
01    13.617    4.750   -7.223 -119.370   36.699   87.571    1607485114400
02    12.778    8.641  -11.374  176.261   65.257  172.781    1607485114400
01    13.269    5.082   -7.419 -128.201   37.698   84.588    1607485114425
02    13.060    8.433  -10.336  177.910   61.602  172.740    1607485114425
01    12.966    5.498   -7.655 -141.104   39.040   79.340    1607485114441
02    13.489    8.103   -8.225 -177.101   56.466  174.088    1607485114441
01    12.744    6.038   -7.722 -154.775   39.924   72.827    1607485114450
02    13.178    7.827   -7.418 -165.407   42.529 -179.052    1607485114450
01    12.778    6.251   -7.573 -166.046   40.029   68.751    1607485114475
02    12.598    6.728   -7.939 -158.478   10.109 -172.955    1607485114475
01    12.779    6.280   -7.640 -170.276   38.726   68.481    1607485114494
02    12.276    6.974   -7.989 -156.162    1.780 -177.157    1607485114494
01    12.814    6.332   -7.652 -170.839   38.796   68.835    1607485114501
02    12.219    7.098   -7.998 -155.444    0.036 -178.339    1607485114501
01    12.832    6.352   -7.696 -170.836   38.334   69.184    1607485114529
02    12.241    7.121   -8.005 -155.598   -0.409 -178.488    1607485114529
01    12.846    6.381   -7.775 -170.589   38.167   69.323    1607485114538
02    12.268    7.178   -8.015 -155.438    0.031 -178.771    1607485114538
01    12.874    6.416   -7.845 -170.459   38.528   69.259    1607485114552
02    12.306    7.228   -8.060 -155.443    0.776 -179.235    1607485114552
01    12.918    6.448   -7.897 -169.907   39.317   69.417    1607485114578
02    12.351    7.281   -8.101 -155.210    1.761 -179.667    1607485114578
01    12.955    6.465   -7.961 -168.894   39.980   69.811    1607485114594
02    12.384    7.319   -8.156 -154.615    2.708 -179.723    1607485114594
01    12.997    6.454   -8.019 -167.482   40.774   70.408    1607485114604
02    12.409    7.350   -8.221 -153.599    3.625 -179.501    1607485114604
01    13.031    6.445   -8.073 -165.721   41.552   70.913    1607485114629
02    12.429    7.357   -8.281 -152.232    4.662 -178.551    1607485114629
01    13.068    6.419   -8.116 -163.791   42.475   71.452    1607485114645
02    12.422    7.373   -8.356 -150.440    5.972 -176.589    1607485114645
01    13.184    6.292   -8.070 -161.218   44.226   73.033    1607485114654
02    12.339    7.265   -8.655 -149.985    8.488 -173.315    1607485114654
01    13.346    6.062   -7.901 -154.411   45.432   77.548    1607485114679
02    12.000    7.201   -9.617 -150.132   12.463 -170.349    1607485114679
01    13.561    5.599   -7.669 -141.424   43.679   85.255    1607485114694
02    11.546    7.247  -11.219 -150.912   18.350 -167.111    1607485114694
01    13.735    5.126   -7.487 -128.249   39.444   90.451    1607485114705
02    11.706    7.526  -12.127 -152.965   31.366 -164.100    1607485114705
01    13.850    4.753   -7.472 -120.732   36.047   91.051    1607485114721
02    12.240    7.969  -12.127 -157.142   48.378 -164.338    1607485114721
01    13.943    4.566   -7.476 -116.677   35.349   89.909    1607485114746
02    12.412    8.362  -11.933 -164.981   57.259 -171.738    1607485114746
01    13.995    4.529   -7.412 -114.288   36.013   89.003    1607485114756
02    12.391    8.607  -11.813 -174.069   60.159  179.243    1607485114756
01    13.996    4.546   -7.329 -113.404   36.735   88.555    1607485114772
02    12.438    8.645  -11.731 -179.265   61.772  175.100    1607485114772
01    13.939    4.587   -7.274 -113.403   36.892   88.378    1607485114794
02    12.443    8.692  -11.702  179.030   62.803  173.965    1607485114794
01    13.878    4.619   -7.245 -114.158   36.858   88.517    1607485114807
02    12.491    8.686  -11.634  179.052   63.712  174.481    1607485114807
01    13.808    4.698   -7.213 -114.985   36.889   88.867    1607485114822
02    12.572    8.616  -11.579 -177.916   64.559  178.165    1607485114822
01    13.717    4.768   -7.226 -116.615   36.826   89.077    1607485114833
02    12.647    8.585  -11.477 -174.449   64.796 -178.165    1607485114833
01    13.619    4.862   -7.289 -118.817   36.993   88.931    1607485114857
02    12.677    8.557  -11.389 -171.795   63.707 -175.721    1607485114857
01    13.549    4.931   -7.383 -121.041   37.264   88.813    1607485114873
02    12.698    8.528  -11.274 -170.361   61.885 -174.830    1607485114873
01    13.515    5.002   -7.448 -122.558   37.795   88.943    1607485114895
02    12.662    8.500  -11.231 -169.577   59.486 -174.788    1607485114895
01    13.494    5.048   -7.494 -123.656   38.187   89.201    1607485114910
02    12.627    8.480  -11.200 -169.159   57.612 -174.974    1607485114910
01    13.454    5.109   -7.543 -124.646   38.440   89.193    1607485114926
02    12.632    8.467  -11.099 -168.997   56.467 -175.401    1607485114926
01    13.378    5.210   -7.625 -125.929   38.753   89.009    1607485114936
02    12.765    8.463  -10.613 -169.368   55.698 -176.830    1607485114936
01    13.217    5.473   -7.768 -129.247   39.691   88.124    1607485114962
02    13.258    8.279   -8.974 -168.626   53.693 -177.612    1607485114962
01    13.003    5.889   -7.934 -137.314   41.374   84.873    1607485114977
02    13.477    7.996   -7.452 -164.548   46.114 -176.990    1607485114977
01    12.997    6.083   -7.938 -152.056   43.229   78.301    1607485114995
02    12.390    7.388   -8.242 -152.994    8.660 -177.616    1607485114995
01    12.877    6.296   -8.051 -160.121   42.657   75.314    1607485115012
02    12.309    7.177   -7.988 -154.231   -6.313  176.408    1607485115012
01    12.924    6.390   -7.968 -163.104   43.566   74.226    1607485115028
02    12.283    7.272   -7.842 -152.975  -10.394  171.394    1607485115028
01    12.951    6.374   -7.941 -164.637   43.299   74.103    1607485115038
02    12.311    7.322   -7.689 -152.331  -11.865  169.185    1607485115038
01    12.958    6.383   -7.959 -164.987   43.020   74.054    1607485115063
02    12.357    7.328   -7.583 -152.155  -12.013  168.927    1607485115063
01    12.968    6.379   -7.983 -164.979   42.798   74.256    1607485115079
02    12.392    7.334   -7.547 -152.235  -11.987  169.375    1607485115079
01    12.973    6.392   -8.032 -164.736   42.725   74.383    1607485115095
02    12.422    7.360   -7.529 -152.307  -11.527  170.298    1607485115095
01    12.998    6.388   -8.094 -164.066   42.944   75.021    1607485115111
02    12.454    7.393   -7.544 -152.281  -10.855  171.436    1607485115111
01    13.035    6.375   -8.155 -163.148   43.331   75.910    1607485115114
02    12.493    7.402   -7.585 -152.370  -10.070  172.879    1607485115114
01    13.080    6.362   -8.208 -161.594   44.012   77.002    1607485115140
02    12.531    7.432   -7.622 -151.979   -8.764  174.444    1607485115140
01    13.145    6.351   -8.230 -159.416   45.038   78.383    1607485115155
02    12.563    7.461   -7.663 -151.271   -6.891  176.850    1607485115155
01    13.237    6.270   -8.232 -156.307   45.722   80.874    1607485115165
02    12.596    7.446   -7.753 -150.036   -4.017 -179.796    1607485115165
01    13.323    6.150   -8.242 -152.885   45.954   82.929    1607485115196
02    12.591    7.367   -7.979 -148.771    0.458 -176.601    1607485115196
01    13.511    5.893   -8.132 -146.495   46.343   86.946    1607485115211
02    12.346    7.224   -8.881 -149.582    6.028 -173.172    1607485115211
01    13.735    5.496   -7.932 -134.833   44.870   93.192    1607485115216
02    11.670    7.319  -10.728 -151.552   13.476 -170.705    1607485115216
01    13.884    5.095   -7.775 -124.653   41.485   96.277    1607485115241
02    11.389    7.721  -12.152 -155.759   24.949 -170.766    1607485115241
01    13.962    4.853   -7.732 -117.758   38.902   95.925    1607485115257
02    11.706    8.518  -12.436 -164.647   41.263 -175.616    1607485115257
01    13.995    4.712   -7.771 -114.237   37.847   94.354    1607485115267
02    12.192    8.866  -12.273 -176.972   54.172  175.993    1607485115267
01    14.024    4.685   -7.745 -112.316   38.270   93.047    1607485115296
02    12.314    9.024  -12.167  175.460   58.685  169.340    1607485115296
01    14.019    4.717   -7.660 -111.195   38.908   92.192    1607485115312
02    12.385    9.076  -12.045  171.724   61.197  166.342    1607485115312
01    13.987    4.729   -7.585 -111.032   39.000   91.510    1607485115318
02    12.416    9.044  -11.987  171.676   62.769  167.022    1607485115318
01    13.956    4.743   -7.487 -111.275   38.904   91.178    1607485115344
02    12.458    8.967  -11.935  173.520   63.922  169.303    1607485115344
01    13.925    4.738   -7.420 -111.871   38.499   90.984    1607485115359
02    12.529    8.890  -11.864  176.522   65.162  172.647    1607485115359
01    13.889    4.745   -7.379 -112.518   38.056   90.819    1607485115369
02    12.582    8.820  -11.833  179.413   65.813  175.705    1607485115369
01    13.859    4.760   -7.347 -113.347   37.806   90.704    1607485115395
02    12.624    8.784  -11.790 -178.898   65.994  177.392    1607485115395
01    13.811    4.797   -7.337 -114.642   37.745   90.408    1607485115412
02    12.659    8.765  -11.735 -177.934   65.839  178.264    1607485115412
01    13.733    4.875   -7.347 -116.651   38.014   89.872    1607485115420
02    12.709    8.749  -11.644 -177.197   65.515  178.828    1607485115420
01    13.628    4.990   -7.384 -119.562   38.445   88.999    1607485115445
02    12.734    8.741  -11.541 -176.384   64.459  179.330    1607485115445
01    13.487    5.157   -7.459 -123.110   38.855   87.944    1607485115461
02    12.794    8.724  -11.331 -175.499   63.032  179.559    1607485115461
01    13.253    5.472   -7.626 -128.992   39.608   86.242    1607485115471
02    13.080    8.660  -10.383 -173.948   61.240  179.613    1607485115471
01    13.000    5.872   -7.887 -139.265   40.629   82.246    1607485115496
02    13.557    8.419   -8.473 -170.032   57.092 -178.311    1607485115496
01    12.811    6.374   -8.054 -152.687   41.851   75.369    1607485115512
02    13.454    8.081   -7.489 -162.608   44.498 -174.573    1607485115512
01    12.824    6.624   -7.965 -163.706   42.125   69.694    1607485115521
02    12.747    7.196   -8.122 -157.920   11.279 -174.128    1607485115521
01    12.848    6.657   -8.021 -167.676   41.782   69.259    1607485115546
02    12.438    7.414   -8.169 -155.615    2.808 -178.183    1607485115546
01    12.915    6.679   -7.979 -168.931   42.545   69.141    1607485115562
02    12.404    7.493   -8.158 -155.014    1.201  179.826    1607485115562
01    12.922    6.686   -7.978 -169.898   42.311   68.497    1607485115572
02    12.403    7.548   -8.092 -154.819    0.942  178.698    1607485115572
