01     8.912    7.117  -12.508 -143.691   58.166   13.492    1598966906405
02     9.940    8.089  -15.643  176.446   39.562 -116.182    1598966906405
01     8.917    7.094  -12.526 -143.637   58.112   13.596    1598966906420
02     9.942    8.075  -15.657  176.473   39.545 -116.133    1598966906420
01     8.907    7.098  -12.534 -143.570   58.089   13.633    1598966906436
02     9.936    8.077  -15.665  176.516   39.534 -116.143    1598966906436
01     8.915    7.093  -12.534 -143.511   58.105   13.678    1598966906458
02     9.945    8.060  -15.675  176.537   39.547 -116.114    1598966906458
01     8.924    7.091  -12.531 -143.506   58.142   13.691    1598966906474
02     9.951    8.055  -15.677  176.538   39.553 -116.107    1598966906474
01     8.936    7.081  -12.531 -143.377   58.195   13.862    1598966906489
02     9.937    8.043  -15.694  176.628   39.503 -116.028    1598966906489
01     8.930    7.086  -12.537 -143.339   58.177   13.822    1598966906505
02     9.959    8.024  -15.696  176.615   39.523 -115.998    1598966906505
01     8.933    7.091  -12.538 -143.304   58.194   13.822    1598966906521
02     9.974    8.007  -15.700  176.637   39.545 -115.934    1598966906521
01     8.944    7.091  -12.537 -143.276   58.256   13.860    1598966906536
02     9.966    8.026  -15.703  176.657   39.541 -115.956    1598966906536
01     8.953    7.089  -12.538 -143.207   58.317   13.940    1598966906558
02     9.975    7.998  -15.720  176.704   39.581 -115.818    1598966906558
01     8.945    7.092  -12.546 -143.196   58.297   13.899    1598966906574
02     9.973    8.035  -15.710  176.690   39.599 -115.935    1598966906574
01     8.943    7.094  -12.552 -143.245   58.305   13.859    1598966906590
02     9.962    8.034  -15.723  176.723   39.559 -115.907    1598966906590
01     8.953    7.095  -12.551 -143.229   58.379   13.917    1598966906605
02     9.978    8.011  -15.724  176.687   39.643 -115.869    1598966906605
01     8.945    7.099  -12.559 -143.264   58.343   13.847    1598966906621
02     9.986    8.004  -15.728  176.692   39.665 -115.836    1598966906621
01     8.943    7.098  -12.566 -143.233   58.316   13.887    1598966906637
02     9.971    8.014  -15.738  176.685   39.622 -115.857    1598966906637
01     8.947    7.089  -12.576 -143.218   58.269   13.978    1598966906659
02     9.978    8.017  -15.741  176.728   39.652 -115.819    1598966906659
01     8.958    7.083  -12.576 -143.150   58.270   14.116    1598966906674
02     9.989    8.021  -15.736  176.694   39.694 -115.850    1598966906674
01     8.962    7.082  -12.580 -143.094   58.294   14.184    1598966906690
02     9.981    8.020  -15.748  176.722   39.672 -115.824    1598966906690
01     8.966    7.082  -12.582 -143.077   58.313   14.206    1598966906706
02     9.991    8.026  -15.743  176.703   39.713 -115.868    1598966906706
01     8.964    7.091  -12.584 -143.047   58.341   14.196    1598966906721
02     9.980    8.029  -15.753  176.749   39.657 -115.849    1598966906721
01     8.969    7.089  -12.585 -143.019   58.369   14.230    1598966906737
02     9.992    8.037  -15.744  176.736   39.726 -115.893    1598966906737
01     8.977    7.086  -12.585 -143.031   58.409   14.245    1598966906759
02    10.002    8.039  -15.739  176.704   39.789 -115.924    1598966906759
01     8.965    7.085  -12.596 -143.040   58.321   14.199    1598966906775
02    10.011    8.033  -15.739  176.689   39.836 -115.912    1598966906775
01     8.973    7.081  -12.594 -143.026   58.355   14.258    1598966906790
02    10.020    8.004  -15.750  176.707   39.858 -115.764    1598966906790
01     8.973    7.087  -12.595 -143.021   58.362   14.232    1598966906806
02    10.011    8.001  -15.761  176.765   39.807 -115.719    1598966906806
01     8.971    7.083  -12.602 -142.991   58.324   14.264    1598966906822
02    10.014    7.996  -15.764  176.784   39.831 -115.677    1598966906822
01     8.972    7.074  -12.606 -142.939   58.302   14.335    1598966906837
02    10.020    7.955  -15.790  176.841   39.816 -115.441    1598966906837
01     8.974    7.077  -12.606 -142.972   58.327   14.301    1598966906859
02    10.003    7.970  -15.794  176.825   39.691 -115.500    1598966906859
01     8.976    7.077  -12.607 -142.962   58.329   14.323    1598966906875
02    10.007    7.964  -15.802  176.875   39.712 -115.436    1598966906875
01     8.981    7.074  -12.609 -142.992   58.330   14.313    1598966906890
02    10.001    7.990  -15.800  176.871   39.705 -115.543    1598966906890
01     8.988    7.072  -12.608 -142.951   58.357   14.375    1598966906906
02    10.026    7.981  -15.784  176.792   39.852 -115.558    1598966906906
01     8.980    7.077  -12.616 -142.949   58.349   14.346    1598966906921
02    10.017    8.010  -15.782  176.832   39.846 -115.657    1598966906921
01     8.982    7.079  -12.619 -142.909   58.363   14.378    1598966906937
02    10.025    8.012  -15.778  176.841   39.872 -115.673    1598966906937
01     8.987    7.077  -12.620 -142.892   58.372   14.424    1598966906959
02    10.017    8.005  -15.792  176.871   39.806 -115.620    1598966906959
01     8.988    7.075  -12.623 -142.872   58.360   14.459    1598966906975
02    10.018    8.004  -15.796  176.864   39.815 -115.633    1598966906975
01     8.993    7.079  -12.614 -142.844   58.419   14.493    1598966906990
02    10.013    8.010  -15.797  176.915   39.797 -115.608    1598966906990
01     8.994    7.080  -12.617 -142.883   58.417   14.469    1598966907006
02    10.025    8.006  -15.794  176.872   39.843 -115.612    1598966907006
01     8.988    7.075  -12.624 -142.863   58.346   14.493    1598966907022
02    10.021    8.011  -15.794  176.844   39.830 -115.642    1598966907022
01     8.986    7.076  -12.627 -142.907   58.319   14.452    1598966907037
02    10.034    8.014  -15.787  176.802   39.893 -115.674    1598966907037
01     8.997    7.076  -12.620 -142.934   58.376   14.477    1598966907059
02    10.057    8.014  -15.771  176.713   40.030 -115.729    1598966907059
01     8.996    7.078  -12.620 -142.918   58.364   14.495    1598966907075
02    10.056    8.007  -15.773  176.709   40.008 -115.686    1598966907075
01     8.996    7.073  -12.622 -142.890   58.346   14.551    1598966907091
02    10.055    8.003  -15.774  176.728   40.034 -115.644    1598966907091
01     8.992    7.070  -12.628 -142.873   58.290   14.571    1598966907106
02    10.033    7.996  -15.795  176.832   39.857 -115.531    1598966907106
01     8.990    7.073  -12.629 -142.893   58.296   14.529    1598966907122
02    10.026    8.008  -15.793  176.826   39.848 -115.612    1598966907122
01     8.991    7.074  -12.627 -142.880   58.325   14.541    1598966907138
02    10.028    7.997  -15.794  176.822   39.835 -115.547    1598966907138
01     8.988    7.076  -12.630 -142.895   58.303   14.501    1598966907160
02    10.045    7.997  -15.780  176.698   39.931 -115.637    1598966907160
01     8.990    7.076  -12.628 -142.905   58.324   14.510    1598966907176
02    10.043    7.995  -15.783  176.714   39.915 -115.620    1598966907176
01     8.991    7.073  -12.628 -142.900   58.317   14.532    1598966907191
02    10.037    7.996  -15.785  176.731   39.892 -115.610    1598966907191
01     8.992    7.072  -12.627 -142.904   58.316   14.546    1598966907207
02    10.044    7.998  -15.779  176.683   39.933 -115.648    1598966907207
01     8.986    7.075  -12.630 -142.937   58.292   14.498    1598966907222
02    10.031    8.002  -15.786  176.733   39.865 -115.634    1598966907222
01     8.983    7.076  -12.630 -142.918   58.279   14.500    1598966907238
02    10.034    8.004  -15.785  176.719   39.894 -115.659    1598966907238
01     8.984    7.076  -12.629 -142.878   58.269   14.538    1598966907260
02    10.028    8.003  -15.790  176.796   39.879 -115.604    1598966907260
01     8.985    7.076  -12.628 -142.838   58.263   14.566    1598966907276
02    10.021    8.015  -15.785  176.790   39.855 -115.660    1598966907276
01     8.984    7.080  -12.627 -142.870   58.268   14.521    1598966907292
02    10.024    8.018  -15.783  176.787   39.882 -115.664    1598966907292
01     8.988    7.078  -12.625 -142.880   58.276   14.532    1598966907307
02    10.032    8.007  -15.784  176.795   39.920 -115.606    1598966907307
01     8.989    7.080  -12.622 -142.895   58.290   14.521    1598966907323
02    10.024    8.016  -15.782  176.775   39.873 -115.646    1598966907323
01     8.987    7.085  -12.618 -142.890   58.301   14.507    1598966907338
02    10.036    8.014  -15.774  176.727   39.934 -115.653    1598966907338
01     8.994    7.086  -12.607 -142.907   58.345   14.511    1598966907360
02    10.030    8.021  -15.772  176.719   39.897 -115.690    1598966907360
01     8.991    7.083  -12.611 -142.913   58.316   14.521    1598966907376
02    10.026    8.019  -15.775  176.742   39.864 -115.655    1598966907376
01     8.989    7.090  -12.605 -142.943   58.334   14.499    1598966907392
02    10.028    8.016  -15.773  176.763   39.873 -115.611    1598966907392
01     8.991    7.093  -12.597 -142.948   58.357   14.501    1598966907407
02    10.027    8.021  -15.770  176.788   39.901 -115.606    1598966907407
01     8.997    7.093  -12.590 -142.954   58.370   14.498    1598966907423
02    10.044    8.017  -15.758  176.771   39.976 -115.601    1598966907423
01     8.999    7.096  -12.586 -142.967   58.404   14.505    1598966907439
02    10.046    8.024  -15.752  176.757   39.976 -115.624    1598966907439
01     8.990    7.094  -12.594 -142.923   58.342   14.529    1598966907461
02    10.028    8.024  -15.767  176.823   39.878 -115.568    1598966907461
01     8.982    7.092  -12.598 -142.953   58.296   14.514    1598966907476
02    10.023    8.034  -15.762  176.803   39.869 -115.608    1598966907476
01     8.979    7.096  -12.596 -142.994   58.289   14.476    1598966907492
02    10.018    8.038  -15.762  176.734   39.829 -115.671    1598966907492
01     8.973    7.102  -12.595 -143.006   58.276   14.420    1598966907508
02    10.011    8.037  -15.763  176.721   39.803 -115.694    1598966907508
01     8.972    7.109  -12.593 -143.007   58.290   14.400    1598966907523
02     9.999    8.029  -15.773  176.793   39.708 -115.595    1598966907523
01     8.971    7.108  -12.593 -142.994   58.287   14.402    1598966907539
02    10.008    8.025  -15.767  176.778   39.767 -115.562    1598966907539
01     8.979    7.107  -12.585 -142.967   58.329   14.441    1598966907561
02    10.014    8.023  -15.761  176.738   39.803 -115.590    1598966907561
01     8.973    7.103  -12.591 -142.988   58.297   14.423    1598966907577
02    10.004    8.030  -15.763  176.717   39.740 -115.611    1598966907577
01     8.976    7.103  -12.589 -142.956   58.301   14.449    1598966907592
02    10.004    8.027  -15.764  176.755   39.742 -115.552    1598966907592
01     8.975    7.099  -12.591 -142.940   58.295   14.461    1598966907608
02    10.001    8.029  -15.765  176.770   39.745 -115.538    1598966907608
01     8.982    7.103  -12.582 -142.976   58.339   14.435    1598966907623
02    10.009    8.027  -15.757  176.737   39.786 -115.550    1598966907623
01     8.982    7.103  -12.583 -143.014   58.339   14.406    1598966907639
02    10.010    8.029  -15.754  176.741   39.775 -115.572    1598966907639
01     8.981    7.100  -12.583 -142.986   58.334   14.445    1598966907655
02    10.009    8.023  -15.759  176.779   39.783 -115.510    1598966907655
01     8.974    7.100  -12.587 -143.011   58.290   14.408    1598966907677
02     9.996    8.032  -15.763  176.815   39.703 -115.533    1598966907677
01     8.972    7.099  -12.589 -143.028   58.263   14.404    1598966907692
02    10.000    8.030  -15.762  176.783   39.730 -115.547    1598966907692
01     8.976    7.104  -12.584 -143.070   58.316   14.372    1598966907708
02    10.009    8.024  -15.759  176.774   39.785 -115.512    1598966907708
01     8.978    7.108  -12.583 -143.068   58.337   14.362    1598966907724
02    10.021    8.024  -15.752  176.702   39.838 -115.557    1598966907724
01     8.981    7.108  -12.582 -143.075   58.352   14.374    1598966907739
02    10.024    8.032  -15.748  176.663   39.856 -115.620    1598966907739
01     8.980    7.112  -12.585 -143.053   58.356   14.379    1598966907755
02    10.026    8.021  -15.754  176.675   39.854 -115.554    1598966907755
01     8.981    7.110  -12.588 -143.055   58.348   14.390    1598966907761
02    10.023    8.029  -15.754  176.695   39.866 -115.589    1598966907777
01     8.979    7.113  -12.592 -143.050   58.345   14.384    1598966907793
02    10.022    8.030  -15.759  176.707   39.859 -115.570    1598966907793
01     8.980    7.113  -12.597 -143.026   58.336   14.416    1598966907808
02    10.019    8.026  -15.767  176.758   39.844 -115.532    1598966907808
01     8.985    7.111  -12.600 -143.002   58.331   14.450    1598966907824
02    10.040    8.025  -15.760  176.739   39.952 -115.529    1598966907824
01     8.991    7.108  -12.602 -143.001   58.353   14.498    1598966907840
02    10.030    8.029  -15.770  176.783   39.892 -115.516    1598966907840
01     8.995    7.107  -12.604 -142.973   58.388   14.544    1598966907855
02    10.035    8.016  -15.776  176.763   39.905 -115.469    1598966907855
01     9.006    7.098  -12.606 -142.883   58.398   14.686    1598966907862
02    10.040    8.006  -15.781  176.759   39.896 -115.409    1598966907862
01     8.991    7.102  -12.621 -142.849   58.349   14.641    1598966907893
02    10.044    8.011  -15.780  176.736   39.942 -115.466    1598966907893
01     8.987    7.106  -12.625 -142.749   58.365   14.675    1598966907909
02    10.047    8.004  -15.787  176.750   39.976 -115.424    1598966907909
01     8.986    7.108  -12.627 -142.771   58.370   14.680    1598966907927
02    10.062    8.003  -15.782  176.723   40.049 -115.445    1598966907927
01     8.984    7.108  -12.628 -142.729   58.351   14.711    1598966907935
02    10.056    7.993  -15.791  176.734   40.031 -115.385    1598966907935
01     8.992    7.112  -12.619 -142.776   58.439   14.692    1598966907950
02    10.054    7.998  -15.793  176.773   40.076 -115.384    1598966907950
01     8.992    7.113  -12.618 -142.841   58.436   14.652    1598966907962
02    10.059    7.995  -15.791  176.769   40.128 -115.356    1598966907962
01     8.988    7.111  -12.618 -142.861   58.401   14.634    1598966907993
02    10.065    7.998  -15.785  176.761   40.207 -115.333    1598966907993
01     8.983    7.112  -12.616 -142.847   58.380   14.640    1598966908009
02    10.062    8.004  -15.785  176.846   40.175 -115.326    1598966908009
01     8.981    7.114  -12.610 -142.878   58.379   14.604    1598966908024
02    10.066    8.010  -15.772  176.670   40.183 -115.453    1598966908024
01     8.977    7.111  -12.609 -142.888   58.331   14.601    1598966908040
02    10.053    8.018  -15.770  176.724   40.077 -115.511    1598966908040
01     8.984    7.105  -12.604 -142.881   58.348   14.661    1598966908056
02    10.057    8.020  -15.758  176.662   40.154 -115.579    1598966908056
01     8.984    7.101  -12.601 -142.864   58.334   14.684    1598966908062
02    10.066    8.028  -15.741  176.610   40.191 -115.602    1598966908062
01     8.983    7.105  -12.595 -142.877   58.345   14.664    1598966908094
02    10.051    8.028  -15.743  176.646   40.136 -115.562    1598966908094
01     8.984    7.107  -12.586 -142.880   58.352   14.676    1598966908110
02    10.052    8.016  -15.750  176.654   40.094 -115.496    1598966908110
01     9.001    7.100  -12.570 -142.901   58.390   14.749    1598966908125
02    10.030    8.024  -15.753  176.672   39.983 -115.512    1598966908125
01     8.988    7.110  -12.568 -142.954   58.381   14.681    1598966908141
02    10.021    8.033  -15.751  176.692   39.960 -115.535    1598966908141
01     8.982    7.106  -12.573 -142.929   58.327   14.703    1598966908156
02    10.024    8.019  -15.754  176.678   39.946 -115.466    1598966908156
01     8.976    7.106  -12.577 -142.943   58.276   14.689    1598966908162
02    10.021    8.032  -15.747  176.658   39.958 -115.529    1598966908162
01     8.966    7.119  -12.579 -143.046   58.269   14.542    1598966908194
02    10.022    8.028  -15.748  176.569   39.929 -115.551    1598966908194
01     8.964    7.127  -12.579 -143.064   58.280   14.501    1598966908209
02    10.022    8.027  -15.748  176.588   39.929 -115.531    1598966908209
01     8.969    7.132  -12.577 -143.098   58.306   14.457    1598966908225
02    10.017    8.032  -15.748  176.644   39.911 -115.524    1598966908225
01     8.981    7.131  -12.572 -143.023   58.374   14.546    1598966908241
02    10.018    8.031  -15.752  176.674   39.903 -115.482    1598966908241
01     8.982    7.125  -12.580 -143.023   58.345   14.566    1598966908256
02    10.013    8.038  -15.756  176.683   39.850 -115.509    1598966908256
01     8.982    7.125  -12.583 -143.019   58.362   14.570    1598966908263
02    10.014    8.033  -15.762  176.652   39.804 -115.503    1598966908263
01     8.979    7.122  -12.588 -142.988   58.331   14.611    1598966908279
02    10.021    8.029  -15.763  176.652   39.833 -115.464    1598966908279
01     8.978    7.125  -12.590 -142.995   58.321   14.605    1598966908310
02     9.997    8.036  -15.775  176.708   39.665 -115.474    1598966908310
01     8.980    7.128  -12.592 -142.958   58.326   14.632    1598966908326
02     9.993    8.055  -15.775  176.726   39.650 -115.561    1598966908326
01     8.981    7.121  -12.599 -142.925   58.290   14.687    1598966908341
02    10.006    8.045  -15.775  176.717   39.722 -115.508    1598966908341
01     8.979    7.120  -12.605 -142.925   58.281   14.683    1598966908357
02    10.011    8.043  -15.779  176.719   39.746 -115.489    1598966908357
01     8.991    7.117  -12.603 -142.893   58.311   14.736    1598966908363
02    10.037    8.041  -15.764  176.674   39.900 -115.533    1598966908363
01     8.994    7.113  -12.607 -142.773   58.290   14.880    1598966908379
02    10.038    8.035  -15.772  176.704   39.897 -115.460    1598966908379
01     8.994    7.110  -12.612 -142.802   58.265   14.881    1598966908395
02    10.040    8.030  -15.773  176.693   39.929 -115.460    1598966908410
01     8.983    7.113  -12.626 -142.770   58.182   14.886    1598966908426
02    10.039    8.033  -15.774  176.695   39.902 -115.470    1598966908426
01     8.984    7.126  -12.622 -142.865   58.252   14.785    1598966908441
02    10.044    8.033  -15.776  176.648   39.885 -115.485    1598966908441
01     8.988    7.120  -12.625 -142.868   58.253   14.829    1598966908457
02    10.046    8.028  -15.784  176.693   39.888 -115.410    1598966908457
01     9.002    7.116  -12.621 -142.841   58.314   14.928    1598966908464
02    10.046    8.029  -15.790  176.733   39.890 -115.370    1598966908464
01     9.004    7.121  -12.621 -142.823   58.338   14.934    1598966908479
02    10.042    8.030  -15.793  176.708   39.870 -115.382    1598966908479
01     9.000    7.126  -12.626 -142.817   58.326   14.916    1598966908495
02    10.039    8.024  -15.802  176.741   39.851 -115.330    1598966908495
01     9.005    7.128  -12.625 -142.830   58.353   14.924    1598966908526
02    10.052    8.033  -15.795  176.722   39.898 -115.366    1598966908526
01     9.008    7.129  -12.628 -142.777   58.390   14.985    1598966908542
02    10.057    8.030  -15.802  176.713   39.896 -115.370    1598966908542
01     9.009    7.127  -12.637 -142.770   58.374   15.014    1598966908557
02    10.059    8.034  -15.804  176.667   39.905 -115.404    1598966908557
01     9.002    7.137  -12.649 -142.793   58.358   14.981    1598966908564
02    10.029    8.034  -15.836  176.730   39.790 -115.344    1598966908564
01     9.005    7.136  -12.658 -142.796   58.355   15.008    1598966908580
02    10.023    8.041  -15.845  176.710   39.745 -115.354    1598966908580
01     9.002    7.145  -12.668 -142.822   58.336   14.975    1598966908595
02    10.043    8.047  -15.840  176.703   39.793 -115.371    1598966908595
01     9.020    7.149  -12.664 -142.781   58.373   15.019    1598966908627
02    10.071    8.039  -15.835  176.676   39.868 -115.339    1598966908627
01     9.032    7.147  -12.667 -142.750   58.404   15.074    1598966908642
02    10.070    8.021  -15.848  176.762   39.898 -115.215    1598966908642
01     9.031    7.153  -12.673 -142.737   58.429   15.089    1598966908658
02    10.087    8.008  -15.853  176.791   40.004 -115.085    1598966908658
01     9.038    7.143  -12.681 -142.649   58.428   15.265    1598966908664
02    10.090    8.012  -15.861  176.792   40.021 -115.077    1598966908664
01     9.033    7.146  -12.691 -142.701   58.397   15.194    1598966908680
02    10.086    8.023  -15.863  176.813   40.002 -115.102    1598966908680
01     9.036    7.146  -12.702 -142.671   58.415   15.255    1598966908696
02    10.102    8.032  -15.856  176.712   40.114 -115.216    1598966908696
01     9.040    7.149  -12.706 -142.681   58.443   15.254    1598966908727
02    10.099    8.027  -15.869  176.763   40.083 -115.124    1598966908727
01     9.047    7.156  -12.704 -142.663   58.530   15.274    1598966908743
02    10.105    8.020  -15.873  176.778   40.105 -115.066    1598966908743
01     9.041    7.144  -12.721 -142.565   58.445   15.366    1598966908758
02    10.100    8.017  -15.884  176.833   40.083 -115.014    1598966908758
01     9.058    7.148  -12.711 -142.559   58.542   15.421    1598966908764
02    10.112    8.008  -15.883  176.849   40.177 -114.922    1598966908764
01     9.066    7.143  -12.714 -142.475   58.564   15.577    1598966908780
02    10.119    7.994  -15.888  177.004   40.223 -114.684    1598966908780
01     9.065    7.146  -12.722 -142.427   58.576   15.602    1598966908796
02    10.128    7.973  -15.893  177.117   40.148 -114.303    1598966908796
01     9.061    7.138  -12.743 -142.359   58.571   15.762    1598966908827
02    10.139    7.928  -15.875  178.024   40.098 -112.864    1598966908827
01     9.074    7.135  -12.773 -142.447   58.742   16.190    1598966908843
02    10.193    7.843  -15.771  178.570   39.651 -110.682    1598966908843
01     9.057    7.175  -12.839 -143.124   59.026   16.834    1598966908858
02    10.197    7.773  -15.507  178.364   37.023 -109.091    1598966908858
01     9.052    7.266  -12.931 -144.983   59.913   17.185    1598966908865
02    10.309    7.515  -14.790  175.528   30.127 -107.171    1598966908865
01     8.968    7.576  -13.047 -149.569   61.750   13.644    1598966908881
02    10.077    7.522  -13.887  171.623   13.214 -107.674    1598966908881
01     9.027    7.515  -12.975 -149.578   60.459   14.836    1598966908896
02     9.156    7.832  -13.848  174.492   -0.088 -106.668    1598966908896
01     9.151    7.455  -12.906 -147.624   60.234   17.450    1598966908912
02     8.910    8.012  -13.798  175.390   -1.833 -106.867    1598966908912
01     9.200    7.464  -12.844 -145.674   58.971   19.485    1598966908943
02     8.880    8.051  -13.762  175.549   -1.688 -106.717    1598966908943
01     9.200    7.470  -12.831 -143.879   57.236   20.890    1598966908959
02     8.861    8.058  -13.758  176.003   -1.557 -106.469    1598966908959
01     9.220    7.479  -12.818 -142.318   55.874   21.795    1598966908965
02     8.906    8.029  -13.737  176.257   -1.403 -106.429    1598966908965
01     9.218    7.452  -12.840 -141.025   54.496   22.461    1598966908981
02     8.924    8.008  -13.736  176.766   -1.879 -106.496    1598966908981
01     9.193    7.424  -12.888 -140.001   53.171   22.912    1598966909005
02     8.921    7.987  -13.742  177.236   -2.408 -106.435    1598966909005
01     9.177    7.419  -12.918 -139.255   52.281   23.109    1598966909020
02     8.887    7.966  -13.778  177.818   -3.036 -105.954    1598966909020
01     9.172    7.402  -12.956 -138.586   51.674   23.460    1598966909036
02     8.880    7.955  -13.800  178.172   -3.263 -105.563    1598966909036
01     9.185    7.375  -12.985 -137.880   51.492   24.127    1598966909051
02     8.884    7.921  -13.830  178.399   -3.243 -105.065    1598966909051
01     9.191    7.345  -13.019 -137.392   51.323   24.592    1598966909065
02     8.871    7.911  -13.866  178.721   -3.210 -105.000    1598966909065
01     9.191    7.321  -13.061 -137.114   51.393   24.693    1598966909081
02     8.897    7.902  -13.877  178.921   -2.657 -105.416    1598966909081
01     9.197    7.274  -13.124 -136.875   51.596   24.936    1598966909096
02     8.924    7.891  -13.904  179.189   -2.158 -106.235    1598966909096
01     9.216    7.235  -13.184 -136.839   52.009   24.973    1598966909112
02     8.952    7.917  -13.908  179.762   -1.642 -107.662    1598966909112
01     9.234    7.250  -13.219 -136.840   52.660   24.727    1598966909143
02     8.967    7.902  -13.961 -179.730   -1.410 -108.749    1598966909143
01     9.231    7.269  -13.269 -137.142   53.241   23.890    1598966909159
02     8.994    7.918  -13.997 -178.797   -0.965 -110.344    1598966909159
01     9.278    7.271  -13.266 -137.688   53.870   22.665    1598966909165
02     8.930    7.959  -14.115 -176.769    0.085 -113.549    1598966909165
01     9.328    7.225  -13.206 -137.387   53.831   22.072    1598966909181
02     8.719    7.970  -14.626 -176.140    3.798 -116.253    1598966909181
01     9.325    7.167  -13.158 -136.443   52.817   21.576    1598966909197
02     8.649    7.891  -15.292 -176.873    9.805 -118.225    1598966909197
01     9.289    7.095  -13.137 -134.913   50.915   20.910    1598966909212
02     8.802    7.861  -15.852 -178.853   17.690 -120.469    1598966909212
01     9.242    7.033  -13.121 -133.634   48.828   19.996    1598966909243
02     9.178    7.878  -16.206  177.941   26.806 -123.101    1598966909243
01     9.210    6.943  -13.118 -133.264   47.162   19.431    1598966909259
02     9.516    7.804  -16.481  175.231   34.542 -124.556    1598966909259
01     9.160    6.910  -13.135 -133.686   46.167   18.475    1598966909266
02     9.828    7.790  -16.671  173.520   40.838 -125.283    1598966909266
01     9.111    6.902  -13.161 -134.398   45.758   17.701    1598966909281
02    10.179    7.699  -16.781  172.562   46.507 -124.679    1598966909281
01     9.085    6.901  -13.183 -134.824   45.611   17.264    1598966909297
02    10.460    7.586  -16.928  173.387   51.079 -122.408    1598966909297
01     9.075    6.905  -13.211 -135.147   45.551   17.001    1598966909312
02    10.702    7.521  -17.055  174.883   55.308 -119.924    1598966909312
01     9.079    6.892  -13.232 -135.204   45.544   17.154    1598966909344
02    10.910    7.440  -17.137  176.638   58.926 -117.521    1598966909344
01     9.072    6.896  -13.250 -135.487   45.379   17.149    1598966909359
02    11.121    7.434  -17.157  177.536   61.901 -116.266    1598966909359
01     9.067    6.905  -13.261 -135.761   45.098   17.100    1598966909366
02    11.117    7.531  -17.214  176.898   62.856 -117.166    1598966909366
01     9.055    6.910  -13.273 -136.240   44.727   16.878    1598966909381
02    11.126    7.553  -17.256  175.941   63.272 -118.041    1598966909381
01     9.047    6.918  -13.276 -136.886   44.381   16.621    1598966909397
02    11.114    7.552  -17.308  175.381   63.455 -118.440    1598966909397
01     9.022    6.933  -13.292 -137.805   44.027   16.250    1598966909413
02    11.141    7.582  -17.254  173.744   63.078 -119.694    1598966909413
01     8.911    6.954  -13.427 -139.389   43.581   15.595    1598966909428
02    11.086    7.588  -17.085  173.825   60.226 -118.671    1598966909428
01     8.805    7.054  -13.638 -141.703   44.321   14.735    1598966909460
02    10.981    7.701  -16.525  171.796   51.489 -119.106    1598966909460
01     8.777    7.256  -13.784 -145.132   46.552   13.291    1598966909466
02    11.088    7.086  -15.650  168.517   36.426 -113.726    1598966909466
01     9.295    7.365  -13.430 -145.745   51.328   13.675    1598966909482
02     9.900    7.365  -15.194  174.433    6.922 -109.461    1598966909482
01     9.295    7.385  -13.471 -145.041   51.337   14.546    1598966909497
02     9.434    7.623  -14.847  175.862   -0.867 -108.991    1598966909497
01     9.313    7.376  -13.463 -142.810   50.645   16.193    1598966909513
02     9.229    7.692  -14.634  176.327   -2.916 -108.512    1598966909513
01     9.290    7.318  -13.471 -140.501   49.111   17.615    1598966909529
02     9.130    7.685  -14.517  176.887   -4.198 -107.835    1598966909529
01     9.281    7.278  -13.470 -138.450   47.752   18.533    1598966909560
02     9.085    7.650  -14.437  177.603   -5.375 -107.270    1598966909560
01     9.300    7.199  -13.481 -136.657   46.567   19.476    1598966909566
02     9.094    7.620  -14.366  178.495   -6.148 -106.688    1598966909566
01     9.298    7.116  -13.536 -135.081   45.609   20.358    1598966909582
02     9.072    7.593  -14.358  179.687   -7.196 -105.936    1598966909582
01     9.330    7.067  -13.568 -133.682   45.203   21.184    1598966909598
02     9.092    7.546  -14.363 -179.359   -8.069 -105.403    1598966909598
01     9.349    7.016  -13.626 -132.506   45.034   21.894    1598966909613
02     9.105    7.498  -14.391 -178.643   -8.869 -105.034    1598966909613
01     9.376    6.958  -13.695 -131.663   45.259   22.525    1598966909629
02     9.126    7.450  -14.435 -178.148   -9.375 -104.863    1598966909629
01     9.417    6.904  -13.798 -131.067   46.004   22.882    1598966909660
02     9.165    7.414  -14.487 -177.557   -9.866 -105.340    1598966909660
01     9.469    6.860  -13.908 -130.560   47.164   22.909    1598966909667
02     9.200    7.425  -14.521 -176.447   -9.918 -106.685    1598966909667
01     9.497    6.877  -13.996 -130.299   48.776   22.413    1598966909682
02     9.233    7.435  -14.586 -175.372   -9.096 -107.923    1598966909682
01     9.587    6.841  -13.989 -130.125   50.794   21.658    1598966909698
02     9.136    7.515  -14.746 -173.197   -6.729 -110.471    1598966909698
01     9.690    6.762  -13.835 -128.940   51.525   21.523    1598966909714
02     8.844    7.368  -15.490 -173.227   -1.253 -111.333    1598966909714
01     9.691    6.675  -13.633 -127.586   50.100   20.950    1598966909729
02     8.865    7.152  -16.657 -174.206    8.608 -111.753    1598966909729
01     9.593    6.559  -13.501 -126.295   47.160   19.899    1598966909745
02     9.518    7.002  -17.183 -175.860   25.308 -112.893    1598966909745
01     9.496    6.395  -13.489 -125.670   44.398   18.975    1598966909767
02    10.012    7.000  -17.365 -178.337   37.974 -115.017    1598966909767
01     9.426    6.286  -13.517 -125.574   42.628   18.042    1598966909783
02    10.356    6.987  -17.450  179.300   45.629 -116.882    1598966909783
01     9.380    6.201  -13.572 -126.163   42.130   17.379    1598966909798
02    10.597    6.931  -17.521  178.661   50.243 -117.139    1598966909798
01     9.345    6.177  -13.642 -127.333   42.543   16.754    1598966909814
02    10.784    6.905  -17.561  177.499   53.006 -117.757    1598966909814
01     9.330    6.194  -13.708 -128.538   43.441   16.352    1598966909829
02    10.925    6.961  -17.530  176.442   54.586 -118.945    1598966909829
01     9.332    6.224  -13.784 -129.920   44.503   16.156    1598966909845
02    11.038    6.909  -17.494  177.188   54.832 -117.303    1598966909845
01     9.341    6.279  -13.875 -131.561   45.723   16.031    1598966909867
02    11.041    6.977  -17.324  176.416   52.594 -117.540    1598966909867
01     9.337    6.382  -13.973 -133.677   47.189   15.556    1598966909883
02    11.057    7.072  -16.876  174.025   46.466 -118.788    1598966909883
01     9.310    6.566  -14.148 -137.575   49.547   13.887    1598966909899
02    11.216    6.643  -16.156  170.805   34.617 -113.911    1598966909899
01     9.547    6.718  -14.020 -138.689   54.055   12.394    1598966909914
02    10.362    6.816  -15.798  175.555   11.422 -111.082    1598966909914
01     9.577    6.777  -14.046 -139.948   54.242   11.288    1598966909930
02     9.917    6.972  -15.539  176.843    3.959 -110.128    1598966909930
01     9.592    6.793  -14.074 -139.396   53.805   11.854    1598966909945
02     9.686    7.033  -15.358  177.387    1.560 -108.959    1598966909945
01     9.584    6.821  -14.089 -138.482   53.136   12.360    1598966909968
02     9.506    7.112  -15.220  178.043    0.354 -108.395    1598966909968
01     9.589    6.852  -14.084 -137.494   52.622   12.723    1598966909983
02     9.428    7.161  -15.101  178.482   -0.472 -108.046    1598966909983
01     9.588    6.862  -14.094 -136.472   52.000   13.017    1598966909999
02     9.376    7.184  -15.029  179.175   -1.572 -107.634    1598966909999
01     9.584    6.851  -14.118 -135.534   51.334   13.267    1598966910014
02     9.353    7.203  -14.979 -179.960   -2.812 -107.497    1598966910014
01     9.599    6.847  -14.123 -134.649   51.041   13.568    1598966910030
02     9.326    7.223  -14.948 -179.081   -3.869 -107.507    1598966910030
01     9.613    6.842  -14.141 -133.974   50.899   13.891    1598966910046
02     9.331    7.206  -14.954 -178.495   -4.415 -107.303    1598966910046
01     9.616    6.854  -14.189 -133.529   50.953   13.985    1598966910068
02     9.344    7.225  -14.970 -178.038   -4.615 -107.332    1598966910068
01     9.612    6.901  -14.279 -133.149   51.416   13.846    1598966910083
02     9.356    7.280  -14.993 -177.279   -4.714 -108.172    1598966910083
01     9.593    6.968  -14.399 -133.023   52.312   13.194    1598966910099
02     9.367    7.325  -15.039 -176.422   -4.869 -109.418    1598966910099
01     9.625    7.046  -14.446 -133.172   54.395   11.423    1598966910115
02     9.325    7.387  -15.126 -175.289   -4.815 -110.992    1598966910115
01     9.733    7.008  -14.342 -131.933   55.928   10.491    1598966910130
02     9.103    7.458  -15.422 -174.030   -2.873 -113.058    1598966910130
01     9.742    6.956  -14.135 -129.589   54.647   10.014    1598966910146
02     8.734    7.384  -16.433 -174.364    2.991 -113.846    1598966910146
01     9.678    6.863  -13.916 -126.663   51.369    9.473    1598966910168
02     9.002    7.389  -17.270 -176.340   15.501 -115.950    1598966910168
01     9.588    6.687  -13.835 -124.634   47.412    8.445    1598966910184
02     9.684    7.445  -17.529  178.990   32.648 -120.128    1598966910184
01     9.533    6.533  -13.829 -123.788   44.865    7.488    1598966910200
02    10.130    7.529  -17.601  174.776   42.891 -123.799    1598966910200
01     9.488    6.455  -13.851 -124.006   44.041    6.551    1598966910215
02    10.439    7.507  -17.639  172.423   47.989 -125.165    1598966910215
01     9.466    6.419  -13.885 -124.643   44.416    5.850    1598966910231
02    10.588    7.538  -17.651  171.443   50.257 -125.998    1598966910231
01     9.486    6.406  -13.909 -125.168   45.235    5.704    1598966910246
02    10.669    7.527  -17.745  171.571   52.219 -125.598    1598966910246
01     9.481    6.421  -13.951 -125.377   45.954    5.534    1598966910268
02    10.885    7.466  -17.842  171.444   56.305 -125.109    1598966910268
01     9.515    6.422  -13.971 -125.196   46.625    5.907    1598966910284
02    11.200    7.346  -17.909  172.598   60.840 -123.275    1598966910284
01     9.558    6.424  -13.970 -124.909   46.945    6.372    1598966910299
02    11.510    7.279  -17.919  173.912   64.666 -121.796    1598966910299
01     9.581    6.430  -13.956 -124.790   46.832    6.589    1598966910315
02    11.650    7.358  -17.935  173.334   66.634 -122.734    1598966910315
01     9.586    6.445  -13.935 -124.928   46.531    6.479    1598966910331
02    11.760    7.382  -17.944  172.018   68.140 -124.111    1598966910331
01     9.579    6.437  -13.916 -125.261   45.998    6.260    1598966910346
02    11.736    7.383  -17.992  172.225   68.073 -123.962    1598966910346
01     9.562    6.431  -13.902 -125.893   45.536    5.930    1598966910369
02    11.667    7.446  -17.942  170.448   66.540 -125.414    1598966910369
01     9.535    6.422  -13.908 -127.272   45.299    5.464    1598966910384
02    11.473    7.593  -17.712  170.029   61.101 -125.500    1598966910384
01     9.479    6.435  -13.958 -130.188   45.565    4.496    1598966910400
02    11.408    7.686  -16.962  169.102   50.279 -124.988    1598966910400
01     9.342    6.557  -14.103 -136.695   47.379    1.850    1598966910416
02    11.482    6.774  -16.049  166.554   31.668 -117.123    1598966910416
01     9.591    6.580  -13.937 -140.046   50.706    2.528    1598966910431
02    10.395    6.932  -15.541  173.171    2.792 -110.641    1598966910431
01     9.487    6.718  -13.974 -140.478   49.615    1.654    1598966910447
02     9.718    7.274  -15.147  175.991   -6.925 -108.823    1598966910447
01     9.424    6.833  -13.970 -139.246   48.831    2.526    1598966910469
02     9.338    7.433  -14.931  176.447   -9.315 -107.024    1598966910469
01     9.388    6.901  -13.966 -137.828   47.954    3.676    1598966910485
02     9.121    7.541  -14.818  176.771   -9.977 -105.805    1598966910485
01     9.369    6.923  -13.986 -136.369   47.179    5.125    1598966910500
02     9.049    7.575  -14.774  177.041   -9.887 -104.397    1598966910500
01     9.356    6.950  -14.035 -135.196   46.919    6.188    1598966910516
02     9.032    7.620  -14.784  177.881   -9.541 -103.202    1598966910516
01     9.374    6.976  -14.090 -134.291   47.382    6.895    1598966910532
02     9.064    7.644  -14.814  178.490   -8.982 -102.998    1598966910532
01     9.401    7.006  -14.134 -133.899   48.085    6.990    1598966910547
02     9.101    7.632  -14.850  178.808   -8.548 -103.121    1598966910547
01     9.433    7.034  -14.159 -133.827   48.713    6.723    1598966910569
02     9.133    7.658  -14.844  179.198   -8.364 -103.991    1598966910569
01     9.452    7.033  -14.177 -133.759   49.199    6.405    1598966910585
02     9.155    7.657  -14.836  179.667   -8.440 -105.126    1598966910585
01     9.467    7.001  -14.203 -133.754   49.609    6.135    1598966910601
02     9.168    7.640  -14.832 -179.754   -8.669 -106.598    1598966910601
01     9.478    6.962  -14.235 -133.511   50.117    6.159    1598966910616
02     9.195    7.622  -14.826 -178.958   -8.855 -107.868    1598966910616
01     9.496    6.944  -14.255 -133.110   51.050    6.163    1598966910632
02     9.161    7.763  -14.803 -176.904   -8.499 -110.431    1598966910632
01     9.539    6.923  -14.235 -131.822   52.189    6.434    1598966910648
02     9.026    7.758  -15.016 -175.418   -6.632 -112.450    1598966910648
01     9.566    6.886  -14.176 -129.618   51.609    6.744    1598966910670
02     8.810    7.622  -15.593 -175.340   -2.232 -113.403    1598966910670
01     9.583    6.821  -14.066 -127.103   49.949    6.730    1598966910686
02     8.711    7.507  -16.642 -176.550    7.254 -114.675    1598966910686
01     9.548    6.645  -13.926 -124.529   46.553    5.909    1598966910701
02     9.169    7.425  -17.313 -179.721   23.517 -117.836    1598966910701
01     9.543    6.363  -13.874 -123.108   43.804    5.373    1598966910717
02     9.701    7.394  -17.578  175.854   37.194 -121.556    1598966910717
01     9.566    6.188  -13.869 -123.018   43.181    5.436    1598966910732
02    10.179    7.363  -17.659  172.620   45.787 -124.047    1598966910732
01     9.546    6.112  -13.920 -124.402   43.380    5.458    1598966910748
02    10.512    7.208  -17.777  172.257   51.063 -122.953    1598966910748
01     9.515    6.157  -13.978 -126.403   44.392    5.077    1598966910770
02    10.781    7.146  -17.816  172.383   54.447 -122.095    1598966910770
01     9.493    6.241  -14.034 -128.214   45.613    4.750    1598966910786
02    10.908    7.131  -17.782  172.625   54.683 -121.162    1598966910786
01     9.486    6.311  -14.128 -129.806   46.615    4.591    1598966910801
02    10.930    7.120  -17.643  173.038   52.172 -119.881    1598966910801
01     9.463    6.409  -14.242 -131.450   47.630    4.160    1598966910817
02    10.927    7.221  -17.217  172.137   46.327 -120.311    1598966910817
01     9.462    6.502  -14.357 -133.140   48.961    3.628    1598966910832
02    11.073    7.021  -16.486  170.364   35.826 -118.150    1598966910832
01     9.518    6.596  -14.436 -134.752   50.997    2.162    1598966910848
02    10.405    7.176  -15.916  176.175   10.198 -115.178    1598966910848
01     9.493    6.678  -14.501 -136.987   51.576    0.513    1598966910870
02     9.948    7.273  -15.635  177.054    0.092 -113.543    1598966910870
01     9.540    6.733  -14.488 -137.631   52.412    0.382    1598966910886
02     9.668    7.314  -15.475  177.282   -4.096 -112.261    1598966910886
01     9.570    6.755  -14.486 -137.558   52.262    0.906    1598966910902
02     9.487    7.358  -15.340  177.349   -6.036 -111.230    1598966910902
01     9.599    6.777  -14.472 -136.977   52.036    1.754    1598966910917
02     9.396    7.377  -15.245  177.412   -7.086 -110.065    1598966910917
01     9.617    6.795  -14.473 -136.196   51.654    2.678    1598966910933
02     9.350    7.388  -15.199  177.617   -7.519 -108.760    1598966910933
01     9.647    6.785  -14.511 -135.075   51.324    4.013    1598966910948
02     9.331    7.396  -15.216  178.100   -7.639 -107.331    1598966910948
01     9.674    6.827  -14.597 -134.041   51.517    4.856    1598966910971
02     9.383    7.409  -15.246  178.933   -7.466 -106.095    1598966910971
01     9.758    6.898  -14.726 -133.053   52.468    5.296    1598966910986
02     9.426    7.440  -15.303 -179.956   -7.700 -105.524    1598966910986
01     9.838    6.988  -14.879 -132.681   53.973    4.964    1598966911002
02     9.448    7.706  -15.275 -177.398   -7.404 -107.966    1598966911002
01     9.862    7.145  -14.934 -133.699   56.920    2.592    1598966911017
02     9.422    7.699  -15.459 -175.138   -5.846 -110.359    1598966911017
01     9.978    7.070  -14.782 -131.862   58.390    2.213    1598966911033
02     9.173    7.548  -16.013 -174.136   -2.543 -111.722    1598966911033
01     9.993    6.925  -14.504 -127.834   56.393    2.955    1598966911049
02     9.033    7.412  -17.047 -174.704    4.869 -112.896    1598966911049
01     9.911    6.706  -14.310 -123.870   52.044    3.211    1598966911071
02     9.574    7.384  -17.647 -177.107   21.457 -116.044    1598966911071
01     9.844    6.477  -14.265 -121.637   48.418    2.860    1598966911087
02    10.114    7.423  -17.890  179.164   37.368 -120.460    1598966911087
01     9.825    6.341  -14.228 -119.923   45.823    2.861    1598966911102
02    10.564    7.401  -18.078  175.372   48.266 -123.535    1598966911102
01     9.806    6.262  -14.220 -119.489   44.508    2.915    1598966911118
02    10.986    7.362  -18.191  172.369   56.353 -125.518    1598966911118
01     9.771    6.232  -14.239 -119.943   44.230    2.858    1598966911134
02    11.381    7.333  -18.247  170.439   62.716 -126.404    1598966911134
01     9.771    6.253  -14.233 -120.321   44.648    3.049    1598966911149
02    11.679    7.344  -18.260  169.259   67.339 -127.012    1598966911149
01     9.745    6.281  -14.244 -120.728   44.868    2.985    1598966911171
02    11.876    7.402  -18.250  167.917   69.962 -128.395    1598966911171
01     9.736    6.311  -14.234 -121.014   45.061    2.909    1598966911187
02    11.947    7.512  -18.204  164.678   70.394 -131.827    1598966911187
01     9.743    6.333  -14.214 -121.226   45.179    2.854    1598966911202
02    11.885    7.565  -18.188  164.266   69.011 -132.442    1598966911202
01     9.731    6.348  -14.199 -121.890   45.157    2.548    1598966911218
02    11.777    7.660  -18.118  163.855   66.419 -133.018    1598966911218
01     9.695    6.372  -14.198 -123.507   45.304    1.821    1598966911233
02    11.594    7.722  -17.989  165.309   62.574 -131.477    1598966911233
01     9.635    6.419  -14.209 -126.289   45.783    0.629    1598966911249
02    11.377    7.810  -17.665  166.864   55.620 -129.553    1598966911249
01     9.485    6.534  -14.262 -132.805   46.834   -2.368    1598966911271
02    11.318    7.819  -16.909  166.915   44.608 -128.399    1598966911271
01     9.063    7.087  -14.345 -143.075   48.975   -9.927    1598966911287
02    11.198    6.902  -16.073  166.689   25.650 -119.216    1598966911287
01     9.099    7.024  -14.246 -146.369   48.216  -10.708    1598966911303
02    10.189    7.141  -15.503  173.312   -1.140 -114.057    1598966911303
01     9.119    7.134  -14.064 -147.001   48.372  -11.457    1598966911318
02     9.481    7.474  -15.032  175.809  -11.700 -112.726    1598966911318
01     9.118    7.147  -13.939 -145.709   47.120  -10.313    1598966911334
02     9.062    7.647  -14.738  176.435  -15.344 -110.799    1598966911334
01     9.099    7.131  -13.876 -144.135   45.705   -8.530    1598966911349
02     8.835    7.761  -14.572  176.643  -16.468 -108.986    1598966911349
01     9.073    7.111  -13.893 -142.579   44.679   -6.360    1598966911371
02     8.713    7.841  -14.529  176.920  -16.172 -106.887    1598966911371
01     9.057    7.144  -13.964 -141.212   44.516   -4.390    1598966911387
02     8.705    7.909  -14.552  177.076  -14.881 -105.197    1598966911387
01     9.103    7.185  -14.024 -140.385   45.341   -3.021    1598966911402
02     8.760    7.936  -14.616  177.027  -13.403 -104.537    1598966911402
01     9.137    7.243  -14.061 -139.807   46.214   -2.655    1598966911418
02     8.803    7.980  -14.661  177.385  -12.535 -104.943    1598966911418
01     9.164    7.253  -14.103 -139.116   46.781   -2.761    1598966911434
02     8.883    8.028  -14.636  178.225  -11.770 -106.363    1598966911434
01     9.214    7.215  -14.144 -138.044   47.449   -2.586    1598966911449
02     8.938    8.055  -14.631  179.574  -11.250 -108.306    1598966911449
01     9.261    7.166  -14.195 -136.832   48.267   -2.219    1598966911471
02     8.975    8.017  -14.675 -178.889  -10.882 -109.869    1598966911471
01     9.351    7.102  -14.193 -135.036   49.065   -1.235    1598966911487
02     8.921    8.024  -14.783 -176.765   -9.874 -111.869    1598966911487
01     9.425    7.057  -14.116 -131.909   49.110    0.003    1598966911503
02     8.739    7.973  -15.172 -175.757   -6.136 -113.406    1598966911503
01     9.445    6.987  -14.020 -128.695   47.516    0.358    1598966911518
02     8.494    7.776  -16.068 -176.020    0.356 -113.339    1598966911518
01     9.435    6.899  -13.882 -125.913   44.925   -0.621    1598966911534
02     8.654    7.662  -17.187 -177.403   14.214 -114.639    1598966911534
01     9.405    6.685  -13.776 -124.116   41.563   -1.958    1598966911550
02     9.403    7.637  -17.655  178.584   34.054 -118.423    1598966911550
01     9.401    6.476  -13.754 -123.427   39.865   -2.606    1598966911572
02    10.006    7.537  -17.882  174.943   47.120 -120.861    1598966911572
01     9.428    6.366  -13.740 -123.570   39.680   -2.364    1598966911587
02    10.531    7.455  -17.984  172.747   56.548 -121.765    1598966911587
01     9.421    6.330  -13.765 -124.531   39.982   -1.957    1598966911603
02    10.959    7.342  -18.087  173.333   63.357 -120.308    1598966911603
01     9.400    6.358  -13.804 -126.181   40.710   -1.719    1598966911619
02    11.277    7.377  -18.093  172.612   67.637 -120.860    1598966911619
01     9.352    6.414  -13.869 -128.441   41.620   -1.816    1598966911634
02    11.560    7.266  -18.084  173.854   70.265 -118.514    1598966911634
01     9.290    6.490  -13.961 -131.121   42.664   -2.166    1598966911650
02    11.646    7.210  -18.092  175.936   70.384 -115.313    1598966911650
01     9.240    6.612  -14.063 -134.257   44.108   -2.790    1598966911672
02    11.563    7.217  -17.997  177.255   67.328 -112.462    1598966911672
01     9.151    6.800  -14.211 -138.586   45.959   -4.463    1598966911688
02    11.317    7.383  -17.602  174.190   58.919 -113.980    1598966911688
01     9.103    7.073  -14.377 -146.066   50.077   -8.696    1598966911704
02    11.387    7.389  -16.510  167.349   43.589 -118.567    1598966911704
01     9.351    7.320  -14.205 -148.713   56.213  -14.131    1598966911719
02    10.133    7.419  -16.057  173.861   11.116 -114.340    1598966911719
01     9.313    7.350  -14.258 -148.697   55.047  -15.430    1598966911735
02     9.603    7.552  -15.674  175.766    1.633 -113.386    1598966911735
01     9.300    7.342  -14.277 -147.708   54.303  -14.835    1598966911751
02     9.324    7.601  -15.425  176.706   -1.942 -112.246    1598966911751
01     9.296    7.365  -14.266 -146.664   53.870  -14.083    1598966911773
02     9.152    7.648  -15.253  177.193   -3.611 -111.361    1598966911773
01     9.279    7.370  -14.281 -145.670   53.318  -13.315    1598966911789
02     9.058    7.705  -15.135  177.727   -4.554 -110.758    1598966911789
01     9.273    7.383  -14.296 -145.005   53.136  -12.938    1598966911804
02     9.026    7.738  -15.080  178.146   -5.070 -110.332    1598966911804
01     9.266    7.400  -14.334 -144.781   53.174  -13.002    1598966911820
02     9.006    7.762  -15.083  178.812   -5.553 -110.091    1598966911820
01     9.298    7.422  -14.381 -144.732   53.863  -13.263    1598966911835
02     9.045    7.789  -15.096  179.373   -5.720 -110.180    1598966911835
01     9.331    7.440  -14.486 -144.769   54.831  -13.829    1598966911851
02     9.089    7.831  -15.129 -179.531   -5.889 -110.850    1598966911851
01     9.385    7.518  -14.616 -145.046   56.610  -15.073    1598966911873
02     9.092    7.900  -15.211 -178.047   -5.877 -111.791    1598966911873
01     9.420    7.568  -14.716 -145.991   59.111  -17.705    1598966911889
02     8.993    7.946  -15.430 -176.144   -4.666 -113.615    1598966911889
01     9.558    7.497  -14.579 -143.811   60.346  -17.546    1598966911904
02     8.769    7.827  -16.028 -175.775   -0.494 -113.861    1598966911904
01     9.545    7.416  -14.341 -139.712   58.450  -16.670    1598966911920
02     8.742    7.738  -17.017 -176.587    8.113 -114.257    1598966911920
01     9.471    7.228  -14.142 -134.759   54.467  -15.786    1598966911936
02     9.328    7.676  -17.634 -178.645   24.652 -116.073    1598966911936
01     9.427    6.953  -14.065 -130.790   50.394  -15.328    1598966911951
02     9.946    7.732  -17.863  177.032   41.500 -120.392    1598966911951
01     9.429    6.722  -14.049 -127.947   47.217  -14.825    1598966911973
02    10.373    7.845  -17.985  172.243   51.655 -125.091    1598966911973
01     9.427    6.593  -14.070 -127.070   45.916  -14.630    1598966911993
02    10.752    7.796  -18.103  169.177   57.925 -127.140    1598966911993
01     9.425    6.563  -14.099 -127.366   46.083  -14.643    1598966912004
02    11.070    7.743  -18.222  167.593   62.411 -128.080    1598966912004
01     9.415    6.575  -14.132 -127.943   46.721  -14.876    1598966912020
02    11.344    7.818  -18.240  164.619   66.149 -131.197    1598966912020
01     9.411    6.608  -14.145 -128.196   47.334  -15.142    1598966912035
02    11.574    7.911  -18.213  161.179   69.269 -134.874    1598966912035
01     9.403    6.654  -14.154 -128.458   47.638  -15.617    1598966912051
02    11.725    7.924  -18.223  158.865   70.786 -137.020    1598966912051
01     9.404    6.675  -14.152 -128.707   47.709  -15.971    1598966912074
02    11.739    8.075  -18.178  156.668   70.483 -139.843    1598966912074
01     9.410    6.701  -14.126 -129.062   47.645  -16.164    1598966912089
02    11.739    8.088  -18.138  156.437   69.664 -139.681    1598966912089
01     9.411    6.731  -14.095 -129.824   47.493  -16.452    1598966912105
02    11.670    8.098  -18.132  157.622   68.231 -138.345    1598966912105
01     9.394    6.762  -14.061 -131.000   47.280  -16.785    1598966912121
02    11.594    8.055  -18.127  159.695   67.033 -135.811    1598966912121
01     9.354    6.804  -14.041 -132.772   47.051  -17.402    1598966912136
02    11.483    8.163  -18.023  159.983   65.023 -135.574    1598966912136
01     9.309    6.837  -14.040 -135.407   46.994  -17.942    1598966912152
02    11.255    8.237  -17.875  163.029   60.380 -132.295    1598966912152
01     9.198    6.963  -14.059 -140.480   47.537  -19.696    1598966912174
02    11.003    8.319  -17.488  165.309   52.009 -130.028    1598966912174
01     9.103    7.143  -14.064 -145.618   48.493  -21.652    1598966912190
02    10.921    8.183  -16.497  166.438   40.699 -127.988    1598966912190
01     8.987    7.331  -14.093 -149.391   49.108  -23.566    1598966912206
02    10.563    7.192  -15.798  168.276   15.311 -115.662    1598966912206
01     9.098    7.385  -13.922 -149.386   49.279  -22.638    1598966912221
02     9.552    7.573  -15.226  177.257   -9.718 -114.333    1598966912221
01     9.021    7.475  -13.899 -149.570   49.118  -23.090    1598966912237
02     9.006    7.895  -14.837 -179.943  -15.977 -114.153    1598966912237
01     8.956    7.519  -13.861 -148.975   48.461  -22.931    1598966912253
02     8.785    8.023  -14.612 -179.680  -17.007 -113.083    1598966912253
01     8.886    7.568  -13.835 -148.438   47.805  -22.843    1598966912275
02     8.645    8.088  -14.501 -179.488  -17.282 -111.980    1598966912275
01     8.841    7.589  -13.831 -148.286   47.496  -22.790    1598966912290
02     8.577    8.135  -14.448 -179.489  -17.139 -110.967    1598966912290
01     8.828    7.600  -13.823 -148.343   47.500  -22.798    1598966912306
02     8.546    8.168  -14.411 -179.462  -16.799 -110.239    1598966912306
01     8.834    7.632  -13.793 -148.190   47.731  -22.754    1598966912322
02     8.533    8.192  -14.379 -179.338  -16.409 -109.854    1598966912322
01     8.835    7.639  -13.770 -147.756   47.861  -22.403    1598966912338
02     8.515    8.187  -14.369 -179.242  -16.095 -109.348    1598966912338
01     8.840    7.601  -13.759 -147.177   47.796  -21.855    1598966912353
02     8.516    8.173  -14.345 -179.217  -15.678 -108.842    1598966912353
01     8.843    7.565  -13.766 -146.204   47.733  -21.025    1598966912375
02     8.522    8.141  -14.349 -179.103  -15.169 -108.374    1598966912375
01     8.842    7.516  -13.801 -145.267   47.681  -20.147    1598966912391
02     8.542    8.126  -14.353 -178.948  -14.424 -108.089    1598966912391
01     8.874    7.476  -13.833 -144.422   47.914  -19.313    1598966912407
02     8.566    8.138  -14.371 -178.642  -13.593 -108.298    1598966912407
01     8.907    7.439  -13.909 -143.610   48.396  -18.574    1598966912422
02     8.597    8.130  -14.444 -178.284  -12.773 -108.757    1598966912422
01     8.948    7.428  -14.017 -142.769   49.594  -17.914    1598966912438
02     8.642    8.217  -14.512 -177.233  -11.649 -110.092    1598966912438
01     8.967    7.517  -14.132 -142.931   51.740  -19.118    1598966912453
02     8.603    8.058  -14.844 -176.193   -9.927 -109.593    1598966912453
01     9.132    7.434  -14.214 -140.331   54.128  -16.972    1598966912475
02     8.353    8.083  -15.383 -174.134   -5.591 -113.380    1598966912475
01     9.255    7.338  -14.192 -136.265   54.076  -14.718    1598966912491
02     8.312    7.722  -16.713 -174.732    6.579 -114.088    1598966912491
01     9.282    7.213  -14.170 -132.641   52.178  -13.712    1598966912507
02     8.867    7.653  -17.584 -177.653   24.480 -116.786    1598966912507
01     9.319    7.022  -14.137 -129.568   49.759  -13.006    1598966912522
02     9.774    7.737  -17.830  176.089   41.508 -123.379    1598966912522
01     9.424    6.734  -14.157 -127.335   47.865  -11.937    1598966912538
02    10.383    7.751  -17.924  170.529   50.258 -128.768    1598966912538
01     9.503    6.579  -14.213 -125.947   46.934  -10.953    1598966912554
02    10.827    7.660  -18.009  167.888   55.816 -130.748    1598966912554
01     9.581    6.492  -14.286 -125.417   46.717  -10.017    1598966912576
02    11.142    7.671  -18.040  165.941   59.439 -132.585    1598966912576
01     9.618    6.502  -14.349 -125.628   47.045   -9.596    1598966912591
02    11.279    7.702  -18.065  165.142   60.589 -133.570    1598966912591
01     9.629    6.510  -14.424 -126.664   47.493   -9.502    1598966912607
02    11.335    7.607  -18.073  167.779   60.216 -130.374    1598966912607
01     9.624    6.555  -14.537 -129.036   48.408   -9.964    1598966912623
02    11.263    7.614  -17.863  170.792   56.440 -126.728    1598966912623
01     9.565    6.694  -14.677 -133.164   49.998  -11.552    1598966912638
02    11.299    7.683  -17.073  170.942   47.209 -125.907    1598966912638
01     9.417    7.011  -14.758 -137.727   52.083  -14.841    1598966912654
02    11.608    7.178  -15.910  170.713   30.754 -120.174    1598966912654
01     9.401    7.037  -14.692 -139.484   51.552  -16.202    1598966912676
02    10.686    7.215  -15.634  176.599    7.917 -115.524    1598966912676
01     9.402    7.068  -14.604 -140.415   51.399  -17.098    1598966912692
02    10.055    7.332  -15.449  179.059   -2.238 -115.071    1598966912692
01     9.404    7.058  -14.535 -140.859   50.980  -17.466    1598966912707
02     9.660    7.410  -15.333 -179.931   -6.749 -114.951    1598966912707
01     9.376    7.039  -14.508 -140.991   50.343  -17.528    1598966912723
02     9.422    7.464  -15.256 -179.453   -8.957 -114.700    1598966912723
01     9.355    7.043  -14.491 -140.982   49.889  -17.373    1598966912739
02     9.260    7.505  -15.207 -179.172   -9.806 -114.190    1598966912739
01     9.336    7.060  -14.503 -141.047   49.659  -17.221    1598966912754
02     9.155    7.540  -15.194 -179.126   -9.813 -113.583    1598966912754
01     9.328    7.093  -14.530 -141.183   49.764  -17.095    1598966912776
02     9.079    7.596  -15.217 -178.945   -9.506 -113.093    1598966912776
01     9.320    7.154  -14.576 -141.449   50.233  -17.263    1598966912792
02     9.063    7.662  -15.245 -178.800   -8.795 -112.872    1598966912792
01     9.320    7.223  -14.650 -141.876   50.999  -17.615    1598966912808
02     9.030    7.821  -15.271 -177.448   -7.922 -114.430    1598966912808
01     9.298    7.424  -14.722 -143.252   53.090  -19.633    1598966912823
02     8.997    7.777  -15.455 -176.542   -5.817 -113.714    1598966912823
01     9.379    7.415  -14.729 -142.803   54.829  -19.795    1598966912839
02     8.808    7.880  -15.747 -175.289   -1.953 -115.886    1598966912839
01     9.426    7.403  -14.570 -140.696   55.133  -18.880    1598966912855
02     8.663    7.753  -16.483 -176.195    5.277 -116.098    1598966912855
01     9.387    7.345  -14.380 -138.003   53.512  -18.026    1598966912876
02     8.917    7.762  -17.194 -178.781   17.735 -118.079    1598966912876
01     9.329    7.226  -14.235 -135.376   51.008  -17.306    1598966912892
02     9.401    7.906  -17.533  175.328   34.002 -124.081    1598966912892
01     9.283    7.094  -14.184 -133.924   48.978  -16.848    1598966912908
02     9.837    8.024  -17.641  168.439   44.005 -130.576    1598966912908
01     9.241    7.039  -14.154 -133.531   47.798  -16.695    1598966912923
02    10.083    8.088  -17.738  165.105   48.060 -133.352    1598966912923
01     9.202    7.020  -14.150 -134.011   47.265  -16.782    1598966912939
02    10.297    8.136  -17.741  162.977   50.564 -134.820    1598966912939
01     9.149    7.057  -14.168 -135.316   47.309  -17.398    1598966912955
02    10.360    8.158  -17.733  164.176   50.450 -133.238    1598966912955
01     9.099    7.133  -14.181 -137.197   47.776  -18.401    1598966912977
02    10.379    8.202  -17.557  165.379   48.442 -131.693    1598966912977
01     9.070    7.207  -14.202 -138.945   48.346  -19.243    1598966912992
02    10.420    8.226  -17.098  166.919   43.160 -129.641    1598966912992
01     9.050    7.269  -14.243 -140.443   48.884  -19.910    1598966913008
02    10.639    7.790  -16.393  167.809   32.103 -122.649    1598966913008
01     9.208    7.323  -14.124 -141.228   50.392  -19.842    1598966913024
02     9.898    7.754  -15.986  175.841    5.904 -116.870    1598966913024
01     9.170    7.351  -14.140 -141.928   50.219  -20.158    1598966913039
02     9.520    7.854  -15.619  178.020   -3.325 -116.555    1598966913039
01     9.123    7.374  -14.156 -142.571   50.046  -20.466    1598966913055
02     9.229    7.902  -15.310  178.828   -7.733 -116.596    1598966913055
01     9.106    7.379  -14.159 -143.078   49.887  -20.406    1598966913077
02     8.996    7.957  -15.085  179.454  -10.266 -116.550    1598966913077
01     9.103    7.370  -14.174 -143.252   49.792  -19.731    1598966913092
02     8.862    7.952  -14.990  179.566  -11.271 -115.601    1598966913092
01     9.103    7.367  -14.210 -143.191   49.927  -18.648    1598966913108
02     8.824    7.981  -14.966  179.583  -11.084 -114.656    1598966913108
01     9.115    7.374  -14.261 -143.277   50.541  -17.669    1598966913124
02     8.829    7.998  -15.009  179.617  -10.366 -113.555    1598966913124
01     9.138    7.435  -14.354 -143.746   51.670  -17.668    1598966913139
02     8.870    8.049  -15.071  179.942   -9.338 -112.976    1598966913139
01     9.191    7.533  -14.480 -144.619   53.055  -18.567    1598966913155
02     8.929    8.092  -15.133 -179.572   -8.480 -112.882    1598966913155
01     9.247    7.618  -14.610 -146.055   54.390  -20.245    1598966913170
02     8.936    8.177  -15.183 -178.386   -7.982 -114.246    1598966913170
01     9.280    7.749  -14.668 -148.796   56.099  -23.496    1598966913193
02     8.973    8.202  -15.248 -177.210   -7.121 -115.575    1598966913193
01     9.310    7.792  -14.689 -151.742   57.485  -27.537    1598966913208
02     8.985    8.270  -15.296 -175.856   -5.564 -116.945    1598966913208
01     9.228    7.800  -14.739 -153.673   57.550  -32.744    1598966913224
02     8.933    8.234  -15.505 -175.680   -2.900 -116.656    1598966913224
01     9.322    7.776  -14.544 -152.538   58.417  -32.676    1598966913240
02     8.601    8.169  -16.036 -175.779   -0.124 -118.118    1598966913240
01     9.297    7.698  -14.301 -148.352   56.502  -31.049    1598966913255
02     8.430    8.305  -16.933 -178.739    9.186 -121.315    1598966913255
01     9.193    7.545  -14.132 -143.771   53.067  -29.616    1598966913271
02     8.848    8.566  -17.327  173.562   24.319 -129.198    1598966913271
01     9.113    7.351  -14.054 -140.608   49.800  -28.756    1598966913293
02     9.200    8.736  -17.451  166.204   33.687 -136.347    1598966913293
01     9.057    7.229  -14.003 -138.842   47.424  -28.396    1598966913309
02     9.393    8.764  -17.506  162.776   37.704 -138.851    1598966913309
01     9.006    7.182  -13.960 -138.179   45.887  -28.262    1598966913324
02     9.487    8.764  -17.520  162.460   39.511 -138.289    1598966913324
01     8.957    7.161  -13.914 -138.495   45.149  -28.302    1598966913340
02     9.547    8.718  -17.495  163.559   40.301 -136.456    1598966913340
01     8.907    7.147  -13.882 -139.010   44.766  -28.253    1598966913355
02     9.564    8.654  -17.463  165.217   40.291 -134.337    1598966913355
01     8.869    7.140  -13.863 -139.446   44.657  -28.044    1598966913371
02     9.591    8.593  -17.446  166.026   40.629 -132.983    1598966913371
01     8.830    7.145  -13.873 -139.784   44.764  -27.722    1598966913390
02     9.621    8.565  -17.462  166.772   41.613 -132.060    1598966913390
01     8.840    7.151  -13.876 -140.013   45.321  -27.143    1598966913409
02     9.727    8.498  -17.491  167.099   43.533 -131.246    1598966913409
01     8.842    7.162  -13.897 -140.143   46.015  -26.475    1598966913421
02     9.836    8.463  -17.559  167.542   45.550 -130.718    1598966913421
01     8.861    7.182  -13.906 -140.516   46.927  -25.917    1598966913441
02    10.071    8.385  -17.602  167.249   48.583 -130.319    1598966913441
01     8.860    7.213  -13.901 -140.739   47.701  -25.526    1598966913460
02    10.231    8.382  -17.614  167.181   51.021 -130.280    1598966913460
01     8.870    7.243  -13.841 -140.843   48.229  -25.204    1598966913472
02    10.343    8.381  -17.569  166.834   52.683 -130.317    1598966913472
01     8.856    7.282  -13.730 -141.094   48.330  -25.218    1598966913493
02    10.339    8.354  -17.511  166.532   52.864 -130.049    1598966913493
01     8.796    7.298  -13.575 -141.298   47.899  -25.291    1598966913503
02    10.201    8.396  -17.387  166.784   51.305 -129.622    1598966913503
01     8.733    7.249  -13.503 -141.590   47.190  -25.243    1598966913524
02    10.126    8.377  -16.999  167.608   47.457 -127.824    1598966913524
01     8.640    7.255  -13.503 -142.622   46.669  -25.435    1598966913542
02    10.380    8.099  -15.783  167.663   38.053 -124.497    1598966913542
01     8.286    7.694  -13.457 -145.272   46.959  -28.378    1598966913554
02     9.924    7.477  -14.625  169.693   14.869 -118.929    1598966913554
01     8.294    7.543  -13.418 -146.822   45.618  -28.218    1598966913575
02     8.781    7.739  -14.185  176.411  -11.238 -113.285    1598966913575
01     8.376    7.547  -13.279 -148.509   45.746  -28.491    1598966913593
02     8.360    8.005  -13.906  178.459  -17.903 -112.489    1598966913593
01     8.394    7.554  -13.201 -148.618   45.276  -28.060    1598966913606
02     8.173    8.130  -13.780  179.016  -19.557 -111.614    1598966913606
01     8.394    7.551  -13.171 -148.076   44.665  -27.314    1598966913626
02     8.089    8.203  -13.721  179.301  -19.699 -110.762    1598966913626
01     8.402    7.545  -13.177 -147.318   44.295  -26.383    1598966913637
02     8.084    8.252  -13.693  179.440  -18.973 -110.054    1598966913637
01     8.429    7.536  -13.212 -146.694   44.341  -25.504    1598966913657
02     8.123    8.269  -13.711  179.482  -17.870 -109.187    1598966913657
01     8.454    7.534  -13.285 -146.302   44.657  -24.836    1598966913675
02     8.152    8.295  -13.769  179.760  -16.955 -108.815    1598966913675
01     8.484    7.555  -13.372 -146.213   45.329  -24.477    1598966913687
02     8.174    8.299  -13.870  179.895  -16.251 -108.533    1598966913687
01     8.526    7.573  -13.463 -146.473   46.302  -24.439    1598966913708
02     8.247    8.326  -13.943  179.955  -15.437 -109.049    1598966913708
01     8.576    7.592  -13.549 -146.939   47.604  -24.684    1598966913726
02     8.307    8.346  -14.019 -179.770  -15.131 -110.096    1598966913726
01     8.609    7.638  -13.644 -147.704   49.199  -25.696    1598966913739
02     8.360    8.346  -14.072 -179.255  -15.319 -111.782    1598966913739
01     8.655    7.619  -13.748 -148.410   50.641  -26.666    1598966913759
02     8.389    8.369  -14.112 -177.724  -15.626 -113.507    1598966913759
01     8.680    7.651  -13.849 -150.571   52.216  -29.417    1598966913769
02     8.366    8.355  -14.228 -175.634  -14.436 -114.857    1598966913769
01     8.795    7.604  -13.869 -150.790   54.121  -29.851    1598966913790
02     8.249    8.360  -14.496 -174.502  -11.441 -117.111    1598966913790
01     8.867    7.523  -13.827 -148.328   54.083  -28.392    1598966913810
02     7.989    8.280  -15.452 -175.363   -6.072 -117.923    1598966913810
01     8.889    7.403  -13.792 -144.871   52.740  -26.411    1598966913821
02     8.064    8.299  -16.464 -178.066    4.784 -119.567    1598966913821
01     8.897    7.273  -13.787 -141.936   51.155  -24.794    1598966913842
02     8.575    8.265  -17.042  177.616   19.408 -122.715    1598966913842
01     8.912    7.160  -13.838 -140.184   50.155  -23.684    1598966913852
02     9.170    8.207  -17.335  172.696   31.636 -126.555    1598966913852
01     8.953    7.058  -13.933 -139.751   49.996  -22.971    1598966913873
02     9.590    8.219  -17.506  168.866   39.447 -129.800    1598966913873
01     9.017    7.016  -14.032 -140.126   50.596  -22.528    1598966913893
02     9.988    8.149  -17.633  166.567   44.988 -131.360    1598966913893
01     9.068    7.029  -14.148 -141.103   51.521  -22.459    1598966913904
02    10.328    8.070  -17.761  164.904   48.840 -132.427    1598966913904
01     9.111    7.080  -14.263 -142.340   52.665  -22.728    1598966913924
02    10.689    8.043  -17.845  163.469   52.922 -133.489    1598966913924
01     9.174    7.122  -14.369 -143.421   53.878  -22.959    1598966913943
02    11.057    7.965  -17.917  162.241   56.682 -134.249    1598966913943
01     9.222    7.183  -14.432 -144.484   54.916  -23.356    1598966913955
02    11.166    7.905  -18.053  163.134   58.350 -133.196    1598966913955
01     9.267    7.200  -14.474 -145.659   55.684  -23.734    1598966913975
02    11.238    7.949  -18.037  163.288   58.831 -133.094    1598966913975
01     9.301    7.230  -14.457 -146.785   56.140  -24.126    1598966913986
02    11.193    7.945  -17.988  164.373   57.590 -131.762    1598966913986
01     9.276    7.195  -14.508 -147.698   55.787  -24.093    1598966914006
02    11.077    7.892  -17.769  166.341   53.709 -128.970    1598966914006
01     9.225    7.205  -14.597 -149.658   55.896  -24.520    1598966914025
02    11.187    7.781  -16.952  167.914   45.165 -124.864    1598966914025
01     9.122    7.404  -14.666 -155.233   57.597  -28.804    1598966914037
02    11.375    7.143  -15.816  168.041   28.332 -118.280    1598966914037
01     9.245    7.333  -14.558 -154.118   57.291  -27.885    1598966914057
02    10.288    7.273  -15.538  173.793    7.951 -114.139    1598966914057
01     9.225    7.370  -14.505 -155.582   57.814  -28.719    1598966914076
02     9.635    7.483  -15.373  176.034   -1.152 -113.284    1598966914076
01     9.165    7.393  -14.489 -155.709   57.568  -28.380    1598966914088
02     9.294    7.596  -15.273  176.838   -5.005 -112.901    1598966914088
01     9.141    7.386  -14.479 -155.191   57.384  -27.265    1598966914109
02     9.134    7.632  -15.231  176.982   -6.193 -112.089    1598966914109
01     9.123    7.418  -14.472 -154.686   57.369  -26.588    1598966914119
02     9.023    7.686  -15.217  177.379   -6.443 -111.442    1598966914119
01     9.129    7.465  -14.471 -154.516   57.657  -26.349    1598966914139
02     8.968    7.768  -15.207  177.828   -6.091 -111.196    1598966914139
01     9.121    7.517  -14.486 -154.756   57.895  -26.753    1598966914160
02     8.940    7.814  -15.224  177.858   -5.982 -111.160    1598966914160
01     9.094    7.602  -14.495 -155.550   58.130  -27.816    1598966914170
02     8.938    7.873  -15.217  177.870   -5.863 -111.686    1598966914170
01     9.079    7.670  -14.485 -156.353   58.416  -28.928    1598966914191
02     8.941    7.925  -15.195  178.098   -5.942 -112.343    1598966914191
01     9.021    7.747  -14.486 -156.905   58.559  -30.419    1598966914209
02     8.909    7.979  -15.178  179.020   -6.415 -113.140    1598966914209
01     8.999    7.764  -14.513 -157.387   58.903  -32.280    1598966914222
02     8.864    8.045  -15.178 -179.456   -6.592 -113.962    1598966914222
01     9.008    7.765  -14.515 -158.259   60.007  -34.848    1598966914242
02     8.682    8.129  -15.332 -177.663   -5.427 -115.877    1598966914242
01     9.034    7.729  -14.420 -156.528   60.243  -34.951    1598966914252
02     8.403    8.124  -15.856 -177.506   -1.367 -117.022    1598966914252
01     9.011    7.701  -14.250 -153.250   58.805  -34.304    1598966914273
02     8.274    8.170  -16.706 -178.705    5.986 -118.151    1598966914273
01     8.960    7.639  -14.016 -148.612   55.574  -33.381    1598966914293
02     8.656    8.221  -17.312  177.324   21.448 -121.744    1598966914293
01     8.870    7.457  -13.901 -142.905   50.608  -31.808    1598966914303
02     9.192    8.341  -17.542  170.509   36.773 -128.305    1598966914303
01     8.834    7.276  -13.869 -139.563   47.549  -30.470    1598966914324
02     9.618    8.428  -17.645  164.226   45.815 -133.677    1598966914324
01     8.839    7.179  -13.848 -138.183   46.557  -29.609    1598966914342
02    10.024    8.346  -17.736  161.411   52.321 -135.175    1598966914342
01     8.874    7.110  -13.841 -137.323   46.374  -28.644    1598966914353
02    10.396    8.280  -17.795  160.780   57.609 -135.313    1598966914353
01     8.890    7.084  -13.863 -137.218   46.407  -28.271    1598966914373
02    10.671    8.215  -17.865  161.074   60.840 -134.533    1598966914373
01     8.901    7.095  -13.877 -137.332   46.567  -28.245    1598966914394
02    10.870    8.228  -17.907  160.629   62.636 -135.019    1598966914394
01     8.937    7.090  -13.883 -137.445   46.688  -27.973    1598966914406
02    10.989    8.248  -17.937  160.087   63.497 -135.712    1598966914406
01     8.948    7.104  -13.899 -137.900   46.671  -28.046    1598966914426
02    11.056    8.230  -17.959  160.453   63.718 -135.252    1598966914426
