01    15.015    7.334   -8.565 -115.303    0.965   59.280    1610523984856
02    16.555    8.254  -13.635 -116.855   81.995   48.290    1610523984856
01    15.027    7.321   -8.560 -115.419    1.092   59.294    1610523984863
02    16.572    8.268  -13.602 -116.203   82.252   48.917    1610523984863
01    15.023    7.332   -8.556 -115.366    1.136   59.184    1610523984878
02    16.549    8.277  -13.595 -118.244   82.208   46.882    1610523984878
01    15.027    7.320   -8.555 -115.514    1.087   59.037    1610523984894
02    16.537    8.272  -13.596 -119.552   82.110   45.619    1610523984894
01    15.027    7.314   -8.550 -115.517    0.968   58.930    1610523984910
02    16.503    8.278  -13.598 -120.688   81.898   44.391    1610523984910
01    15.015    7.331   -8.539 -115.446    0.992   58.788    1610523984925
02    16.511    8.258  -13.563 -120.239   81.826   44.953    1610523984925
01    15.024    7.330   -8.507 -115.532    0.993   58.860    1610523984941
02    16.512    8.251  -13.530 -121.039   81.858   44.215    1610523984941
01    15.016    7.329   -8.501 -115.568    0.898   58.752    1610523984963
02    16.492    8.242  -13.534 -122.788   81.543   42.479    1610523984963
01    15.005    7.328   -8.496 -115.611    0.850   58.643    1610523984979
02    16.474    8.227  -13.524 -124.086   81.196   41.214    1610523984979
01    15.010    7.338   -8.459 -115.620    0.888   58.672    1610523984995
02    16.428    8.241  -13.531 -126.776   81.050   38.405    1610523984995
01    14.994    7.348   -8.460 -115.613    0.917   58.605    1610523985010
02    16.435    8.207  -13.529 -126.452   80.939   38.918    1610523985010
01    14.982    7.349   -8.469 -115.625    0.905   58.499    1610523985026
02    16.409    8.218  -13.543 -126.531   80.789   38.599    1610523985026
01    14.992    7.327   -8.464 -115.764    0.925   58.495    1610523985042
02    16.415    8.211  -13.532 -126.636   80.836   38.568    1610523985042
01    14.990    7.318   -8.471 -115.809    0.912   58.454    1610523985064
02    16.414    8.224  -13.521 -127.059   80.905   38.058    1610523985064
01    14.976    7.315   -8.491 -115.823    0.836   58.343    1610523985080
02    16.397    8.212  -13.535 -127.908   80.666   37.232    1610523985080
01    14.971    7.318   -8.500 -115.843    0.889   58.224    1610523985095
02    16.385    8.237  -13.528 -128.576   80.798   36.391    1610523985095
01    14.980    7.308   -8.490 -115.926    0.934   58.323    1610523985111
02    16.398    8.265  -13.489 -127.926   81.077   36.983    1610523985111
01    14.971    7.303   -8.508 -115.990    0.818   58.168    1610523985126
02    16.409    8.222  -13.496 -127.949   80.873   37.224    1610523985126
01    14.962    7.321   -8.503 -115.880    0.903   58.098    1610523985142
02    16.416    8.206  -13.483 -127.719   80.777   37.461    1610523985142
01    14.966    7.319   -8.488 -115.896    0.899   58.160    1610523985164
02    16.401    8.204  -13.491 -128.601   80.557   36.596    1610523985164
01    14.962    7.325   -8.482 -115.897    0.887   58.120    1610523985180
02    16.389    8.212  -13.487 -129.265   80.449   35.842    1610523985180
01    14.967    7.337   -8.458 -115.844    0.949   58.198    1610523985196
02    16.363    8.225  -13.491 -130.508   80.234   34.418    1610523985196
01    14.972    7.340   -8.445 -115.902    0.995   58.169    1610523985211
02    16.353    8.233  -13.482 -131.127   80.166   33.771    1610523985211
01    14.971    7.336   -8.442 -115.936    0.978   58.163    1610523985227
02    16.336    8.247  -13.474 -132.206   80.133   32.645    1610523985227
01    14.964    7.342   -8.452 -115.963    0.985   58.078    1610523985243
02    16.307    8.265  -13.487 -132.983   79.956   31.829    1610523985243
01    14.964    7.347   -8.454 -115.976    1.011   58.071    1610523985264
02    16.309    8.238  -13.499 -132.419   79.857   32.608    1610523985264
01    14.959    7.349   -8.459 -116.001    1.035   58.032    1610523985280
02    16.313    8.214  -13.510 -132.514   79.715   32.638    1610523985280
01    14.956    7.353   -8.464 -116.011    1.030   58.005    1610523985296
02    16.319    8.223  -13.494 -133.056   79.869   32.107    1610523985296
01    14.955    7.373   -8.459 -115.957    1.097   57.980    1610523985312
02    16.315    8.237  -13.491 -133.255   79.882   31.758    1610523985312
01    14.955    7.372   -8.458 -115.993    1.081   57.972    1610523985327
02    16.297    8.248  -13.503 -133.487   79.781   31.409    1610523985327
01    14.954    7.374   -8.465 -116.002    1.048   57.950    1610523985343
02    16.295    8.261  -13.502 -133.470   79.821   31.368    1610523985343
01    14.957    7.357   -8.476 -116.082    0.908   57.977    1610523985365
02    16.294    8.256  -13.504 -133.189   79.759   31.646    1610523985365
01    14.958    7.362   -8.472 -116.048    0.878   57.984    1610523985381
02    16.282    8.265  -13.518 -133.161   79.609   31.578    1610523985381
01    14.957    7.357   -8.479 -116.086    0.708   57.955    1610523985396
02    16.245    8.272  -13.552 -133.896   79.379   30.754    1610523985396
01    14.956    7.363   -8.473 -116.042    0.706   57.972    1610523985412
02    16.241    8.305  -13.533 -133.877   79.474   30.716    1610523985412
01    14.951    7.376   -8.467 -116.000    0.750   57.946    1610523985427
02    16.246    8.268  -13.545 -134.168   79.303   30.608    1610523985427
01    14.954    7.376   -8.463 -116.080    0.741   57.971    1610523985443
02    16.246    8.290  -13.521 -134.414   79.452   30.328    1610523985443
01    14.955    7.370   -8.462 -116.195    0.704   57.994    1610523985465
02    16.247    8.300  -13.518 -134.098   79.437   30.643    1610523985465
01    14.952    7.380   -8.459 -116.210    0.734   57.968    1610523985481
02    16.254    8.277  -13.523 -134.272   79.377   30.621    1610523985481
01    14.949    7.385   -8.457 -116.216    0.715   57.962    1610523985497
02    16.242    8.271  -13.531 -134.287   79.276   30.657    1610523985497
01    14.946    7.387   -8.459 -116.241    0.639   57.930    1610523985512
02    16.235    8.270  -13.527 -134.535   79.244   30.384    1610523985512
01    14.945    7.388   -8.454 -116.282    0.582   57.939    1610523985528
02    16.209    8.279  -13.541 -135.080   79.008   29.713    1610523985528
01    14.943    7.383   -8.457 -116.370    0.474   57.912    1610523985543
02    16.208    8.271  -13.535 -135.300   78.873   29.514    1610523985543
01    14.944    7.381   -8.446 -116.388    0.478   57.954    1610523985566
02    16.208    8.285  -13.514 -135.394   78.930   29.333    1610523985566
01    14.945    7.382   -8.428 -116.421    0.488   57.970    1610523985581
02    16.209    8.260  -13.510 -135.368   78.695   29.509    1610523985581
01    14.936    7.380   -8.431 -116.384    0.315   57.889    1610523985597
02    16.207    8.246  -13.505 -135.796   78.604   29.184    1610523985597
01    14.931    7.385   -8.427 -116.321    0.258   57.832    1610523985613
02    16.191    8.254  -13.504 -136.067   78.531   28.734    1610523985613
01    14.924    7.393   -8.419 -116.265    0.216   57.777    1610523985628
02    16.178    8.258  -13.495 -136.390   78.494   28.381    1610523985628
01    14.919    7.389   -8.416 -116.194    0.135   57.672    1610523985644
02    16.164    8.247  -13.503 -136.559   78.264   28.215    1610523985644
01    14.922    7.384   -8.404 -116.180    0.154   57.677    1610523985666
02    16.166    8.234  -13.496 -135.993   78.254   28.850    1610523985666
01    14.920    7.376   -8.399 -116.260    0.143   57.612    1610523985682
02    16.170    8.232  -13.483 -135.758   78.272   29.038    1610523985682
01    14.914    7.384   -8.388 -116.187    0.134   57.618    1610523985697
02    16.152    8.256  -13.479 -136.487   78.313   28.067    1610523985697
01    14.909    7.384   -8.390 -116.145    0.087   57.579    1610523985713
02    16.138    8.266  -13.478 -136.804   78.335   27.715    1610523985713
01    14.907    7.377   -8.387 -116.167    0.076   57.574    1610523985728
02    16.147    8.256  -13.468 -136.632   78.409   27.953    1610523985728
01    14.905    7.370   -8.390 -116.103    0.012   57.495    1610523985744
02    16.146    8.248  -13.462 -136.263   78.426   28.297    1610523985744
01    14.918    7.353   -8.376 -116.164    0.023   57.546    1610523985766
02    16.151    8.240  -13.457 -135.808   78.478   28.816    1610523985766
01    14.912    7.348   -8.386 -116.168   -0.068   57.423    1610523985782
02    16.144    8.252  -13.449 -135.707   78.598   28.855    1610523985782
01    14.909    7.342   -8.389 -116.186   -0.137   57.471    1610523985798
02    16.141    8.247  -13.451 -135.800   78.561   28.783    1610523985798
01    14.917    7.331   -8.377 -116.244   -0.148   57.535    1610523985813
02    16.147    8.240  -13.446 -135.497   78.562   29.109    1610523985813
01    14.917    7.328   -8.369 -116.246   -0.107   57.514    1610523985829
02    16.145    8.241  -13.442 -135.445   78.574   29.144    1610523985829
01    14.907    7.343   -8.372 -116.141   -0.106   57.432    1610523985845
02    16.169    8.221  -13.421 -135.079   78.657   29.614    1610523985845
01    14.911    7.345   -8.368 -116.146   -0.103   57.417    1610523985867
02    16.162    8.217  -13.431 -135.337   78.628   29.362    1610523985867
01    14.916    7.335   -8.368 -116.197   -0.164   57.426    1610523985883
02    16.139    8.211  -13.464 -135.629   78.509   29.041    1610523985883
01    14.924    7.330   -8.361 -116.215   -0.130   57.474    1610523985899
02    16.130    8.204  -13.475 -135.539   78.468   29.115    1610523985899
01    14.927    7.337   -8.351 -116.166   -0.065   57.488    1610523985914
02    16.131    8.214  -13.475 -135.598   78.501   29.035    1610523985914
01    14.926    7.335   -8.361 -116.152   -0.118   57.465    1610523985930
02    16.135    8.205  -13.485 -135.576   78.448   29.067    1610523985930
01    14.924    7.334   -8.368 -116.132   -0.167   57.455    1610523985946
02    16.142    8.205  -13.471 -135.725   78.507   28.930    1610523985946
01    14.934    7.319   -8.371 -116.201   -0.203   57.466    1610523985967
02    16.167    8.195  -13.450 -135.426   78.592   29.278    1610523985967
01    14.939    7.317   -8.368 -116.189   -0.207   57.492    1610523985983
02    16.169    8.179  -13.456 -135.307   78.523   29.437    1610523985983
01    14.942    7.317   -8.364 -116.187   -0.211   57.508    1610523985999
02    16.178    8.179  -13.456 -135.245   78.549   29.491    1610523985999
01    14.947    7.309   -8.367 -116.207   -0.218   57.519    1610523986015
02    16.167    8.199  -13.459 -135.349   78.568   29.268    1610523986015
01    14.944    7.312   -8.375 -116.183   -0.236   57.500    1610523986030
02    16.162    8.198  -13.472 -135.472   78.521   29.129    1610523986030
01    14.952    7.305   -8.370 -116.199   -0.227   57.536    1610523986046
02    16.179    8.191  -13.458 -135.192   78.601   29.448    1610523986046
01    14.949    7.316   -8.373 -116.155   -0.222   57.498    1610523986068
02    16.201    8.178  -13.440 -134.855   78.654   29.847    1610523986068
01    14.954    7.314   -8.364 -116.180   -0.204   57.524    1610523986084
02    16.202    8.175  -13.434 -134.866   78.624   29.835    1610523986084
01    14.955    7.317   -8.357 -116.194   -0.191   57.507    1610523986099
02    16.203    8.180  -13.431 -135.070   78.605   29.635    1610523986099
01    14.952    7.315   -8.360 -116.216   -0.242   57.496    1610523986115
02    16.192    8.184  -13.434 -135.297   78.537   29.428    1610523986115
01    14.952    7.312   -8.361 -116.241   -0.291   57.489    1610523986130
02    16.172    8.191  -13.447 -135.560   78.434   29.130    1610523986130
01    14.951    7.307   -8.358 -116.306   -0.298   57.471    1610523986146
02    16.153    8.197  -13.457 -136.078   78.331   28.549    1610523986146
01    14.951    7.312   -8.348 -116.306   -0.231   57.517    1610523986168
02    16.167    8.206  -13.431 -135.938   78.500   28.712    1610523986168
01    14.950    7.311   -8.342 -116.365   -0.159   57.529    1610523986184
02    16.155    8.208  -13.443 -136.310   78.386   28.352    1610523986184
01    14.947    7.316   -8.343 -116.371   -0.064   57.554    1610523986200
02    16.167    8.191  -13.436 -136.102   78.421   28.668    1610523986200
01    14.942    7.321   -8.343 -116.362    0.063   57.581    1610523986216
02    16.165    8.195  -13.433 -136.627   78.453   28.165    1610523986216
01    14.938    7.327   -8.345 -116.377    0.138   57.607    1610523986231
02    16.162    8.212  -13.429 -136.785   78.510   27.944    1610523986231
01    14.930    7.335   -8.343 -116.395    0.275   57.633    1610523986247
02    16.161    8.215  -13.432 -136.928   78.484   27.752    1610523986247
01    14.924    7.336   -8.345 -116.389    0.241   57.675    1610523986269
02    16.151    8.218  -13.447 -137.136   78.425   27.471    1610523986269
01    14.920    7.332   -8.349 -116.455    0.240   57.624    1610523986285
02    16.149    8.224  -13.439 -137.137   78.453   27.425    1610523986285
01    14.918    7.323   -8.352 -116.463    0.196   57.655    1610523986300
02    16.152    8.221  -13.424 -137.029   78.475   27.499    1610523986300
01    14.913    7.316   -8.361 -116.498    0.169   57.605    1610523986316
02    16.157    8.219  -13.416 -137.112   78.498   27.348    1610523986316
01    14.917    7.310   -8.354 -116.498    0.170   57.708    1610523986332
02    16.155    8.209  -13.423 -137.172   78.420   27.296    1610523986332
01    14.915    7.315   -8.347 -116.438    0.187   57.739    1610523986347
02    16.170    8.211  -13.403 -136.986   78.559   27.464    1610523986347
01    14.918    7.315   -8.339 -116.454    0.192   57.795    1610523986369
02    16.172    8.211  -13.398 -136.849   78.582   27.538    1610523986369
01    14.921    7.312   -8.336 -116.464    0.201   57.869    1610523986385
02    16.174    8.211  -13.394 -136.867   78.591   27.422    1610523986385
01    14.923    7.320   -8.324 -116.404    0.454   57.955    1610523986401
02    16.165    8.216  -13.395 -137.174   78.476   26.948    1610523986401
01    14.930    7.310   -8.321 -116.625    0.617   58.097    1610523986416
02    16.186    8.188  -13.373 -137.366   78.372   26.801    1610523986416
01    14.926    7.308   -8.328 -116.695    0.652   58.096    1610523986432
02    16.180    8.201  -13.368 -138.013   78.272   25.926    1610523986432
01    14.926    7.312   -8.322 -116.761    0.870   58.340    1610523986448
02    16.176    8.218  -13.362 -138.741   78.173   24.852    1610523986448
01    14.924    7.315   -8.321 -116.938    0.955   58.450    1610523986470
02    16.194    8.218  -13.345 -137.521   78.209   25.927    1610523986470
01    14.924    7.314   -8.320 -117.108    1.007   58.686    1610523986486
02    16.202    8.185  -13.353 -136.646   77.859   26.828    1610523986486
01    14.920    7.308   -8.333 -117.313    0.878   58.801    1610523986501
02    16.199    8.177  -13.346 -137.517   77.599   25.758    1610523986501
01    14.930    7.294   -8.337 -117.979    1.399   59.468    1610523986517
02    16.230    8.164  -13.211 -139.895   77.021   22.963    1610523986517
01    14.946    7.264   -8.368 -118.800    2.328   60.087    1610523986533
02    16.304    8.183  -12.785 -146.908   74.664   14.660    1610523986533
01    14.979    7.228   -8.414 -120.112    4.065   61.206    1610523986548
02    16.411    8.266  -11.971 -154.761   70.286    5.551    1610523986548
01    14.986    7.232   -8.531 -121.751    6.503   62.119    1610523986570
02    16.419    8.376  -11.058 -161.540   62.562   -2.165    1610523986570
01    14.950    7.257   -8.758 -123.974    9.227   62.882    1610523986586
02    16.504    8.137  -10.144 -166.151   51.402   -6.018    1610523986586
01    14.837    7.353   -9.143 -126.915   12.385   62.905    1610523986602
02    15.597    7.789  -10.843 -166.475   27.929   -7.472    1610523986602
01    14.774    7.372   -9.634 -130.196   15.391   62.104    1610523986618
02    13.470    7.509  -12.496 -159.340  -18.414   -5.898    1610523986618
01    14.822    7.611   -9.580 -130.462   19.183   61.339    1610523986633
02    14.192    7.469  -11.313 -162.029  -21.956   -6.628    1610523986633
01    14.821    7.713   -9.627 -131.148   20.598   60.590    1610523986649
02    14.478    7.677  -10.799 -162.949  -23.443   -7.211    1610523986649
01    14.866    7.786   -9.575 -131.601   22.146   60.936    1610523986671
02    14.622    7.730  -10.620 -164.282  -24.539   -7.224    1610523986671
01    14.912    7.834   -9.513 -131.687   22.679   62.132    1610523986687
02    14.733    7.753  -10.521 -165.473  -24.815   -6.643    1610523986687
01    14.949    7.796   -9.510 -131.830   22.410   63.120    1610523986702
02    14.842    7.772  -10.387 -166.084  -24.413   -6.288    1610523986702
01    15.007    7.748   -9.507 -131.618   22.360   63.589    1610523986718
02    14.929    7.741  -10.331 -166.327  -24.215   -5.954    1610523986718
01    15.060    7.675   -9.537 -131.195   22.355   63.656    1610523986733
02    14.997    7.716  -10.301 -165.803  -23.759   -6.130    1610523986733
01    15.100    7.629   -9.586 -130.382   22.523   63.508    1610523986749
02    15.065    7.705  -10.265 -164.753  -22.752   -6.520    1610523986749
01    15.121    7.600   -9.648 -129.168   22.873   63.726    1610523986771
02    15.135    7.673  -10.243 -163.676  -21.224   -6.731    1610523986771
01    15.129    7.617   -9.698 -127.573   23.384   64.480    1610523986787
02    15.165    7.662  -10.291 -162.008  -19.897   -6.807    1610523986787
01    15.166    7.616   -9.704 -126.199   23.758   65.395    1610523986803
02    15.175    7.646  -10.362 -159.820  -18.498   -6.834    1610523986803
01    15.182    7.684   -9.640 -124.105   23.667   66.002    1610523986818
02    15.390    7.626  -10.091 -158.611  -10.013   -6.331    1610523986818
01    15.158    7.746   -9.554 -120.426   21.717   66.534    1610523986834
02    15.206    7.563  -10.581 -158.434   -0.317   -5.367    1610523986834
01    15.126    7.755   -9.472 -115.990   17.882   66.607    1610523986850
02    14.727    7.406  -11.827 -158.300   10.486   -3.892    1610523986850
01    15.107    7.673   -9.405 -112.444   13.837   65.854    1610523986872
02    14.410    7.314  -13.483 -157.497   24.411   -3.100    1610523986872
01    15.132    7.555   -9.323 -110.626   11.659   65.062    1610523986888
02    14.762    7.405  -14.074 -155.661   39.976   -0.487    1610523986888
01    15.175    7.426   -9.236 -109.651   11.093   64.227    1610523986903
02    15.233    7.576  -14.163 -153.731   51.848    2.337    1610523986903
01    15.242    7.315   -9.119 -109.431   11.201   64.274    1610523986919
02    15.671    7.755  -14.036 -151.535   60.563    5.353    1610523986919
01    15.252    7.277   -9.071 -109.836   11.286   64.114    1610523986935
02    16.039    7.805  -13.888 -148.085   66.197    9.854    1610523986935
01    15.240    7.303   -9.066 -110.068   11.471   63.971    1610523986950
02    16.279    7.881  -13.758 -143.551   69.303   14.399    1610523986950
01    15.249    7.306   -9.081 -110.267   11.423   63.935    1610523986973
02    16.430    7.912  -13.657 -138.948   70.788   19.225    1610523986973
01    15.248    7.327   -9.088 -110.338   11.392   63.804    1610523986989
02    16.504    7.911  -13.647 -136.792   70.851   21.621    1610523986989
01    15.268    7.319   -9.081 -110.618   11.442   63.783    1610523987004
02    16.560    7.913  -13.643 -136.047   71.473   22.616    1610523987004
01    15.284    7.299   -9.085 -110.978   11.557   63.772    1610523987020
02    16.624    7.906  -13.631 -134.645   72.467   24.408    1610523987020
01    15.283    7.316   -9.090 -111.107   11.787   63.776    1610523987035
02    16.630    7.963  -13.638 -134.348   72.818   24.369    1610523987035
01    15.283    7.317   -9.096 -111.424   11.894   63.874    1610523987051
02    16.685    7.975  -13.611 -134.126   73.722   25.297    1610523987051
01    15.283    7.301   -9.109 -111.898   11.920   63.935    1610523987073
02    16.692    8.012  -13.604 -134.417   73.628   24.860    1610523987073
01    15.288    7.260   -9.152 -112.713   12.260   64.046    1610523987089
02    16.760    8.012  -13.455 -135.897   73.727   23.384    1610523987089
01    15.281    7.197   -9.304 -114.145   13.775   64.360    1610523987104
02    16.969    8.156  -12.651 -143.971   73.117   14.468    1610523987104
01    15.199    7.062   -9.869 -118.610   17.866   64.558    1610523987120
02    17.742    8.357   -9.807 -157.882   70.146    0.062    1610523987120
01    14.976    7.219  -10.614 -123.952   24.237   63.646    1610523987136
02    16.949    8.007  -10.146 -167.567   52.333  -10.531    1610523987136
01    15.012    7.727  -10.606 -126.513   31.506   62.373    1610523987151
02    15.316    7.650  -11.594 -163.315    9.938   -9.325    1610523987151
01    15.150    7.989  -10.446 -127.860   35.314   62.606    1610523987173
02    15.140    7.752  -11.466 -163.432   -5.770  -11.702    1610523987173
01    15.249    8.123  -10.334 -128.412   36.728   62.897    1610523987189
02    15.073    7.843  -11.463 -163.555  -12.513  -12.872    1610523987189
01    15.301    8.147  -10.284 -128.916   36.505   62.602    1610523987204
02    15.143    7.897  -11.305 -164.036  -14.366  -13.170    1610523987204
01    15.329    8.137  -10.262 -128.866   36.006   62.812    1610523987220
02    15.225    7.892  -11.165 -164.448  -14.677  -12.652    1610523987220
01    15.357    8.100  -10.235 -128.465   35.575   63.457    1610523987236
02    15.255    7.860  -11.118 -164.713  -14.822  -11.911    1610523987236
01    15.363    8.054  -10.264 -128.060   35.273   63.663    1610523987251
02    15.255    7.892  -11.086 -164.114  -14.646  -11.602    1610523987251
01    15.382    7.998  -10.288 -127.315   35.300   63.800    1610523987267
02    15.273    7.905  -11.041 -163.094  -13.878  -11.020    1610523987267
01    15.378    7.982  -10.333 -125.640   35.474   64.104    1610523987289
02    15.275    7.932  -11.020 -161.378  -13.048  -10.028    1610523987289
01    15.375    7.996  -10.358 -123.470   35.681   65.055    1610523987305
02    15.295    7.962  -11.001 -159.030  -11.469   -8.047    1610523987305
01    15.394    8.021  -10.306 -121.751   35.880   65.823    1610523987320
02    15.382    7.960  -10.902 -156.226   -7.581   -6.568    1610523987320
01    15.428    8.108  -10.129 -118.705   35.593   66.940    1610523987336
02    15.433    7.822  -11.017 -155.253    0.407   -4.298    1610523987336
01    15.426    8.132   -9.983 -114.460   32.916   68.161    1610523987352
02    15.164    7.626  -11.796 -154.582    7.711   -2.430    1610523987352
01    15.427    8.054   -9.872 -110.368   28.451   68.678    1610523987367
02    14.750    7.300  -13.440 -153.553   16.457   -0.698    1610523987367
01    15.408    7.937   -9.789 -107.611   24.033   67.760    1610523987390
02    14.832    7.249  -14.513 -151.204   29.562    1.790    1610523987390
01    15.397    7.789   -9.752 -106.289   21.035   66.325    1610523987405
02    15.417    7.354  -14.649 -148.609   44.844    5.314    1610523987405
01    15.426    7.640   -9.715 -105.489   19.873   65.649    1610523987421
02    15.957    7.595  -14.486 -145.619   56.986    8.791    1610523987421
01    15.460    7.565   -9.647 -104.572   19.519   65.672    1610523987436
02    16.330    7.874  -14.329 -143.444   65.568   11.307    1610523987436
01    15.505    7.533   -9.555 -103.909   19.047   66.064    1610523987452
02    16.617    8.027  -14.256 -141.098   71.687   14.722    1610523987452
01    15.550    7.472   -9.490 -103.829   18.259   66.468    1610523987467
02    16.905    8.089  -14.131 -134.364   76.530   22.586    1610523987467
01    15.551    7.440   -9.502 -103.797   17.469   66.342    1610523987490
02    17.091    8.159  -14.048 -125.429   78.852   32.280    1610523987490
01    15.575    7.386   -9.519 -103.947   16.984   66.278    1610523987505
02    17.262    8.187  -13.892 -115.619   80.318   42.597    1610523987505
01    15.613    7.316   -9.549 -104.020   16.858   66.242    1610523987521
02    17.302    8.233  -13.861 -114.686   80.137   43.107    1610523987521
01    15.645    7.297   -9.537 -103.769   17.218   66.446    1610523987537
02    17.346    8.215  -13.849 -115.518   80.084   42.454    1610523987537
01    15.661    7.317   -9.527 -103.591   17.530   66.559    1610523987552
02    17.386    8.224  -13.803 -114.598   80.335   43.159    1610523987552
01    15.675    7.276   -9.570 -104.042   17.611   66.537    1610523987568
02    17.426    8.179  -13.740 -114.121   79.610   43.454    1610523987568
01    15.697    7.246   -9.602 -104.973   18.587   67.103    1610523987574
02    17.520    8.145  -13.428 -116.378   78.572   39.918    1610523987574
01    15.692    7.172   -9.773 -107.639   20.478   67.869    1610523987606
02    17.931    8.352  -11.703 -127.951   76.752   26.099    1610523987606
01    15.577    7.174  -10.300 -112.649   24.527   67.686    1610523987621
02    18.395    8.853   -8.645 -144.804   71.423    7.432    1610523987621
01    15.591    7.460  -10.585 -118.073   32.337   66.877    1610523987637
02    16.283    8.511  -10.681 -152.589   36.899   -4.631    1610523987637
01    15.636    7.744  -10.622 -119.818   37.479   67.038    1610523987653
02    15.845    7.649  -11.481 -156.794    6.228   -8.349    1610523987653
01    15.656    7.952  -10.624 -121.287   39.316   66.497    1610523987668
02    15.672    7.687  -11.673 -157.988   -6.098  -10.064    1610523987668
01    15.689    8.074  -10.590 -121.896   39.794   65.230    1610523987675
02    15.670    7.675  -11.664 -158.914  -11.345  -11.344    1610523987675
01    15.731    8.119  -10.532 -122.526   39.813   64.608    1610523987706
02    15.726    7.677  -11.548 -159.376  -12.815  -11.906    1610523987706
01    15.766    8.115  -10.486 -123.313   39.514   64.214    1610523987722
02    15.761    7.665  -11.458 -159.946  -13.225  -11.950    1610523987722
01    15.724    8.121  -10.516 -123.672   38.725   63.377    1610523987738
02    15.750    7.710  -11.374 -159.739  -13.113  -11.926    1610523987738
01    15.688    8.120  -10.544 -123.303   38.322   63.164    1610523987753
02    15.727    7.791  -11.308 -158.902  -12.326  -11.196    1610523987753
01    15.665    8.144  -10.543 -122.069   38.465   63.523    1610523987769
02    15.708    7.854  -11.266 -157.597  -11.113   -9.238    1610523987769
01    15.660    8.165  -10.509 -120.274   38.414   64.724    1610523987775
02    15.705    7.917  -11.213 -155.444   -9.088   -6.912    1610523987775
01    15.674    8.237  -10.351 -117.193   37.792   66.432    1610523987791
02    15.807    7.871  -11.085 -154.170   -1.106   -4.324    1610523987791
01    15.634    8.351  -10.090 -112.525   34.637   68.108    1610523987823
02    15.466    7.675  -11.906 -153.971    6.859   -2.529    1610523987823
01    15.569    8.257   -9.998 -108.212   28.803   68.548    1610523987838
02    14.933    7.429  -13.344 -153.617   14.545   -1.406    1610523987838
01    15.506    8.120   -9.973 -104.325   22.831   67.159    1610523987854
02    14.739    7.451  -14.747 -153.454   24.856   -0.977    1610523987854
01    15.512    7.946   -9.950 -102.268   19.760   65.460    1610523987869
02    15.196    7.862  -15.018 -154.037   41.286   -1.272    1610523987869
01    15.541    7.800   -9.939 -101.595   19.347   64.124    1610523987876
02    15.747    8.229  -14.865 -156.502   56.649   -2.875    1610523987876
01    15.560    7.747   -9.908 -101.130   20.086   63.646    1610523987892
02    16.107    8.591  -14.662 -161.488   66.925   -7.578    1610523987892
01    15.565    7.748   -9.882 -101.065   20.771   63.659    1610523987923
02    16.442    8.837  -14.416 -166.677   73.985  -12.149    1610523987923
01    15.563    7.738   -9.888 -101.478   21.051   63.638    1610523987938
02    16.711    8.926  -14.267 -167.298   77.943  -11.879    1610523987938
01    15.559    7.756   -9.895 -101.441   21.292   63.703    1610523987954
02    16.880    8.952  -14.156 -160.754   79.841   -4.942    1610523987954
01    15.576    7.742   -9.895 -101.533   21.355   63.894    1610523987970
02    16.960    8.917  -14.096 -154.489   79.859    1.270    1610523987970
01    15.581    7.745   -9.919 -101.543   21.515   63.686    1610523987976
02    16.978    8.920  -14.038 -154.526   78.974    0.812    1610523987976
01    15.596    7.732   -9.942 -101.539   21.806   63.777    1610523987992
02    16.999    8.860  -13.950 -151.747   77.916    3.447    1610523987992
01    15.621    7.690   -9.988 -101.819   22.353   63.906    1610523988007
02    16.976    8.824  -13.871 -150.226   76.068    4.359    1610523988007
01    15.646    7.656  -10.057 -101.986   23.334   64.244    1610523988039
02    16.989    8.742  -13.780 -149.243   74.089    5.105    1610523988039
01    15.673    7.669  -10.102 -102.449   24.769   64.899    1610523988054
02    17.007    8.666  -13.644 -148.096   71.872    5.692    1610523988054
01    15.694    7.681  -10.181 -103.426   26.175   65.670    1610523988070
02    17.071    8.606  -13.341 -148.576   69.678    4.601    1610523988070
01    15.691    7.655  -10.373 -105.806   28.152   66.635    1610523988076
02    17.429    8.649  -11.990 -150.445   67.367    1.779    1610523988076
01    15.590    7.686  -10.848 -109.928   31.606   66.284    1610523988092
02    17.909    8.912   -9.630 -153.156   62.902   -2.701    1610523988092
01    15.658    7.978  -10.936 -113.714   38.697   65.919    1610523988123
02    16.316    8.291  -11.042 -155.879   27.508  -10.075    1610523988123
01    15.693    8.120  -10.943 -114.656   41.537   67.596    1610523988139
02    15.864    7.937  -11.500 -157.521    5.111  -12.818    1610523988139
01    15.760    8.211  -10.841 -115.779   43.014   69.233    1610523988154
02    15.694    7.868  -11.727 -158.836   -2.909  -13.081    1610523988154
01    15.839    8.232  -10.744 -116.625   42.871   69.837    1610523988170
02    15.694    7.846  -11.703 -159.976   -5.790  -13.051    1610523988170
01    15.876    8.225  -10.683 -117.132   42.204   69.917    1610523988176
02    15.734    7.828  -11.621 -160.594   -6.822  -12.512    1610523988176
01    15.935    8.190  -10.613 -117.564   41.868   69.967    1610523988192
02    15.767    7.836  -11.538 -160.766   -7.091  -12.110    1610523988192
01    15.959    8.095  -10.617 -118.140   41.118   69.694    1610523988207
02    15.818    7.757  -11.480 -161.161   -7.161  -11.420    1610523988207
01    15.928    8.065  -10.643 -118.104   40.697   69.186    1610523988239
02    15.827    7.743  -11.434 -160.646   -7.121  -10.877    1610523988239
01    15.915    8.041  -10.633 -117.300   40.650   69.650    1610523988255
02    15.805    7.766  -11.390 -159.546   -6.448   -9.872    1610523988255
01    15.929    8.099  -10.483 -115.642   41.232   70.193    1610523988270
02    15.654    7.876  -11.504 -156.614   -7.311   -8.353    1610523988270
01    15.891    8.180  -10.337 -114.198   40.278   70.109    1610523988276
02    15.806    7.857  -11.216 -154.458   -1.808   -5.247    1610523988276
01    15.804    8.349  -10.005 -110.327   37.225   70.902    1610523988292
02    15.552    7.680  -11.716 -152.904    6.114   -1.529    1610523988292
01    15.674    8.273   -9.840 -106.253   30.478   70.900    1610523988308
02    15.178    7.393  -12.727 -150.654   14.198    2.626    1610523988308
01    15.550    8.132   -9.776 -103.105   22.541   68.691    1610523988339
02    14.916    7.012  -14.141 -147.755   23.843    7.563    1610523988339
01    15.485    7.968   -9.692 -101.814   17.412   65.497    1610523988355
02    15.104    7.108  -14.931 -145.653   37.686   10.308    1610523988355
01    15.450    7.823   -9.559 -101.914   14.751   62.821    1610523988370
02    15.554    7.664  -14.882 -145.595   54.550   10.270    1610523988370
01    15.430    7.667   -9.458 -103.063   13.077   61.034    1610523988377
02    15.969    8.117  -14.610 -149.877   67.007    6.686    1610523988377
01    15.423    7.573   -9.371 -104.294   12.314   60.299    1610523988392
02    16.274    8.395  -14.376 -155.131   74.550    2.000    1610523988392
01    15.416    7.540   -9.330 -105.290   11.996   60.267    1610523988408
02    16.487    8.563  -14.288 -155.063   78.993    2.496    1610523988408
01    15.379    7.576   -9.340 -105.835   11.907   60.324    1610523988439
02    16.658    8.725  -14.181 -152.147   82.421    5.635    1610523988439
01    15.356    7.591   -9.380 -106.251   11.752   60.436    1610523988455
02    16.870    8.759  -14.075 -144.380   85.036   14.363    1610523988455
01    15.370    7.589   -9.411 -106.484   11.588   60.673    1610523988471
02    17.010    8.761  -14.040 -136.081   85.968   23.033    1610523988471
01    15.397    7.621   -9.410 -106.361   11.696   60.949    1610523988477
02    17.112    8.739  -14.026 -123.523   86.449   35.777    1610523988477
01    15.436    7.594   -9.427 -106.361   11.652   61.380    1610523988493
02    17.188    8.737  -14.021 -116.792   86.807   42.115    1610523988493
01    15.497    7.547   -9.444 -106.245   11.707   62.033    1610523988509
02    17.280    8.724  -13.999 -105.730   86.727   52.820    1610523988509
01    15.525    7.519   -9.504 -106.172   11.784   62.566    1610523988524
02    17.361    8.713  -13.907 -113.173   86.100   44.675    1610523988540
01    15.584    7.472   -9.539 -106.416   12.317   63.381    1610523988555
02    17.499    8.667  -13.579 -136.452   83.979   20.048    1610523988555
01    15.662    7.321   -9.702 -107.703   13.333   64.292    1610523988571
02    17.961    8.688  -12.064 -158.372   79.384   -4.290    1610523988571
01    15.704    7.151  -10.111 -110.793   16.466   65.218    1610523988577
02    18.635    8.595   -9.419 -170.825   70.654  -18.801    1610523988577
01    15.678    7.210  -10.556 -115.754   22.655   65.260    1610523988593
02    15.471    9.248  -12.151 -157.237   41.706  -14.725    1610523988593
01    15.674    7.518  -10.702 -120.531   29.988   63.184    1610523988609
02    15.238    8.160  -12.276 -152.009   -3.248  -11.840    1610523988609
01    15.703    7.598  -10.798 -125.221   33.938   61.190    1610523988640
02    15.282    7.675  -12.348 -152.832  -27.898  -14.041    1610523988640
01    15.695    7.729  -10.837 -130.438   37.394   59.152    1610523988656
02    15.672    7.766  -11.821 -153.582  -32.654  -14.321    1610523988656
01    15.761    7.854  -10.711 -133.420   40.084   58.467    1610523988671
02    15.946    7.736  -11.491 -155.624  -33.807  -13.774    1610523988671
01    15.815    7.926  -10.556 -133.768   40.403   59.265    1610523988678
02    16.050    7.736  -11.311 -157.392  -34.172  -12.513    1610523988678
01    15.845    8.005  -10.401 -131.750   39.473   60.574    1610523988693
02    16.103    7.720  -11.169 -158.831  -33.610  -10.730    1610523988693
01    15.823    8.086  -10.304 -128.032   37.005   61.966    1610523988709
02    16.143    7.782  -10.987 -159.194  -31.656   -8.684    1610523988709
01    15.773    8.063  -10.329 -124.609   33.866   62.929    1610523988725
02    16.186    7.857  -10.773 -158.589  -28.371   -6.769    1610523988725
01    15.745    8.020  -10.340 -122.550   32.490   63.692    1610523988756
02    16.248    7.959  -10.508 -155.817  -21.577   -6.871    1610523988756
01    15.742    8.030  -10.261 -120.168   31.856   64.703    1610523988772
02    16.216    7.835  -10.590 -153.534  -16.645   -6.285    1610523988772
01    15.734    8.083  -10.122 -116.727   30.206   66.037    1610523988778
02    16.236    7.681  -10.624 -153.841   -5.541   -5.181    1610523988778
01    15.687    8.105   -9.972 -112.894   26.521   66.965    1610523988794
02    15.869    7.547  -11.439 -154.047    3.494   -4.384    1610523988794
01    15.668    8.008   -9.832 -110.129   22.169   67.260    1610523988809
02    15.562    7.482  -12.334 -153.821   12.721   -4.017    1610523988809
01    15.657    7.843   -9.748 -108.030   17.679   66.351    1610523988825
02    15.442    7.403  -13.251 -152.535   24.471   -2.194    1610523988825
01    15.676    7.671   -9.654 -106.709   15.282   64.899    1610523988856
02    15.586    7.424  -13.705 -148.675   36.351    1.821    1610523988856
01    15.697    7.542   -9.535 -106.251   14.801   63.653    1610523988872
02    15.796    7.534  -13.781 -143.912   45.611    7.079    1610523988872
01    15.698    7.412   -9.517 -106.493   14.871   62.586    1610523988878
02    16.002    7.628  -13.645 -141.069   51.544   10.963    1610523988878
01    15.707    7.338   -9.567 -106.411   15.846   62.003    1610523988895
02    16.162    7.649  -13.441 -139.663   53.941   13.486    1610523988895
01    15.697    7.370   -9.584 -105.854   16.906   61.724    1610523988910
02    16.152    7.687  -13.365 -139.953   53.585   13.229    1610523988910
01    15.677    7.437   -9.561 -105.059   17.431   61.338    1610523988926
02    16.089    7.660  -13.400 -139.735   52.798   13.993    1610523988926
01    15.660    7.495   -9.527 -104.055   17.026   60.880    1610523988941
02    16.010    7.631  -13.503 -138.397   52.904   15.526    1610523988941
01    15.650    7.531   -9.458 -102.811   15.823   60.406    1610523988973
02    15.959    7.545  -13.698 -136.588   54.023   17.818    1610523988973
01    15.640    7.515   -9.396 -101.485   13.441   59.685    1610523988979
02    15.976    7.519  -13.871 -134.040   58.048   20.679    1610523988979
01    15.657    7.451   -9.327 -100.543   11.012   58.895    1610523988995
02    16.073    7.553  -13.966 -131.361   64.077   23.966    1610523988995
01    15.712    7.342   -9.208 -100.085    9.488   58.249    1610523989010
02    16.217    7.637  -13.935 -127.759   69.963   28.071    1610523989010
01    15.765    7.253   -9.119  -99.989    9.217   57.501    1610523989026
02    16.331    7.739  -13.877 -124.229   73.156   31.651    1610523989026
01    15.827    7.119   -9.089 -100.582    9.559   57.092    1610523989042
02    16.433    7.785  -13.816 -120.097   74.708   36.692    1610523989042
01    15.880    7.019   -9.101 -101.097   10.864   57.014    1610523989058
02    16.514    7.820  -13.788 -118.630   75.403   38.721    1610523989073
01    15.917    7.013   -9.127 -101.271   12.686   57.621    1610523989080
02    16.618    7.902  -13.726 -116.534   76.386   40.356    1610523989080
01    15.937    6.992   -9.178 -102.433   14.755   59.019    1610523989096
02    16.789    7.954  -13.533 -114.618   76.317   41.600    1610523989096
01    15.892    6.994   -9.388 -104.637   17.548   60.615    1610523989112
02    16.997    8.115  -12.971 -120.157   74.832   34.930    1610523989112
01    15.784    7.080   -9.711 -107.959   21.250   62.083    1610523989127
02    17.417    8.497  -11.333 -132.538   71.992   21.405    1610523989127
01    15.568    7.289  -10.290 -113.757   26.622   62.467    1610523989143
02    17.868    8.556   -9.319 -148.991   64.422    5.237    1610523989143
01    15.529    7.655  -10.654 -120.057   33.435   63.059    1610523989159
02    16.105    8.166  -11.059 -156.197   30.189   -5.238    1610523989159
01    15.532    8.027  -10.687 -122.336   37.596   63.923    1610523989180
02    15.737    7.623  -11.705 -160.135    3.993   -7.308    1610523989180
01    15.578    8.173  -10.727 -124.221   38.609   64.302    1610523989197
02    15.684    7.700  -11.855 -160.854   -5.008   -7.568    1610523989197
01    15.659    8.234  -10.758 -125.080   39.154   64.804    1610523989212
02    15.779    7.794  -11.813 -161.152   -8.157   -6.186    1610523989212
01    15.754    8.241  -10.756 -125.020   39.226   65.635    1610523989228
02    15.929    7.803  -11.702 -161.755   -8.518   -5.464    1610523989228
01    15.851    8.186  -10.744 -124.479   38.954   66.697    1610523989243
02    16.048    7.782  -11.609 -161.874   -8.203   -4.672    1610523989243
01    15.904    8.176  -10.743 -123.117   38.670   67.337    1610523989259
02    16.130    7.729  -11.576 -161.629   -7.710   -4.082    1610523989259
01    15.968    8.129  -10.741 -121.873   38.405   67.841    1610523989281
02    16.186    7.710  -11.547 -160.856   -7.220   -4.440    1610523989281
01    15.987    8.127  -10.772 -119.937   38.254   67.990    1610523989297
02    16.229    7.668  -11.559 -159.630   -6.485   -4.617    1610523989297
01    16.041    8.095  -10.773 -117.816   38.198   69.125    1610523989313
02    16.215    7.690  -11.591 -157.483   -5.549   -4.605    1610523989313
01    16.077    8.117  -10.726 -115.472   38.034   70.340    1610523989329
02    16.270    7.672  -11.576 -155.057   -3.224   -3.353    1610523989329
01    16.125    8.152  -10.575 -112.543   36.984   71.884    1610523989344
02    16.317    7.530  -11.662 -153.555    2.799   -1.344    1610523989344
01    16.141    8.150  -10.429 -109.762   34.182   72.776    1610523989360
02    16.094    7.350  -12.342 -152.352    9.396    0.092    1610523989360
01    16.126    8.082  -10.341 -107.351   30.366   72.756    1610523989382
02    15.776    7.134  -13.598 -151.140   16.850    1.419    1610523989382
01    16.093    7.979  -10.317 -104.875   26.209   71.323    1610523989398
02    15.780    7.056  -14.516 -148.886   27.989    3.834    1610523989398
01    16.069    7.856  -10.327 -102.459   23.599   68.928    1610523989413
02    16.031    7.244  -14.779 -146.072   40.594    6.504    1610523989413
01    16.068    7.708  -10.355  -99.638   23.066   66.594    1610523989429
02    16.406    7.468  -14.670 -143.842   51.937    8.989    1610523989429
01    16.123    7.572  -10.351  -97.081   23.965   65.172    1610523989445
02    16.627    7.694  -14.532 -143.248   59.543    9.326    1610523989445
01    16.169    7.484  -10.362  -95.052   24.863   63.584    1610523989460
02    16.706    7.963  -14.468 -145.104   64.952    6.757    1610523989460
01    16.213    7.508  -10.290  -92.802   25.823   62.776    1610523989482
02    16.736    8.113  -14.470 -147.020   68.672    4.894    1610523989482
01    16.263    7.519  -10.191  -91.416   25.816   62.161    1610523989498
02    16.753    8.258  -14.485 -149.207   72.151    3.125    1610523989498
01    16.305    7.493  -10.108  -90.673   24.975   61.565    1610523989514
02    16.814    8.430  -14.460 -150.679   76.215    2.186    1610523989514
01    16.331    7.421  -10.053  -90.761   24.067   61.098    1610523989530
02    16.927    8.526  -14.375 -150.041   79.697    3.856    1610523989530
01    16.381    7.349   -9.947  -91.245   23.837   61.244    1610523989545
02    17.041    8.532  -14.329 -145.102   81.574    9.955    1610523989545
01    16.416    7.236   -9.925  -92.875   23.996   61.196    1610523989561
02    17.162    8.575  -14.236 -138.152   83.629   17.394    1610523989561
01    16.402    7.177  -10.028  -94.183   24.604   60.918    1610523989583
02    17.268    8.600  -14.208 -129.478   84.501   26.374    1610523989583
01    16.430    7.174  -10.108  -94.693   25.973   61.234    1610523989599
02    17.446    8.583  -14.167 -109.779   85.437   46.467    1610523989599
01    16.436    7.209  -10.216  -94.539   26.852   61.564    1610523989615
02    17.578    8.553  -14.181  -95.196   85.173   60.993    1610523989615
01    16.488    7.206  -10.298  -94.235   27.505   62.134    1610523989630
02    17.701    8.480  -14.129  -89.716   84.203   65.972    1610523989630
01    16.525    7.174  -10.435  -94.023   28.269   62.699    1610523989646
02    17.792    8.365  -13.935 -100.606   82.089   54.124    1610523989646
01    16.574    7.183  -10.509  -93.903   29.826   63.992    1610523989662
02    17.871    8.386  -13.264 -120.127   78.825   32.514    1610523989662
01    16.585    7.214  -10.664  -95.017   32.316   65.829    1610523989684
02    18.372    8.612  -10.876 -134.816   74.388   16.339    1610523989684
01    16.472    7.276  -11.093  -99.715   36.631   67.611    1610523989700
02    18.213    8.843   -9.475 -146.996   63.628    1.998    1610523989700
01    16.400    7.574  -11.266 -106.441   43.206   68.693    1610523989715
02    17.044    7.075  -11.068 -158.720   14.459   -6.911    1610523989715
01    16.396    7.837  -11.288 -108.359   45.828   72.328    1610523989731
02    16.526    7.348  -11.595 -160.696   -0.903  -12.370    1610523989731
01    16.458    7.933  -11.247 -109.122   46.300   74.863    1610523989746
02    16.297    7.607  -11.840 -161.410   -5.505  -12.639    1610523989746
01    16.515    7.987  -11.210 -109.004   45.928   76.075    1610523989762
02    16.306    7.628  -11.884 -162.629   -6.450  -11.926    1610523989762
01    16.571    8.019  -11.153 -107.881   45.356   77.669    1610523989784
02    16.339    7.642  -11.889 -163.236   -5.946  -10.690    1610523989784
01    16.643    7.999  -11.089 -106.686   44.613   79.073    1610523989801
02    16.391    7.640  -11.860 -163.224   -4.971   -9.304    1610523989801
01    16.682    7.935  -11.111 -105.377   43.387   79.863    1610523989816
02    16.416    7.685  -11.820 -162.375   -3.633   -8.282    1610523989816
01    16.733    7.886  -11.075 -103.199   42.836   81.538    1610523989831
02    16.423    7.771  -11.786 -159.950   -1.512   -7.036    1610523989831
01    16.734    7.917  -11.051 -101.540   42.478   82.126    1610523989847
02    16.473    7.737  -11.853 -156.274    1.029   -5.031    1610523989847
01    16.752    7.956  -10.956 -100.258   41.987   82.360    1610523989863
02    16.540    7.601  -11.955 -153.182    5.259   -2.761    1610523989863
01    16.772    8.070  -10.697  -97.244   39.880   82.893    1610523989885
02    16.325    7.252  -12.697 -152.548   10.404   -0.539    1610523989885
01    16.724    8.046  -10.521  -94.980   35.421   81.887    1610523989901
02    15.911    7.048  -14.029 -152.910   17.449   -0.585    1610523989901
01    16.667    7.887  -10.495  -93.590   30.064   79.073    1610523989917
02    15.822    7.144  -15.122 -153.529   26.606   -1.567    1610523989917
01    16.626    7.719  -10.497  -93.216   27.131   75.658    1610523989932
02    16.263    7.454  -15.283 -153.348   40.265   -1.876    1610523989932
01    16.576    7.613  -10.546  -93.389   26.518   72.435    1610523989948
02    16.713    7.869  -15.093 -152.566   54.413   -1.489    1610523989948
01    16.569    7.508  -10.604  -93.291   26.853   70.532    1610523989964
02    17.108    8.161  -14.812 -152.761   64.375   -1.647    1610523989964
01    16.592    7.521  -10.568  -92.392   27.706   70.073    1610523989985
02    17.282    8.300  -14.729 -152.868   69.060   -1.859    1610523989985
01    16.605    7.573  -10.478  -91.602   27.557   70.109    1610523990001
02    17.410    8.352  -14.741 -150.175   72.993    1.253    1610523990001
01    16.601    7.606  -10.406  -91.231   26.240   69.875    1610523990017
02    17.590    8.375  -14.752 -142.307   77.347   10.459    1610523990017
01    16.575    7.633  -10.333  -91.179   24.370   69.266    1610523990033
02    17.800    8.409  -14.660 -122.811   81.925   31.663    1610523990033
01    16.571    7.613  -10.202  -91.679   22.432   68.962    1610523990048
02    17.991    8.463  -14.509  -86.322   83.668   69.065    1610523990048
01    16.526    7.575  -10.108  -92.626   20.470   68.111    1610523990064
02    18.134    8.437  -14.444  -63.410   83.108   92.820    1610523990064
01    16.528    7.487   -9.995  -93.823   18.971   67.667    1610523990086
02    18.254    8.429  -14.378  -45.605   82.277  110.992    1610523990086
01    16.536    7.432   -9.892  -94.599   17.720   67.497    1610523990102
02    18.356    8.460  -14.333  -33.190   81.319  123.335    1610523990102
01    16.534    7.373   -9.831  -95.378   16.366   67.361    1610523990118
02    18.472    8.420  -14.294  -26.229   80.237  130.765    1610523990118
01    16.515    7.321   -9.828  -96.112   15.111   66.943    1610523990133
02    18.547    8.373  -14.276  -23.196   79.294  134.061    1610523990133
01    16.503    7.314   -9.823  -96.518   14.106   66.727    1610523990149
02    18.579    8.350  -14.281  -22.615   78.988  134.509    1610523990149
01    16.491    7.271   -9.855  -97.349   13.349   66.289    1610523990165
02    18.576    8.307  -14.272  -23.445   79.158  133.959    1610523990165
01    16.508    7.211   -9.872  -98.018   13.289   66.460    1610523990186
02    18.612    8.193  -14.175  -32.381   79.537  124.089    1610523990186
01    16.534    7.129   -9.962  -99.381   14.557   66.929    1610523990202
02    18.728    8.027  -13.710  -58.387   80.257   95.826    1610523990202
01    16.534    7.012  -10.196 -102.333   17.726   67.570    1610523990218
02    18.931    8.452  -11.964  -97.251   79.053   52.570    1610523990218
01    16.425    6.992  -10.732 -106.614   22.698   67.516    1610523990234
02    19.151    8.919   -9.298 -128.316   72.729   19.484    1610523990234
01    16.249    7.311  -11.298 -113.046   31.123   65.879    1610523990249
02    16.832    8.435  -11.936 -146.338   43.374   -2.737    1610523990249
01    16.312    7.723  -11.252 -115.712   38.665   66.591    1610523990265
02    16.352    7.532  -12.507 -154.836    5.266   -9.830    1610523990265
01    16.335    7.992  -11.179 -117.746   41.869   66.057    1610523990287
02    16.425    7.541  -12.229 -156.665   -4.712   -9.766    1610523990287
01    16.392    8.085  -11.066 -117.952   42.387   66.689    1610523990303
02    16.445    7.608  -12.086 -157.064   -8.812  -10.278    1610523990303
01    16.415    8.115  -10.983 -118.514   41.949   66.469    1610523990318
02    16.459    7.560  -11.974 -157.503  -10.505  -10.025    1610523990318
01    16.401    8.122  -10.911 -118.572   40.941   66.436    1610523990334
02    16.444    7.547  -11.860 -157.784  -11.158   -9.585    1610523990334
01    16.376    8.096  -10.877 -118.316   39.738   66.199    1610523990350
02    16.449    7.549  -11.718 -157.443  -11.121   -8.713    1610523990350
01    16.386    8.016  -10.818 -117.314   38.735   66.975    1610523990365
02    16.397    7.547  -11.671 -156.443  -11.414   -7.926    1610523990365
01    16.372    8.011  -10.745 -115.290   38.090   68.439    1610523990387
02    16.382    7.500  -11.622 -155.270  -11.235   -7.551    1610523990387
01    16.380    8.011  -10.629 -112.990   37.004   70.136    1610523990403
02    16.327    7.521  -11.625 -152.754  -11.385   -6.867    1610523990403
01    16.388    8.030  -10.485 -110.325   34.905   71.338    1610523990419
02    16.560    7.418  -11.292 -151.629   -4.578   -4.139    1610523990419
01    16.379    8.022  -10.294 -107.179   31.353   72.175    1610523990434
02    16.449    7.239  -11.662 -150.908    3.731   -1.982    1610523990434
01    16.346    7.901  -10.215 -104.703   26.575   71.611    1610523990450
02    16.154    6.993  -12.571 -149.700   11.800   -0.142    1610523990450
01    16.325    7.724  -10.196 -102.005   21.377   69.584    1610523990465
02    15.963    6.721  -13.627 -147.698   20.366    2.021    1610523990465
01    16.331    7.539  -10.195  -99.070   18.495   66.844    1610523990488
02    16.074    6.617  -14.394 -144.648   31.310    4.834    1610523990488
01    16.392    7.344  -10.172  -96.634   17.943   64.845    1610523990503
02    16.291    6.773  -14.735 -141.147   43.077    7.525    1610523990503
01    16.481    7.211  -10.136  -94.755   18.772   63.482    1610523990519
02    16.612    7.095  -14.658 -136.897   54.572   10.961    1610523990519
01    16.551    7.156  -10.107  -93.528   19.963   62.417    1610523990534
02    16.881    7.360  -14.483 -131.975   62.297   15.765    1610523990534
01    16.587    7.177  -10.049  -92.623   20.809   61.794    1610523990550
02    17.149    7.458  -14.196 -125.687   66.465   22.543    1610523990550
01    16.588    7.198  -10.063  -92.089   21.263   60.923    1610523990566
02    17.249    7.493  -14.000 -123.343   66.422   24.625    1610523990566
01    16.637    7.193  -10.032  -91.262   21.448   60.527    1610523990588
02    17.296    7.525  -13.783 -123.174   65.388   24.186    1610523990588
01    16.684    7.176   -9.996  -90.353   21.559   60.336    1610523990604
02    17.227    7.503  -13.723 -125.489   63.069   21.536    1610523990604
01    16.719    7.200   -9.921  -89.295   21.181   60.363    1610523990620
02    17.121    7.432  -13.852 -126.434   61.298   20.394    1610523990620
01    16.757    7.190   -9.822  -88.929   19.881   60.197    1610523990635
02    17.060    7.390  -14.007 -125.686   61.641   21.337    1610523990635
01    16.762    7.187   -9.720  -88.619   18.134   59.539    1610523990651
02    17.013    7.381  -14.207 -125.551   63.736   22.386    1610523990651
01    16.759    7.087   -9.652  -88.823   15.666   58.588    1610523990667
02    17.044    7.446  -14.311 -123.713   68.023   25.453    1610523990667
01    16.813    6.981   -9.497  -89.283   13.969   58.238    1610523990688
02    17.117    7.556  -14.334 -120.864   72.756   29.653    1610523990688
01    16.839    6.889   -9.410  -90.080   13.155   58.142    1610523990705
02    17.229    7.647  -14.309 -112.366   77.334   39.839    1610523990705
01    16.835    6.842   -9.336  -91.569   13.342   58.510    1610523990720
02    17.324    7.796  -14.261  -97.296   80.945   56.040    1610523990720
01    16.785    6.771   -9.446  -93.415   14.137   58.971    1610523990736
02    17.467    7.883  -14.272  -85.292   82.500   70.079    1610523990736
01    16.721    6.742   -9.640  -95.004   15.596   59.804    1610523990751
02    17.684    7.985  -14.153  -64.913   83.241   91.201    1610523990751
01    16.664    6.703   -9.939  -96.798   18.031   60.859    1610523990767
02    17.890    7.992  -13.928  -78.016   82.524   76.729    1610523990767
01    16.573    6.793  -10.319  -99.328   22.327   62.451    1610523990789
02    18.120    8.126  -13.162 -108.741   80.560   43.279    1610523990789
01    16.414    7.036  -10.809 -103.237   29.175   63.392    1610523990805
02    18.636    8.505  -10.848 -132.361   75.738   17.838    1610523990805
01    16.217    7.388  -11.471 -108.599   36.698   63.366    1610523990821
02    18.394    8.904   -9.614 -145.100   63.999    2.416    1610523990821
01    16.252    7.717  -11.634 -111.340   42.527   64.304    1610523990836
02    16.917    7.884  -11.489 -153.499   25.849   -8.625    1610523990836
01    16.371    7.990  -11.488 -110.412   45.619   67.444    1610523990852
02    16.485    7.711  -11.974 -156.250    6.519  -14.442    1610523990852
01    16.482    8.112  -11.344 -110.016   46.652   70.434    1610523990868
02    16.353    7.695  -12.140 -157.256   -1.442  -14.770    1610523990868
01    16.564    8.182  -11.161 -109.490   46.805   72.658    1610523990890
02    16.431    7.692  -12.008 -158.513   -3.173  -14.214    1610523990890
01    16.611    8.155  -11.097 -109.204   45.825   74.533    1610523990906
02    16.482    7.759  -11.914 -159.011   -2.984  -12.625    1610523990906
01    16.656    8.109  -11.045 -108.220   44.702   76.492    1610523990921
02    16.565    7.733  -11.848 -159.586   -1.925  -10.767    1610523990921
01    16.698    8.074  -11.027 -107.102   43.869   78.035    1610523990937
02    16.621    7.661  -11.855 -159.683   -1.121   -9.310    1610523990937
01    16.744    8.157  -10.853 -104.815   43.442   79.942    1610523990953
02    16.595    7.684  -11.940 -157.826   -1.494   -7.487    1610523990953
01    16.770    8.110  -10.819 -104.415   41.707   80.157    1610523990968
02    16.642    7.640  -11.933 -155.922   -1.550   -5.769    1610523990968
01    16.761    8.055  -10.833 -103.926   40.004   80.133    1610523990984
02    16.720    7.558  -11.906 -154.229   -1.168   -4.366    1610523990990
01    16.788    8.057  -10.707 -103.081   39.155   80.463    1610523991006
02    16.827    7.481  -11.810 -152.714    2.265   -2.954    1610523991006
01    16.800    8.075  -10.534 -101.504   37.250   80.539    1610523991021
02    16.738    7.282  -12.199 -151.774    7.567   -1.170    1610523991021
01    16.755    8.071  -10.346  -99.397   33.727   80.106    1610523991037
02    16.440    7.012  -13.126 -150.819   13.572    0.180    1610523991037
01    16.695    7.960  -10.224  -96.878   27.826   78.668    1610523991053
02    16.293    6.749  -14.250 -148.866   21.935    2.082    1610523991053
01    16.656    7.758  -10.150  -95.592   22.827   76.090    1610523991068
02    16.596    6.692  -14.648 -143.627   35.123    7.031    1610523991068
01    16.638    7.610   -9.961  -95.227   20.930   74.043    1610523991084
02    17.016    6.929  -14.474 -135.062   48.272   15.297    1610523991084
01    16.554    7.544   -9.805  -96.803   20.666   71.588    1610523991090
02    17.359    7.135  -14.067 -127.524   56.073   23.305    1610523991090
01    16.475    7.420   -9.799  -99.309   20.460   69.172    1610523991122
02    17.535    7.359  -13.527 -125.143   58.490   25.495    1610523991122
01    16.419    7.322   -9.856 -101.113   20.720   67.652    1610523991138
02    17.541    7.431  -13.073 -128.409   56.692   22.243    1610523991138
01    16.353    7.299   -9.941 -102.476   21.840   66.513    1610523991153
02    17.463    7.518  -12.625 -132.409   53.305   17.692    1610523991153
01    16.316    7.299  -10.013 -103.671   23.427   66.084    1610523991169
02    17.218    7.526  -12.460 -136.842   46.886   12.567    1610523991169
01    16.278    7.375  -10.039 -104.297   25.083   65.753    1610523991184
02    16.848    7.308  -12.746 -139.678   39.619    9.922    1610523991184
01    16.228    7.525   -9.974 -103.637   25.616   65.561    1610523991191
02    16.518    7.069  -13.220 -139.885   36.821    9.910    1610523991191
01    16.207    7.577   -9.864 -102.437   24.150   65.462    1610523991222
02    16.325    6.836  -13.778 -138.356   38.244   11.979    1610523991222
01    16.201    7.569   -9.735 -100.971   21.660   65.278    1610523991238
02    16.341    6.722  -14.237 -136.120   43.807   14.733    1610523991238
01    16.198    7.486   -9.653 -100.086   18.665   64.732    1610523991254
02    16.563    6.830  -14.402 -132.560   52.514   18.658    1610523991254
01    16.222    7.381   -9.560  -99.429   15.653   63.918    1610523991269
02    16.836    7.025  -14.355 -128.520   61.053   23.168    1610523991269
01    16.269    7.226   -9.498  -99.399   13.502   62.750    1610523991285
02    17.048    7.205  -14.274 -124.069   67.409   27.924    1610523991285
01    16.342    7.060   -9.461  -99.320   12.547   62.018    1610523991291
02    17.233    7.322  -14.188 -117.256   72.371   35.338    1610523991291
01    16.413    6.904   -9.485  -99.402   13.061   61.687    1610523991323
02    17.375    7.418  -14.120 -109.901   75.197   43.022    1610523991323
01    16.454    6.791   -9.592  -99.572   14.901   61.758    1610523991338
02    17.516    7.441  -14.045 -102.949   76.068   50.223    1610523991338
01    16.476    6.712   -9.791  -99.881   17.848   62.326    1610523991354
02    17.623    7.480  -13.923 -100.736   75.151   51.903    1610523991354
01    16.483    6.698  -10.029  -99.988   21.508   63.480    1610523991370
02    17.708    7.551  -13.719 -104.680   73.437   47.351    1610523991370
01    16.466    6.818  -10.270  -99.593   25.664   65.112    1610523991385
02    17.780    7.672  -13.326 -112.896   71.084   38.991    1610523991385
01    16.451    6.998  -10.452  -99.076   29.792   67.652    1610523991392
02    17.849    7.836  -12.629 -124.431   67.826   27.682    1610523991392
01    16.480    7.178  -10.609  -99.134   33.741   70.578    1610523991408
02    17.772    7.867  -12.162 -135.291   61.547   16.965    1610523991408
01    16.462    7.385  -10.813  -99.656   36.603   72.385    1610523991439
02    17.406    7.745  -12.302 -141.803   52.320   10.147    1610523991439
01    16.512    7.540  -10.903  -99.934   38.699   74.479    1610523991454
02    17.040    7.504  -12.751 -143.842   42.626    7.779    1610523991454
01    16.553    7.612  -10.999  -99.945   39.544   76.153    1610523991470
02    17.057    7.346  -12.871 -143.174   39.014    8.536    1610523991470
01    16.536    7.709  -11.158 -101.059   40.478   77.127    1610523991486
02    17.408    7.528  -12.297 -142.451   39.204    8.327    1610523991486
01    16.607    7.815  -11.211 -103.388   43.094   78.577    1610523991492
02    17.411    7.446  -12.134 -147.014   27.995    3.556    1610523991492
01    16.744    7.973  -11.021 -103.611   44.778   80.611    1610523991508
02    17.298    7.283  -12.196 -152.379   14.362    0.125    1610523991508
01    16.813    8.025  -10.950 -104.574   44.176   80.883    1610523991539
02    17.194    7.214  -12.252 -155.354    5.770   -1.862    1610523991539
01    16.858    7.968  -10.989 -105.552   42.947   80.537    1610523991555
02    17.176    7.226  -12.178 -156.672    2.406   -2.637    1610523991555
01    16.943    7.891  -10.969 -105.283   42.284   81.343    1610523991571
02    17.196    7.197  -12.127 -157.501    0.667   -2.666    1610523991571
01    17.008    7.859  -10.920 -105.134   42.013   81.697    1610523991586
02    17.210    7.186  -12.068 -157.779   -0.363   -3.243    1610523991586
01    17.026    7.818  -10.925 -105.213   41.463   81.685    1610523991592
02    17.216    7.198  -12.021 -157.540   -1.104   -3.002    1610523991592
01    17.042    7.818  -10.868 -105.319   41.267   81.902    1610523991608
02    17.237    7.166  -11.958 -158.164   -1.345   -2.380    1610523991608
01    17.029    7.820  -10.837 -105.726   41.098   81.734    1610523991624
02    17.230    7.139  -11.911 -158.651   -2.183   -2.206    1610523991624
01    16.995    7.818  -10.837 -105.742   40.717   81.497    1610523991655
02    17.193    7.171  -11.882 -157.828   -2.624   -2.324    1610523991655
