01    18.343   -1.196   -8.841   92.222   39.793  177.026    1609905406647
02    16.089   -4.240  -11.542  159.089   47.334  179.155    1609905406647
01    18.341   -1.182   -8.872   92.226   39.466  177.138    1609905406663
02    16.085   -4.223  -11.590  159.351   47.303  179.226    1609905406663
01    18.355   -1.198   -8.854   91.497   39.010  176.389    1609905406678
02    16.092   -4.244  -11.621  159.803   47.725  179.588    1609905406678
01    18.372   -1.191   -8.834   90.932   38.318  175.544    1609905406709
02    16.125   -4.262  -11.621  160.395   48.770  179.958    1609905406709
01    18.383   -1.147   -8.832   91.092   37.517  175.274    1609905406716
02    16.147   -4.308  -11.621  160.949   49.307 -179.407    1609905406716
01    18.398   -1.128   -8.819   90.810   37.240  174.873    1609905406732
02    16.161   -4.328  -11.626  161.102   49.451 -179.326    1609905406732
01    18.422   -1.127   -8.782   90.232   37.102  174.272    1609905406747
02    16.167   -4.359  -11.622  161.076   49.582 -179.215    1609905406747
01    18.421   -1.139   -8.781   90.153   36.986  174.348    1609905406763
02    16.142   -4.396  -11.659  160.956   49.453 -179.114    1609905406763
01    18.429   -1.129   -8.773   90.068   36.746  174.062    1609905406778
02    16.169   -4.399  -11.655  161.519   49.929 -178.903    1609905406778
01    18.452   -1.118   -8.744   89.651   36.424  173.498    1609905406810
02    16.174   -4.397  -11.666  162.232   50.219 -178.455    1609905406810
01    18.470   -1.120   -8.721   89.083   36.038  173.055    1609905406816
02    16.183   -4.430  -11.685  163.184   50.757 -177.634    1609905406816
01    18.463   -1.139   -8.739   88.902   35.764  173.217    1609905406832
02    16.206   -4.443  -11.671  163.668   51.407 -177.303    1609905406832
01    18.460   -1.121   -8.740   88.926   35.502  173.177    1609905406847
02    16.206   -4.458  -11.672  163.669   51.513 -177.212    1609905406847
01    18.457   -1.109   -8.743   88.942   35.332  173.274    1609905406863
02    16.192   -4.453  -11.677  163.381   51.212 -177.458    1609905406863
01    18.452   -1.100   -8.732   88.989   35.157  173.273    1609905406879
02    16.186   -4.423  -11.688  163.631   51.047 -177.473    1609905406879
01    18.461   -1.081   -8.698   88.898   35.105  172.985    1609905406910
02    16.194   -4.418  -11.676  163.783   51.383 -177.389    1609905406910
01    18.449   -1.043   -8.727   89.325   34.859  173.305    1609905406916
02    16.187   -4.402  -11.693  163.821   51.286 -177.480    1609905406916
01    18.445   -1.047   -8.733   89.189   34.678  173.227    1609905406932
02    16.180   -4.432  -11.707  164.175   51.381 -176.954    1609905406932
01    18.450   -1.074   -8.734   88.782   34.695  173.027    1609905406948
02    16.190   -4.427  -11.718  164.561   51.632 -176.746    1609905406948
01    18.454   -1.073   -8.742   88.701   34.654  172.968    1609905406963
02    16.192   -4.463  -11.718  164.637   51.830 -176.406    1609905406963
01    18.457   -1.065   -8.742   88.703   34.673  172.921    1609905406979
02    16.194   -4.452  -11.727  164.762   51.777 -176.371    1609905406979
01    18.462   -1.058   -8.743   88.675   34.593  172.873    1609905407010
02    16.197   -4.460  -11.731  164.699   51.849 -176.339    1609905407010
01    18.456   -1.073   -8.763   88.652   34.635  172.959    1609905407017
02    16.187   -4.461  -11.759  164.706   51.706 -176.311    1609905407017
01    18.463   -1.060   -8.759   88.639   34.568  172.817    1609905407032
02    16.193   -4.463  -11.768  164.977   51.870 -176.113    1609905407032
01    18.465   -1.060   -8.765   88.584   34.556  172.771    1609905407048
02    16.212   -4.460  -11.768  165.148   52.106 -176.050    1609905407048
01    18.470   -1.027   -8.769   88.642   34.377  172.628    1609905407064
02    16.221   -4.470  -11.769  165.274   52.327 -175.890    1609905407064
01    18.478   -1.057   -8.765   88.276   34.430  172.447    1609905407079
02    16.234   -4.462  -11.765  165.334   52.508 -175.956    1609905407079
01    18.487   -1.066   -8.756   87.965   34.363  172.196    1609905407095
02    16.245   -4.464  -11.769  165.425   52.728 -175.862    1609905407095
01    18.494   -1.054   -8.761   87.999   34.344  172.165    1609905407117
02    16.245   -4.458  -11.777  165.465   52.689 -175.855    1609905407117
01    18.501   -1.067   -8.754   87.789   34.427  171.993    1609905407133
02    16.242   -4.448  -11.789  165.544   52.589 -175.849    1609905407133
01    18.506   -1.061   -8.751   87.784   34.416  171.921    1609905407148
02    16.232   -4.440  -11.815  165.706   52.487 -175.755    1609905407148
01    18.501   -1.065   -8.767   87.830   34.480  172.142    1609905407164
02    16.235   -4.442  -11.818  165.699   52.512 -175.738    1609905407164
01    18.503   -1.059   -8.769   87.894   34.445  172.135    1609905407180
02    16.249   -4.458  -11.805  165.840   52.786 -175.551    1609905407180
01    18.508   -1.057   -8.766   87.825   34.416  171.987    1609905407195
02    16.252   -4.456  -11.814  166.103   52.891 -175.377    1609905407195
01    18.510   -1.058   -8.770   87.760   34.406  171.963    1609905407217
02    16.255   -4.472  -11.820  166.508   53.104 -174.935    1609905407217
01    18.510   -1.052   -8.773   87.767   34.362  171.934    1609905407233
02    16.265   -4.507  -11.811  166.617   53.460 -174.610    1609905407233
01    18.513   -1.059   -8.772   87.717   34.376  171.891    1609905407249
02    16.262   -4.510  -11.824  166.629   53.336 -174.613    1609905407249
01    18.512   -1.059   -8.779   87.676   34.409  171.883    1609905407264
02    16.248   -4.519  -11.849  166.668   53.119 -174.549    1609905407264
01    18.513   -1.048   -8.784   87.768   34.363  171.888    1609905407280
02    16.251   -4.518  -11.858  166.856   53.183 -174.371    1609905407280
01    18.515   -1.051   -8.789   87.707   34.341  171.882    1609905407296
02    16.248   -4.509  -11.873  166.912   53.185 -174.413    1609905407296
01    18.511   -1.047   -8.802   87.723   34.295  171.910    1609905407318
02    16.249   -4.512  -11.873  166.900   53.289 -174.410    1609905407318
01    18.512   -1.029   -8.806   87.777   34.267  171.909    1609905407333
02    16.245   -4.528  -11.878  167.071   53.313 -174.147    1609905407333
01    18.517   -1.033   -8.797   87.715   34.265  171.860    1609905407349
02    16.253   -4.529  -11.872  167.083   53.461 -174.111    1609905407349
01    18.514   -1.024   -8.809   87.716   34.222  171.882    1609905407365
02    16.271   -4.511  -11.858  167.082   53.626 -174.239    1609905407365
01    18.519   -1.031   -8.803   87.675   34.233  171.842    1609905407380
02    16.277   -4.516  -11.855  167.175   53.692 -174.151    1609905407380
01    18.519   -1.042   -8.802   87.637   34.264  171.835    1609905407396
02    16.271   -4.530  -11.860  167.148   53.674 -174.119    1609905407396
01    18.521   -1.033   -8.794   87.665   34.254  171.791    1609905407418
02    16.275   -4.527  -11.856  167.262   53.771 -174.031    1609905407418
01    18.515   -1.039   -8.804   87.691   34.260  171.839    1609905407434
02    16.273   -4.515  -11.866  167.377   53.756 -174.024    1609905407434
01    18.509   -1.039   -8.812   87.710   34.261  171.866    1609905407449
02    16.276   -4.525  -11.868  167.577   53.819 -173.747    1609905407449
01    18.505   -1.032   -8.819   87.800   34.243  171.905    1609905407465
02    16.270   -4.533  -11.870  167.583   53.829 -173.691    1609905407465
01    18.505   -1.023   -8.815   87.841   34.208  171.893    1609905407480
02    16.267   -4.537  -11.874  167.584   53.796 -173.648    1609905407480
01    18.503   -1.029   -8.820   87.823   34.234  171.908    1609905407496
02    16.277   -4.533  -11.863  167.573   53.863 -173.732    1609905407496
01    18.501   -1.040   -8.827   87.785   34.248  171.922    1609905407518
02    16.265   -4.535  -11.881  167.573   53.699 -173.693    1609905407518
01    18.503   -1.047   -8.823   87.731   34.279  171.886    1609905407534
02    16.263   -4.531  -11.884  167.614   53.656 -173.669    1609905407534
01    18.500   -1.054   -8.830   87.713   34.354  171.909    1609905407550
02    16.261   -4.521  -11.888  167.653   53.637 -173.700    1609905407550
01    18.500   -1.044   -8.830   87.769   34.347  171.923    1609905407565
02    16.261   -4.528  -11.888  167.701   53.638 -173.597    1609905407565
01    18.496   -1.052   -8.829   87.764   34.357  171.963    1609905407581
02    16.270   -4.528  -11.874  167.667   53.746 -173.660    1609905407581
01    18.495   -1.057   -8.825   87.755   34.395  171.930    1609905407596
02    16.275   -4.527  -11.864  167.646   53.792 -173.705    1609905407596
01    18.495   -1.047   -8.823   87.834   34.363  171.958    1609905407619
02    16.273   -4.523  -11.864  167.681   53.767 -173.682    1609905407619
01    18.491   -1.032   -8.830   88.047   34.311  172.055    1609905407634
02    16.270   -4.518  -11.867  167.670   53.711 -173.727    1609905407634
01    18.490   -1.034   -8.833   88.086   34.325  172.077    1609905407650
02    16.267   -4.523  -11.869  167.615   53.686 -173.713    1609905407650
01    18.490   -1.028   -8.837   88.175   34.307  172.160    1609905407665
02    16.263   -4.535  -11.871  167.603   53.666 -173.637    1609905407665
01    18.490   -1.038   -8.840   88.094   34.331  172.186    1609905407681
02    16.268   -4.538  -11.867  167.617   53.698 -173.617    1609905407681
01    18.488   -1.057   -8.833   87.964   34.335  172.103    1609905407697
02    16.270   -4.541  -11.864  167.630   53.715 -173.595    1609905407697
01    18.486   -1.059   -8.834   88.039   34.334  172.129    1609905407719
02    16.262   -4.538  -11.871  167.654   53.614 -173.570    1609905407719
01    18.488   -1.065   -8.832   88.052   34.372  172.124    1609905407734
02    16.265   -4.530  -11.869  167.627   53.578 -173.637    1609905407734
01    18.488   -1.069   -8.829   88.043   34.414  172.119    1609905407750
02    16.263   -4.531  -11.871  167.559   53.533 -173.682    1609905407750
01    18.489   -1.073   -8.831   88.066   34.461  172.145    1609905407766
02    16.262   -4.537  -11.863  167.549   53.515 -173.652    1609905407766
01    18.488   -1.060   -8.833   88.170   34.460  172.172    1609905407781
02    16.266   -4.524  -11.862  167.511   53.488 -173.759    1609905407781
01    18.494   -1.062   -8.816   88.104   34.501  172.079    1609905407797
02    16.262   -4.541  -11.858  167.527   53.476 -173.641    1609905407797
01    18.493   -1.056   -8.825   88.177   34.535  172.157    1609905407819
02    16.254   -4.552  -11.862  167.488   53.395 -173.562    1609905407819
01    18.492   -1.050   -8.821   88.240   34.549  172.173    1609905407835
02    16.253   -4.544  -11.862  167.483   53.334 -173.633    1609905407835
01    18.491   -1.051   -8.821   88.256   34.556  172.215    1609905407850
02    16.245   -4.539  -11.867  167.392   53.160 -173.736    1609905407850
01    18.484   -1.054   -8.829   88.284   34.582  172.352    1609905407866
02    16.243   -4.537  -11.860  167.420   53.225 -173.691    1609905407866
01    18.484   -1.059   -8.814   88.256   34.537  172.264    1609905407882
02    16.245   -4.529  -11.851  167.363   53.255 -173.789    1609905407882
01    18.482   -1.056   -8.809   88.359   34.495  172.282    1609905407897
02    16.251   -4.521  -11.843  167.321   53.292 -173.876    1609905407897
01    18.482   -1.038   -8.802   88.477   34.406  172.263    1609905407919
02    16.249   -4.510  -11.841  167.289   53.219 -173.904    1609905407919
01    18.476   -1.042   -8.803   88.531   34.391  172.345    1609905407935
02    16.259   -4.490  -11.808  167.188   53.217 -174.056    1609905407935
01    18.472   -1.042   -8.796   88.549   34.329  172.370    1609905407951
02    16.254   -4.488  -11.786  167.078   53.137 -174.137    1609905407951
01    18.465   -1.032   -8.798   88.812   34.268  172.563    1609905407966
02    16.227   -4.507  -11.795  166.936   52.890 -174.131    1609905407966
01    18.468   -1.022   -8.780   88.801   34.224  172.424    1609905407982
02    16.212   -4.505  -11.809  166.880   52.662 -174.178    1609905407982
01    18.469   -1.032   -8.776   88.670   34.236  172.393    1609905407998
02    16.215   -4.510  -11.805  166.923   52.676 -174.096    1609905407998
01    18.470   -1.053   -8.769   88.567   34.368  172.353    1609905408020
02    16.210   -4.517  -11.799  166.858   52.574 -174.029    1609905408020
01    18.467   -1.050   -8.769   88.635   34.343  172.388    1609905408035
02    16.195   -4.522  -11.809  166.770   52.396 -174.032    1609905408035
01    18.466   -1.052   -8.770   88.670   34.359  172.469    1609905408051
02    16.205   -4.498  -11.797  166.332   52.413 -174.693    1609905408051
01    18.461   -1.041   -8.783   88.819   34.460  172.598    1609905408067
02    16.238   -4.438  -11.737  164.308   52.484 -176.874    1609905408067
01    18.460   -1.058   -8.781   88.712   34.705  172.527    1609905408082
02    16.276   -4.295  -11.649  158.471   51.426  177.257    1609905408082
01    18.447   -1.079   -8.792   88.790   35.075  172.576    1609905408098
02    16.291   -4.125  -11.601  154.674   49.949  173.288    1609905408098
01    18.444   -1.074   -8.807   89.217   35.346  172.620    1609905408120
02    16.270   -4.042  -11.638  153.481   48.709  172.005    1609905408120
01    18.439   -1.095   -8.833   89.381   35.906  172.642    1609905408136
02    16.275   -4.008  -11.642  152.984   48.281  171.572    1609905408136
01    18.447   -1.119   -8.835   89.298   36.379  172.369    1609905408151
02    16.307   -3.979  -11.611  152.781   48.109  171.367    1609905408151
01    18.453   -1.160   -8.848   89.276   36.852  172.292    1609905408167
02    16.284   -4.002  -11.630  152.622   47.605  171.629    1609905408167
01    18.449   -1.226   -8.877   89.308   37.151  172.294    1609905408183
02    16.312   -3.989  -11.585  151.937   47.274  171.011    1609905408183
01    18.421   -1.240   -8.928   90.106   37.566  172.613    1609905408198
02    16.324   -3.946  -11.568  150.982   46.536  170.216    1609905408198
01    18.386   -1.298   -8.961   90.976   38.387  172.891    1609905408220
02    16.285   -3.969  -11.623  150.329   45.602  170.119    1609905408220
01    18.363   -1.345   -8.982   92.140   39.281  173.210    1609905408236
02    16.298   -3.983  -11.640  149.970   45.511  169.797    1609905408236
01    18.335   -1.434   -8.983   93.219   40.549  173.878    1609905408252
02    16.344   -4.009  -11.576  149.647   45.854  169.520    1609905408252
01    18.272   -1.518   -9.039   95.109   41.785  175.184    1609905408267
02    16.417   -4.028  -11.418  147.830   45.555  168.041    1609905408267
01    18.179   -1.701   -9.114   97.344   43.685  176.802    1609905408283
02    16.446   -3.993  -11.288  143.802   42.845  164.997    1609905408283
01    18.088   -1.873   -9.110  100.603   45.857  178.446    1609905408298
02    16.470   -3.861  -11.151  139.485   38.950  161.277    1609905408298
01    17.966   -1.914   -9.196  105.246   47.152 -179.000    1609905408321
02    16.436   -3.713  -11.124  136.689   34.387  159.123    1609905408321
01    17.870   -1.853   -9.373  109.061   47.774 -176.794    1609905408336
02    16.397   -3.559  -11.201  136.373   31.745  158.340    1609905408336
01    17.878   -1.820   -9.424  109.984   48.069 -176.775    1609905408352
02    16.406   -3.494  -11.277  136.943   31.947  158.259    1609905408352
01    17.882   -1.831   -9.499  110.530   48.528 -176.545    1609905408367
02    16.438   -3.537  -11.314  137.009   33.091  158.342    1609905408367
01    17.925   -1.859   -9.529  110.221   49.224 -176.771    1609905408383
02    16.485   -3.591  -11.342  137.519   34.364  158.709    1609905408383
01    17.979   -1.891   -9.529  109.152   49.595 -177.324    1609905408399
02    16.509   -3.673  -11.389  138.218   35.598  159.518    1609905408399
01    18.035   -1.904   -9.522  108.161   49.796 -177.825    1609905408421
02    16.552   -3.762  -11.377  138.849   37.027  160.165    1609905408421
01    18.067   -2.015   -9.478  107.301   50.274 -178.164    1609905408437
02    16.614   -3.872  -11.277  138.163   37.689  160.119    1609905408437
01    18.057   -2.095   -9.471  108.186   50.750 -177.784    1609905408452
02    16.685   -3.917  -11.086  135.100   35.944  157.978    1609905408452
01    18.004   -2.147   -9.514  110.063   51.272 -176.703    1609905408468
02    16.725   -3.921  -10.825  130.799   31.000  155.095    1609905408468
01    17.977   -2.188   -9.525  111.490   51.931 -175.984    1609905408483
02    16.724   -3.775  -10.641  126.846   22.414  152.230    1609905408483
01    17.956   -2.220   -9.532  113.159   52.520 -175.009    1609905408499
02    16.703   -3.599  -10.514  124.780   13.799  150.738    1609905408499
01    17.927   -2.219   -9.556  114.616   52.532 -174.123    1609905408521
02    16.685   -3.390  -10.425  125.008    8.996  150.249    1609905408521
01    17.879   -2.252   -9.594  115.656   52.503 -173.369    1609905408537
02    16.680   -3.214  -10.369  125.819    7.207  150.015    1609905408537
01    17.842   -2.272   -9.610  115.857   52.205 -173.637    1609905408552
02    16.680   -3.156  -10.330  126.189    6.624  149.713    1609905408552
01    17.813   -2.292   -9.618  115.787   51.954 -174.154    1609905408568
02    16.672   -3.114  -10.323  126.538    6.311  149.469    1609905408568
01    17.810   -2.298   -9.612  115.414   51.772 -174.980    1609905408584
02    16.688   -3.088  -10.310  126.973    6.484  148.952    1609905408584
01    17.833   -2.256   -9.582  115.126   51.844 -175.916    1609905408599
02    16.685   -3.068  -10.351  127.319    6.460  148.607    1609905408599
01    17.837   -2.240   -9.628  115.240   51.916 -175.799    1609905408621
02    16.698   -3.057  -10.379  127.504    6.761  148.228    1609905408621
01    17.872   -2.228   -9.638  115.026   52.301 -175.602    1609905408637
02    16.733   -3.010  -10.393  127.499    7.279  147.655    1609905408637
01    17.914   -2.240   -9.668  114.793   52.945 -174.681    1609905408653
02    16.766   -2.986  -10.413  126.964    7.901  147.566    1609905408653
01    17.934   -2.197   -9.754  114.487   53.187 -173.826    1609905408668
02    16.748   -2.885  -10.530  126.906    8.811  148.031    1609905408668
01    17.984   -2.135   -9.751  112.447   52.591 -174.766    1609905408684
02    16.683   -2.843  -10.768  127.932   12.281  149.208    1609905408684
01    18.044   -2.055   -9.686  109.252   51.106 -176.784    1609905408700
02    16.601   -2.958  -11.063  129.775   17.715  150.844    1609905408700
01    18.110   -1.882   -9.590  105.292   48.246 -179.563    1609905408722
02    16.546   -3.168  -11.283  133.013   26.014  153.708    1609905408722
01    18.145   -1.868   -9.490  101.878   46.225  178.296    1609905408737
02    16.615   -3.396  -11.210  133.980   32.450  154.562    1609905408737
01    18.167   -1.926   -9.396  100.978   46.360  177.240    1609905408753
02    16.785   -3.720  -10.751  128.583   32.536  151.634    1609905408753
01    18.143   -2.013   -9.368  102.329   47.848  177.591    1609905408769
02    16.744   -4.015  -10.413  120.316   19.964  149.675    1609905408769
01    18.096   -2.072   -9.439  103.977   48.858  178.266    1609905408784
02    16.693   -3.566  -10.279  121.705    6.065  150.695    1609905408784
01    18.083   -2.069   -9.446  104.821   49.125  177.599    1609905408800
02    16.697   -3.311  -10.180  123.131    1.323  151.203    1609905408800
01    18.081   -2.066   -9.465  105.070   49.048  177.104    1609905408822
02    16.720   -3.138  -10.118  124.161   -0.715  151.038    1609905408822
01    18.083   -2.032   -9.498  105.012   48.759  176.419    1609905408838
02    16.739   -3.048  -10.103  124.662   -1.381  150.610    1609905408838
01    18.095   -2.052   -9.528  104.588   48.852  175.750    1609905408853
02    16.772   -2.976  -10.109  125.251   -1.292  149.797    1609905408853
01    18.119   -2.064   -9.561  104.241   49.308  175.226    1609905408869
02    16.798   -2.937  -10.139  125.492   -0.617  148.958    1609905408869
01    18.151   -2.082   -9.618  104.126   50.370  175.293    1609905408885
02    16.834   -2.904  -10.201  125.415    0.459  148.217    1609905408885
01    18.252   -2.180   -9.647  103.515   52.468  175.662    1609905408900
02    16.880   -2.837  -10.271  125.223    2.131  148.200    1609905408900
01    18.330   -2.212   -9.789  103.488   54.262  176.869    1609905408922
02    16.889   -2.731  -10.501  125.769    5.874  148.712    1609905408922
01    18.434   -2.171   -9.772  100.988   54.005  175.598    1609905408938
02    16.743   -2.770  -11.169  128.116   12.577  150.750    1609905408938
01    18.511   -2.067   -9.714   97.799   51.984  173.646    1609905408954
02    16.655   -3.215  -11.720  134.235   27.083  155.792    1609905408954
01    18.580   -1.952   -9.619   94.779   49.354  171.723    1609905408969
02    16.682   -3.748  -11.917  142.485   41.525  163.245    1609905408969
01    18.637   -1.867   -9.530   91.731   46.488  169.848    1609905408985
02    16.739   -4.168  -11.943  149.493   49.865  170.199    1609905408985
01    18.661   -1.879   -9.462   89.289   44.761  168.605    1609905409000
02    16.758   -4.471  -11.965  153.383   53.113  174.603    1609905409000
01    18.664   -1.860   -9.409   88.806   44.032  168.163    1609905409023
02    16.749   -4.687  -12.001  155.310   54.398  176.818    1609905409023
01    18.624   -1.901   -9.396   89.291   44.342  168.656    1609905409038
02    16.767   -4.795  -12.005  156.042   55.186  177.362    1609905409038
01    18.583   -1.915   -9.391   90.470   44.670  169.297    1609905409054
02    16.781   -4.876  -12.030  157.231   56.085  178.385    1609905409054
01    18.565   -1.880   -9.381   91.440   44.564  169.541    1609905409069
02    16.789   -4.994  -12.100  160.505   57.481 -178.647    1609905409069
01    18.552   -1.805   -9.415   91.826   43.822  169.617    1609905409085
02    16.829   -5.157  -12.138  166.133   59.653 -173.248    1609905409085
01    18.576   -1.750   -9.408   90.704   42.690  168.620    1609905409101
02    16.868   -5.358  -12.141  172.949   61.420 -166.385    1609905409101
01    18.632   -1.717   -9.356   88.666   41.223  167.099    1609905409123
02    16.921   -5.590  -12.042  179.981   62.658 -158.852    1609905409123
01    18.677   -1.668   -9.315   86.807   39.421  165.955    1609905409139
02    16.922   -5.624  -12.016 -175.638   62.461 -154.773    1609905409139
01    18.718   -1.604   -9.245   85.243   37.534  164.746    1609905409154
02    16.867   -5.780  -12.007 -171.641   61.669 -150.194    1609905409154
01    18.745   -1.581   -9.176   84.104   36.252  163.894    1609905409170
02    16.798   -5.900  -12.042 -168.528   60.816 -147.017    1609905409170
01    18.785   -1.511   -9.122   83.101   34.771  162.931    1609905409185
02    16.794   -5.979  -12.005 -164.452   60.556 -143.055    1609905409185
01    18.822   -1.437   -9.005   81.329   32.374  161.492    1609905409201
02    16.796   -6.092  -11.944 -160.329   60.125 -138.946    1609905409201
01    18.816   -1.349   -8.993   80.282   29.886  161.257    1609905409223
02    16.722   -6.129  -11.955 -158.507   59.285 -137.418    1609905409223
01    18.846   -1.342   -8.884   78.592   27.907  160.426    1609905409239
02    16.637   -6.188  -11.978 -157.416   58.416 -136.341    1609905409239
01    18.838   -1.361   -8.812   77.449   26.534  160.066    1609905409254
02    16.636   -6.118  -11.977 -156.194   58.430 -135.856    1609905409254
01    18.847   -1.328   -8.728   77.003   25.409  159.918    1609905409270
02    16.656   -6.050  -11.915 -155.561   58.678 -135.626    1609905409270
01    18.844   -1.365   -8.683   76.384   25.103  159.804    1609905409286
02    16.625   -6.039  -11.905 -155.873   58.292 -135.817    1609905409286
01    18.820   -1.417   -8.659   76.196   25.085  159.848    1609905409301
02    16.576   -6.079  -11.887 -155.965   57.887 -135.579    1609905409301
01    18.787   -1.387   -8.667   76.878   24.908  160.138    1609905409323
02    16.536   -6.051  -11.921 -156.624   57.617 -136.537    1609905409323
01    18.735   -1.465   -8.707   77.288   26.042  160.421    1609905409339
02    16.577   -5.912  -11.930 -159.690   59.133 -140.134    1609905409339
01    18.649   -1.624   -8.760   78.312   27.978  160.753    1609905409355
02    16.734   -5.609  -11.766 -167.926   61.918 -149.281    1609905409355
01    18.545   -1.783   -8.796   80.977   30.742  161.452    1609905409370
02    16.999   -5.068  -11.118  170.569   62.675 -170.168    1609905409370
01    18.426   -1.897   -8.833   85.274   33.922  162.848    1609905409386
02    16.838   -4.577  -11.021  148.917   52.681  170.943    1609905409386
01    18.312   -1.861   -8.923   90.250   35.928  164.932    1609905409402
02    16.603   -4.258  -11.218  143.108   43.920  166.521    1609905409402
01    18.259   -1.861   -8.952   94.038   37.489  166.611    1609905409424
02    16.724   -4.259  -10.885  138.707   41.987  162.997    1609905409424
01    18.186   -2.025   -8.986   98.359   40.899  169.645    1609905409439
02    16.787   -4.532  -10.310  126.994   32.892  157.763    1609905409439
01    18.029   -2.058   -9.273  107.173   44.906  177.172    1609905409455
02    16.542   -4.148  -10.386  117.634    5.866  157.468    1609905409455
01    17.954   -2.083   -9.384  110.211   45.913  178.509    1609905409471
02    16.603   -3.645  -10.210  121.402   -1.660  154.596    1609905409471
01    17.942   -2.071   -9.428  111.507   46.111  178.842    1609905409486
02    16.632   -3.375  -10.152  123.152   -4.058  153.818    1609905409486
01    17.926   -2.095   -9.483  112.005   46.443  178.985    1609905409502
02    16.679   -3.213  -10.115  124.118   -4.526  152.391    1609905409502
01    17.914   -2.057   -9.607  112.102   46.641  178.767    1609905409524
02    16.709   -3.082  -10.154  124.861   -4.313  151.003    1609905409524
01    17.952   -1.995   -9.698  110.635   47.148  177.680    1609905409540
02    16.743   -3.020  -10.227  124.758   -3.215  149.734    1609905409540
01    18.013   -2.013   -9.738  108.198   48.243  177.767    1609905409555
02    16.782   -2.891  -10.308  124.310   -1.597  149.436    1609905409555
01    18.096   -1.740   -9.757  104.278   45.474  176.208    1609905409571
02    16.638   -2.483  -10.785  126.533    3.555  149.003    1609905409571
01    18.235   -1.290   -9.596   96.862   38.078  172.371    1609905409587
02    16.189   -2.545  -11.804  133.488   16.194  153.195    1609905409587
01    18.555   -0.689   -9.063   88.074   27.813  168.457    1609905409602
02    15.987   -3.276  -12.298  144.826   32.983  162.237    1609905409602
01    18.878   -0.466   -8.474   77.678   17.596  166.805    1609905409624
02    15.953   -3.978  -12.294  163.789   47.630  179.057    1609905409624
01    19.098   -0.607   -8.106   68.393   13.221  167.300    1609905409640
02    15.907   -4.325  -12.166 -179.087   53.064 -165.545    1609905409640
01    19.152   -0.790   -7.953   62.626   12.120  168.391    1609905409656
02    15.815   -4.542  -12.107 -170.237   54.125 -157.387    1609905409656
01    19.115   -0.890   -7.913   60.086   12.206  169.235    1609905409671
02    15.755   -4.681  -12.043 -165.493   55.057 -153.212    1609905409671
01    19.068   -0.998   -7.889   58.909   12.733  169.450    1609905409687
02    15.721   -4.785  -11.956 -162.234   55.577 -150.387    1609905409687
01    19.014   -1.052   -7.882   58.998   13.390  169.564    1609905409702
02    15.699   -4.864  -11.883 -160.208   55.561 -148.665    1609905409702
01    18.972   -1.104   -7.893   59.390   14.177  169.614    1609905409725
02    15.682   -4.949  -11.824 -158.721   55.263 -147.115    1609905409725
01    18.943   -1.133   -7.894   60.039   14.660  169.513    1609905409740
02    15.677   -5.029  -11.780 -157.180   55.037 -145.681    1609905409740
01    18.936   -1.117   -7.889   60.559   14.919  169.072    1609905409756
02    15.676   -5.107  -11.754 -155.717   54.946 -144.189    1609905409756
01    18.962   -1.119   -7.879   60.187   14.609  168.468    1609905409771
02    15.692   -5.237  -11.715 -154.217   54.878 -142.030    1609905409771
01    18.975   -1.133   -7.894   59.541   14.254  168.083    1609905409787
02    15.730   -5.286  -11.693 -153.109   55.069 -140.910    1609905409787
01    19.000   -1.185   -7.881   58.572   13.891  167.411    1609905409803
02    15.725   -5.359  -11.713 -153.153   54.803 -140.696    1609905409803
01    19.006   -1.216   -7.897   58.227   13.734  167.276    1609905409825
02    15.740   -5.384  -11.725 -153.212   54.946 -140.837    1609905409825
01    19.011   -1.245   -7.914   58.107   13.811  167.096    1609905409840
02    15.763   -5.400  -11.703 -153.643   55.035 -141.194    1609905409840
01    19.001   -1.285   -7.954   58.167   14.337  167.114    1609905409856
02    15.757   -5.378  -11.717 -154.449   54.801 -141.947    1609905409856
01    18.962   -1.365   -8.019   58.701   15.293  167.091    1609905409872
02    15.751   -5.415  -11.732 -155.065   54.569 -142.164    1609905409872
01    18.870   -1.418   -8.114   60.204   16.588  167.136    1609905409887
02    15.762   -5.472  -11.734 -155.025   54.411 -141.864    1609905409887
01    18.761   -1.431   -8.227   62.241   17.791  167.155    1609905409903
02    15.793   -5.477  -11.765 -154.966   54.376 -141.993    1609905409903
01    18.656   -1.433   -8.311   65.943   19.774  166.833    1609905409925
02    15.874   -5.510  -11.729 -155.061   54.955 -141.868    1609905409925
01    18.532   -1.541   -8.401   69.823   22.011  166.380    1609905409941
02    15.951   -5.487  -11.679 -156.670   55.548 -143.208    1609905409941
01    18.389   -1.705   -8.504   73.825   24.592  165.727    1609905409956
02    16.084   -5.333  -11.491 -160.525   56.460 -146.503    1609905409956
01    18.199   -1.968   -8.613   79.211   28.679  165.519    1609905409972
02    16.274   -4.973  -11.048 -173.187   56.204 -156.466    1609905409972
01    18.020   -2.104   -8.672   87.151   33.492  166.980    1609905409988
02    16.189   -4.685  -10.990  166.078   49.869 -172.308    1609905409988
01    17.856   -1.942   -8.833   96.542   36.267  170.069    1609905410003
02    16.034   -4.474  -11.216  156.128   43.262 -179.993    1609905410003
01    17.752   -1.706   -9.035  102.801   36.627  172.353    1609905410025
02    16.043   -4.373  -11.327  153.987   42.059  177.798    1609905410025
01    17.740   -1.661   -9.133  105.035   37.457  173.242    1609905410041
02    16.210   -4.342  -11.108  151.592   42.779  176.213    1609905410041
01    17.763   -1.790   -9.215  106.219   39.700  174.555    1609905410057
02    16.308   -4.378  -10.836  142.973   38.286  171.823    1609905410057
01    17.754   -1.943   -9.325  108.347   42.200  176.578    1609905410072
02    16.278   -4.319  -10.721  133.267   28.111  166.391    1609905410072
01    17.755   -2.001   -9.378  110.177   43.774  177.595    1609905410088
02    16.261   -4.076  -10.677  128.086   17.908  162.419    1609905410088
01    17.734   -2.067   -9.442  111.735   44.606  178.967    1609905410103
02    16.298   -3.744  -10.615  126.798   12.294  160.357    1609905410103
01    17.707   -2.085   -9.537  113.222   45.109 -179.614    1609905410126
02    16.318   -3.481  -10.600  127.107   10.584  159.738    1609905410126
01    17.713   -2.053   -9.588  113.076   45.058 -179.941    1609905410141
02    16.340   -3.317  -10.637  127.923   11.316  159.654    1609905410141
01    17.748   -1.970   -9.627  111.423   44.388  178.719    1609905410157
02    16.290   -3.208  -10.818  129.752   13.429  160.305    1609905410157
01    17.819   -1.836   -9.629  108.596   42.910  176.818    1609905410173
02    16.224   -3.169  -11.065  133.159   18.185  161.333    1609905410173
01    17.908   -1.736   -9.608  104.624   41.119  174.810    1609905410188
02    16.240   -3.402  -11.160  137.551   26.058  163.830    1609905410188
01    18.015   -1.870   -9.490  100.392   41.056  172.923    1609905410204
02    16.424   -3.834  -10.711  136.120   30.467  164.312    1609905410204
01    18.031   -1.999   -9.449  101.293   43.175  173.791    1609905410226
02    16.331   -4.021  -10.612  126.667   20.339  161.273    1609905410226
01    18.022   -2.069   -9.460  104.157   45.423  175.491    1609905410242
02    16.353   -3.723  -10.522  121.269    7.031  158.037    1609905410242
01    18.010   -2.099   -9.478  106.373   46.608  176.591    1609905410257
02    16.473   -3.469  -10.347  121.362    1.763  155.708    1609905410257
01    17.994   -2.114   -9.508  107.951   46.960  177.403    1609905410273
02    16.553   -3.323  -10.249  122.020   -0.685  154.301    1609905410273
01    17.995   -2.118   -9.515  108.948   47.231  177.548    1609905410288
02    16.620   -3.229  -10.203  122.854   -1.728  152.864    1609905410288
01    17.988   -2.118   -9.541  109.710   47.424  177.625    1609905410304
02    16.673   -3.168  -10.179  123.762   -1.822  151.453    1609905410304
01    17.978   -2.109   -9.592  110.273   47.695  177.774    1609905410326
02    16.712   -3.118  -10.189  124.516   -1.400  150.013    1609905410326
01    17.989   -2.101   -9.642  110.068   48.356  177.849    1609905410342
02    16.774   -3.036  -10.209  125.152   -0.278  148.671    1609905410342
01    18.030   -2.166   -9.762  109.494   49.984  178.776    1609905410357
02    16.784   -2.841  -10.365  125.730    1.919  148.518    1609905410357
01    18.112   -2.134   -9.917  107.900   51.503  179.438    1609905410373
02    16.661   -2.674  -10.842  127.062    6.648  149.213    1609905410373
01    18.236   -1.963   -9.894  103.175   50.357  177.341    1609905410389
02    16.458   -2.869  -11.513  130.239   15.683  151.503    1609905410389
01    18.381   -1.710   -9.708   96.866   46.575  173.579    1609905410404
02    16.368   -3.375  -11.835  138.526   32.879  158.255    1609905410404
01    18.513   -1.496   -9.475   88.781   39.874  169.369    1609905410427
02    16.295   -3.902  -11.991  151.432   46.250  169.922    1609905410427
01    18.639   -1.297   -9.231   82.530   34.158  167.117    1609905410442
02    16.232   -4.385  -11.999  165.867   52.997 -176.186    1609905410442
01    18.730   -1.316   -9.058   77.369   31.833  165.910    1609905410458
02    16.196   -4.668  -11.872  176.674   54.713 -165.260    1609905410458
01    18.777   -1.419   -8.975   74.373   32.437  165.459    1609905410474
02    16.094   -4.901  -11.782 -177.982   53.409 -158.979    1609905410474
01    18.770   -1.525   -8.962   73.313   33.848  165.231    1609905410489
02    15.996   -5.066  -11.719 -174.771   52.137 -155.253    1609905410489
01    18.754   -1.542   -8.975   73.473   34.630  164.892    1609905410505
02    15.903   -5.273  -11.704 -172.421   51.079 -152.290    1609905410505
01    18.764   -1.511   -8.950   73.408   34.666  164.084    1609905410527
02    15.864   -5.512  -11.676 -170.111   50.933 -149.356    1609905410527
01    18.781   -1.501   -8.946   72.811   34.325  163.530    1609905410543
02    15.898   -5.628  -11.617 -167.775   51.413 -147.067    1609905410543
01    18.812   -1.528   -8.926   71.654   33.882  163.003    1609905410558
02    15.923   -5.699  -11.570 -165.610   51.478 -145.067    1609905410558
01    18.841   -1.558   -8.904   70.485   33.465  162.434    1609905410574
02    15.921   -5.784  -11.536 -163.594   50.898 -143.189    1609905410574
01    18.860   -1.593   -8.899   69.303   33.134  162.028    1609905410590
02    15.926   -5.839  -11.497 -162.166   50.465 -141.814    1609905410590
01    18.885   -1.632   -8.885   68.100   32.850  161.397    1609905410605
02    15.911   -5.902  -11.497 -161.370   50.084 -141.092    1609905410605
01    18.902   -1.659   -8.893   67.473   32.755  161.088    1609905410621
02    15.905   -5.939  -11.524 -161.424   49.950 -141.122    1609905410621
01    18.901   -1.710   -8.908   67.218   33.096  160.726    1609905410643
02    15.895   -6.055  -11.542 -161.234   49.812 -140.726    1609905410643
01    18.886   -1.814   -8.916   67.230   33.584  160.424    1609905410659
02    15.946   -6.061  -11.540 -161.031   50.268 -140.830    1609905410659
01    18.844   -1.889   -8.960   68.070   34.358  160.729    1609905410674
02    15.951   -6.119  -11.581 -161.339   50.454 -140.932    1609905410674
01    18.800   -1.957   -8.968   69.269   35.012  160.791    1609905410690
02    16.002   -6.129  -11.582 -161.373   51.055 -141.100    1609905410690
01    18.713   -2.108   -9.007   70.743   36.084  161.123    1609905410705
02    16.195   -6.010  -11.340 -162.075   52.661 -142.236    1609905410705
01    18.529   -2.472   -9.039   73.406   38.617  161.817    1609905410721
02    16.619   -5.540  -10.599 -171.313   55.729 -150.883    1609905410721
01    18.326   -2.757   -9.061   81.655   45.203  165.063    1609905410728
02    16.777   -5.461   -9.667  153.065   51.162 -177.892    1609905410728
01    18.152   -2.909   -9.121   94.941   52.399  172.673    1609905410759
02    16.157   -5.258  -10.107  123.072   20.261  166.735    1609905410759
01    17.930   -2.669   -9.450  107.828   53.094 -179.284    1609905410775
02    16.315   -4.027   -9.917  122.281    1.290  161.200    1609905410775
01    17.812   -2.502   -9.558  112.690   51.602 -176.832    1609905410790
02    16.352   -3.635   -9.912  122.687   -2.994  161.033    1609905410790
01    17.761   -2.421   -9.626  113.689   50.374 -176.590    1609905410806
02    16.389   -3.447   -9.877  122.987   -4.090  160.299    1609905410806
01    17.746   -2.360   -9.634  113.339   49.919 -177.623    1609905410821
02    16.399   -3.347   -9.893  123.417   -4.064  159.749    1609905410821
01    17.772   -2.373   -9.607  112.618   50.265 -178.470    1609905410828
02    16.446   -3.207   -9.887  124.524   -2.611  158.950    1609905410828
01    17.798   -2.264   -9.676  112.886   50.963 -177.727    1609905410859
02    16.449   -3.085  -10.018  125.256    1.009  159.144    1609905410859
01    17.861   -2.110   -9.777  110.096   50.313 -178.095    1609905410875
02    16.288   -2.939  -10.479  129.877    8.631  160.429    1609905410875
01    17.999   -1.748   -9.786  103.626   46.320  178.405    1609905410890
02    15.936   -3.231  -11.210  139.040   20.540  166.456    1609905410890
01    18.216   -1.451   -9.562   94.644   40.383  173.226    1609905410906
02    15.749   -3.847  -11.605  152.234   33.267  176.253    1609905410906
01    18.455   -1.261   -9.230   86.770   34.755  169.493    1609905410922
02    15.717   -4.381  -11.645  165.728   41.710 -172.932    1609905410922
01    18.626   -1.238   -8.961   79.181   30.023  167.443    1609905410928
02    15.718   -4.688  -11.539  176.912   45.873 -163.482    1609905410928
01    18.724   -1.278   -8.779   73.791   27.554  166.855    1609905410960
02    15.639   -4.878  -11.516 -177.275   46.225 -158.372    1609905410960
01    18.765   -1.328   -8.656   70.715   26.520  166.650    1609905410975
02    15.567   -4.986  -11.481 -173.952   46.322 -155.727    1609905410975
01    18.748   -1.409   -8.602   69.544   26.888  166.628    1609905410991
02    15.526   -5.046  -11.430 -172.535   46.609 -154.542    1609905410991
01    18.682   -1.524   -8.589   69.853   27.988  166.752    1609905411006
02    15.505   -5.083  -11.394 -172.370   46.792 -154.182    1609905411006
01    18.603   -1.616   -8.586   71.638   29.528  166.805    1609905411022
02    15.511   -5.145  -11.361 -172.092   46.972 -153.422    1609905411022
01    18.484   -1.754   -8.645   74.604   32.070  167.487    1609905411029
02    15.541   -5.209  -11.340 -171.656   47.117 -152.591    1609905411029
01    18.387   -1.713   -8.725   79.026   33.869  168.244    1609905411060
02    15.549   -5.327  -11.386 -171.607   46.911 -151.882    1609905411060
01    18.353   -1.582   -8.822   81.709   34.515  167.891    1609905411075
02    15.602   -5.544  -11.428 -170.652   47.272 -149.992    1609905411075
01    18.386   -1.506   -8.877   81.170   34.115  166.222    1609905411091
02    15.684   -5.744  -11.468 -168.555   47.937 -147.263    1609905411091
01    18.466   -1.494   -8.898   78.600   33.116  164.234    1609905411107
02    15.770   -5.948  -11.434 -165.705   48.696 -143.936    1609905411107
01    18.585   -1.513   -8.849   75.146   31.667  162.058    1609905411122
02    15.819   -6.099  -11.396 -162.940   48.693 -141.203    1609905411122
01    18.689   -1.575   -8.816   71.831   30.537  160.714    1609905411129
02    15.831   -6.133  -11.394 -161.752   48.413 -140.462    1609905411129
01    18.763   -1.673   -8.810   69.067   30.168  159.987    1609905411148
02    15.812   -6.209  -11.388 -160.921   48.127 -139.760    1609905411148
01    18.809   -1.785   -8.829   67.134   30.489  159.757    1609905411164
02    15.803   -6.224  -11.364 -160.356   47.801 -139.485    1609905411164
01    18.843   -1.879   -8.846   66.258   30.913  159.697    1609905411180
02    15.753   -6.305  -11.391 -159.925   47.105 -139.019    1609905411180
01    18.852   -1.929   -8.875   66.013   31.330  159.755    1609905411195
02    15.757   -6.372  -11.385 -158.855   46.775 -138.145    1609905411195
01    18.849   -1.949   -8.922   66.117   31.634  159.946    1609905411227
02    15.754   -6.463  -11.378 -158.104   46.542 -137.132    1609905411227
01    18.867   -1.941   -8.896   66.161   31.669  159.766    1609905411229
02    15.805   -6.415  -11.341 -157.585   46.872 -136.904    1609905411229
01    18.856   -1.974   -8.896   66.154   31.833  159.834    1609905411245
02    15.883   -6.284  -11.206 -158.692   47.728 -138.336    1609905411245
01    18.818   -2.082   -8.905   66.372   32.475  160.002    1609905411276
02    16.248   -5.758  -10.648 -165.020   51.520 -145.034    1609905411276
01    18.701   -2.362   -8.911   67.335   33.960  160.287    1609905411292
02    16.571   -5.342   -9.608  165.602   52.823 -168.897    1609905411292
01    18.525   -2.567   -8.904   71.652   37.753  161.685    1609905411307
02    16.119   -5.103   -9.733  129.817   28.698  168.339    1609905411307
01    18.340   -2.664   -8.848   80.940   43.225  165.485    1609905411323
02    15.723   -4.153  -10.283  116.811   -3.395  164.469    1609905411323
01    18.143   -2.449   -8.951   94.279   45.616  172.135    1609905411329
02    16.145   -3.397   -9.653  117.711  -13.198  157.958    1609905411329
01    18.007   -2.286   -9.054  102.089   45.529  176.042    1609905411345
02    16.248   -3.125   -9.560  118.938  -15.874  158.532    1609905411345
01    17.925   -2.144   -9.138  105.937   44.722  177.212    1609905411376
02    16.315   -3.000   -9.515  119.903  -17.445  158.256    1609905411376
01    17.884   -2.060   -9.190  107.159   43.885  176.665    1609905411392
02    16.380   -2.973   -9.474  120.655  -17.921  157.251    1609905411392
01    17.861   -1.989   -9.247  107.554   43.255  175.718    1609905411407
02    16.433   -2.929   -9.465  121.811  -17.945  155.910    1609905411407
01    17.872   -1.937   -9.319  107.216   43.358  174.828    1609905411423
02    16.501   -2.925   -9.455  122.323  -16.526  154.344    1609905411423
01    17.916   -1.896   -9.428  106.396   44.535  174.569    1609905411430
02    16.547   -2.922   -9.540  122.193  -14.378  152.749    1609905411430
01    18.005   -1.998   -9.477  103.873   47.235  175.025    1609905411445
02    16.655   -2.786   -9.577  122.551  -10.118  151.958    1609905411445
01    18.085   -1.934   -9.579  101.648   47.523  175.499    1609905411461
02    16.617   -2.595   -9.911  123.793   -2.273  152.268    1609905411461
01    18.219   -1.750   -9.563   95.682   44.040  172.962    1609905411492
02    16.237   -2.601  -10.781  130.661   10.593  156.529    1609905411492
01    18.414   -1.538   -9.391   88.563   38.681  169.946    1609905411508
02    15.952   -3.220  -11.353  141.531   26.211  164.713    1609905411508
01    18.611   -1.386   -9.136   82.111   33.668  168.273    1609905411523
02    15.813   -3.890  -11.550  158.223   40.141  178.390    1609905411523
01    18.728   -1.365   -8.964   76.060   29.955  168.042    1609905411530
02    15.761   -4.328  -11.492  172.624   46.415 -169.040    1609905411530
01    18.765   -1.460   -8.891   72.010   29.694  168.148    1609905411546
02    15.655   -4.602  -11.438  179.059   46.833 -162.784    1609905411546
01    18.729   -1.578   -8.886   70.343   30.908  168.402    1609905411561
02    15.508   -4.854  -11.435 -178.222   45.883 -159.415    1609905411561
01    18.674   -1.693   -8.875   70.255   32.513  168.323    1609905411592
02    15.416   -5.079  -11.424 -176.253   45.555 -157.124    1609905411592
01    18.590   -1.782   -8.893   71.581   34.349  168.530    1609905411608
02    15.402   -5.242  -11.399 -174.851   45.884 -155.726    1609905411608
01    18.505   -1.877   -8.922   73.651   36.545  169.004    1609905411624
02    15.417   -5.409  -11.378 -173.327   46.157 -153.957    1609905411624
01    18.411   -1.938   -8.974   76.708   38.851  170.147    1609905411630
02    15.464   -5.511  -11.350 -172.538   46.726 -152.981    1609905411630
01    18.311   -2.050   -9.007   79.864   41.241  171.571    1609905411646
02    15.504   -5.611  -11.329 -172.311   46.920 -152.300    1609905411646
01    18.149   -2.226   -9.025   83.840   43.429  173.544    1609905411662
02    15.564   -5.657  -11.257 -173.409   47.493 -153.029    1609905411662
01    17.959   -2.402   -8.985   88.967   45.501  176.062    1609905411693
02    15.641   -5.569  -11.192 -178.340   48.021 -157.461    1609905411693
01    17.762   -2.410   -9.141   98.610   47.717 -178.266    1609905411709
02    15.708   -5.425  -11.154  173.724   47.878 -164.491    1609905411709
01    17.632   -2.345   -9.352  107.006   48.695 -173.297    1609905411724
02    15.665   -5.333  -11.294  167.430   46.000 -169.741    1609905411724
01    17.616   -2.341   -9.444  109.206   49.066 -172.593    1609905411731
02    15.651   -5.318  -11.486  165.831   45.423 -171.260    1609905411731
01    17.644   -2.301   -9.531  109.032   48.444 -173.449    1609905411746
02    15.716   -5.394  -11.582  166.799   46.707 -170.321    1609905411746
01    17.695   -2.291   -9.588  107.626   47.957 -174.640    1609905411762
02    15.809   -5.474  -11.605  167.970   48.170 -169.155    1609905411762
01    17.758   -2.290   -9.601  105.807   47.349 -176.171    1609905411793
02    15.845   -5.578  -11.667  169.426   48.871 -167.627    1609905411793
01    17.811   -2.295   -9.575  103.880   46.373 -177.802    1609905411809
02    15.892   -5.695  -11.708  171.587   49.820 -165.630    1609905411809
01    17.849   -2.250   -9.548  102.641   45.063 -179.068    1609905411824
02    15.977   -5.725  -11.679  173.720   50.990 -164.164    1609905411824
01    17.870   -2.265   -9.512  101.975   44.626 -179.761    1609905411831
02    16.252   -5.559  -11.275  170.564   53.258 -167.676    1609905411831
01    17.878   -2.374   -9.460  102.946   45.937 -179.193    1609905411847
02    16.612   -5.431  -10.226  154.622   51.781  179.594    1609905411847
01    17.862   -2.425   -9.450  106.617   48.214 -176.869    1609905411862
02    16.292   -5.381  -10.193  124.788   26.634  161.728    1609905411862
01    17.828   -2.479   -9.471  109.907   49.625 -175.004    1609905411878
02    16.248   -4.488  -10.149  122.099    6.036  159.599    1609905411878
01    17.798   -2.504   -9.477  113.089   50.395 -173.278    1609905411909
02    16.268   -3.997  -10.047  122.560   -1.595  159.715    1609905411909
01    17.776   -2.470   -9.492  115.479   50.250 -172.292    1609905411925
02    16.298   -3.686   -9.966  122.982   -4.552  159.600    1609905411925
01    17.756   -2.440   -9.534  117.145   50.119 -171.297    1609905411931
02    16.346   -3.445   -9.913  123.281   -5.272  159.062    1609905411931
01    17.752   -2.410   -9.584  117.612   50.572 -170.860    1609905411947
02    16.392   -3.307   -9.910  123.126   -4.599  158.062    1609905411947
01    17.773   -2.395   -9.615  116.833   51.676 -170.682    1609905411970
02    16.421   -3.118  -10.019  123.148   -3.104  157.782    1609905411970
01    17.804   -2.294   -9.729  114.896   51.104 -171.286    1609905411986
02    16.378   -2.875  -10.329  124.688    1.773  157.019    1609905411986
01    17.900   -2.019   -9.731  109.326   48.172 -175.019    1609905412001
02    16.052   -2.826  -11.113  131.018   11.662  159.238    1609905412001
01    18.045   -1.691   -9.596  102.300   43.431 -179.219    1609905412017
02    15.809   -3.387  -11.633  141.270   26.056  166.159    1609905412017
01    18.214   -1.526   -9.326   93.395   36.914  175.851    1609905412031
02    15.766   -3.869  -11.767  151.514   36.770  173.696    1609905412031
01    18.258   -1.607   -9.176   88.308   34.452  173.991    1609905412047
02    15.960   -4.074  -11.461  155.285   44.670  176.614    1609905412047
01    18.234   -1.788   -9.037   87.625   35.707  173.533    1609905412063
02    16.200   -4.140  -10.843  147.315   45.618  170.931    1609905412063
01    18.150   -1.958   -8.986   90.642   38.746  175.067    1609905412078
02    16.162   -4.235  -10.470  132.679   34.545  163.313    1609905412078
01    18.046   -2.024   -9.021   96.288   41.991  178.220    1609905412109
02    16.006   -3.802  -10.482  122.528   11.983  160.299    1609905412109
01    17.955   -2.043   -9.097  101.326   43.768 -179.173    1609905412125
02    16.058   -3.412  -10.297  120.607    2.474  158.014    1609905412125
01    17.894   -2.020   -9.222  105.524   45.348 -176.893    1609905412132
02    16.143   -3.166  -10.147  120.413   -1.824  156.812    1609905412132
01    17.885   -2.035   -9.333  107.997   47.251 -175.334    1609905412147
02    16.232   -2.995  -10.077  120.704   -3.176  156.216    1609905412147
01    17.880   -2.062   -9.467  109.631   48.869 -173.846    1609905412163
02    16.288   -2.889  -10.118  121.043   -2.055  156.170    1609905412163
01    17.899   -2.035   -9.589  109.106   49.229 -173.988    1609905412178
02    16.281   -2.789  -10.324  123.067    2.046  156.387    1609905412178
01    17.978   -1.940   -9.608  105.616   48.061 -176.605    1609905412210
02    16.161   -2.856  -10.724  126.943    9.225  158.053    1609905412210
01    18.046   -1.899   -9.595  101.031   46.061 -179.197    1609905412225
02    16.163   -3.151  -10.879  131.837   19.275  160.318    1609905412225
01    18.107   -1.969   -9.523   97.132   44.954  178.580    1609905412232
02    16.265   -3.405  -10.738  134.157   26.815  161.719    1609905412232
01    18.122   -2.086   -9.482   96.071   45.672  177.997    1609905412248
02    16.284   -3.636  -10.589  130.851   26.224  161.478    1609905412248
01    18.106   -2.184   -9.486   97.096   47.214  178.537    1609905412263
02    16.229   -3.697  -10.559  125.551   18.754  160.028    1609905412263
01    18.089   -2.247   -9.495   98.884   48.526  179.255    1609905412279
02    16.275   -3.547  -10.423  123.111   11.636  158.037    1609905412279
01    18.067   -2.323   -9.515  100.934   49.786 -179.835    1609905412310
02    16.320   -3.444  -10.348  122.073    7.569  157.027    1609905412310
01    18.039   -2.426   -9.596  103.215   51.170 -178.445    1609905412326
02    16.362   -3.357  -10.331  121.784    5.587  156.647    1609905412326
01    18.020   -2.462   -9.727  106.158   52.671 -176.549    1609905412332
02    16.396   -3.284  -10.397  122.124    5.640  156.516    1609905412332
01    18.038   -2.472   -9.824  106.811   53.320 -176.288    1609905412348
02    16.379   -3.253  -10.607  123.683    8.162  156.951    1609905412348
01    18.093   -2.431   -9.836  105.018   52.770 -177.848    1609905412363
02    16.298   -3.375  -10.939  126.546   13.004  158.336    1609905412363
01    18.156   -2.371   -9.789  102.061   51.377 -179.939    1609905412379
02    16.193   -3.827  -11.387  131.472   20.611  161.097    1609905412379
01    18.214   -2.326   -9.707   98.945   49.677  178.162    1609905412395
02    16.151   -4.431  -11.646  142.518   33.965  168.727    1609905412395
01    18.243   -2.275   -9.642   96.637   48.124  176.971    1609905412426
02    16.109   -4.992  -11.773  156.434   44.313 -179.716    1609905412426
01    18.248   -2.234   -9.604   95.108   46.829  176.276    1609905412432
02    16.059   -5.437  -11.864  169.012   49.501 -168.454    1609905412432
01    18.247   -2.207   -9.557   93.478   45.485  175.414    1609905412448
02    16.043   -5.808  -11.823  178.945   52.023 -158.985    1609905412448
01    18.248   -2.169   -9.511   92.153   44.207  174.600    1609905412464
02    16.005   -6.083  -11.769 -174.174   52.632 -152.252    1609905412464
01    18.237   -2.128   -9.484   91.150   43.000  174.029    1609905412479
02    16.010   -6.212  -11.680 -169.874   52.722 -148.404    1609905412479
01    18.234   -2.083   -9.454   89.774   41.933  173.065    1609905412495
02    15.999   -6.337  -11.610 -166.736   52.438 -145.292    1609905412495
01    18.256   -2.000   -9.429   88.272   40.875  171.847    1609905412526
02    15.942   -6.460  -11.591 -164.096   51.492 -142.650    1609905412526
01    18.290   -1.989   -9.391   85.898   40.015  170.260    1609905412533
02    15.896   -6.580  -11.566 -161.796   50.765 -140.367    1609905412533
01    18.329   -2.003   -9.343   83.533   39.281  168.684    1609905412548
02    15.864   -6.706  -11.546 -159.721   50.173 -138.462    1609905412548
01    18.362   -2.019   -9.274   81.343   38.282  167.199    1609905412564
02    15.867   -6.786  -11.480 -157.552   49.869 -136.704    1609905412564
01    18.374   -2.048   -9.229   79.864   37.539  166.537    1609905412580
02    15.836   -6.842  -11.449 -156.504   49.212 -136.034    1609905412580
01    18.378   -2.064   -9.198   79.049   37.015  166.322    1609905412595
02    15.818   -6.844  -11.400 -156.081   48.809 -135.905    1609905412595
01    18.368   -2.076   -9.164   78.695   36.787  166.232    1609905412626
02    15.772   -6.852  -11.377 -156.076   48.213 -136.060    1609905412626
01    18.356   -2.098   -9.150   78.509   36.511  166.150    1609905412633
02    15.731   -6.876  -11.383 -156.164   47.731 -136.198    1609905412633
01    18.357   -2.078   -9.119   78.144   35.721  165.625    1609905412649
02    15.703   -6.903  -11.403 -155.831   47.557 -135.997    1609905412649
01    18.370   -2.051   -9.087   77.412   34.436  164.994    1609905412664
02    15.700   -6.955  -11.396 -154.919   47.473 -135.255    1609905412664
01    18.413   -2.019   -8.999   75.910   32.731  164.024    1609905412680
02    15.711   -6.971  -11.363 -154.380   47.494 -134.916    1609905412680
01    18.456   -2.010   -8.948   74.359   31.580  163.690    1609905412696
02    15.715   -6.964  -11.309 -153.929   47.463 -134.670    1609905412696
01    18.487   -2.046   -8.922   72.792   31.209  163.617    1609905412711
02    15.681   -6.950  -11.274 -153.968   47.034 -134.904    1609905412711
01    18.502   -2.085   -8.876   71.718   31.179  163.370    1609905412733
02    15.665   -6.890  -11.247 -154.355   46.799 -135.553    1609905412733
01    18.475   -2.163   -8.863   71.608   31.592  163.644    1609905412749
02    15.652   -6.838  -11.210 -155.155   46.739 -136.246    1609905412749
01    18.397   -2.254   -8.857   72.754   32.493  164.227    1609905412765
02    15.637   -6.730  -11.196 -157.288   46.883 -138.365    1609905412765
01    18.280   -2.421   -8.839   75.087   34.066  165.354    1609905412780
02    15.794   -6.368  -10.957 -161.230   48.680 -142.526    1609905412780
01    18.071   -2.704   -8.724   79.291   36.237  166.887    1609905412796
02    16.215   -5.651  -10.082 -177.772   52.009 -157.286    1609905412796
01    17.859   -2.833   -8.634   86.457   39.033  170.067    1609905412811
02    16.067   -5.351   -9.684  150.398   43.139  178.915    1609905412811
01    17.633   -2.742   -8.706   99.049   42.065  176.837    1609905412834
02    15.600   -4.810  -10.077  134.889   24.020  170.543    1609905412834
01    17.454   -2.599   -8.842  111.931   43.667 -175.096    1609905412849
02    15.557   -4.133  -10.244  129.976   11.906  166.171    1609905412849
01    17.358   -2.449   -9.003  120.372   44.642 -169.355    1609905412865
02    15.585   -4.103  -10.286  126.066    4.756  165.485    1609905412865
01    17.331   -2.503   -9.135  124.710   46.514 -165.733    1609905412880
02    15.836   -3.749   -9.990  124.494   -2.454  163.783    1609905412880
01    17.272   -2.592   -9.340  127.286   46.975 -163.657    1609905412896
02    15.982   -3.718   -9.909  124.625   -3.340  163.346    1609905412896
01    17.277   -2.618   -9.465  127.937   47.324 -163.757    1609905412912
02    16.106   -3.725   -9.867  125.147   -3.107  162.312    1609905412912
01    17.308   -2.605   -9.563  127.662   47.679 -164.483    1609905412934
02    16.191   -3.700   -9.894  125.525   -2.544  161.151    1609905412934
01    17.363   -2.632   -9.651  126.611   48.996 -164.945    1609905412950
02    16.280   -3.708   -9.946  125.411   -1.121  159.794    1609905412950
01    17.433   -2.657   -9.765  125.076   50.571 -165.281    1609905412965
02    16.337   -3.711  -10.064  124.973    0.661  158.787    1609905412965
01    17.543   -2.718   -9.785  121.464   52.246 -167.364    1609905412981
02    16.386   -3.608  -10.222  125.195    3.627  157.898    1609905412981
01    17.621   -2.671   -9.795  116.267   50.901 -170.865    1609905412996
02    16.252   -3.492  -10.717  128.922   10.445  158.180    1609905412996
01    17.714   -2.500   -9.701  109.469   47.169 -176.012    1609905413012
02    16.001   -3.750  -11.371  136.148   21.712  161.720    1609905413012
01    17.803   -2.280   -9.549  103.804   42.421  179.887    1609905413034
02    15.876   -4.257  -11.686  145.270   33.001  167.924    1609905413034
01    17.880   -2.092   -9.371   99.725   38.690  177.539    1609905413050
02    15.837   -4.712  -11.765  156.754   42.376  177.181    1609905413050
01    17.953   -1.930   -9.147   96.456   36.065  175.680    1609905413065
02    15.773   -5.130  -11.796  167.902   47.486 -172.725    1609905413065
01    17.976   -1.839   -8.998   94.494   34.636  175.028    1609905413081
02    15.770   -5.411  -11.716  176.658   50.326 -164.720    1609905413081
01    17.966   -1.809   -8.899   93.649   34.344  174.888    1609905413097
02    15.780   -5.610  -11.613 -177.538   51.294 -159.278    1609905413097
01    17.931   -1.838   -8.856   93.827   34.927  175.175    1609905413112
02    15.741   -5.800  -11.559 -174.251   50.976 -155.850    1609905413112
01    17.873   -1.877   -8.873   94.859   35.847  175.890    1609905413134
02    15.762   -5.931  -11.474 -172.313   51.393 -153.825    1609905413134
01    17.826   -1.898   -8.918   96.240   36.813  176.707    1609905413150
02    15.764   -6.069  -11.432 -171.035   51.291 -152.248    1609905413150
01    17.816   -1.891   -8.952   96.697   37.189  176.692    1609905413166
02    15.740   -6.239  -11.448 -169.137   50.918 -149.992    1609905413166
01    17.816   -1.861   -8.982   96.455   36.867  176.136    1609905413181
02    15.737   -6.388  -11.469 -166.807   50.937 -147.618    1609905413181
01    17.828   -1.859   -8.986   95.472   36.419  175.256    1609905413197
02    15.758   -6.524  -11.468 -164.426   51.080 -145.457    1609905413197
01    17.857   -1.852   -8.988   94.367   35.989  174.331    1609905413213
02    15.793   -6.639  -11.423 -161.917   51.181 -143.134    1609905413213
01    17.898   -1.880   -8.980   93.210   36.039  173.506    1609905413235
02    15.837   -6.698  -11.370 -159.638   50.966 -141.327    1609905413235
01    17.931   -1.928   -9.001   92.184   36.604  173.079    1609905413250
02    15.863   -6.831  -11.242 -157.993   50.469 -139.352    1609905413250
01    17.950   -2.008   -9.040   91.305   37.518  172.938    1609905413266
02    15.829   -6.877  -11.237 -157.508   49.423 -139.122    1609905413266
01    17.968   -2.079   -9.055   90.708   38.357  172.710    1609905413282
02    15.758   -7.014  -11.253 -157.253   48.318 -138.441    1609905413282
01    17.955   -2.175   -9.084   90.383   39.017  172.600    1609905413297
02    15.750   -7.124  -11.225 -156.096   47.711 -137.348    1609905413297
01    17.950   -2.195   -9.090   90.229   38.924  172.347    1609905413313
02    15.728   -7.203  -11.226 -155.151   47.409 -136.531    1609905413313
01    17.949   -2.204   -9.064   89.785   38.451  171.899    1609905413335
02    15.708   -7.214  -11.245 -154.612   47.232 -136.356    1609905413335
01    17.945   -2.187   -9.059   89.330   37.786  171.694    1609905413351
02    15.720   -7.161  -11.225 -154.103   47.417 -136.322    1609905413351
01    17.947   -2.169   -9.039   88.791   37.176  171.477    1609905413366
02    15.668   -7.124  -11.256 -154.177   47.035 -136.736    1609905413366
01    17.951   -2.140   -9.022   88.275   36.614  171.304    1609905413382
02    15.636   -7.116  -11.238 -154.178   46.791 -136.833    1609905413382
01    17.950   -2.142   -9.009   87.617   36.359  171.229    1609905413398
02    15.666   -7.067  -11.140 -154.152   47.023 -136.857    1609905413398
01    17.960   -2.178   -8.975   87.127   36.815  170.922    1609905413413
02    15.773   -6.864  -10.976 -155.488   48.006 -138.521    1609905413413
01    17.925   -2.363   -8.972   87.403   38.357  171.149    1609905413435
02    16.335   -6.109  -10.015 -162.685   51.980 -145.296    1609905413435
01    17.840   -2.772   -8.886   89.363   41.160  172.042    1609905413451
02    16.372   -5.966   -9.064  155.142   49.077 -176.367    1609905413451
01    17.698   -3.057   -8.861   95.823   45.743  175.732    1609905413467
02    15.486   -5.695   -9.838  125.341   17.627  171.464    1609905413467
01    17.493   -2.903   -9.137  106.995   47.959 -177.313    1609905413482
02    15.856   -4.295   -9.418  121.609   -2.453  164.547    1609905413482
01    17.440   -2.731   -9.190  114.022   48.147 -173.651    1609905413498
02    15.955   -3.854   -9.499  122.152   -6.985  163.828    1609905413498
01    17.400   -2.676   -9.310  117.494   47.841 -171.310    1609905413513
02    16.001   -3.691   -9.558  122.399   -8.000  163.601    1609905413513
01    17.407   -2.635   -9.398  119.322   48.168 -170.298    1609905413536
02    16.054   -3.654   -9.595  122.367   -7.272  162.685    1609905413536
01    17.457   -2.671   -9.432  120.211   49.785 -168.957    1609905413551
02    16.125   -3.570   -9.649  122.874   -5.744  161.616    1609905413551
01    17.455   -2.682   -9.570  120.900   50.400 -167.199    1609905413567
02    16.181   -3.554   -9.769  123.537   -1.666  160.999    1609905413567
01    17.513   -2.575   -9.619  117.276   49.308 -169.338    1609905413583
02    16.058   -3.447  -10.220  128.402    5.746  160.987    1609905413583
01    17.604   -2.341   -9.551  110.735   45.860 -173.678    1609905413598
02    15.655   -3.626  -11.071  137.936   16.554  165.216    1609905413598
01    17.700   -2.086   -9.400  104.040   41.159 -177.613    1609905413614
02    15.441   -4.333  -11.485  151.123   30.178  174.473    1609905413614
01    17.789   -1.943   -9.218   98.398   36.915  179.324    1609905413636
02    15.469   -4.823  -11.466  162.326   39.088 -177.493    1609905413636
01    17.841   -1.965   -9.048   94.638   35.036  177.440    1609905413652
02    15.614   -4.994  -11.164  168.039   44.072 -173.091    1609905413652
01    17.829   -2.090   -8.894   93.785   35.608  176.834    1609905413667
02    15.787   -5.004  -10.658  163.202   45.248 -175.775    1609905413667
01    17.765   -2.215   -8.823   95.707   37.377  177.611    1609905413683
02    15.782   -4.997  -10.291  148.958   38.871  176.159    1609905413683
01    17.689   -2.310   -8.796   99.258   39.604  179.109    1609905413698
02    15.612   -4.678  -10.295  137.738   25.734  170.874    1609905413698
01    17.613   -2.361   -8.824  104.260   42.071 -178.459    1609905413714
02    15.597   -4.259  -10.299  132.545   17.106  167.116    1609905413714
01    17.514   -2.348   -8.990  109.973   43.947 -174.940    1609905413736
02    15.657   -4.002  -10.301  131.452   14.135  165.838    1609905413736
01    17.453   -2.331   -9.191  113.608   45.430 -172.403    1609905413752
02    15.692   -3.917  -10.371  131.511   14.067  166.174    1609905413752
01    17.455   -2.279   -9.371  114.408   46.488 -171.751    1609905413767
02    15.667   -3.902  -10.570  132.861   15.651  166.990    1609905413767
01    17.530   -2.201   -9.476  111.699   46.632 -173.562    1609905413783
02    15.554   -3.982  -10.935  136.955   19.523  168.918    1609905413783
01    17.648   -2.111   -9.472  106.418   45.313 -177.077    1609905413799
02    15.440   -4.305  -11.283  144.195   26.281  173.165    1609905413799
01    17.770   -2.017   -9.403  100.549   42.806  179.268    1609905413814
02    15.439   -4.797  -11.413  153.597   33.971  179.357    1609905413814
01    17.871   -1.966   -9.307   95.493   40.437  176.473    1609905413836
02    15.484   -5.236  -11.378  168.074   41.579 -169.827    1609905413836
01    17.956   -1.946   -9.223   89.782   37.702  173.934    1609905413852
02    15.458   -5.628  -11.354 -179.505   44.434 -159.646    1609905413852
01    18.022   -1.950   -9.154   85.281   36.054  172.171    1609905413868
02    15.407   -5.964  -11.311 -171.784   45.193 -152.910    1609905413868
01    18.066   -1.977   -9.094   82.262   35.482  170.857    1609905413883
02    15.352   -6.236  -11.280 -167.443   45.191 -148.954    1609905413883
01    18.091   -2.038   -9.047   80.454   35.765  169.780    1609905413899
02    15.313   -6.434  -11.284 -165.057   45.016 -146.774    1609905413899
01    18.105   -2.081   -9.001   79.736   36.030  169.013    1609905413915
02    15.313   -6.615  -11.252 -162.968   45.084 -144.631    1609905413915
01    18.102   -2.120   -8.986   79.636   36.286  168.847    1609905413937
02    15.340   -6.689  -11.232 -161.368   45.310 -143.351    1609905413937
01    18.108   -2.115   -8.966   79.701   36.112  168.573    1609905413952
02    15.364   -6.785  -11.175 -159.924   45.397 -141.755    1609905413952
01    18.117   -2.082   -8.969   79.429   35.527  168.320    1609905413968
02    15.382   -6.830  -11.144 -158.631   45.348 -140.483    1609905413968
01    18.148   -2.061   -8.941   78.054   34.667  167.413    1609905413984
02    15.385   -6.858  -11.127 -157.908   45.208 -139.810    1609905413984
01    18.199   -2.052   -8.903   76.256   33.763  166.573    1609905413999
02    15.402   -6.824  -11.111 -157.467   45.327 -139.798    1609905413999
01    18.229   -2.088   -8.892   74.589   33.456  166.094    1609905414015
02    15.394   -6.795  -11.131 -157.658   45.125 -140.218    1609905414015
01    18.241   -2.155   -8.890   73.588   33.945  165.699    1609905414037
02    15.381   -6.767  -11.160 -158.231   45.048 -140.746    1609905414037
01    18.230   -2.231   -8.894   73.687   34.714  165.583    1609905414053
02    15.381   -6.792  -11.179 -158.561   45.128 -140.726    1609905414053
01    18.213   -2.274   -8.892   74.805   35.330  165.719    1609905414068
02    15.409   -6.819  -11.188 -158.706   45.408 -140.623    1609905414068
01    18.179   -2.320   -8.899   76.510   35.934  166.305    1609905414084
02    15.452   -6.809  -11.188 -158.731   45.735 -140.605    1609905414084
01    18.132   -2.352   -8.917   78.746   36.555  167.164    1609905414100
02    15.471   -6.832  -11.211 -158.869   45.827 -140.593    1609905414100
01    18.065   -2.412   -8.930   81.033   37.366  168.085    1609905414115
02    15.493   -6.859  -11.225 -159.141   46.002 -140.632    1609905414115
01    17.975   -2.446   -8.947   83.900   38.060  169.403    1609905414137
02    15.534   -6.858  -11.212 -159.316   46.312 -140.725    1609905414137
01    17.850   -2.565   -8.935   87.676   39.213  171.215    1609905414153
02    15.605   -6.807  -11.161 -160.276   47.048 -141.696    1609905414153
01    17.727   -2.609   -8.953   93.932   40.863  174.287    1609905414169
02    15.648   -6.742  -11.117 -162.945   47.442 -143.795    1609905414169
01    17.607   -2.557   -9.104  100.807   41.974  178.077    1609905414184
02    15.673   -6.641  -11.124 -168.494   47.567 -148.261    1609905414184
01    17.550   -2.558   -9.212  104.222   42.820  179.636    1609905414200
02    15.772   -6.479  -11.042 -175.995   48.320 -154.297    1609905414200
01    17.542   -2.613   -9.222  106.725   44.704 -179.512    1609905414215
02    16.171   -6.105  -10.416  172.430   50.071 -163.918    1609905414215
01    17.493   -2.756   -9.325  111.096   47.497 -176.356    1609905414238
02    16.255   -5.866   -9.899  151.049   44.120 -178.952    1609905414238
01    17.471   -2.872   -9.468  115.566   50.060 -173.152    1609905414253
02    15.949   -5.589  -10.078  133.296   27.726  171.191    1609905414253
01    17.452   -3.024   -9.593  119.082   52.236 -170.049    1609905414269
02    15.832   -4.975  -10.291  125.279   11.339  166.357    1609905414269
01    17.438   -3.098   -9.718  121.418   53.039 -168.358    1609905414285
02    15.988   -4.385  -10.241  125.349    4.957  163.065    1609905414285
01    17.437   -3.183   -9.792  122.803   53.927 -167.238    1609905414300
02    16.100   -4.264  -10.271  125.793    4.777  161.471    1609905414300
01    17.465   -3.206   -9.814  123.225   54.499 -167.363    1609905414316
02    16.195   -4.288  -10.254  126.069    5.567  160.376    1609905414316
01    17.466   -3.305   -9.880  123.345   54.958 -167.277    1609905414338
02    16.254   -4.255  -10.303  126.970    6.165  159.639    1609905414338
01    17.485   -3.317   -9.918  123.473   55.659 -167.284    1609905414354
02    16.309   -4.182  -10.385  127.659    7.711  159.286    1609905414354
01    17.543   -3.241   -9.975  122.364   56.346 -168.290    1609905414369
02    16.289   -4.098  -10.636  129.244   11.205  159.626    1609905414369
01    17.578   -3.078  -10.064  118.082   54.983 -171.248    1609905414385
02    16.093   -4.066  -11.244  133.922   17.848  161.762    1609905414385
01    17.721   -2.765   -9.932  109.401   51.396 -178.125    1609905414400
02    15.848   -4.493  -11.874  142.436   28.716  167.572    1609905414400
01    17.870   -2.402   -9.751  101.303   45.991  176.466    1609905414416
02    15.809   -5.116  -12.055  154.580   40.275  176.856    1609905414416
01    18.010   -2.126   -9.523   94.241   40.398  172.695    1609905414438
02    15.832   -5.602  -11.970  169.845   48.181 -170.205    1609905414438
01    18.135   -1.949   -9.332   88.567   36.678  170.692    1609905414454
02    15.874   -5.847  -11.749 -178.255   51.457 -159.552    1609905414454
01    18.205   -2.020   -9.215   84.415   36.635  169.750    1609905414469
02    15.852   -5.923  -11.585 -174.816   51.416 -156.113    1609905414469
01    18.160   -2.258   -9.150   82.576   38.205  169.399    1609905414485
02    15.923   -5.820  -11.313 -177.914   52.528 -158.942    1609905414485
01    18.043   -2.534   -9.078   84.078   40.863  169.786    1609905414501
02    16.132   -5.619  -10.710  166.525   53.282 -171.664    1609905414501
01    17.934   -2.758   -8.998   88.596   44.492  171.367    1609905414516
02    16.093   -5.579  -10.289  140.536   41.337  171.126    1609905414516
01    17.803   -2.833   -9.044   96.538   48.408  175.486    1609905414539
02    15.868   -5.172  -10.384  124.983   14.497  164.848    1609905414539
01    17.707   -2.861   -9.127  102.905   50.521  178.576    1609905414554
02    15.882   -4.716  -10.252  123.444    4.296  162.378    1609905414554
01    17.619   -2.822   -9.295  108.651   51.754 -177.774    1609905414570
02    15.941   -4.353  -10.096  123.511    0.209  161.771    1609905414570
01    17.566   -2.837   -9.441  112.150   52.674 -175.331    1609905414585
02    16.019   -4.106   -9.983  123.784   -1.157  161.355    1609905414585
01    17.544   -2.937   -9.543  113.799   53.774 -174.081    1609905414601
02    16.093   -4.013   -9.935  124.121   -1.121  160.894    1609905414601
01    17.528   -3.031   -9.661  115.305   54.853 -173.209    1609905414617
02    16.133   -4.031   -9.958  124.594   -0.512  160.596    1609905414617
01    17.540   -3.135   -9.794  116.038   56.277 -173.107    1609905414639
02    16.188   -4.080  -10.000  125.159    0.707  159.919    1609905414639
01    17.613   -3.302   -9.819  115.814   58.508 -172.962    1609905414654
02    16.237   -4.076  -10.104  125.954    2.631  159.825    1609905414654
01    17.654   -3.389   -9.968  116.111   59.984 -171.695    1609905414670
02    16.226   -4.077  -10.357  127.294    6.430  160.255    1609905414670
01    17.725   -3.300  -10.062  112.468   59.560 -173.552    1609905414686
02    16.036   -4.201  -10.876  130.961   12.552  162.232    1609905414686
01    17.835   -3.072  -10.058  105.706   56.890 -177.989    1609905414701
02    15.814   -4.713  -11.380  139.854   24.120  168.068    1609905414701
01    17.968   -2.828   -9.960   98.153   53.031  177.058    1609905414717
02    15.691   -5.478  -11.598  158.028   38.868 -177.717    1609905414717
01    18.108   -2.690   -9.791   89.741   48.583  172.152    1609905414739
02    15.654   -6.085  -11.550  176.717   46.252 -161.696    1609905414739
01    18.187   -2.641   -9.683   82.307   45.131  169.026    1609905414755
02    15.589   -6.504  -11.458 -171.243   47.344 -150.899    1609905414755
01    18.230   -2.695   -9.564   77.053   43.879  166.968    1609905414770
02    15.496   -6.812  -11.360 -164.956   46.555 -145.020    1609905414770
01    18.214   -2.744   -9.480   75.094   43.508  166.427    1609905414786
02    15.435   -7.032  -11.234 -161.215   45.794 -141.527    1609905414786
01    18.173   -2.818   -9.385   74.847   43.733  166.212    1609905414802
02    15.384   -7.178  -11.159 -159.143   45.052 -139.949    1609905414802
01    18.112   -2.830   -9.334   76.775   43.986  167.017    1609905414817
02    15.344   -7.298  -11.112 -157.484   44.386 -138.792    1609905414817
01    18.064   -2.776   -9.321   78.721   43.819  167.698    1609905414839
02    15.337   -7.383  -11.090 -156.065   43.961 -137.821    1609905414839
01    18.057   -2.702   -9.299   78.935   42.996  167.438    1609905414855
02    15.325   -7.490  -11.054 -154.380   43.760 -136.178    1609905414855
01    18.074   -2.651   -9.267   77.403   41.982  166.746    1609905414871
02    15.314   -7.582  -10.978 -152.466   43.251 -134.525    1609905414871
01    18.108   -2.637   -9.215   75.176   40.987  166.013    1609905414886
02    15.318   -7.591  -10.890 -150.848   42.636 -133.631    1609905414886
01    18.140   -2.661   -9.166   72.859   40.195  165.409    1609905414902
02    15.292   -7.628  -10.826 -150.032   41.757 -133.139    1609905414902
01    18.148   -2.724   -9.124   71.047   39.927  165.075    1609905414917
02    15.242   -7.665  -10.794 -149.822   41.118 -133.175    1609905414917
01    18.147   -2.766   -9.081   70.609   39.838  165.065    1609905414940
02    15.217   -7.703  -10.762 -149.845   40.807 -133.425    1609905414940
01    18.120   -2.834   -9.035   70.852   39.904  165.139    1609905414955
02    15.210   -7.732  -10.744 -149.713   40.732 -133.443    1609905414955
01    18.077   -2.864   -9.036   72.107   40.004  165.725    1609905414971
02    15.172   -7.824  -10.786 -149.938   40.340 -133.540    1609905414971
01    18.049   -2.887   -8.990   73.075   39.821  165.789    1609905414987
02    15.210   -7.853  -10.766 -149.359   40.612 -133.189    1609905414987
01    18.037   -2.859   -8.961   74.062   39.265  166.035    1609905415002
02    15.225   -7.866  -10.759 -149.426   40.757 -133.137    1609905415002
01    18.027   -2.812   -8.964   74.824   38.751  166.374    1609905415018
02    15.222   -7.880  -10.755 -149.517   40.729 -133.066    1609905415018
01    18.026   -2.799   -8.953   75.046   38.397  166.491    1609905415040
02    15.234   -7.858  -10.736 -149.532   40.854 -133.059    1609905415040
01    18.016   -2.806   -8.947   74.969   38.067  166.603    1609905415056
02    15.235   -7.838  -10.729 -149.654   40.934 -133.190    1609905415056
01    18.010   -2.792   -8.943   75.103   37.865  166.708    1609905415071
02    15.213   -7.824  -10.746 -150.054   40.948 -133.415    1609905415071
01    18.001   -2.786   -8.919   75.256   37.710  166.707    1609905415087
02    15.203   -7.800  -10.756 -150.379   41.048 -133.627    1609905415087
01    17.969   -2.784   -8.885   75.775   37.461  166.982    1609905415102
02    15.215   -7.756  -10.756 -150.524   41.202 -133.821    1609905415102
01    17.959   -2.675   -8.811   76.895   36.164  167.419    1609905415118
02    15.199   -7.727  -10.760 -150.814   41.219 -134.079    1609905415118
01    17.957   -2.510   -8.744   77.647   33.853  168.128    1609905415140
02    15.183   -7.662  -10.777 -150.992   41.322 -134.393    1609905415140
01    17.973   -2.420   -8.650   77.255   31.885  168.472    1609905415156
02    15.188   -7.540  -10.755 -151.193   41.667 -134.813    1609905415156
01    17.985   -2.461   -8.555   76.745   31.144  168.589    1609905415171
02    15.439   -7.074  -10.386 -151.651   43.507 -136.335    1609905415171
01    17.911   -2.675   -8.533   77.372   32.812  169.028    1609905415187
02    15.898   -6.109   -9.531 -163.257   48.227 -146.610    1609905415187
