01     8.869   -4.139   -5.342  165.559   40.008  -84.401    1612332346774
02     7.646   -4.895   -5.470  145.755   11.528  126.800    1612332346774
01     8.890   -4.137   -5.282  165.628   39.724  -84.180    1612332346795
02     7.665   -4.894   -5.403  145.876   11.469  126.880    1612332346795
01     8.896   -4.142   -5.251  165.690   39.471  -83.864    1612332346813
02     7.667   -4.900   -5.362  145.890   11.370  127.071    1612332346813
01     8.896   -4.152   -5.230  165.738   39.216  -83.557    1612332346825
02     7.668   -4.901   -5.334  145.878   11.208  127.324    1612332346825
01     8.898   -4.161   -5.207  165.718   39.042  -83.407    1612332346846
02     7.671   -4.902   -5.307  145.870   11.048  127.566    1612332346846
01     8.899   -4.168   -5.184  165.762   38.899  -83.318    1612332346857
02     7.672   -4.906   -5.288  145.887   10.917  127.658    1612332346857
01     8.903   -4.169   -5.159  165.810   38.878  -83.348    1612332346879
02     7.681   -4.910   -5.265  145.975   10.920  127.584    1612332346879
01     8.906   -4.172   -5.131  165.891   38.880  -83.374    1612332346895
02     7.687   -4.913   -5.240  146.081   10.983  127.454    1612332346895
01     8.911   -4.161   -5.105  165.971   38.861  -83.433    1612332346907
02     7.689   -4.913   -5.221  146.200   11.047  127.314    1612332346907
01     8.912   -4.158   -5.077  165.951   38.838  -83.457    1612332346928
02     7.691   -4.911   -5.192  146.265   11.123  127.225    1612332346928
01     8.911   -4.149   -5.059  165.941   38.721  -83.442    1612332346946
02     7.691   -4.905   -5.164  146.315   11.145  127.232    1612332346946
01     8.910   -4.146   -5.042  165.966   38.605  -83.325    1612332346958
02     7.687   -4.904   -5.142  146.310   11.094  127.348    1612332346958
01     8.909   -4.145   -5.027  166.035   38.480  -83.116    1612332346979
02     7.683   -4.903   -5.122  146.288   11.036  127.521    1612332346979
01     8.909   -4.148   -5.011  166.075   38.388  -82.940    1612332346989
02     7.683   -4.900   -5.104  146.274   10.985  127.661    1612332346989
01     8.906   -4.147   -4.997  166.114   38.263  -82.835    1612332347009
02     7.683   -4.897   -5.087  146.279   10.935  127.752    1612332347009
01     8.901   -4.148   -4.977  166.072   38.183  -82.841    1612332347029
02     7.680   -4.893   -5.072  146.297   10.889  127.768    1612332347029
01     8.897   -4.147   -4.960  166.059   38.133  -82.894    1612332347040
02     7.676   -4.886   -5.064  146.330   10.836  127.678    1612332347040
01     8.893   -4.138   -4.948  165.987   38.081  -83.075    1612332347060
02     7.676   -4.874   -5.060  146.412   10.808  127.483    1612332347060
01     8.893   -4.126   -4.931  165.954   38.065  -83.261    1612332347078
02     7.680   -4.866   -5.048  146.552   10.851  127.280    1612332347078
01     8.887   -4.124   -4.926  165.924   37.978  -83.344    1612332347091
02     7.677   -4.869   -5.037  146.733   10.958  127.089    1612332347091
01     8.883   -4.124   -4.926  165.930   37.875  -83.332    1612332347111
02     7.670   -4.875   -5.030  146.803   10.976  127.062    1612332347111
01     8.880   -4.128   -4.932  165.964   37.751  -83.229    1612332347129
02     7.666   -4.881   -5.024  146.809   10.948  127.168    1612332347129
01     8.879   -4.139   -4.931  166.014   37.711  -83.041    1612332347142
02     7.666   -4.886   -5.019  146.805   10.921  127.343    1612332347142
01     8.879   -4.150   -4.930  166.080   37.691  -82.887    1612332347162
02     7.665   -4.894   -5.016  146.802   10.900  127.519    1612332347162
01     8.877   -4.159   -4.923  166.159   37.676  -82.767    1612332347172
02     7.662   -4.903   -5.012  146.793   10.871  127.643    1612332347172
01     8.874   -4.164   -4.915  166.195   37.664  -82.712    1612332347193
02     7.659   -4.905   -5.007  146.812   10.858  127.673    1612332347193
01     8.867   -4.166   -4.910  166.172   37.623  -82.747    1612332347211
02     7.652   -4.907   -5.002  146.830   10.830  127.651    1612332347211
01     8.862   -4.161   -4.899  166.143   37.617  -82.831    1612332347223
02     7.648   -4.904   -4.996  146.857   10.817  127.576    1612332347223
01     8.859   -4.153   -4.891  166.121   37.601  -82.927    1612332347245
02     7.640   -4.901   -4.987  146.862   10.811  127.504    1612332347245
01     8.852   -4.147   -4.886  166.066   37.549  -82.981    1612332347255
02     7.630   -4.897   -4.978  146.841   10.780  127.490    1612332347255
01     8.848   -4.140   -4.886  166.043   37.486  -82.971    1612332347276
02     7.626   -4.892   -4.969  146.804   10.758  127.519    1612332347276
01     8.844   -4.138   -4.884  166.038   37.439  -82.891    1612332347296
02     7.624   -4.885   -4.963  146.760   10.730  127.593    1612332347296
01     8.845   -4.130   -4.880  166.049   37.419  -82.814    1612332347307
02     7.620   -4.879   -4.959  146.691   10.682  127.722    1612332347307
01     8.844   -4.123   -4.872  166.047   37.398  -82.754    1612332347327
02     7.616   -4.871   -4.950  146.576   10.597  127.903    1612332347327
01     8.840   -4.114   -4.854  165.979   37.369  -82.766    1612332347345
02     7.609   -4.859   -4.938  146.474   10.478  128.015    1612332347345
01     8.831   -4.103   -4.833  165.844   37.314  -82.854    1612332347358
02     7.599   -4.845   -4.925  146.381   10.355  127.983    1612332347358
01     8.822   -4.085   -4.818  165.680   37.231  -83.039    1612332347378
02     7.594   -4.820   -4.915  146.399   10.234  127.815    1612332347378
01     8.809   -4.071   -4.814  165.519   37.092  -83.284    1612332347389
02     7.589   -4.802   -4.910  146.462   10.135  127.609    1612332347389
01     8.803   -4.060   -4.812  165.435   36.961  -83.477    1612332347410
02     7.583   -4.797   -4.905  146.493   10.064  127.473    1612332347410
01     8.797   -4.055   -4.817  165.394   36.827  -83.550    1612332347429
02     7.580   -4.794   -4.901  146.524   10.032  127.433    1612332347429
01     8.795   -4.061   -4.823  165.458   36.781  -83.383    1612332347441
02     7.579   -4.799   -4.900  146.527   10.032  127.507    1612332347441
01     8.798   -4.063   -4.825  165.612   36.796  -83.123    1612332347462
02     7.580   -4.807   -4.895  146.518   10.066  127.664    1612332347462
01     8.800   -4.075   -4.821  165.748   36.853  -82.803    1612332347472
02     7.579   -4.812   -4.890  146.491   10.103  127.845    1612332347472
01     8.801   -4.078   -4.812  165.835   36.901  -82.613    1612332347492
02     7.576   -4.817   -4.882  146.448   10.118  128.000    1612332347492
01     8.798   -4.078   -4.799  165.857   36.907  -82.520    1612332347513
02     7.570   -4.814   -4.874  146.424   10.087  128.104    1612332347513
01     8.791   -4.073   -4.789  165.812   36.841  -82.573    1612332347523
02     7.562   -4.808   -4.861  146.405   10.028  128.144    1612332347523
01     8.783   -4.065   -4.780  165.748   36.775  -82.684    1612332347543
02     7.555   -4.796   -4.855  146.423    9.944  128.083    1612332347543
01     8.774   -4.058   -4.780  165.679   36.692  -82.825    1612332347562
02     7.549   -4.789   -4.856  146.454    9.861  127.980    1612332347562
01     8.768   -4.054   -4.780  165.658   36.663  -82.941    1612332347574
02     7.549   -4.783   -4.857  146.538    9.838  127.858    1612332347574
01     8.767   -4.051   -4.785  165.712   36.658  -82.972    1612332347595
02     7.551   -4.784   -4.860  146.607    9.858  127.789    1612332347595
01     8.768   -4.052   -4.792  165.801   36.669  -82.898    1612332347605
02     7.553   -4.791   -4.862  146.651    9.919  127.802    1612332347605
01     8.770   -4.055   -4.800  165.918   36.694  -82.743    1612332347626
02     7.557   -4.795   -4.864  146.681    9.997  127.870    1612332347626
01     8.774   -4.060   -4.800  166.027   36.753  -82.535    1612332347644
02     7.556   -4.804   -4.863  146.661   10.061  127.989    1612332347644
01     8.776   -4.065   -4.795  166.109   36.823  -82.334    1612332347657
02     7.556   -4.805   -4.859  146.640   10.097  128.091    1612332347657
01     8.776   -4.065   -4.785  166.146   36.878  -82.230    1612332347677
02     7.552   -4.804   -4.852  146.610   10.100  128.169    1612332347677
01     8.773   -4.063   -4.772  166.108   36.874  -82.241    1612332347696
02     7.544   -4.800   -4.843  146.581   10.046  128.223    1612332347696
01     8.766   -4.058   -4.763  166.019   36.785  -82.353    1612332347708
02     7.536   -4.791   -4.836  146.581    9.960  128.205    1612332347708
01     8.758   -4.051   -4.759  165.962   36.706  -82.502    1612332347728
02     7.533   -4.781   -4.834  146.632    9.887  128.127    1612332347728
01     8.752   -4.049   -4.764  165.957   36.645  -82.626    1612332347739
02     7.534   -4.776   -4.839  146.719    9.840  128.020    1612332347739
01     8.749   -4.052   -4.773  166.026   36.625  -82.654    1612332347759
02     7.537   -4.780   -4.846  146.824    9.847  127.927    1612332347759
01     8.751   -4.059   -4.782  166.155   36.659  -82.576    1612332347778
02     7.543   -4.790   -4.852  146.936    9.935  127.892    1612332347778
01     8.756   -4.066   -4.790  166.322   36.723  -82.422    1612332347790
02     7.550   -4.804   -4.855  146.988   10.060  127.933    1612332347790
01     8.762   -4.074   -4.792  166.484   36.825  -82.202    1612332347810
02     7.553   -4.817   -4.856  146.988   10.168  128.041    1612332347810
01     8.767   -4.082   -4.790  166.604   36.931  -81.938    1612332347829
02     7.553   -4.826   -4.853  146.942   10.226  128.168    1612332347829
01     8.768   -4.087   -4.781  166.625   36.995  -81.774    1612332347841
02     7.550   -4.830   -4.846  146.877   10.230  128.272    1612332347841
01     8.767   -4.087   -4.772  166.538   36.948  -81.812    1612332347862
02     7.543   -4.829   -4.837  146.808   10.169  128.332    1612332347862
01     8.760   -4.085   -4.766  166.377   36.805  -81.962    1612332347872
02     7.537   -4.820   -4.832  146.789   10.053  128.311    1612332347872
01     8.752   -4.085   -4.766  166.258   36.664  -82.154    1612332347892
02     7.534   -4.812   -4.834  146.833    9.935  128.211    1612332347892
01     8.747   -4.089   -4.773  166.280   36.609  -82.312    1612332347913
02     7.535   -4.810   -4.842  146.945    9.879  128.064    1612332347913
01     8.745   -4.094   -4.784  166.454   36.634  -82.375    1612332347923
02     7.541   -4.817   -4.853  147.145    9.927  127.882    1612332347923
01     8.747   -4.112   -4.808  166.690   36.731  -82.294    1612332347944
02     7.550   -4.832   -4.867  147.373   10.109  127.760    1612332347944
01     8.757   -4.142   -4.837  166.964   36.895  -82.102    1612332347962
02     7.564   -4.870   -4.893  147.526   10.342  127.774    1612332347962
01     8.770   -4.171   -4.856  167.347   37.168  -81.754    1612332347974
02     7.577   -4.911   -4.915  147.607   10.580  127.873    1612332347974
01     8.776   -4.193   -4.862  167.606   37.412  -81.452    1612332347995
02     7.577   -4.940   -4.927  147.605   10.738  127.989    1612332347995
01     8.774   -4.202   -4.858  167.649   37.534  -81.350    1612332348005
02     7.567   -4.951   -4.930  147.564   10.795  128.083    1612332348005
01     8.762   -4.205   -4.857  167.504   37.480  -81.413    1612332348025
02     7.552   -4.953   -4.931  147.490   10.774  128.111    1612332348025
01     8.748   -4.203   -4.860  167.314   37.367  -81.585    1612332348046
02     7.539   -4.945   -4.938  147.449   10.699  128.042    1612332348046
01     8.733   -4.203   -4.872  167.157   37.244  -81.765    1612332348056
02     7.532   -4.936   -4.950  147.471   10.627  127.899    1612332348056
01     8.722   -4.204   -4.893  167.082   37.144  -81.913    1612332348076
02     7.526   -4.937   -4.970  147.503   10.591  127.746    1612332348076
01     8.717   -4.207   -4.919  167.056   37.137  -81.991    1612332348095
02     7.523   -4.944   -4.992  147.526   10.611  127.597    1612332348095
01     8.718   -4.213   -4.950  167.053   37.178  -81.988    1612332348107
02     7.526   -4.951   -5.022  147.548   10.692  127.426    1612332348107
01     8.722   -4.219   -4.977  167.027   37.258  -81.996    1612332348128
02     7.528   -4.957   -5.058  147.537   10.794  127.252    1612332348128
01     8.725   -4.218   -5.003  166.934   37.344  -82.063    1612332348146
02     7.529   -4.951   -5.099  147.529   10.873  126.970    1612332348146
01     8.709   -4.208   -5.080  166.864   37.327  -82.146    1612332348158
02     7.552   -4.901   -5.175  148.601   11.144  126.238    1612332348158
01     8.686   -4.247   -5.205  166.916   37.449  -81.938    1612332348179
02     7.585   -4.859   -5.402  152.961   13.011  124.926    1612332348179
01     8.714   -4.296   -5.290  167.213   38.677  -81.284    1612332348189
02     7.539   -5.037   -5.807  159.484   17.217  124.933    1612332348189
01     8.777   -4.296   -5.336  166.173   41.340  -81.321    1612332348209
02     7.443   -5.507   -6.256  167.166   24.020  128.016    1612332348209
01     8.850   -4.228   -5.364  162.249   43.646  -83.635    1612332348228
02     7.502   -5.990   -6.572  175.320   32.913  133.178    1612332348228
01     8.907   -4.112   -5.463  155.812   44.848  -87.871    1612332348240
02     7.712   -6.272   -6.891 -177.125   41.343  137.276    1612332348240
01     9.010   -3.975   -5.535  147.554   46.486  -94.383    1612332348260
02     8.014   -6.579   -7.082 -166.246   48.606  144.826    1612332348260
01     9.141   -3.805   -5.582  139.591   47.434 -101.171    1612332348279
02     8.307   -6.935   -7.166 -151.895   52.621  156.102    1612332348279
01     9.263   -3.628   -5.669  131.845   47.081 -107.474    1612332348291
02     8.583   -7.224   -7.229 -138.204   54.475  167.051    1612332348291
01     9.402   -3.511   -5.737  124.520   46.851 -112.997    1612332348312
02     8.809   -7.481   -7.265 -126.513   54.692  177.133    1612332348312
01     9.552   -3.418   -5.794  117.710   46.318 -117.980    1612332348322
02     9.000   -7.675   -7.311 -117.312   54.068 -174.655    1612332348322
01     9.719   -3.345   -5.832  111.164   45.488 -122.597    1612332348343
02     9.182   -7.807   -7.364 -110.044   53.336 -168.027    1612332348343
01     9.887   -3.287   -5.838  105.144   44.303 -127.056    1612332348362
02     9.351   -7.895   -7.437 -104.288   52.495 -162.809    1612332348362
01    10.024   -3.241   -5.834  100.647   42.864 -130.556    1612332348374
02     9.492   -7.963   -7.512 -100.017   51.461 -159.045    1612332348374
01    10.129   -3.208   -5.824   97.577   41.498 -132.936    1612332348395
02     9.608   -8.023   -7.579  -96.933   50.326 -156.423    1612332348395
01    10.195   -3.156   -5.855   96.148   40.028 -134.004    1612332348405
02     9.695   -8.066   -7.630  -94.994   49.220 -154.657    1612332348405
01    10.258   -3.098   -5.899   95.121   38.815 -134.869    1612332348427
02     9.746   -8.060   -7.713  -94.122   48.953 -153.700    1612332348427
01    10.322   -3.065   -5.949   93.875   38.022 -135.826    1612332348446
02     9.805   -8.036   -7.788  -93.319   49.079 -152.844    1612332348446
01    10.396   -3.043   -5.975   92.082   37.402 -137.348    1612332348458
02     9.844   -8.030   -7.851  -92.909   49.217 -152.204    1612332348458
01    10.453   -3.052   -5.991   90.382   36.953 -138.783    1612332348478
02     9.875   -8.017   -7.910  -92.565   49.550 -151.790    1612332348478
01    10.491   -3.074   -5.991   89.303   36.693 -140.018    1612332348489
02     9.897   -7.997   -7.977  -92.785   50.001 -151.924    1612332348489
01    10.494   -3.108   -5.988   89.277   36.644 -140.596    1612332348509
02     9.906   -7.976   -8.038  -93.639   50.650 -152.638    1612332348509
01    10.471   -3.139   -5.993   90.232   36.799 -140.518    1612332348527
02     9.877   -7.964   -8.096  -95.797   51.414 -154.338    1612332348527
01    10.421   -3.202   -5.976   91.554   37.232 -140.118    1612332348540
02     9.856   -7.937   -8.146  -97.984   52.255 -156.134    1612332348540
01    10.329   -3.321   -5.912   93.938   38.051 -139.136    1612332348560
02     9.823   -7.907   -8.171 -100.727   53.233 -158.226    1612332348560
01    10.182   -3.454   -5.845   98.721   38.798 -136.879    1612332348579
02     9.732   -7.827   -8.222 -106.333   55.086 -162.725    1612332348579
01    10.007   -3.566   -5.816  106.634   39.491 -132.998    1612332348591
02     9.563   -7.700   -8.240 -118.021   57.462 -171.978    1612332348591
01     9.813   -3.658   -5.849  119.091   39.994 -126.258    1612332348612
02     9.302   -7.484   -8.128 -141.120   58.352  170.526    1612332348612
01     9.601   -3.786   -5.927  133.248   39.488 -117.736    1612332348622
02     8.964   -7.130   -7.661 -165.922   54.597  154.155    1612332348622
01     9.397   -3.958   -6.023  144.090   38.043 -110.719    1612332348643
02     8.646   -6.668   -6.760  172.789   46.627  143.608    1612332348643
01     9.264   -4.103   -6.079  149.794   37.198 -105.931    1612332348661
02     7.943   -6.249   -6.463  145.249   25.963  134.994    1612332348661
01     9.200   -4.138   -6.080  150.859   36.513 -107.008    1612332348673
02     8.085   -5.340   -6.547  136.748   10.260  124.805    1612332348673
01     9.203   -4.129   -6.072  151.360   36.722 -107.948    1612332348694
02     8.230   -5.008   -6.518  134.471    3.288  122.049    1612332348694
01     9.223   -4.109   -6.058  151.877   37.096 -108.469    1612332348712
02     8.321   -4.877   -6.484  134.272    1.446  120.089    1612332348712
01     9.241   -4.079   -6.069  152.046   37.220 -108.672    1612332348724
02     8.378   -4.804   -6.482  134.497    1.028  118.279    1612332348724
01     9.265   -4.055   -6.092  152.101   37.445 -108.717    1612332348745
02     8.431   -4.754   -6.498  134.904    1.182  116.552    1612332348745
01     9.283   -4.045   -6.136  152.212   37.758 -108.445    1612332348755
02     8.476   -4.727   -6.531  135.294    1.661  114.952    1612332348755
01     9.298   -4.034   -6.218  152.188   38.214 -107.866    1612332348776
02     8.519   -4.713   -6.586  135.588    2.567  113.147    1612332348776
01     9.317   -4.033   -6.344  151.815   39.159 -106.467    1612332348794
02     8.574   -4.714   -6.659  136.161    4.228  111.640    1612332348796
01     9.345   -4.098   -6.469  150.860   41.098 -105.197    1612332348806
02     8.633   -4.723   -6.750  138.376    7.634  110.511    1612332348806
01     9.416   -4.165   -6.534  148.352   43.762 -105.915    1612332348827
02     8.636   -4.728   -6.982  143.810   13.047  110.750    1612332348827
01     9.506   -4.152   -6.571  143.641   45.967 -109.222    1612332348845
02     8.489   -4.946   -7.435  152.208   21.107  113.978    1612332348845
01     9.605   -4.088   -6.594  136.804   47.598 -114.593    1612332348858
02     8.464   -5.498   -7.745  162.583   33.460  121.709    1612332348858
01     9.707   -4.026   -6.632  128.949   48.711 -120.841    1612332348878
02     8.647   -6.013   -8.020  174.698   46.137  129.777    1612332348878
01     9.826   -4.024   -6.652  122.501   50.218 -125.704    1612332348889
02     8.934   -6.496   -8.163 -169.861   56.206  141.937    1612332348889
01     9.955   -4.006   -6.692  117.387   50.973 -129.702    1612332348909
02     9.215   -6.969   -8.240 -151.964   60.796  157.754    1612332348909
01    10.101   -3.975   -6.726  111.873   51.228 -133.893    1612332348928
02     9.480   -7.454   -8.238 -133.458   60.681  174.947    1612332348928
01    10.243   -3.951   -6.761  106.312   51.128 -137.672    1612332348940
02     9.753   -7.844   -8.232 -118.577   58.433 -171.869    1612332348940
01    10.347   -3.987   -6.779  101.843   51.571 -140.199    1612332348960
02    10.006   -8.146   -8.219 -107.709   55.985 -162.654    1612332348960
01    10.406   -4.049   -6.765   98.791   52.267 -141.829    1612332348979
02    10.191   -8.333   -8.215 -100.723   54.259 -156.657    1612332348979
01    10.412   -4.123   -6.734   97.466   52.789 -142.391    1612332348991
02    10.259   -8.414   -8.275  -98.375   54.100 -154.712    1612332348991
01    10.383   -4.199   -6.683   98.335   53.063 -141.999    1612332349012
02    10.215   -8.379   -8.350 -100.915   55.867 -156.438    1612332349012
01    10.316   -4.285   -6.610  101.400   53.281 -140.419    1612332349022
02    10.057   -8.300   -8.409 -108.648   57.981 -162.091    1612332349022
01    10.217   -4.403   -6.473  107.013   53.660 -137.142    1612332349042
02     9.799   -8.146   -8.409 -121.338   59.351 -171.695    1612332349042
01    10.082   -4.458   -6.379  117.890   53.159 -129.530    1612332349062
02     9.477   -7.867   -8.230 -140.338   59.160  173.979    1612332349062
01     9.884   -4.506   -6.403  131.312   51.176 -118.941    1612332349073
02     9.160   -7.488   -7.780 -161.844   55.636  159.087    1612332349073
01     9.721   -4.489   -6.497  140.757   48.376 -112.517    1612332349093
02     8.900   -7.056   -7.191 -179.877   48.445  148.138    1612332349093
01     9.610   -4.581   -6.483  146.727   47.441 -107.726    1612332349112
02     8.480   -6.655   -7.073  155.736   34.339  134.908    1612332349112
01     9.496   -4.600   -6.531  151.769   45.659 -105.915    1612332349124
02     8.470   -6.030   -6.996  141.736   18.373  125.038    1612332349124
01     9.461   -4.600   -6.515  155.005   45.497 -105.156    1612332349144
02     8.446   -5.711   -6.919  136.866   10.064  123.390    1612332349144
01     9.451   -4.564   -6.506  155.959   45.005 -105.224    1612332349163
02     8.451   -5.492   -6.866  134.864    6.193  122.817    1612332349163
01     9.443   -4.514   -6.537  156.159   44.235 -105.177    1612332349175
02     8.485   -5.324   -6.858  134.368    4.426  121.920    1612332349175
01     9.435   -4.482   -6.609  156.340   43.849 -104.572    1612332349196
02     8.542   -5.211   -6.892  134.665    4.160  120.435    1612332349196
01     9.431   -4.474   -6.723  156.478   44.330 -103.737    1612332349206
02     8.617   -5.141   -6.981  135.424    4.908  118.214    1612332349206
01     9.468   -4.486   -6.836  156.106   46.284 -102.710    1612332349226
02     8.703   -5.147   -7.086  136.257    6.807  115.538    1612332349226
01     9.529   -4.537   -6.897  153.296   49.092 -103.485    1612332349245
02     8.788   -5.191   -7.181  137.698    9.412  112.856    1612332349245
01     9.601   -4.533   -6.948  147.956   51.332 -107.404    1612332349257
02     8.812   -5.197   -7.407  142.271   13.556  111.781    1612332349257
01     9.693   -4.482   -6.980  140.557   52.943 -113.624    1612332349278
02     8.690   -5.384   -7.848  149.529   20.786  113.642    1612332349278
01     9.806   -4.393   -7.009  132.708   53.723 -120.199    1612332349296
02     8.588   -5.904   -8.229  160.614   31.950  121.227    1612332349296
01     9.933   -4.312   -7.036  123.346   54.223 -127.670    1612332349308
02     8.755   -6.428   -8.376  174.206   43.945  131.520    1612332349308
01    10.049   -4.292   -7.038  116.009   54.894 -133.337    1612332349329
02     9.023   -6.965   -8.451 -166.671   53.607  147.369    1612332349329
01    10.125   -4.311   -7.009  111.784   55.451 -136.472    1612332349339
02     9.328   -7.486   -8.467 -145.070   57.121  166.289    1612332349339
01    10.167   -4.315   -7.013  110.222   55.177 -137.264    1612332349360
02     9.648   -7.888   -8.482 -127.393   57.263 -178.774    1612332349360
01    10.203   -4.316   -7.041  109.202   54.967 -137.456    1612332349378
02     9.950   -8.189   -8.481 -113.887   56.546 -167.654    1612332349378
01    10.248   -4.313   -7.053  107.783   54.807 -138.174    1612332349390
02    10.210   -8.406   -8.465 -103.878   54.873 -159.526    1612332349390
01    10.284   -4.312   -7.041  106.241   54.559 -139.118    1612332349411
02    10.380   -8.534   -8.474  -98.046   53.684 -154.791    1612332349411
01    10.301   -4.300   -7.024  105.483   54.126 -139.763    1612332349429
02    10.419   -8.589   -8.514  -97.151   53.516 -153.740    1612332349429
01    10.302   -4.318   -6.983  105.372   53.891 -140.052    1612332349441
02    10.351   -8.560   -8.552 -101.267   54.957 -156.252    1612332349441
01    10.283   -4.351   -6.948  106.932   53.737 -139.228    1612332349462
02    10.205   -8.473   -8.596 -108.668   56.752 -161.415    1612332349462
01    10.238   -4.447   -6.864  110.321   54.220 -137.043    1612332349472
02    10.005   -8.311   -8.609 -119.203   58.427 -169.246    1612332349472
01    10.163   -4.550   -6.769  117.866   54.602 -131.653    1612332349493
02     9.739   -8.038   -8.476 -136.875   59.336  176.918    1612332349493
01    10.031   -4.656   -6.740  130.345   54.088 -121.650    1612332349511
02     9.451   -7.697   -8.032 -160.432   56.803  160.161    1612332349511
01     9.871   -4.714   -6.782  144.887   51.234 -110.764    1612332349523
02     9.159   -7.351   -7.349  176.447   49.711  146.804    1612332349523
01     9.695   -4.880   -6.749  153.212   49.370 -104.440    1612332349544
02     8.854   -6.615   -7.306  151.131   28.933  128.491    1612332349544
01     9.612   -4.840   -6.774  155.505   47.477 -105.184    1612332349562
02     8.696   -6.132   -7.208  141.809   15.169  125.561    1612332349562
01     9.585   -4.803   -6.756  155.786   46.707 -106.210    1612332349575
02     8.644   -5.822   -7.128  138.721    8.482  124.678    1612332349575
01     9.569   -4.746   -6.744  155.714   45.865 -107.253    1612332349595
02     8.634   -5.623   -7.081  137.953    5.263  123.584    1612332349595
01     9.561   -4.679   -6.762  155.484   45.114 -108.023    1612332349605
02     8.657   -5.484   -7.071  138.123    4.027  122.045    1612332349605
01     9.558   -4.631   -6.808  155.452   44.697 -108.064    1612332349627
02     8.687   -5.407   -7.096  138.397    3.904  120.559    1612332349627
01     9.558   -4.606   -6.894  155.442   44.838 -107.484    1612332349645
02     8.734   -5.353   -7.166  138.678    4.582  118.431    1612332349645
01     9.581   -4.597   -7.001  155.293   45.862 -106.550    1612332349657
02     8.796   -5.349   -7.259  138.830    6.299  115.821    1612332349657
01     9.629   -4.638   -7.086  154.073   47.900 -105.506    1612332349678
02     8.854   -5.379   -7.369  139.060    8.409  113.754    1612332349678
01     9.688   -4.688   -7.152  151.480   50.282 -106.116    1612332349688
02     8.920   -5.385   -7.510  141.255   11.853  112.214    1612332349688
01     9.768   -4.696   -7.198  146.693   52.453 -109.504    1612332349709
02     8.889   -5.458   -7.826  146.033   17.141  112.420    1612332349709
01     9.871   -4.652   -7.223  140.000   54.096 -115.110    1612332349729
02     8.789   -5.771   -8.232  153.093   25.218  115.722    1612332349729
01     9.999   -4.571   -7.236  129.945   55.307 -123.594    1612332349740
02     8.808   -6.315   -8.488  163.356   36.037  123.092    1612332349740
01    10.140   -4.495   -7.251  120.014   55.759 -131.370    1612332349760
02     9.030   -6.849   -8.605 -179.509   48.915  136.482    1612332349760
01    10.290   -4.438   -7.250  112.107   56.188 -137.262    1612332349778
02     9.314   -7.405   -8.625 -157.419   56.311  155.813    1612332349778
01    10.429   -4.399   -7.249  105.769   56.433 -141.515    1612332349791
02     9.616   -7.951   -8.551 -135.048   56.842  176.091    1612332349791
01    10.557   -4.359   -7.240   99.936   56.203 -145.304    1612332349811
02     9.910   -8.383   -8.467 -118.973   53.796 -169.934    1612332349811
01    10.652   -4.360   -7.235   95.195   56.270 -147.895    1612332349829
02    10.188   -8.678   -8.387 -107.497   50.974 -160.710    1612332349829
01    10.713   -4.382   -7.212   91.617   56.377 -149.884    1612332349841
02    10.412   -8.857   -8.325  -99.479   48.509 -154.480    1612332349841
01    10.745   -4.392   -7.167   89.141   56.042 -151.422    1612332349862
02    10.561   -8.979   -8.275  -94.269   46.414 -150.253    1612332349862
01    10.747   -4.385   -7.110   88.559   55.477 -151.837    1612332349872
02    10.667   -8.998   -8.279  -90.629   45.272 -147.666    1612332349872
01    10.729   -4.364   -7.072   89.273   54.861 -151.099    1612332349892
02    10.760   -8.994   -8.276  -88.357   45.106 -145.898    1612332349892
01    10.700   -4.356   -7.037   90.483   54.580 -149.951    1612332349911
02    10.800   -9.038   -8.266  -87.417   44.818 -144.996    1612332349911
01    10.651   -4.374   -6.996   92.495   54.628 -148.030    1612332349923
02    10.751   -9.038   -8.316  -88.871   45.894 -146.030    1612332349923
01    10.565   -4.451   -6.941   96.248   55.125 -144.841    1612332349944
02    10.591   -9.005   -8.381  -94.515   48.111 -150.094    1612332349944
01    10.442   -4.569   -6.865  103.169   55.916 -139.701    1612332349962
02    10.293   -8.896   -8.433 -105.936   51.410 -157.939    1612332349962
01    10.269   -4.706   -6.795  114.426   56.401 -131.425    1612332349975
02     9.881   -8.660   -8.377 -124.713   54.207 -170.587    1612332349975
01    10.045   -4.828   -6.825  130.283   55.644 -118.788    1612332349995
02     9.526   -8.250   -8.027 -149.536   54.529  172.574    1612332349995
01     9.832   -4.966   -6.862  145.295   53.188 -107.689    1612332350005
02     9.189   -7.791   -7.384 -176.787   50.428  156.178    1612332350005
01     9.638   -5.177   -6.816  153.001   51.412 -100.561    1612332350026
02     8.675   -7.009   -7.147  147.484   30.221  133.915    1612332350026
01     9.591   -5.037   -6.832  154.557   49.399 -103.211    1612332350046
02     8.592   -6.323   -7.120  138.730   15.462  127.693    1612332350046
01     9.598   -4.957   -6.815  154.864   48.692 -104.775    1612332350056
02     8.599   -5.941   -7.089  136.468    8.690  125.816    1612332350056
01     9.600   -4.889   -6.824  154.876   47.914 -105.857    1612332350077
02     8.632   -5.730   -7.074  136.007    5.660  124.536    1612332350077
01     9.612   -4.827   -6.889  154.993   47.326 -106.202    1612332350095
02     8.691   -5.606   -7.096  136.344    4.847  123.019    1612332350095
01     9.624   -4.796   -7.007  155.234   47.284 -105.661    1612332350108
02     8.756   -5.539   -7.174  136.710    5.092  121.034    1612332350108
01     9.663   -4.795   -7.159  155.231   48.381 -104.596    1612332350128
02     8.845   -5.508   -7.290  137.010    6.264  118.114    1612332350128
01     9.748   -4.846   -7.267  154.307   50.927 -103.635    1612332350139
02     8.946   -5.536   -7.406  137.199    8.145  114.969    1612332350139
01     9.833   -4.948   -7.327  152.034   53.904 -103.827    1612332350159
02     9.054   -5.563   -7.518  138.162   10.589  111.870    1612332350159
01     9.948   -4.990   -7.344  148.224   56.823 -106.656    1612332350179
02     9.098   -5.602   -7.703  141.264   14.658  110.780    1612332350179
01    10.057   -4.970   -7.354  141.984   58.771 -112.180    1612332350189
02     9.037   -5.752   -8.062  146.827   21.026  111.979    1612332350189
01    10.162   -4.906   -7.377  134.187   59.811 -119.077    1612332350210
02     8.950   -6.163   -8.425  155.234   30.372  117.376    1612332350210
01    10.289   -4.833   -7.401  124.021   60.509 -127.619    1612332350228
02     9.020   -6.717   -8.576  167.116   41.248  126.911    1612332350228
01    10.432   -4.773   -7.417  114.388   61.029 -135.212    1612332350241
02     9.217   -7.257   -8.623 -174.993   51.239  142.301    1612332350241
01    10.556   -4.733   -7.421  106.655   61.409 -140.815    1612332350261
02     9.454   -7.757   -8.620 -154.683   55.981  160.289    1612332350261
01    10.673   -4.682   -7.397   99.647   61.133 -145.928    1612332350280
02     9.723   -8.128   -8.631 -136.745   57.195  175.281    1612332350280
01    10.755   -4.647   -7.361   93.881   60.538 -149.826    1612332350292
02    10.017   -8.391   -8.628 -121.311   57.435 -172.364    1612332350292
01    10.804   -4.621   -7.314   89.742   59.696 -152.626    1612332350312
02    10.317   -8.555   -8.599 -107.688   56.698 -161.775    1612332350312
01    10.827   -4.588   -7.266   87.569   58.719 -154.092    1612332350323
02    10.566   -8.671   -8.572  -97.801   55.317 -154.232    1612332350323
01    10.831   -4.549   -7.216   87.206   57.964 -154.102    1612332350343
02    10.774   -8.746   -8.537  -90.762   53.748 -148.869    1612332350343
01    10.811   -4.526   -7.163   87.882   57.439 -153.134    1612332350362
02    10.912   -8.836   -8.496  -86.499   51.753 -145.252    1612332350362
01    10.757   -4.526   -7.090   90.349   57.214 -150.507    1612332350374
02    10.992   -8.822   -8.521  -84.141   51.509 -143.501    1612332350374
01    10.651   -4.570   -6.997   95.704   57.422 -145.642    1612332350394
02    10.926   -8.771   -8.603  -86.862   53.589 -145.707    1612332350394
01    10.502   -4.645   -6.891  104.827   57.708 -138.022    1612332350413
02    10.677   -8.686   -8.693  -97.372   57.138 -153.406    1612332350413
01    10.305   -4.719   -6.843  117.352   56.918 -128.177    1612332350426
02    10.309   -8.549   -8.681 -113.958   59.193 -165.238    1612332350426
01    10.089   -4.751   -6.916  130.705   55.047 -117.831    1612332350444
02     9.899   -8.269   -8.451 -136.606   59.020  178.537    1612332350446
01     9.930   -4.842   -6.956  141.332   53.813 -110.162    1612332350456
02     9.561   -7.869   -7.914 -159.767   55.054  163.133    1612332350456
01     9.847   -4.922   -6.908  148.518   53.026 -104.804    1612332350477
02     9.078   -7.379   -7.506  173.905   46.020  146.394    1612332350477
01     9.707   -4.990   -6.913  154.411   50.509 -101.115    1612332350495
02     8.817   -6.750   -7.237  147.057   31.266  130.159    1612332350495
01     9.666   -4.962   -6.910  157.467   49.425 -100.782    1612332350508
02     8.729   -6.178   -7.257  139.681   17.619  125.049    1612332350508
01     9.646   -4.933   -6.929  159.338   48.545 -100.756    1612332350528
02     8.722   -5.897   -7.253  137.150   11.691  123.093    1612332350528
01     9.641   -4.911   -6.984  160.599   48.053 -100.450    1612332350538
02     8.778   -5.729   -7.276  136.872    9.468  121.325    1612332350538
01     9.655   -4.908   -7.058  161.676   48.356  -99.518    1612332350559
02     8.841   -5.665   -7.331  137.087    9.346  119.421    1612332350559
01     9.694   -4.897   -7.152  161.821   49.398  -98.460    1612332350579
02     8.900   -5.661   -7.410  137.048   10.179  117.225    1612332350579
01     9.759   -4.927   -7.206  159.513   51.687  -98.015    1612332350589
02     8.967   -5.649   -7.508  137.049   11.221  114.409    1612332350589
01     9.824   -4.962   -7.230  155.204   54.013  -99.982    1612332350610
02     9.059   -5.606   -7.646  139.016   13.834  111.803    1612332350610
01     9.890   -4.944   -7.224  148.219   55.737 -105.607    1612332350628
02     9.060   -5.642   -7.957  143.566   18.724  111.012    1612332350628
01     9.951   -4.877   -7.224  140.331   56.289 -112.661    1612332350640
02     8.993   -5.903   -8.343  150.032   26.522  113.250    1612332350640
01    10.008   -4.788   -7.244  133.276   56.168 -118.958    1612332350661
02     8.995   -6.349   -8.598  159.000   36.264  119.427    1612332350661
01    10.092   -4.684   -7.279  127.065   56.181 -124.066    1612332350679
02     9.086   -6.823   -8.733  170.524   45.102  128.375    1612332350679
01    10.231   -4.560   -7.327  119.316   56.482 -129.838    1612332350692
02     9.271   -7.314   -8.747 -171.161   53.761  143.994    1612332350692
01    10.385   -4.487   -7.329  110.962   57.155 -135.627    1612332350712
02     9.499   -7.719   -8.714 -150.228   58.012  162.227    1612332350712
01    10.490   -4.485   -7.272  103.398   57.673 -140.693    1612332350722
02     9.713   -8.092   -8.654 -131.930   57.885  178.335    1612332350722
01    10.556   -4.457   -7.221   98.400   57.215 -144.042    1612332350743
02     9.918   -8.402   -8.575 -118.614   55.608 -170.235    1612332350743
01    10.589   -4.443   -7.166   95.547   56.866 -145.524    1612332350761
02    10.131   -8.574   -8.520 -109.045   53.835 -162.945    1612332350761
01    10.585   -4.446   -7.107   94.747   56.605 -145.446    1612332350774
02    10.289   -8.697   -8.482 -102.574   52.392 -158.117    1612332350774
01    10.550   -4.464   -7.036   95.694   56.274 -144.355    1612332350794
02    10.349   -8.728   -8.503 -101.070   52.731 -157.163    1612332350794
01    10.481   -4.506   -6.959   99.167   56.056 -141.616    1612332350812
02    10.262   -8.670   -8.558 -106.107   54.787 -160.771    1612332350812
01    10.383   -4.580   -6.849  105.415   56.184 -137.192    1612332350825
02    10.012   -8.618   -8.570 -116.988   56.045 -167.614    1612332350825
01    10.243   -4.621   -6.810  115.086   55.227 -130.167    1612332350845
02     9.730   -8.458   -8.491 -130.058   56.157 -175.881    1612332350845
01    10.098   -4.648   -6.843  125.032   53.907 -122.825    1612332350855
02     9.509   -8.170   -8.295 -143.937   54.919  174.040    1612332350855
01     9.973   -4.708   -6.909  133.595   53.061 -116.286    1612332350876
02     9.305   -7.874   -7.955 -158.982   51.901  163.956    1612332350876
01     9.888   -4.790   -6.953  142.382   52.895 -109.796    1612332350894
02     9.078   -7.601   -7.488 -177.872   47.273  154.213    1612332350894
01     9.761   -5.012   -6.954  153.474   52.354 -100.138    1612332350906
02     8.752   -7.156   -7.264  150.235   34.357  136.441    1612332350906
01     9.703   -5.083   -6.948  160.695   50.974  -96.406    1612332350927
02     8.736   -6.544   -7.271  140.119   20.188  129.393    1612332350927
01     9.697   -5.068   -6.924  163.166   49.933  -96.185    1612332350945
02     8.755   -6.165   -7.260  137.013   13.295  126.765    1612332350945
01     9.683   -5.028   -6.938  163.275   48.860  -97.136    1612332350958
02     8.797   -5.916   -7.263  136.461   10.099  124.487    1612332350958
01     9.674   -4.978   -6.987  163.078   48.125  -97.851    1612332350978
02     8.839   -5.768   -7.298  136.743    8.843  122.104    1612332350978
01     9.670   -4.943   -7.064  162.988   48.002  -97.773    1612332350988
02     8.883   -5.678   -7.370  137.054    8.490  119.199    1612332350988
01     9.687   -4.921   -7.153  162.245   48.893  -97.347    1612332351009
02     8.938   -5.644   -7.441  137.037    9.062  116.014    1612332351009
01     9.730   -4.939   -7.200  160.310   50.881  -96.900    1612332351029
02     8.982   -5.642   -7.513  137.055    9.910  113.247    1612332351029
01     9.759   -4.970   -7.241  156.742   52.797  -98.377    1612332351040
02     9.037   -5.620   -7.598  138.553   11.904  111.012    1612332351040
01     9.809   -4.965   -7.250  150.847   54.734 -103.062    1612332351060
02     9.017   -5.631   -7.827  142.256   15.585  110.499    1612332351060
01     9.868   -4.910   -7.266  143.470   55.851 -109.694    1612332351079
02     8.938   -5.810   -8.153  147.378   21.632  111.812    1612332351079
01     9.941   -4.837   -7.289  135.452   56.442 -116.753    1612332351091
02     8.874   -6.181   -8.438  154.427   29.709  116.018    1612332351091
01    10.070   -4.735   -7.329  125.554   56.881 -124.946    1612332351111
02     8.893   -6.712   -8.637  164.720   38.826  123.612    1612332351111
01    10.225   -4.685   -7.341  116.240   57.619 -131.770    1612332351122
02     9.039   -7.259   -8.711 -178.052   49.136  137.710    1612332351122
01    10.329   -4.704   -7.308  109.209   58.363 -136.625    1612332351142
02     9.274   -7.662   -8.736 -159.547   55.790  153.094    1612332351142
01    10.386   -4.702   -7.273  105.052   58.244 -139.520    1612332351163
02     9.547   -7.973   -8.750 -141.749   59.135  167.679    1612332351163
01    10.423   -4.668   -7.242  102.070   57.517 -141.610    1612332351173
02     9.833   -8.205   -8.754 -125.578   60.387 -179.502    1612332351173
01    10.452   -4.620   -7.212   99.286   56.574 -143.422    1612332351193
02    10.073   -8.398   -8.739 -112.685   59.915 -169.184    1612332351193
01    10.486   -4.558   -7.176   96.957   55.639 -145.112    1612332351212
02    10.262   -8.527   -8.704 -103.838   58.458 -162.103    1612332351212
01    10.508   -4.524   -7.137   95.108   54.987 -146.230    1612332351224
02    10.403   -8.630   -8.663  -98.138   56.588 -157.486    1612332351224
01    10.523   -4.493   -7.101   94.522   54.475 -146.418    1612332351245
02    10.537   -8.717   -8.609  -93.827   54.529 -153.821    1612332351245
01    10.519   -4.493   -7.072   94.859   54.417 -145.794    1612332351263
02    10.639   -8.780   -8.576  -90.751   53.079 -151.223    1612332351263
01    10.497   -4.487   -7.057   96.527   54.419 -143.980    1612332351275
02    10.702   -8.787   -8.585  -89.118   53.053 -149.768    1612332351275
01    10.485   -4.451   -7.047   97.554   54.101 -142.644    1612332351296
02    10.720   -8.777   -8.611  -88.189   53.449 -149.008    1612332351296
01    10.473   -4.421   -7.020   97.375   53.594 -142.022    1612332351306
02    10.648   -8.750   -8.651  -89.388   54.375 -149.459    1612332351306
01    10.443   -4.418   -6.985   97.364   53.043 -141.626    1612332351327
02    10.467   -8.675   -8.706  -95.468   56.248 -153.588    1612332351327
01    10.393   -4.473   -6.903   98.119   52.953 -141.749    1612332351345
02    10.236   -8.501   -8.741 -106.614   59.099 -161.713    1612332351345
01    10.298   -4.565   -6.757  101.484   52.800 -141.018    1612332351357
02     9.935   -8.255   -8.687 -125.137   61.021 -175.728    1612332351357
01    10.176   -4.636   -6.580  108.413   52.512 -137.752    1612332351378
02     9.603   -7.905   -8.407 -149.415   59.759  166.313    1612332351378
01    10.012   -4.641   -6.585  122.644   51.077 -128.638    1612332351388
02     9.277   -7.338   -7.723 -172.956   54.042  149.838    1612332351388
01     9.842   -4.691   -6.654  135.832   48.723 -118.671    1612332351409
02     8.685   -6.744   -7.334  154.899   36.501  130.999    1612332351409
01     9.734   -4.643   -6.753  143.223   45.888 -116.476    1612332351429
02     8.673   -5.912   -7.349  141.790   17.504  119.185    1612332351429
01     9.686   -4.632   -6.805  145.894   45.141 -115.974    1612332351439
02     8.678   -5.649   -7.307  137.917    7.845  117.879    1612332351439
01     9.673   -4.623   -6.840  146.918   45.047 -115.586    1612332351460
02     8.710   -5.526   -7.259  136.472    3.858  118.207    1612332351460
01     9.665   -4.620   -6.884  147.457   45.112 -114.711    1612332351478
02     8.745   -5.452   -7.246  135.939    2.427  118.264    1612332351478
01     9.665   -4.621   -6.931  148.202   45.675 -113.517    1612332351491
02     8.779   -5.422   -7.260  135.854    2.518  117.670    1612332351491
01     9.676   -4.605   -6.997  149.028   46.475 -111.962    1612332351511
02     8.796   -5.424   -7.301  135.624    3.045  116.620    1612332351511
01     9.695   -4.622   -7.070  148.424   47.903 -109.971    1612332351522
02     8.801   -5.434   -7.370  135.080    3.357  115.036    1612332351522
01     9.724   -4.668   -7.132  145.590   49.661 -109.532    1612332351542
02     8.848   -5.434   -7.435  134.986    4.421  112.555    1612332351542
01     9.784   -4.678   -7.182  140.401   51.230 -112.768    1612332351562
02     8.919   -5.405   -7.533  137.210    7.013  110.697    1612332351562
01     9.866   -4.647   -7.213  133.392   52.326 -118.498    1612332351573
02     8.929   -5.449   -7.790  141.429   12.075  110.177    1612332351573
01     9.994   -4.528   -7.248  125.782   52.598 -125.159    1612332351593
02     8.877   -5.664   -8.152  146.549   19.205  111.412    1612332351593
01    10.206   -4.331   -7.281  117.259   52.612 -131.907    1612332351612
02     8.827   -6.065   -8.518  153.054   27.810  114.888    1612332351612
01    10.427   -4.214   -7.259  106.191   52.961 -139.304    1612332351624
02     8.845   -6.707   -8.792  162.115   36.973  121.634    1612332351624
01    10.578   -4.211   -7.223   97.203   53.701 -144.344    1612332351644
02     8.970   -7.368   -8.828  177.988   46.617  135.278    1612332351644
01    10.663   -4.263   -7.168   91.189   54.449 -147.393    1612332351655
02     9.136   -7.909   -8.732 -162.713   51.583  152.665    1612332351655
01    10.672   -4.343   -7.124   89.041   54.898 -147.791    1612332351675
02     9.296   -8.339   -8.607 -145.706   51.788  167.847    1612332351675
01    10.635   -4.420   -7.078   90.217   55.202 -146.161    1612332351696
02     9.474   -8.648   -8.500 -131.969   50.504  179.340    1612332351696
01    10.552   -4.483   -7.068   94.301   55.355 -142.409    1612332351706
02     9.678   -8.840   -8.432 -120.562   49.128 -171.678    1612332351706
01    10.467   -4.503   -7.106   98.791   55.064 -138.669    1612332351726
02     9.886   -8.905   -8.444 -112.086   48.950 -165.748    1612332351726
01    10.410   -4.518   -7.137  101.861   54.928 -136.366    1612332351745
02    10.066   -8.926   -8.479 -106.286   49.718 -161.654    1612332351745
01    10.373   -4.538   -7.153  103.863   54.968 -135.343    1612332351757
02    10.186   -8.941   -8.510 -103.767   50.617 -159.359    1612332351757
01    10.340   -4.580   -7.142  105.544   55.259 -134.776    1612332351778
02    10.206   -8.881   -8.570 -106.053   52.860 -160.708    1612332351778
01    10.300   -4.651   -7.092  108.143   55.650 -133.984    1612332351796
02    10.117   -8.791   -8.576 -114.420   55.215 -166.219    1612332351796
01    10.237   -4.751   -7.034  113.242   56.029 -131.311    1612332351808
02     9.860   -8.664   -8.483 -131.188   56.096 -176.418    1612332351808
01    10.136   -4.863   -7.031  122.984   56.192 -124.730    1612332351829
02     9.628   -8.372   -8.173 -151.276   54.828  170.956    1612332351829
01    10.008   -5.042   -7.066  137.015   55.900 -114.128    1612332351839
02     9.405   -7.995   -7.781 -173.973   50.610  156.656    1612332351839
01     9.944   -5.159   -7.051  147.402   55.045 -106.253    1612332351860
02     9.075   -7.535   -7.529  161.603   41.525  141.426    1612332351860
01     9.838   -5.245   -7.054  154.180   53.221 -102.285    1612332351878
02     9.002   -6.793   -7.467  143.846   25.877  128.198    1612332351878
01     9.814   -5.235   -6.989  157.393   52.384 -102.018    1612332351890
02     8.958   -6.389   -7.393  138.435   16.960  124.971    1612332351890
01     9.780   -5.171   -6.933  158.295   51.032 -102.949    1612332351911
02     8.913   -6.148   -7.324  136.747   11.689  123.562    1612332351911
01     9.720   -5.095   -6.931  158.060   49.344 -104.048    1612332351929
02     8.871   -5.972   -7.285  136.295    8.367  122.298    1612332351929
01     9.663   -5.023   -6.982  157.857   48.033 -104.690    1612332351942
02     8.866   -5.825   -7.302  136.647    6.501  120.600    1612332351942
01     9.627   -4.978   -7.086  158.161   47.624 -104.356    1612332351962
02     8.891   -5.745   -7.366  137.107    5.919  118.124    1612332351962
01     9.645   -4.965   -7.198  158.302   48.718 -103.168    1612332351973
02     8.932   -5.752   -7.447  137.031    6.402  115.552    1612332351973
01     9.715   -4.993   -7.282  156.604   50.906 -102.096    1612332351993
02     8.977   -5.787   -7.538  136.562    7.100  113.541    1612332351993
01     9.786   -5.065   -7.344  152.919   53.275 -102.771    1612332352012
02     9.068   -5.778   -7.646  137.430    8.892  111.443    1612332352012
01     9.880   -5.086   -7.370  147.230   55.429 -106.914    1612332352024
02     9.101   -5.804   -7.914  140.474   12.644  110.570    1612332352024
01     9.976   -5.048   -7.388  140.130   56.765 -113.144    1612332352045
02     9.084   -5.996   -8.281  144.593   18.767  110.864    1612332352045
01    10.081   -4.947   -7.414  132.421   57.219 -120.175    1612332352055
02     9.093   -6.339   -8.599  149.697   26.498  112.847    1612332352055
01    10.225   -4.784   -7.451  122.615   57.264 -128.577    1612332352075
02     9.141   -6.780   -8.813  155.930   34.466  116.753    1612332352075
01    10.406   -4.653   -7.447  112.069   57.722 -136.224    1612332352096
02     9.241   -7.295   -8.920  166.387   44.028  124.829    1612332352096
01    10.549   -4.608   -7.404  103.649   58.307 -141.587    1612332352106
02     9.328   -7.780   -8.905 -179.530   50.915  137.408    1612332352106
01    10.630   -4.610   -7.345   98.432   58.851 -144.287    1612332352127
02     9.406   -8.146   -8.839 -165.099   54.020  150.598    1612332352127
01    10.660   -4.626   -7.278   96.207   59.109 -144.799    1612332352145
02     9.480   -8.390   -8.783 -152.431   54.897  161.574    1612332352145
01    10.637   -4.652   -7.191   96.676   59.091 -143.481    1612332352157
02     9.587   -8.531   -8.714 -140.752   54.999  171.022    1612332352157
01    10.556   -4.704   -7.075  100.204   58.996 -140.150    1612332352177
02     9.674   -8.563   -8.675 -133.157   55.406  176.836    1612332352177
01    10.416   -4.761   -6.983  107.336   58.485 -134.508    1612332352196
02     9.709   -8.442   -8.661 -133.726   57.290  175.687    1612332352196
01    10.258   -4.811   -6.932  116.283   57.587 -128.083    1612332352208
02     9.606   -8.241   -8.562 -144.930   58.192  167.304    1612332352208
01    10.113   -4.871   -6.895  125.678   56.759 -121.513    1612332352229
02     9.400   -7.968   -8.312 -161.753   56.083  156.011    1612332352229
01     9.989   -4.911   -6.893  134.951   55.572 -114.906    1612332352239
02     9.205   -7.636   -7.872 -177.057   50.760  146.777    1612332352239
01     9.870   -4.966   -6.895  142.789   54.457 -108.879    1612332352260
02     8.974   -7.285   -7.508  169.557   41.963  140.037    1612332352260
01     9.740   -5.079   -6.887  150.414   52.866 -103.014    1612332352278
02     8.689   -6.930   -7.374  154.151   31.968  131.864    1612332352278
01     9.655   -5.125   -6.951  156.175   51.032  -99.837    1612332352290
02     8.663   -6.463   -7.354  146.605   22.660  126.662    1612332352290
01     9.659   -5.153   -6.957  158.701   50.781  -99.293    1612332352311
02     8.714   -6.177   -7.346  143.465   16.891  123.738    1612332352311
01     9.671   -5.160   -6.987  159.447   50.520  -99.746    1612332352329
02     8.779   -6.021   -7.366  142.498   14.048  121.378    1612332352329
01     9.693   -5.156   -7.025  159.367   50.542 -100.489    1612332352341
02     8.838   -5.942   -7.406  142.469   13.182  119.441    1612332352341
01     9.715   -5.141   -7.087  158.964   50.760 -101.037    1612332352362
02     8.883   -5.916   -7.454  142.615   13.371  117.945    1612332352362
01     9.740   -5.118   -7.182  158.186   51.366 -101.206    1612332352372
02     8.927   -5.908   -7.525  142.871   14.369  116.514    1612332352372
01     9.774   -5.122   -7.294  156.492   52.808 -100.956    1612332352393
02     8.987   -5.886   -7.637  143.827   16.029  115.041    1612332352393
01     9.843   -5.159   -7.364  153.838   55.508 -101.683    1612332352411
02     8.996   -5.897   -7.827  146.415   19.387  114.702    1612332352411
01     9.940   -5.152   -7.385  148.608   58.164 -105.612    1612332352423
02     8.936   -6.025   -8.153  151.942   25.155  116.532    1612332352423
01    10.050   -5.085   -7.399  140.809   59.772 -112.316    1612332352444
02     8.947   -6.386   -8.356  160.148   34.294  121.948    1612332352444
01    10.172   -5.006   -7.405  130.999   60.791 -120.667    1612332352462
02     9.092   -6.691   -8.468  171.495   45.091  129.472    1612332352462
01    10.288   -4.928   -7.396  122.269   61.420 -128.105    1612332352475
02     9.287   -7.049   -8.571 -175.275   53.683  139.376    1612332352475
01    10.402   -4.820   -7.392  115.098   61.373 -134.016    1612332352495
02     9.492   -7.382   -8.650 -161.899   58.786  150.189    1612332352495
01    10.549   -4.678   -7.370  107.157   60.817 -140.078    1612332352505
02     9.666   -7.673   -8.701 -149.021   60.985  161.190    1612332352505
01    10.690   -4.546   -7.322   98.997   59.613 -145.775    1612332352526
02     9.822   -7.908   -8.709 -137.189   61.468  171.548    1612332352526
01    10.769   -4.499   -7.251   92.886   58.646 -149.316    1612332352544
02     9.963   -8.058   -8.712 -127.571   61.479  179.619    1612332352544
01    10.787   -4.491   -7.182   90.245   58.158 -150.205    1612332352557
02    10.082   -8.167   -8.708 -119.883   60.994 -173.860    1612332352557
01    10.767   -4.488   -7.118   89.947   57.648 -149.633    1612332352577
02    10.177   -8.207   -8.718 -114.375   60.887 -169.347    1612332352577
01    10.704   -4.538   -7.048   91.658   57.459 -147.896    1612332352595
02    10.167   -8.163   -8.753 -116.644   62.169 -171.172    1612332352595
01    10.586   -4.648   -6.958   96.882   57.949 -143.967    1612332352608
02     9.968   -8.102   -8.730 -127.829   62.468 -178.981    1612332352608
01    10.442   -4.749   -6.835  106.913   58.434 -136.935    1612332352628
02     9.722   -7.907   -8.576 -143.293   60.822  169.524    1612332352628
01    10.258   -4.817   -6.750  121.254   57.749 -126.056    1612332352638
02     9.484   -7.641   -8.288 -158.987   57.027  157.906    1612332352638
01    10.040   -4.817   -6.794  136.892   54.964 -114.087    1612332352659
02     9.266   -7.355   -7.867 -173.347   51.401  148.424    1612332352659
01     9.851   -4.872   -6.814  147.736   52.350 -105.122    1612332352679
02     8.952   -7.128   -7.519  167.714   43.501  137.961    1612332352679
01     9.623   -4.945   -6.915  156.342   48.556  -98.302    1612332352689
02     8.694   -6.691   -7.348  147.837   29.618  127.170    1612332352689
01     9.532   -4.985   -6.933  162.062   47.179  -95.642    1612332352710
02     8.671   -6.237   -7.340  140.481   16.914  122.682    1612332352710
01     9.511   -5.018   -6.927  164.458   46.668  -94.743    1612332352728
02     8.698   -5.987   -7.312  138.062   11.019  121.353    1612332352728
01     9.516   -5.016   -6.956  164.803   46.185  -95.244    1612332352741
02     8.755   -5.828   -7.322  137.672    8.547  120.100    1612332352741
01     9.544   -5.001   -7.007  164.601   46.114  -96.013    1612332352761
02     8.822   -5.743   -7.360  137.869    7.857  118.567    1612332352761
01     9.584   -4.982   -7.066  164.283   46.526  -96.432    1612332352779
02     8.883   -5.709   -7.414  137.981    8.006  116.785    1612332352779
01     9.638   -4.960   -7.123  163.178   47.550  -96.758    1612332352792
02     8.944   -5.680   -7.485  137.750    8.500  114.220    1612332352792
01     9.700   -4.936   -7.166  161.041   49.144  -97.083    1612332352812
02     8.997   -5.664   -7.543  137.465    9.303  111.894    1612332352812
01     9.740   -4.937   -7.189  157.607   50.877  -98.304    1612332352823
02     9.053   -5.629   -7.590  138.179   10.773  109.891    1612332352823
01     9.790   -4.904   -7.189  151.846   52.612 -102.384    1612332352844
02     9.048   -5.603   -7.709  140.688   13.657  109.709    1612332352844
01     9.850   -4.809   -7.197  144.246   53.514 -108.665    1612332352862
02     8.974   -5.671   -7.947  144.684   18.495  111.168    1612332352862
01     9.952   -4.652   -7.231  135.258   53.753 -115.811    1612332352874
02     8.883   -5.889   -8.221  150.061   25.084  114.388    1612332352874
01    10.131   -4.465   -7.290  124.050   53.758 -124.031    1612332352895
02     8.831   -6.335   -8.542  157.051   32.834  119.142    1612332352895
01    10.341   -4.366   -7.331  114.042   54.327 -130.569    1612332352905
02     8.894   -6.884   -8.725  170.328   43.644  129.359    1612332352905
01    10.499   -4.388   -7.291  105.580   55.142 -136.171    1612332352926
02     9.067   -7.331   -8.768 -172.184   52.363  144.114    1612332352926
01    10.604   -4.373   -7.265  100.458   54.981 -139.851    1612332352945
02     9.293   -7.585   -8.800 -157.529   57.400  156.095    1612332352945
01    10.678   -4.336   -7.233   97.424   54.563 -142.057    1612332352957
02     9.539   -7.757   -8.831 -144.530   60.402  166.432    1612332352957
01    10.728   -4.261   -7.191   95.371   53.704 -143.580    1612332352977
02     9.767   -7.923   -8.826 -132.359   61.483  176.538    1612332352977
01    10.755   -4.184   -7.139   94.137   52.846 -144.308    1612332352996
02     9.912   -8.034   -8.839 -125.111   61.362 -177.435    1612332352996
01    10.738   -4.149   -7.092   93.838   52.250 -144.231    1612332353008
02     9.910   -8.062   -8.822 -126.584   61.151 -178.199    1612332353008
01    10.684   -4.169   -7.043   94.948   52.046 -143.588    1612332353029
02     9.709   -8.013   -8.736 -137.612   59.783  174.613    1612332353029
01    10.597   -4.252   -6.972   98.436   52.676 -141.720    1612332353047
02     9.439   -7.826   -8.493 -151.831   56.554  166.076    1612332353047
01    10.480   -4.349   -6.871  105.566   53.671 -137.179    1612332353059
02     9.219   -7.506   -8.167 -165.685   51.620  156.693    1612332353059
01    10.323   -4.440   -6.765  116.624   54.176 -129.171    1612332353078
02     9.014   -7.181   -7.914 -178.531   45.915  148.038    1612332353078
01    10.124   -4.515   -6.702  130.723   53.241 -118.254    1612332353090
02     8.810   -6.986   -7.627  164.853   40.333  140.297    1612332353090
01     9.864   -4.593   -6.735  145.635   50.118 -106.740    1612332353111
02     8.585   -6.648   -7.475  146.107   28.818  131.213    1612332353111
01     9.635   -4.711   -6.767  154.927   47.033 -100.051    1612332353129
02     8.648   -6.095   -7.335  136.220   16.402  123.857    1612332353129
01     9.523   -4.753   -6.798  159.321   45.160  -97.896    1612332353141
02     8.687   -5.783   -7.252  133.093    9.322  121.989    1612332353141
01     9.474   -4.771   -6.883  160.871   44.007  -96.974    1612332353162
02     8.742   -5.610   -7.240  132.522    6.274  120.861    1612332353162
01     9.475   -4.810   -6.992  161.629   44.064  -95.834    1612332353172
02     8.811   -5.557   -7.285  132.777    5.905  119.650    1612332353172
01     9.515   -4.849   -7.112  161.839   44.992  -94.386    1612332353193
02     8.876   -5.565   -7.369  133.006    6.495  118.148    1612332353193
01     9.584   -4.881   -7.241  160.071   46.794  -93.119    1612332353211
02     8.943   -5.584   -7.477  133.194    7.311  116.241    1612332353211
01     9.684   -4.918   -7.312  154.830   49.900  -95.611    1612332353224
02     9.034   -5.564   -7.581  134.868    9.318  113.395    1612332353224
01     9.808   -4.862   -7.318  146.086   52.523 -102.812    1612332353244
02     9.052   -5.512   -7.868  139.456   13.412  111.409    1612332353244
01     9.940   -4.697   -7.304  135.219   53.423 -112.542    1612332353262
02     8.933   -5.646   -8.359  146.009   20.883  111.494    1612332353262
01    10.068   -4.484   -7.283  124.215   52.781 -121.905    1612332353275
02     8.866   -6.091   -8.746  155.766   32.922  116.250    1612332353275
01    10.204   -4.283   -7.258  114.073   51.705 -129.399    1612332353295
02     9.007   -6.524   -8.839  170.827   48.279  126.609    1612332353295
01    10.339   -4.173   -7.231  105.015   51.391 -134.984    1612332353306
02     9.140   -6.906   -8.857 -170.621   57.993  142.050    1612332353306
01    10.454   -4.161   -7.203   98.479   51.887 -138.882    1612332353326
02     9.275   -7.222   -8.834 -153.218   61.614  157.582    1612332353326
01    10.554   -4.179   -7.180   94.242   52.379 -141.882    1612332353344
02     9.416   -7.521   -8.789 -140.194   61.856  169.721    1612332353344
01    10.657   -4.184   -7.158   91.454   52.486 -144.108    1612332353357
02     9.572   -7.810   -8.745 -130.589   60.378  178.727    1612332353357
01    10.753   -4.182   -7.129   88.982   52.031 -145.814    1612332353377
02     9.780   -7.995   -8.741 -122.063   59.423 -174.448    1612332353377
01    10.797   -4.195   -7.092   87.848   51.662 -146.195    1612332353396
02     9.992   -8.138   -8.779 -114.180   59.249 -168.587    1612332353396
01    10.767   -4.254   -7.041   88.416   51.659 -145.599    1612332353408
02    10.126   -8.169   -8.840 -111.122   60.489 -166.557    1612332353408
01    10.675   -4.353   -6.976   91.625   52.295 -143.617    1612332353429
02    10.031   -8.150   -8.864 -118.863   62.030 -172.276    1612332353429
01    10.550   -4.458   -6.881   97.857   53.259 -139.863    1612332353439
02     9.775   -8.083   -8.787 -132.039   61.225  178.757    1612332353439
01    10.393   -4.539   -6.791  107.821   53.866 -132.933    1612332353459
02     9.559   -7.874   -8.617 -144.671   59.122  169.278    1612332353459
01    10.197   -4.602   -6.775  120.637   53.326 -123.298    1612332353480
02     9.356   -7.661   -8.407 -157.654   55.977  159.816    1612332353480
01     9.989   -4.659   -6.864  135.096   51.555 -111.810    1612332353490
02     9.188   -7.442   -8.126 -169.508   51.690  151.993    1612332353490
01     9.800   -4.773   -6.976  146.960   49.690 -102.614    1612332353511
02     9.013   -7.226   -7.820  178.266   46.126  145.022    1612332353511
01     9.693   -4.921   -7.022  155.592   48.830  -95.929    1612332353529
02     8.749   -7.020   -7.541  158.611   37.803  135.516    1612332353529
01     9.640   -5.037   -7.030  161.353   48.561  -92.955    1612332353541
02     8.743   -6.451   -7.520  144.786   22.495  125.589    1612332353541
01     9.627   -5.076   -7.003  163.917   48.420  -92.827    1612332353562
02     8.757   -6.162   -7.445  140.013   14.355  123.039    1612332353562
01     9.632   -5.045   -6.984  164.526   48.015  -93.624    1612332353572
02     8.777   -5.964   -7.396  138.725   10.638  121.880    1612332353572
01     9.622   -5.006   -6.996  164.147   47.392  -94.397    1612332353593
02     8.798   -5.822   -7.381  138.582    9.011  120.719    1612332353593
01     9.605   -4.972   -7.035  163.685   46.969  -94.840    1612332353611
02     8.818   -5.723   -7.404  138.702    8.475  119.132    1612332353611
01     9.600   -4.937   -7.096  163.025   47.058  -95.029    1612332353623
02     8.833   -5.659   -7.466  138.732    8.584  117.071    1612332353623
01     9.615   -4.902   -7.180  161.588   47.823  -94.933    1612332353644
02     8.862   -5.642   -7.534  138.575    9.675  114.961    1612332353644
01     9.641   -4.922   -7.254  158.686   49.468  -95.118    1612332353662
02     8.911   -5.613   -7.624  139.317   11.488  113.058    1612332353662
01     9.712   -4.911   -7.287  153.247   51.757  -98.499    1612332353675
02     8.926   -5.601   -7.815  142.172   15.058  112.590    1612332353675
01     9.809   -4.830   -7.319  145.086   53.489 -105.126    1612332353695
02     8.878   -5.706   -8.142  146.896   20.866  113.497    1612332353695
01     9.953   -4.672   -7.351  134.608   54.469 -113.932    1612332353705
02     8.819   -6.008   -8.486  153.753   29.128  116.948    1612332353705
01    10.194   -4.409   -7.408  120.417   54.508 -125.286    1612332353726
02     8.855   -6.496   -8.714  163.597   39.114  123.696    1612332353726
01    10.450   -4.275   -7.435  107.525   55.084 -134.205    1612332353744
02     9.018   -6.974   -8.760 -179.399   50.683  137.472    1612332353744
01    10.630   -4.302   -7.422   97.832   56.385 -140.464    1612332353756
02     9.193   -7.382   -8.752 -161.442   56.459  153.359    1612332353756
01    10.771   -4.340   -7.397   90.736   57.017 -145.494    1612332353777
02     9.374   -7.753   -8.715 -145.530   57.728  167.886    1612332353777
01    10.902   -4.331   -7.383   85.699   56.548 -149.407    1612332353795
02     9.582   -8.079   -8.680 -132.381   56.599  179.530    1612332353795
01    11.025   -4.298   -7.357   81.188   55.394 -152.855    1612332353808
02     9.819   -8.358   -8.643 -120.856   54.520 -170.835    1612332353808
01    11.122   -4.254   -7.336   77.325   54.054 -155.433    1612332353828
02    10.089   -8.506   -8.649 -110.565   53.489 -163.448    1612332353828
01    11.170   -4.232   -7.308   74.627   53.263 -156.952    1612332353838
02    10.331   -8.610   -8.656 -102.019   52.901 -157.444    1612332353838
01    11.175   -4.222   -7.246   73.269   52.843 -157.574    1612332353859
02    10.480   -8.699   -8.633  -96.572   51.856 -153.314    1612332353859
01    11.128   -4.216   -7.189   73.967   52.591 -156.692    1612332353877
02    10.478   -8.715   -8.647  -95.608   51.594 -152.507    1612332353877
01    11.034   -4.257   -7.125   76.129   52.877 -155.122    1612332353890
02    10.288   -8.708   -8.641 -101.936   52.426 -156.159    1612332353890
01    10.895   -4.335   -7.086   81.183   54.003 -151.791    1612332353910
02    10.024   -8.618   -8.617 -112.790   53.499 -162.878    1612332353910
01    10.734   -4.452   -7.026   88.749   55.829 -146.804    1612332353929
02     9.802   -8.410   -8.583 -123.467   54.221 -170.653    1612332353929
01    10.537   -4.584   -7.002   99.408   57.214 -139.480    1612332353941
02     9.645   -8.161   -8.533 -134.847   54.931  179.798    1612332353941
01    10.355   -4.717   -6.999  111.826   58.115 -130.893    1612332353962
02     9.520   -7.917   -8.386 -147.859   55.024  169.351    1612332353962
01    10.165   -4.879   -7.016  127.345   58.351 -119.355    1612332353972
02     9.374   -7.703   -7.997 -163.621   52.628  159.214    1612332353972
01     9.985   -5.027   -7.080  146.287   56.686 -104.403    1612332353992
02     9.117   -7.449   -7.415  175.440   46.620  148.797    1612332353992
01     9.833   -5.174   -7.092  157.169   54.296  -96.593    1612332354011
02     8.921   -6.753   -7.425  149.275   27.893  130.274    1612332354011
01     9.759   -5.191   -7.121  160.707   52.897  -94.983    1612332354023
02     8.812   -6.385   -7.417  141.203   17.010  126.732    1612332354023
01     9.730   -5.190   -7.109  161.696   52.353  -94.581    1612332354044
02     8.788   -6.168   -7.376  138.832   12.593  125.407    1612332354044
01     9.696   -5.156   -7.134  161.728   51.550  -94.857    1612332354062
02     8.776   -6.018   -7.381  138.483   10.561  123.885    1612332354062
01     9.682   -5.120   -7.172  161.536   51.268  -94.878    1612332354075
02     8.780   -5.933   -7.409  138.587   10.011  122.151    1612332354075
01     9.678   -5.077   -7.240  161.148   51.331  -94.456    1612332354095
02     8.792   -5.885   -7.455  138.551   10.218  119.944    1612332354095
01     9.702   -5.054   -7.315  159.274   52.452  -93.821    1612332354105
02     8.804   -5.866   -7.511  138.363   10.985  117.831    1612332354105
01     9.723   -5.070   -7.391  155.367   54.263  -94.562    1612332354126
02     8.844   -5.814   -7.596  139.447   12.668  115.506    1612332354126
01     9.809   -5.029   -7.421  148.521   56.843  -99.949    1612332354144
02     8.846   -5.782   -7.792  143.079   16.180  114.628    1612332354144
01     9.937   -4.907   -7.433  138.253   58.713 -109.207    1612332354157
02     8.772   -5.900   -8.129  148.938   22.167  115.483    1612332354157
01    10.102   -4.737   -7.438  125.837   59.368 -120.226    1612332354178
02     8.691   -6.255   -8.446  157.268   30.560  119.954    1612332354178
01    10.342   -4.543   -7.426  111.904   59.073 -131.731    1612332354188
02     8.717   -6.729   -8.604  168.439   39.837  128.053    1612332354188
01    10.560   -4.472   -7.395   98.494   58.606 -141.464    1612332354209
02     8.857   -7.192   -8.636 -175.723   48.663  141.132    1612332354209
01    10.709   -4.487   -7.363   89.250   58.505 -147.784    1612332354227
02     9.040   -7.659   -8.604 -157.542   53.095  157.316    1612332354227
01    10.815   -4.502   -7.343   83.796   58.320 -151.397    1612332354240
02     9.236   -8.097   -8.530 -141.604   53.167  171.779    1612332354240
01    10.910   -4.461   -7.342   80.477   57.471 -153.503    1612332354260
02     9.436   -8.445   -8.464 -129.813   51.346 -178.032    1612332354260
01    11.013   -4.392   -7.328   76.688   56.242 -155.879    1612332354279
02     9.637   -8.701   -8.412 -120.357   49.236 -170.594    1612332354279
01    11.106   -4.323   -7.280   72.924   54.930 -157.904    1612332354291
02     9.861   -8.813   -8.418 -111.790   48.484 -165.017    1612332354291
01    11.126   -4.300   -7.217   70.144   53.859 -158.784    1612332354311
02    10.066   -8.894   -8.405 -103.981   48.096 -159.887    1612332354311
01    11.099   -4.272   -7.159   69.894   53.284 -158.013    1612332354322
02    10.184   -8.957   -8.384  -98.931   47.333 -156.194    1612332354322
01    11.044   -4.249   -7.100   71.035   52.835 -156.706    1612332354342
02    10.194   -8.977   -8.366  -97.465   46.794 -154.654    1612332354342
01    10.961   -4.255   -7.040   73.465   52.983 -154.611    1612332354361
02    10.100   -9.008   -8.324 -100.425   46.434 -155.792    1612332354361
01    10.868   -4.268   -7.000   77.578   53.557 -151.466    1612332354373
02     9.994   -8.985   -8.305 -104.320   46.393 -158.086    1612332354373
01    10.752   -4.319   -6.969   82.755   54.495 -147.436    1612332354394
02     9.922   -8.884   -8.345 -107.425   47.824 -160.079    1612332354394
01    10.611   -4.414   -6.912   89.270   55.558 -142.887    1612332354412
02     9.830   -8.753   -8.384 -112.783   50.255 -163.904    1612332354412
01    10.439   -4.538   -6.839   98.275   56.431 -137.108    1612332354424
02     9.662   -8.587   -8.389 -123.359   52.612 -171.315    1612332354424
01    10.197   -4.686   -6.796  111.739   56.930 -128.074    1612332354445
02     9.458   -8.336   -8.236 -139.113   53.671  177.940    1612332354445
01     9.970   -4.804   -6.856  133.390   55.968 -112.551    1612332354455
02     9.261   -8.004   -7.848 -158.901   52.025  165.650    1612332354455
01     9.737   -5.009   -6.977  153.641   52.926  -96.458    1612332354476
02     8.933   -7.484   -7.239  172.955   44.622  150.151    1612332354476
01     9.602   -5.201   -7.017  163.684   50.822  -89.272    1612332354496
02     8.738   -6.689   -7.277  147.636   26.317  132.858    1612332354496
01     9.552   -5.217   -7.060  165.098   49.899  -89.863    1612332354506
02     8.681   -6.295   -7.360  140.335   16.063  127.608    1612332354506
01     9.562   -5.186   -7.088  165.507   49.733  -90.042    1612332354527
02     8.704   -6.129   -7.342  137.852   12.477  125.564    1612332354527
01     9.564   -5.175   -7.104  165.350   49.590  -89.840    1612332354545
02     8.711   -6.029   -7.349  137.109   10.700  124.570    1612332354545
01     9.543   -5.179   -7.140  165.497   49.331  -89.141    1612332354557
02     8.726   -5.968   -7.370  137.342   10.149  123.481    1612332354557
01     9.521   -5.178   -7.197  166.047   49.352  -88.253    1612332354578
02     8.739   -5.956   -7.397  137.904   10.362  122.181    1612332354578
01     9.527   -5.182   -7.243  165.544   50.428  -87.213    1612332354588
02     8.733   -5.973   -7.445  138.134   10.652  120.758    1612332354588
01     9.552   -5.185   -7.268  161.549   52.381  -89.142    1612332354609
02     8.743   -5.974   -7.500  138.095   11.643  118.037    1612332354609
01     9.641   -5.081   -7.289  153.202   54.695  -95.887    1612332354627
02     8.761   -5.910   -7.642  140.778   13.991  116.158    1612332354629
01     9.762   -4.928   -7.287  142.072   56.291 -105.584    1612332354639
02     8.702   -5.960   -7.946  145.795   18.876  116.036    1612332354639
01     9.889   -4.770   -7.283  131.539   56.770 -114.769    1612332354660
02     8.620   -6.228   -8.275  152.436   26.226  118.521    1612332354660
01    10.049   -4.607   -7.298  122.074   56.872 -122.629    1612332354679
02     8.627   -6.622   -8.487  160.685   34.594  123.605    1612332354679
01    10.230   -4.492   -7.321  113.060   57.339 -129.408    1612332354691
02     8.732   -7.057   -8.632  170.269   42.287  130.171    1612332354691
01    10.380   -4.477   -7.305  104.864   58.183 -135.099    1612332354711
02     8.899   -7.508   -8.692 -174.982   49.878  141.588    1612332354711
01    10.496   -4.473   -7.274   98.106   58.503 -139.747    1612332354722
02     9.081   -7.904   -8.662 -156.806   54.559  157.174    1612332354722
01    10.576   -4.452   -7.241   93.262   58.246 -142.999    1612332354742
02     9.269   -8.134   -8.617 -141.642   56.157  170.105    1612332354742
01    10.621   -4.423   -7.195   90.036   57.805 -144.988    1612332354762
02     9.414   -8.303   -8.570 -130.777   55.919  179.484    1612332354762
01    10.640   -4.368   -7.135   88.561   57.103 -145.698    1612332354773
02     9.539   -8.423   -8.518 -122.828   54.748 -173.798    1612332354773
01    10.634   -4.302   -7.094   88.575   56.269 -144.982    1612332354793
02     9.648   -8.471   -8.506 -117.084   53.979 -169.351    1612332354793
01    10.617   -4.250   -7.052   89.112   55.630 -143.882    1612332354812
02     9.740   -8.458   -8.522 -113.043   54.243 -166.561    1612332354812
01    10.562   -4.281   -6.978   90.346   55.551 -142.518    1612332354824
02     9.684   -8.427   -8.544 -116.317   55.364 -168.727    1612332354824
01    10.455   -4.352   -6.912   94.677   55.671 -139.445    1612332354845
02     9.457   -8.313   -8.496 -128.794   55.842 -176.578    1612332354845
01    10.317   -4.460   -6.825  102.304   56.285 -134.433    1612332354855
02     9.217   -8.053   -8.301 -144.092   54.493  173.080    1612332354863
01    10.152   -4.553   -6.759  113.731   56.380 -126.324    1612332354875
02     9.012   -7.719   -7.997 -160.248   51.089  161.615    1612332354875
01     9.933   -4.642   -6.735  127.367   55.465 -116.096    1612332354896
02     8.818   -7.400   -7.650 -175.394   45.900  152.096    1612332354896
01     9.669   -4.775   -6.758  144.002   52.740 -102.665    1612332354906
02     8.481   -7.051   -7.275  167.258   38.885  143.888    1612332354906
01     9.432   -4.910   -6.817  154.574   49.003  -94.749    1612332354927
02     8.290   -6.570   -7.106  147.244   27.288  134.025    1612332354927
01     9.331   -4.943   -6.877  159.911   47.064  -92.408    1612332354946
02     8.317   -6.091   -7.159  140.684   16.745  128.723    1612332354946
01     9.322   -4.963   -6.913  162.795   46.808  -91.065    1612332354958
02     8.368   -5.889   -7.169  138.187   12.169  126.310    1612332354958
01     9.334   -4.968   -6.977  163.831   46.810  -90.235    1612332354979
02     8.425   -5.788   -7.208  137.388   10.487  124.512    1612332354979
01     9.368   -4.953   -7.070  163.717   47.344  -89.429    1612332354989
02     8.477   -5.754   -7.263  136.833   10.494  122.957    1612332354989
01     9.421   -4.970   -7.160  161.857   49.170  -88.267    1612332355009
02     8.531   -5.716   -7.357  136.486   10.522  120.767    1612332355009
01     9.487   -4.993   -7.219  158.484   51.740  -88.909    1612332355028
02     8.624   -5.664   -7.452  137.329   11.772  117.457    1612332355028
01     9.563   -4.973   -7.261  152.366   54.377  -93.880    1612332355040
02     8.675   -5.623   -7.659  140.956   14.877  115.232    1612332355040
01     9.671   -4.876   -7.287  143.327   56.518 -102.144    1612332355061
02     8.637   -5.719   -8.023  146.390   20.702  114.705    1612332355061
01     9.818   -4.700   -7.322  132.243   57.419 -112.566    1612332355079
02     8.588   -6.032   -8.395  153.893   29.491  117.559    1612332355079
01    10.013   -4.514   -7.366  120.776   57.784 -122.139    1612332355092
02     8.643   -6.491   -8.608  164.466   39.979  124.416    1612332355092
01    10.252   -4.419   -7.381  108.616   58.458 -131.361    1612332355112
02     8.807   -6.958   -8.651  179.654   50.017  136.634    1612332355112
01    10.440   -4.430   -7.372   98.181   59.422 -138.977    1612332355122
02     8.955   -7.379   -8.637 -163.382   55.205  151.877    1612332355122
01    10.579   -4.452   -7.339   91.076   60.006 -144.385    1612332355143
02     9.088   -7.727   -8.601 -149.392   55.975  164.778    1612332355143
01    10.662   -4.447   -7.313   87.346   59.855 -146.975    1612332355161
02     9.212   -8.017   -8.556 -139.205   54.784  173.972    1612332355161
01    10.720   -4.402   -7.300   85.316   59.156 -148.110    1612332355174
02     9.341   -8.209   -8.553 -131.779   53.946  179.916    1612332355174
01    10.749   -4.372   -7.275   83.704   58.685 -148.778    1612332355194
02     9.488   -8.314   -8.570 -125.324   54.024 -175.506    1612332355194
01    10.757   -4.334   -7.243   82.826   58.211 -149.007    1612332355212
02     9.646   -8.383   -8.578 -118.787   54.497 -170.667    1612332355212
01    10.742   -4.310   -7.204   82.505   57.800 -148.759    1612332355225
02     9.783   -8.394   -8.600 -113.177   55.347 -166.816    1612332355225
01    10.694   -4.346   -7.160   83.051   57.785 -148.172    1612332355245
02     9.754   -8.404   -8.596 -115.154   56.321 -167.944    1612332355245
01    10.612   -4.426   -7.118   86.042   58.297 -146.423    1612332355256
02     9.493   -8.405   -8.507 -126.734   55.740 -174.347    1612332355256
01    10.499   -4.547   -7.035   92.075   59.240 -142.853    1612332355276
02     9.222   -8.217   -8.274 -140.595   53.356  177.529    1612332355276
01    10.357   -4.671   -6.910  102.277   59.996 -136.002    1612332355294
02     9.003   -7.897   -8.033 -155.331   49.927  167.622    1612332355294
01    10.134   -4.784   -6.793  117.566   59.723 -124.210    1612332355307
02     8.820   -7.583   -7.887 -167.773   46.037  158.549    1612332355307
01     9.827   -4.883   -6.786  138.395   56.438 -107.235    1612332355327
02     8.678   -7.349   -7.742 -179.123   43.103  150.847    1612332355327
01     9.598   -4.919   -6.832  150.866   51.717  -97.842    1612332355346
02     8.493   -7.144   -7.410  164.608   39.122  142.904    1612332355346
01     9.425   -4.983   -6.879  157.413   48.652  -92.180    1612332355358
02     8.319   -6.705   -7.202  142.779   25.816  132.858    1612332355358
01     9.353   -5.001   -6.863  160.057   47.341  -91.108    1612332355378
02     8.328   -6.227   -7.182  135.853   15.263  128.923    1612332355378
01     9.337   -4.977   -6.865  160.792   46.589  -90.835    1612332355389
02     8.376   -5.945   -7.145  133.709   10.538  127.661    1612332355389
01     9.315   -4.955   -6.930  160.997   45.671  -90.463    1612332355409
02     8.431   -5.770   -7.160  133.583    8.364  126.538    1612332355409
01     9.314   -4.963   -7.019  161.535   45.707  -89.523    1612332355428
02     8.491   -5.694   -7.217  134.023    7.646  124.851    1612332355428
01     9.351   -4.967   -7.112  161.699   46.683  -88.692    1612332355440
02     8.555   -5.674   -7.298  134.292    7.777  122.562    1612332355440
01     9.398   -5.011   -7.192  160.415   48.594  -87.967    1612332355461
02     8.621   -5.675   -7.390  134.559    8.400  119.768    1612332355461
01     9.463   -5.038   -7.264  156.595   51.170  -90.463    1612332355479
02     8.708   -5.672   -7.471  136.057   10.167  116.822    1612332355479
01     9.565   -5.009   -7.301  150.009   54.040  -96.376    1612332355491
02     8.739   -5.682   -7.670  139.845   13.496  115.323    1612332355491
01     9.683   -4.932   -7.314  141.175   56.141 -104.690    1612332355512
02     8.698   -5.817   -7.996  144.970   19.097  115.090    1612332355512
01     9.817   -4.801   -7.342  131.744   57.137 -113.261    1612332355522
02     8.647   -6.122   -8.341  151.399   26.920  117.040    1612332355522
01    10.017   -4.634   -7.379  121.145   57.859 -121.950    1612332355543
02     8.658   -6.633   -8.598  159.813   36.045  122.151    1612332355543
01    10.250   -4.548   -7.390  109.401   58.975 -130.546    1612332355561
02     8.784   -7.188   -8.688  173.486   46.104  132.504    1612332355561
01    10.432   -4.570   -7.348   99.477   60.323 -137.467    1612332355573
02     8.927   -7.680   -8.656 -169.273   52.362  147.579    1612332355573
01    10.555   -4.590   -7.295   93.047   60.671 -142.065    1612332355594
02     9.049   -8.071   -8.566 -153.394   53.931  162.347    1612332355594
01    10.630   -4.571   -7.253   89.975   60.234 -144.118    1612332355612
02     9.173   -8.342   -8.491 -141.881   53.271  172.698    1612332355612
01    10.665   -4.541   -7.223   88.750   59.632 -144.561    1612332355624
02     9.304   -8.524   -8.455 -133.310   52.460  179.564    1612332355624
01    10.676   -4.504   -7.224   88.165   59.128 -144.390    1612332355645
02     9.463   -8.607   -8.457 -126.064   52.635 -175.408    1612332355645
01    10.685   -4.487   -7.202   86.948   58.913 -144.886    1612332355655
02     9.605   -8.687   -8.442 -119.485   52.833 -170.510    1612332355655
01    10.674   -4.467   -7.177   86.560   58.612 -145.069    1612332355676
02     9.692   -8.696   -8.459 -115.860   53.469 -167.985    1612332355676
01    10.640   -4.495   -7.136   86.862   58.688 -144.995    1612332355694
02     9.638   -8.667   -8.456 -119.302   54.541 -170.054    1612332355696
01    10.584   -4.545   -7.086   88.910   58.913 -144.195    1612332355706
02     9.399   -8.591   -8.364 -130.717   54.250 -176.490    1612332355706
01    10.510   -4.604   -7.030   93.055   59.247 -142.009    1612332355727
02     9.142   -8.347   -8.151 -144.171   52.100  175.384    1612332355727
01    10.403   -4.691   -6.945   99.463   59.769 -137.933    1612332355745
02     8.928   -8.002   -7.923 -157.659   48.785  166.101    1612332355745
01    10.225   -4.813   -6.808  109.669   60.107 -130.555    1612332355758
02     8.756   -7.684   -7.735 -169.865   45.359  157.470    1612332355758
01     9.963   -4.941   -6.680  127.325   59.258 -116.843    1612332355778
02     8.594   -7.434   -7.430  175.782   42.395  149.746    1612332355778
01     9.602   -5.106   -6.791  152.458   53.570  -96.558    1612332355788
02     8.375   -7.074   -7.131  152.325   33.799  137.819    1612332355788
01     9.404   -5.189   -6.855  161.500   49.555  -91.973    1612332355809
02     8.404   -6.502   -7.183  142.704   20.982  129.811    1612332355809
01     9.369   -5.191   -6.850  164.749   48.725  -91.340    1612332355829
02     8.447   -6.204   -7.188  139.448   14.761  126.359    1612332355829
01     9.353   -5.167   -6.888  164.782   48.067  -91.886    1612332355839
02     8.487   -6.037   -7.207  138.282   11.997  123.979    1612332355839
01     9.345   -5.160   -6.959  164.524   47.862  -91.823    1612332355860
02     8.531   -5.942   -7.253  137.962   11.069  121.846    1612332355860
01     9.365   -5.140   -7.052  164.303   48.318  -91.415    1612332355878
02     8.581   -5.907   -7.312  137.768   11.290  119.798    1612332355878
01     9.412   -5.135   -7.155  163.316   49.825  -90.063    1612332355891
02     8.633   -5.902   -7.386  137.649   11.793  118.070    1612332355891
01     9.475   -5.158   -7.233  160.886   52.203  -89.147    1612332355911
02     8.692   -5.885   -7.469  137.832   12.704  116.092    1612332355911
01     9.554   -5.194   -7.265  156.237   55.343  -91.229    1612332355921
02     8.738   -5.864   -7.570  139.639   15.082  114.785    1612332355921
01     9.666   -5.113   -7.290  148.272   57.866  -98.220    1612332355942
02     8.711   -5.875   -7.818  143.739   19.028  114.719    1612332355942
01     9.800   -4.967   -7.325  137.249   59.386 -108.021    1612332355962
02     8.631   -6.062   -8.145  149.698   25.615  116.529    1612332355962
01    10.002   -4.761   -7.343  124.028   59.974 -119.667    1612332355973
02     8.594   -6.432   -8.393  158.502   34.292  121.818    1612332355973
01    10.267   -4.591   -7.307  107.850   60.005 -132.729    1612332355993
02     8.679   -6.897   -8.484  173.155   45.369  132.873    1612332355993
01    10.464   -4.549   -7.258   95.093   59.711 -142.284    1612332356011
02     8.824   -7.309   -8.507 -169.888   52.895  147.009    1612332356011
01    10.600   -4.550   -7.226   87.477   59.463 -147.894    1612332356024
02     8.989   -7.670   -8.493 -154.408   55.840  160.512    1612332356024
01    10.728   -4.530   -7.208   82.691   59.145 -151.448    1612332356044
02     9.160   -7.982   -8.455 -142.227   55.951  171.194    1612332356044
01    10.854   -4.481   -7.194   78.799   58.360 -154.231    1612332356062
02     9.308   -8.266   -8.409 -132.856   54.536  179.421    1612332356062
01    10.982   -4.409   -7.173   74.556   56.976 -157.050    1612332356075
02     9.462   -8.497   -8.359 -124.648   52.661 -173.611    1612332356075
01    11.091   -4.351   -7.153   70.036   55.599 -159.472    1612332356095
02     9.656   -8.586   -8.376 -116.540   52.297 -168.081    1612332356095
01    11.152   -4.319   -7.114   66.236   54.468 -161.198    1612332356106
02     9.857   -8.657   -8.378 -108.268   52.055 -162.342    1612332356106
01    11.167   -4.289   -7.059   64.499   53.656 -161.684    1612332356126
02    10.004   -8.722   -8.375 -102.135   51.508 -157.968    1612332356126
01    11.133   -4.274   -7.017   64.825   53.255 -160.885    1612332356145
02    10.022   -8.775   -8.376 -100.503   51.073 -156.501    1612332356145
01    11.057   -4.264   -6.972   67.042   53.085 -158.882    1612332356157
02     9.884   -8.777   -8.382 -104.948   51.147 -159.265    1612332356157
01    10.924   -4.289   -6.904   71.617   53.407 -155.311    1612332356178
02     9.633   -8.770   -8.324 -113.343   50.087 -164.159    1612332356178
01    10.734   -4.336   -6.834   79.405   54.325 -149.347    1612332356196
02     9.398   -8.668   -8.284 -121.387   49.306 -169.072    1612332356196
01    10.496   -4.424   -6.747   89.411   55.399 -141.788    1612332356209
02     9.245   -8.471   -8.274 -128.382   49.907 -174.616    1612332356209
01    10.240   -4.527   -6.630  101.924   55.899 -133.000    1612332356229
02     9.104   -8.259   -8.202 -138.049   51.061  178.186    1612332356229
01     9.903   -4.628   -6.607  120.202   55.199 -119.859    1612332356239
02     8.936   -8.006   -7.908 -153.186   50.654  169.028    1612332356239
01     9.601   -4.743   -6.715  144.283   51.973 -101.510    1612332356260
02     8.748   -7.620   -7.363 -173.666   47.481  157.866    1612332356260
01     9.373   -4.919   -6.815  160.167   47.983  -89.930    1612332356278
02     8.373   -7.095   -7.016  154.908   34.775  141.982    1612332356278
01     9.271   -5.056   -6.829  166.431   46.385  -86.461    1612332356291
02     8.342   -6.395   -7.111  141.902   19.663  132.518    1612332356291
01     9.264   -5.063   -6.854  167.613   45.815  -86.490    1612332356311
02     8.400   -6.108   -7.099  137.632   14.548  129.527    1612332356311
01     9.271   -5.071   -6.881  167.892   45.600  -85.824    1612332356329
02     8.434   -5.964   -7.106  136.443   11.848  128.987    1612332356329
01     9.276   -5.084   -6.918  167.904   45.592  -84.795    1612332356342
02     8.459   -5.899   -7.127  136.144   11.032  128.430    1612332356342
01     9.272   -5.098   -6.977  167.689   45.866  -83.169    1612332356362
02     8.462   -5.891   -7.155  135.987   10.672  127.607    1612332356362
