01    12.584   -4.222   -9.671   86.570    5.885  -20.179    1607074388128
02     9.542   -8.005  -12.579 -175.003   61.629   48.881    1607074388128
01    12.589   -4.224   -9.674   86.587    5.893  -20.171    1607074388144
02     9.531   -8.022  -12.587 -175.044   61.565   48.931    1607074388144
01    12.585   -4.231   -9.681   86.579    5.907  -20.133    1607074388153
02     9.515   -8.037  -12.597 -175.045   61.498   49.029    1607074388153
01    12.582   -4.232   -9.691   86.606    5.909  -20.101    1607074388179
02     9.520   -8.046  -12.596 -175.050   61.531   49.037    1607074388179
01    12.579   -4.246   -9.694   86.609    5.947  -20.114    1607074388195
02     9.518   -8.045  -12.606 -175.077   61.508   48.989    1607074388195
01    12.574   -4.249   -9.706   86.640    5.985  -20.074    1607074388205
02     9.519   -8.057  -12.607 -175.008   61.483   49.072    1607074388205
01    12.580   -4.251   -9.702   86.658    6.003  -20.093    1607074388230
02     9.524   -8.056  -12.610 -174.983   61.484   49.074    1607074388230
01    12.580   -4.241   -9.713   86.736    5.965  -20.022    1607074388246
02     9.517   -8.059  -12.618 -175.153   61.432   48.939    1607074388246
01    12.581   -4.241   -9.709   86.768    5.911  -20.036    1607074388255
02     9.518   -8.064  -12.614 -175.148   61.421   48.933    1607074388255
01    12.573   -4.251   -9.713   86.784    5.905  -20.000    1607074388281
02     9.513   -8.070  -12.615 -175.172   61.400   48.914    1607074388281
01    12.569   -4.257   -9.710   86.846    5.880  -20.021    1607074388296
02     9.510   -8.078  -12.623 -175.192   61.385   48.892    1607074388296
01    12.562   -4.258   -9.714   86.932    5.802  -19.999    1607074388306
02     9.518   -8.087  -12.622 -175.144   61.406   48.915    1607074388306
01    12.567   -4.259   -9.705   87.070    5.769  -20.132    1607074388331
02     9.530   -8.083  -12.624 -175.047   61.423   48.947    1607074388331
01    12.568   -4.264   -9.698   87.095    5.770  -20.204    1607074388347
02     9.548   -8.078  -12.616 -174.879   61.536   49.019    1607074388347
01    12.569   -4.267   -9.694   87.170    5.715  -20.228    1607074388357
02     9.560   -8.072  -12.616 -174.791   61.620   48.998    1607074388357
01    12.556   -4.279   -9.698   87.192    5.691  -20.148    1607074388382
02     9.551   -8.084  -12.623 -174.849   61.551   49.032    1607074388382
01    12.545   -4.283   -9.690   87.374    5.579  -20.248    1607074388398
02     9.544   -8.093  -12.632 -174.816   61.529   49.080    1607074388398
01    12.534   -4.280   -9.693   87.636    5.437  -20.331    1607074388408
02     9.553   -8.108  -12.625 -174.468   61.677   49.419    1607074388408
01    12.528   -4.276   -9.692   87.874    5.335  -20.457    1607074388434
02     9.559   -8.116  -12.632 -174.295   61.726   49.580    1607074388434
01    12.521   -4.267   -9.700   88.040    5.227  -20.461    1607074388450
02     9.566   -8.112  -12.636 -174.201   61.817   49.615    1607074388450
01    12.524   -4.266   -9.696   88.036    5.184  -20.635    1607074388460
02     9.578   -8.115  -12.635 -174.030   61.943   49.799    1607074388460
01    12.523   -4.258   -9.699   88.101    5.142  -20.629    1607074388478
02     9.572   -8.123  -12.645 -174.113   61.876   49.783    1607074388478
01    12.527   -4.254   -9.701   88.133    5.231  -20.723    1607074388486
02     9.574   -8.133  -12.645 -173.883   61.894   50.051    1607074388486
01    12.528   -4.249   -9.706   88.191    5.303  -20.691    1607074388512
02     9.589   -8.134  -12.648 -173.660   62.028   50.237    1607074388512
01    12.524   -4.247   -9.719   88.229    5.324  -20.612    1607074388527
02     9.590   -8.134  -12.658 -173.698   62.017   50.213    1607074388527
01    12.520   -4.246   -9.730   88.188    5.289  -20.559    1607074388537
02     9.598   -8.130  -12.662 -173.666   62.087   50.230    1607074388537
01    12.521   -4.245   -9.733   88.232    5.264  -20.589    1607074388563
02     9.593   -8.140  -12.666 -173.745   62.064   50.229    1607074388563
01    12.526   -4.247   -9.733   88.245    5.249  -20.666    1607074388578
02     9.591   -8.135  -12.680 -173.857   62.036   50.117    1607074388578
01    12.526   -4.254   -9.736   88.272    5.310  -20.703    1607074388588
02     9.605   -8.138  -12.678 -173.720   62.130   50.222    1607074388588
01    12.527   -4.256   -9.740   88.340    5.387  -20.718    1607074388613
02     9.600   -8.140  -12.691 -173.757   62.076   50.212    1607074388613
01    12.523   -4.267   -9.753   88.328    5.447  -20.712    1607074388629
02     9.599   -8.148  -12.703 -173.704   62.076   50.282    1607074388629
01    12.527   -4.257   -9.762   88.442    5.441  -20.694    1607074388638
02     9.582   -8.148  -12.731 -173.816   61.968   50.208    1607074388638
01    12.532   -4.255   -9.765   88.480    5.496  -20.686    1607074388664
02     9.592   -8.147  -12.726 -173.826   61.989   50.210    1607074388664
01    12.526   -4.259   -9.773   88.476    5.503  -20.637    1607074388678
02     9.590   -8.142  -12.731 -173.911   61.960   50.121    1607074388678
01    12.524   -4.255   -9.777   88.529    5.493  -20.611    1607074388689
02     9.568   -8.147  -12.748 -174.022   61.847   50.039    1607074388689
01    12.520   -4.253   -9.780   88.558    5.495  -20.583    1607074388714
02     9.580   -8.135  -12.746 -174.047   61.911   49.971    1607074388714
01    12.528   -4.244   -9.777   88.572    5.467  -20.637    1607074388730
02     9.582   -8.136  -12.747 -174.093   61.933   49.962    1607074388730
01    12.530   -4.230   -9.786   88.607    5.443  -20.599    1607074388740
02     9.584   -8.142  -12.742 -174.075   61.954   50.024    1607074388740
01    12.526   -4.236   -9.795   88.536    5.468  -20.527    1607074388765
02     9.586   -8.141  -12.739 -174.073   61.954   50.049    1607074388765
01    12.520   -4.241   -9.806   88.498    5.462  -20.466    1607074388778
02     9.592   -8.132  -12.740 -174.134   61.975   49.976    1607074388778
01    12.517   -4.241   -9.808   88.522    5.497  -20.440    1607074388790
02     9.578   -8.134  -12.749 -174.228   61.921   49.925    1607074388790
01    12.519   -4.238   -9.804   88.544    5.496  -20.459    1607074388815
02     9.577   -8.130  -12.753 -174.228   61.904   49.906    1607074388815
01    12.516   -4.235   -9.805   88.554    5.470  -20.430    1607074388831
02     9.583   -8.125  -12.749 -174.206   61.912   49.902    1607074388831
01    12.518   -4.238   -9.800   88.569    5.482  -20.451    1607074388840
02     9.588   -8.123  -12.742 -174.172   61.935   49.907    1607074388840
01    12.521   -4.237   -9.793   88.601    5.488  -20.486    1607074388866
02     9.592   -8.124  -12.739 -174.153   61.948   49.919    1607074388866
01    12.526   -4.240   -9.786   88.611    5.493  -20.538    1607074388878
02     9.594   -8.126  -12.739 -174.104   61.938   49.949    1607074388878
01    12.528   -4.233   -9.789   88.659    5.466  -20.560    1607074388892
02     9.598   -8.130  -12.737 -174.065   61.965   49.980    1607074388892
01    12.526   -4.233   -9.795   88.679    5.475  -20.553    1607074388917
02     9.594   -8.140  -12.738 -174.034   61.948   50.047    1607074388917
01    12.523   -4.243   -9.796   88.671    5.533  -20.559    1607074388932
02     9.591   -8.139  -12.746 -174.091   61.941   49.983    1607074388932
01    12.520   -4.249   -9.801   88.681    5.553  -20.550    1607074388942
02     9.585   -8.144  -12.753 -174.130   61.906   49.949    1607074388942
01    12.512   -4.258   -9.804   88.672    5.600  -20.509    1607074388967
02     9.586   -8.154  -12.748 -174.051   61.917   50.034    1607074388967
01    12.511   -4.262   -9.802   88.695    5.616  -20.500    1607074388979
02     9.584   -8.163  -12.744 -173.998   61.909   50.093    1607074388979
01    12.507   -4.262   -9.804   88.729    5.586  -20.467    1607074388993
02     9.584   -8.168  -12.737 -173.964   61.890   50.120    1607074388993
01    12.506   -4.262   -9.799   88.746    5.581  -20.466    1607074389008
02     9.589   -8.168  -12.732 -173.974   61.911   50.099    1607074389008
01    12.504   -4.265   -9.796   88.798    5.588  -20.433    1607074389034
02     9.586   -8.172  -12.728 -173.945   61.889   50.121    1607074389034
01    12.501   -4.269   -9.791   88.841    5.618  -20.399    1607074389043
02     9.587   -8.167  -12.730 -173.982   61.882   50.070    1607074389043
01    12.498   -4.263   -9.795   88.950    5.526  -20.325    1607074389059
02     9.585   -8.166  -12.731 -173.987   61.854   50.042    1607074389059
01    12.501   -4.258   -9.791   89.016    5.475  -20.368    1607074389079
02     9.595   -8.159  -12.728 -173.999   61.899   49.995    1607074389079
01    12.501   -4.261   -9.788   88.994    5.482  -20.358    1607074389093
02     9.598   -8.154  -12.727 -174.032   61.892   49.922    1607074389093
01    12.500   -4.257   -9.787   89.035    5.472  -20.339    1607074389109
02     9.595   -8.161  -12.722 -173.987   61.873   49.972    1607074389109
01    12.501   -4.255   -9.780   89.075    5.425  -20.374    1607074389119
02     9.589   -8.161  -12.724 -174.037   61.835   49.928    1607074389119
01    12.500   -4.253   -9.772   89.075    5.402  -20.399    1607074389145
02     9.589   -8.160  -12.718 -173.998   61.859   49.952    1607074389145
01    12.501   -4.249   -9.770   89.101    5.415  -20.405    1607074389160
02     9.591   -8.160  -12.714 -173.984   61.881   49.955    1607074389160
01    12.494   -4.259   -9.775   89.059    5.461  -20.336    1607074389179
02     9.586   -8.162  -12.715 -174.015   61.852   49.939    1607074389179
01    12.493   -4.261   -9.775   89.037    5.468  -20.333    1607074389195
02     9.579   -8.164  -12.720 -174.088   61.802   49.893    1607074389195
01    12.490   -4.259   -9.778   89.035    5.452  -20.299    1607074389211
02     9.574   -8.167  -12.718 -174.086   61.780   49.914    1607074389211
01    12.490   -4.262   -9.773   89.023    5.424  -20.319    1607074389221
02     9.575   -8.166  -12.715 -174.080   61.782   49.912    1607074389221
01    12.488   -4.258   -9.771   89.089    5.428  -20.317    1607074389246
02     9.566   -8.170  -12.721 -174.138   61.715   49.892    1607074389246
01    12.485   -4.257   -9.770   89.137    5.433  -20.322    1607074389262
02     9.578   -8.170  -12.711 -173.848   61.806   50.088    1607074389262
01    12.482   -4.263   -9.764   89.199    5.498  -20.329    1607074389279
02     9.579   -8.176  -12.711 -173.708   61.835   50.221    1607074389279
01    12.472   -4.271   -9.762   89.294    5.532  -20.260    1607074389297
02     9.581   -8.179  -12.709 -173.573   61.882   50.333    1607074389297
01    12.454   -4.291   -9.764   89.386    5.513  -20.180    1607074389312
02     9.582   -8.182  -12.710 -173.374   61.878   50.486    1607074389312
01    12.433   -4.290   -9.771   89.693    5.401  -20.030    1607074389322
02     9.581   -8.190  -12.712 -173.219   61.878   50.619    1607074389322
01    12.415   -4.297   -9.767   90.115    5.362  -19.987    1607074389347
02     9.574   -8.208  -12.721 -172.937   61.804   50.835    1607074389347
01    12.373   -4.303   -9.795   90.531    5.247  -19.714    1607074389363
02     9.579   -8.245  -12.728 -172.237   61.869   51.493    1607074389363
01    12.365   -4.300   -9.791   90.907    5.274  -19.932    1607074389379
02     9.601   -8.300  -12.724 -171.198   62.072   52.540    1607074389379
01    12.343   -4.312   -9.801   91.344    5.504  -20.133    1607074389398
02     9.583   -8.389  -12.770 -170.001   61.931   53.897    1607074389398
01    12.288   -4.379   -9.821   91.779    6.050  -20.361    1607074389413
02     9.640   -8.461  -12.767 -167.394   62.385   56.197    1607074389413
01    12.183   -4.477   -9.846   93.074    7.222  -20.774    1607074389423
02     9.702   -8.601  -12.751 -164.624   62.712   58.876    1607074389423
01    12.042   -4.607   -9.867   95.511    9.038  -21.780    1607074389449
02     9.932   -8.436  -12.610 -165.868   63.867   56.348    1607074389449
01    11.881   -4.802   -9.835  100.456   12.034  -23.002    1607074389464
02    10.342   -7.874  -12.144 -179.685   64.156   42.758    1607074389464
01    11.712   -4.859   -9.894  108.291   14.228  -23.058    1607074389479
02    10.747   -7.585  -11.150  157.617   60.963   24.961    1607074389479
01    11.499   -4.961  -10.008  116.275   15.205  -21.511    1607074389499
02    10.491   -7.640  -10.596  125.141   44.830    3.652    1607074389499
01    11.069   -5.155  -10.303  121.496   13.593  -19.009    1607074389515
02    10.138   -6.510  -10.993  114.904   15.998    0.473    1607074389515
01    11.038   -5.101  -10.360  122.973   12.647  -20.457    1607074389525
02    10.098   -6.015  -11.110  115.225    8.290    0.914    1607074389525
01    11.111   -4.975  -10.340  123.489   12.179  -22.219    1607074389550
02    10.120   -5.796  -11.144  115.251    5.955    0.522    1607074389550
01    11.165   -4.906  -10.333  123.688   12.530  -23.510    1607074389565
02    10.148   -5.685  -11.179  115.531    5.517   -0.182    1607074389565
01    11.197   -4.858  -10.368  123.878   13.314  -24.443    1607074389579
02    10.180   -5.610  -11.238  116.125    5.785   -0.671    1607074389579
01    11.201   -4.862  -10.472  123.723   14.570  -24.645    1607074389600
02    10.212   -5.573  -11.331  116.398    6.646   -0.743    1607074389600
01    11.204   -4.897  -10.630  122.917   16.257  -24.108    1607074389616
02    10.238   -5.590  -11.456  116.002    8.393   -0.495    1607074389616
01    11.223   -5.000  -10.760  121.117   18.059  -22.538    1607074389626
02    10.307   -5.473  -11.635  115.986   10.214   -0.419    1607074389626
01    11.261   -5.014  -10.871  119.031   18.840  -21.283    1607074389651
02    10.220   -5.390  -12.018  117.873   14.944    1.022    1607074389651
01    11.375   -4.923  -10.922  115.028   18.451  -21.720    1607074389667
02     9.861   -5.580  -12.654  123.726   22.649    6.426    1607074389667
01    11.611   -4.720  -10.885  109.952   17.131  -23.891    1607074389679
02     9.258   -6.452  -13.334  134.743   32.959   17.204    1607074389679
01    11.883   -4.594  -10.802  103.996   15.822  -26.520    1607074389700
02     9.086   -7.745  -13.448  155.626   46.181   34.965    1607074389700
01    12.114   -4.605  -10.737   97.851   15.518  -28.634    1607074389705
02     9.369   -8.740  -13.266 -174.785   55.868   59.733    1607074389705
01    12.180   -4.779  -10.704   94.771   17.204  -28.810    1607074389727
02     9.751   -9.255  -13.118 -153.406   59.846   77.848    1607074389727
01    12.081   -5.008  -10.678   96.008   19.690  -27.308    1607074389743
02     9.981   -9.551  -13.056 -144.953   61.511   84.806    1607074389743
01    11.955   -5.184  -10.580  101.288   21.944  -25.710    1607074389753
02    10.225   -9.501  -12.994 -144.189   64.608   82.986    1607074389753
01    11.820   -5.162  -10.595  109.204   22.538  -24.124    1607074389779
02    10.664   -8.926  -12.725 -163.839   70.707   61.668    1607074389779
01    11.706   -5.136  -10.748  115.005   23.600  -23.085    1607074389795
02    11.126   -8.610  -11.800  152.988   70.383   22.689    1607074389795
01    11.558   -5.299  -10.971  117.645   26.197  -21.898    1607074389804
02    11.017   -8.104  -11.512  119.951   48.639    0.295    1607074389804
01    11.521   -5.498  -11.027  118.536   29.033  -22.405    1607074389830
02    10.926   -7.587  -11.465  118.506   34.875    2.331    1607074389830
01    11.486   -5.644  -11.034  119.007   30.275  -22.687    1607074389845
02    10.750   -7.246  -11.491  118.674   26.514    5.055    1607074389845
01    11.433   -5.667  -11.049  119.905   30.246  -22.580    1607074389855
02    10.602   -7.026  -11.495  118.819   21.867    6.784    1607074389855
01    11.383   -5.648  -11.040  120.911   29.970  -22.461    1607074389880
02    10.497   -6.848  -11.505  119.285   19.016    7.212    1607074389880
01    11.330   -5.618  -11.065  121.661   29.616  -22.141    1607074389896
02    10.401   -6.724  -11.536  119.556   17.446    7.366    1607074389896
01    11.287   -5.616  -11.107  121.701   29.492  -21.602    1607074389905
02    10.326   -6.658  -11.579  119.048   16.834    7.322    1607074389905
01    11.269   -5.613  -11.163  120.703   29.290  -21.110    1607074389930
02    10.258   -6.563  -11.678  117.639   16.390    6.045    1607074389930
01    11.291   -5.593  -11.199  118.708   28.873  -20.609    1607074389946
02    10.226   -6.226  -11.969  116.548   16.126    3.349    1607074389946
01    11.383   -5.503  -11.194  116.196   28.021  -20.968    1607074389956
02    10.078   -5.998  -12.559  117.276   18.862    2.268    1607074389956
01    11.510   -5.385  -11.152  112.198   26.461  -22.453    1607074389981
02     9.773   -6.340  -13.170  121.274   25.762    5.006    1607074389981
01    11.661   -5.266  -11.074  106.071   23.500  -25.543    1607074389997
02     9.491   -7.305  -13.497  129.437   36.069   11.668    1607074389997
01    11.858   -5.152  -10.951  100.650   20.368  -28.191    1607074390007
02     9.552   -8.409  -13.415  151.301   52.389   29.326    1607074390007
01    12.057   -5.080  -10.813   96.876   17.762  -30.155    1607074390032
02     9.804   -9.235  -13.197 -167.938   61.976   65.393    1607074390032
01    12.150   -5.071  -10.739   94.717   15.993  -30.861    1607074390048
02    10.100   -9.820  -12.992 -139.024   60.953   91.742    1607074390048
01    12.183   -5.088  -10.675   93.515   14.562  -31.045    1607074390057
02    10.303  -10.129  -12.904 -128.340   59.757  101.200    1607074390057
01    12.190   -5.147  -10.590   93.775   14.271  -30.636    1607074390083
02    10.461   -9.991  -12.956 -129.620   62.800   99.042    1607074390083
01    12.144   -5.266  -10.507   96.308   15.648  -29.572    1607074390098
02    10.681   -9.458  -12.931 -146.737   70.109   81.865    1607074390098
01    12.083   -5.362  -10.430  102.308   18.268  -27.971    1607074390108
02    11.069   -8.872  -12.378  167.005   74.211   38.928    1607074390108
01    12.027   -5.359  -10.438  111.065   21.395  -25.727    1607074390133
02    11.188   -8.833  -11.463  115.746   63.676   -4.489    1607074390133
01    11.984   -5.171  -10.511  118.552   21.701  -25.225    1607074390149
02    10.988   -8.155  -11.466  112.700   41.340   -4.110    1607074390149
01    11.759   -5.263  -10.671  122.572   22.741  -22.711    1607074390158
02    10.858   -7.608  -11.531  114.684   30.298   -1.900    1607074390158
01    11.626   -5.325  -10.778  124.102   23.304  -21.636    1607074390183
02    10.808   -7.207  -11.576  115.636   24.640   -0.956    1607074390183
01    11.587   -5.344  -10.830  124.504   23.722  -21.596    1607074390199
02    10.770   -6.937  -11.615  115.651   21.554   -0.503    1607074390199
01    11.568   -5.337  -10.885  124.449   23.884  -21.873    1607074390209
02    10.757   -6.707  -11.662  115.482   19.848   -0.622    1607074390209
01    11.581   -5.332  -10.917  123.801   24.204  -22.467    1607074390234
02    10.772   -6.524  -11.715  114.734   18.758   -1.254    1607074390234
01    11.589   -5.322  -10.962  122.539   24.185  -22.804    1607074390250
02    10.776   -6.352  -11.815  113.202   17.671   -2.588    1607074390250
01    11.593   -5.331  -11.000  120.791   23.875  -22.148    1607074390260
02    10.797   -5.931  -12.108  112.088   16.318   -4.219    1607074390260
01    11.625   -5.255  -11.034  118.906   22.757  -22.053    1607074390280
02    10.689   -5.693  -12.652  112.871   19.045   -4.549    1607074390280
01    11.710   -5.136  -11.032  116.023   21.401  -23.032    1607074390300
02    10.381   -6.059  -13.245  116.967   27.046   -0.892    1607074390300
01    11.887   -4.965  -11.010  112.042   19.927  -24.804    1607074390310
02    10.106   -6.975  -13.589  125.075   38.715    6.419    1607074390310
01    12.126   -4.834  -11.010  107.052   19.191  -26.609    1607074390326
02    10.049   -8.039  -13.590  138.927   51.682   18.626    1607074390326
01    12.290   -4.886  -11.029  102.516   20.358  -27.816    1607074390336
02    10.124   -8.940  -13.422  172.654   63.052   49.879    1607074390336
01    12.320   -5.063  -11.075  100.207   22.510  -27.495    1607074390362
02    10.305   -9.532  -13.246 -153.057   63.675   81.792    1607074390362
01    12.294   -5.233  -11.095   99.807   24.217  -26.521    1607074390380
02    10.537   -9.625  -13.173 -142.962   64.544   90.244    1607074390380
01    12.242   -5.388  -11.085  101.016   25.514  -25.033    1607074390387
02    10.854   -9.201  -13.063 -158.232   71.119   74.629    1607074390387
01    12.170   -5.538  -11.054  103.544   26.621  -23.232    1607074390413
02    11.222   -8.774  -12.526  153.925   73.368   30.215    1607074390413
01    12.191   -5.537  -10.978  108.090   27.322  -22.765    1607074390429
02    11.336   -8.662  -11.847  109.310   59.800   -6.984    1607074390429
01    12.175   -5.386  -10.980  112.521   26.687  -23.022    1607074390438
02    11.234   -8.088  -11.792  108.042   41.516   -5.270    1607074390438
01    12.071   -5.393  -11.021  115.863   26.898  -22.321    1607074390464
02    11.141   -7.598  -11.825  110.660   31.861   -2.364    1607074390464
01    11.978   -5.411  -11.084  118.122   27.147  -21.617    1607074390480
02    11.075   -7.254  -11.862  112.492   27.005   -0.309    1607074390480
01    11.926   -5.431  -11.127  119.804   27.729  -21.252    1607074390489
02    11.022   -7.015  -11.900  113.468   24.578    0.978    1607074390489
01    11.891   -5.447  -11.178  121.093   28.309  -21.004    1607074390515
02    10.976   -6.838  -11.952  113.895   23.215    1.627    1607074390515
01    11.849   -5.492  -11.246  121.147   28.736  -20.768    1607074390531
02    10.941   -6.703  -12.027  113.438   22.265    1.331    1607074390531
01    11.832   -5.515  -11.312  120.246   28.756  -20.549    1607074390541
02    10.890   -6.522  -12.200  112.514   21.349   -0.193    1607074390541
01    11.852   -5.494  -11.359  118.276   28.100  -20.613    1607074390567
02    10.776   -6.219  -12.653  112.704   21.616   -1.341    1607074390567
01    11.939   -5.389  -11.374  115.048   26.824  -21.972    1607074390581
02    10.561   -6.342  -13.184  115.217   26.409    0.217    1607074390581
01    12.093   -5.276  -11.344  111.058   25.488  -24.338    1607074390593
02    10.337   -6.966  -13.570  120.590   34.992    4.676    1607074390593
01    12.243   -5.231  -11.305  106.414   24.540  -27.044    1607074390608
02    10.246   -7.853  -13.691  130.216   46.330   12.659    1607074390608
01    12.367   -5.261  -11.261  102.720   24.605  -29.214    1607074390618
02    10.336   -8.677  -13.628  155.446   61.425   34.415    1607074390618
01    12.407   -5.349  -11.240  101.767   25.687  -29.583    1607074390643
02    10.581   -9.335  -13.475 -167.311   68.294   68.032    1607074390643
01    12.379   -5.466  -11.239  103.184   27.190  -28.235    1607074390659
02    10.878   -9.369  -13.380 -159.088   71.190   73.909    1607074390659
01    12.291   -5.594  -11.264  106.337   28.564  -25.516    1607074390681
02    11.216   -9.051  -13.046  174.843   74.033   48.519    1607074390681
01    12.210   -5.678  -11.305  109.934   29.450  -23.062    1607074390695
02    11.443   -8.875  -12.403  131.667   68.687    9.692    1607074390695
01    12.027   -5.913  -11.360  112.119   30.490  -21.076    1607074390711
02    11.272   -8.306  -12.344  114.094   46.952   -0.672    1607074390711
01    11.943   -5.960  -11.364  114.265   30.987  -20.897    1607074390721
02    11.170   -7.881  -12.269  112.530   36.123   -0.385    1607074390721
01    11.896   -5.897  -11.348  116.503   31.014  -21.207    1607074390747
02    11.089   -7.573  -12.205  113.261   30.281    0.609    1607074390747
01    11.834   -5.818  -11.359  118.414   30.714  -21.403    1607074390762
02    11.014   -7.325  -12.181  114.347   26.549    1.554    1607074390762
01    11.801   -5.738  -11.384  119.999   30.331  -21.811    1607074390782
02    10.950   -7.083  -12.204  114.942   24.113    1.805    1607074390782
01    11.784   -5.703  -11.417  120.415   30.148  -22.145    1607074390797
02    10.870   -6.865  -12.302  114.556   22.710    1.163    1607074390797
01    11.744   -5.695  -11.465  119.597   29.418  -21.790    1607074390813
02    10.829   -6.570  -12.547  113.632   22.080   -0.860    1607074390813
01    11.789   -5.592  -11.489  117.342   28.100  -22.796    1607074390823
02    10.653   -6.315  -13.121  114.645   23.877   -1.345    1607074390823
01    11.900   -5.459  -11.477  113.845   26.613  -24.827    1607074390849
02    10.367   -6.724  -13.660  119.487   31.568    2.605    1607074390849
01    12.041   -5.375  -11.429  110.400   25.553  -26.816    1607074390864
02    10.260   -7.658  -13.784  128.633   43.507   10.485    1607074390864
01    12.167   -5.362  -11.384  107.888   25.305  -28.009    1607074390881
02    10.355   -8.484  -13.705  147.460   57.398   26.795    1607074390881
01    12.216   -5.417  -11.358  107.266   25.919  -28.132    1607074390901
02    10.518   -9.107  -13.569 -179.792   65.940   56.996    1607074390901
01    12.202   -5.523  -11.327  108.638   27.170  -27.222    1607074390916
02    10.742   -9.348  -13.484 -161.229   68.647   72.655    1607074390916
01    12.120   -5.610  -11.353  111.892   28.268  -25.049    1607074390926
02    11.068   -9.167  -13.257 -173.617   72.536   59.082    1607074390926
01    12.014   -5.694  -11.439  115.178   29.145  -22.580    1607074390942
02    11.369   -9.034  -12.655  147.283   71.599   22.646    1607074390942
01    11.805   -5.928  -11.575  117.052   30.121  -20.338    1607074390952
02    11.242   -8.602  -12.559  120.456   51.895    3.452    1607074390952
01    11.742   -6.074  -11.586  117.993   30.976  -19.817    1607074390981
02    11.163   -8.240  -12.472  115.452   40.347    1.511    1607074390981
01    11.744   -6.055  -11.546  118.784   31.042  -20.160    1607074390997
02    11.094   -7.959  -12.394  113.930   33.639    1.307    1607074390997
01    11.730   -5.988  -11.510  119.911   30.780  -20.430    1607074391003
02    11.035   -7.713  -12.337  113.985   29.166    1.506    1607074391003
01    11.716   -5.914  -11.492  121.284   30.463  -20.584    1607074391028
02    10.972   -7.431  -12.312  114.518   26.082    1.680    1607074391028
01    11.688   -5.863  -11.529  122.144   30.247  -20.332    1607074391044
02    10.898   -7.174  -12.343  114.520   24.241    1.613    1607074391044
01    11.684   -5.831  -11.575  121.829   30.323  -20.042    1607074391054
02    10.831   -6.901  -12.489  113.828   23.076    0.362    1607074391054
01    11.711   -5.782  -11.608  120.102   29.937  -20.061    1607074391082
02    10.722   -6.591  -12.869  113.280   23.173   -0.958    1607074391082
01    11.797   -5.659  -11.628  116.748   28.784  -21.377    1607074391097
02    10.522   -6.562  -13.415  115.108   27.088   -0.155    1607074391097
01    12.011   -5.458  -11.597  112.302   27.405  -23.707    1607074391105
02    10.282   -7.209  -13.798  120.698   36.272    4.600    1607074391105
01    12.295   -5.349  -11.517  105.067   25.985  -27.391    1607074391130
02    10.262   -8.171  -13.807  130.642   48.525   12.783    1607074391130
01    12.484   -5.369  -11.457   99.954   25.962  -29.865    1607074391146
02    10.390   -8.994  -13.671  161.670   64.563   40.390    1607074391146
01    12.521   -5.487  -11.444   98.776   27.393  -30.258    1607074391156
02    10.577   -9.686  -13.513 -155.204   67.630   80.832    1607074391156
01    12.417   -5.676  -11.450  100.979   29.622  -28.194    1607074391182
02    10.805  -10.095  -13.407 -135.350   65.971   98.359    1607074391182
01    12.257   -5.802  -11.492  105.656   30.888  -24.413    1607074391197
02    11.002   -9.977  -13.395 -138.761   69.482   93.714    1607074391197
01    12.104   -5.856  -11.584  109.393   30.836  -21.158    1607074391208
02    11.295   -9.469  -13.122 -169.794   75.110   63.546    1607074391208
01    12.021   -5.887  -11.652  110.428   30.553  -19.826    1607074391233
02    11.506   -9.091  -12.515  135.295   70.776   13.510    1607074391233
01    11.977   -5.915  -11.681  110.429   30.606  -20.037    1607074391249
02    11.401   -8.530  -12.290  110.398   50.234   -2.719    1607074391249
01    11.994   -5.962  -11.556  111.194   31.653  -21.531    1607074391259
02    11.257   -8.064  -12.209  108.070   38.535   -3.180    1607074391259
01    11.970   -5.880  -11.478  114.408   31.920  -22.588    1607074391284
02    11.112   -7.698  -12.180  110.476   31.591   -2.093    1607074391284
01    11.903   -5.791  -11.467  118.241   31.956  -23.018    1607074391300
02    11.000   -7.404  -12.195  113.521   27.425   -1.402    1607074391300
01    11.815   -5.747  -11.533  122.145   31.986  -22.383    1607074391310
02    10.899   -7.130  -12.282  115.695   25.014   -0.764    1607074391310
01    11.771   -5.748  -11.624  123.025   32.615  -21.646    1607074391326
02    10.825   -6.906  -12.468  116.043   23.956   -0.810    1607074391326
01    11.762   -5.767  -11.709  121.194   32.730  -20.558    1607074391336
02    10.769   -6.667  -12.808  115.256   24.191   -1.189    1607074391336
01    11.836   -5.696  -11.769  116.523   31.577  -21.936    1607074391361
02    10.628   -6.601  -13.308  116.093   27.510   -0.150    1607074391361
01    11.986   -5.573  -11.770  109.921   29.371  -25.258    1607074391382
02    10.307   -7.125  -13.792  121.284   35.749    5.493    1607074391382
01    12.251   -5.443  -11.687  103.240   27.097  -28.727    1607074391387
02    10.201   -8.062  -13.876  132.299   47.970   15.138    1607074391387
01    12.448   -5.416  -11.584   97.474   25.294  -31.249    1607074391412
02    10.309   -8.873  -13.769  159.482   62.076   39.248    1607074391412
01    12.479   -5.512  -11.511   96.121   25.675  -31.178    1607074391428
02    10.498   -9.420  -13.668 -162.214   66.658   74.481    1607074391428
01    12.423   -5.632  -11.461   99.666   27.949  -29.177    1607074391438
02    10.724   -9.570  -13.593 -148.826   68.142   85.673    1607074391438
01    12.310   -5.709  -11.505  106.599   30.689  -25.712    1607074391464
02    10.981   -9.404  -13.409 -161.367   71.846   72.699    1607074391464
01    12.150   -5.866  -11.635  113.970   33.732  -21.027    1607074391482
02    11.248   -9.238  -12.967  162.883   72.945   38.471    1607074391482
01    11.893   -6.179  -11.802  119.572   36.171  -15.978    1607074391490
02    11.226   -8.935  -12.795  128.844   60.498   10.317    1607074391490
01    11.729   -6.455  -11.894  121.893   37.456  -14.185    1607074391516
02    11.137   -8.640  -12.739  121.851   49.807    6.908    1607074391516
01    11.702   -6.498  -11.901  122.615   37.530  -14.341    1607074391531
02    11.079   -8.406  -12.672  118.276   43.240    5.903    1607074391531
01    11.710   -6.463  -11.846  123.428   37.229  -14.812    1607074391541
02    11.038   -8.191  -12.616  116.781   38.571    5.443    1607074391541
01    11.703   -6.366  -11.820  124.641   36.615  -15.182    1607074391567
02    10.985   -8.000  -12.598  116.656   35.248    5.226    1607074391567
01    11.690   -6.296  -11.808  125.206   35.938  -15.699    1607074391582
02    10.920   -7.800  -12.618  115.937   32.884    3.843    1607074391582
01    11.659   -6.205  -11.828  124.601   34.724  -16.237    1607074391593
02    10.866   -7.428  -12.800  114.604   30.374    1.197    1607074391593
01    11.693   -6.028  -11.818  122.070   32.729  -17.938    1607074391608
02    10.679   -6.989  -13.342  115.203   30.005    0.362    1607074391608
01    11.804   -5.791  -11.774  118.314   30.245  -20.266    1607074391619
02    10.404   -7.185  -13.862  119.352   35.376    3.596    1607074391619
01    12.038   -5.477  -11.689  111.277   25.880  -24.587    1607074391643
02    10.218   -7.966  -14.030  128.036   45.080   11.213    1607074391643
01    12.391   -5.219  -11.599  103.986   22.938  -28.300    1607074391659
02    10.236   -8.776  -13.944  141.320   54.689   22.875    1607074391659
01    12.622   -5.231  -11.531   98.167   22.573  -30.487    1607074391682
02    10.355   -9.434  -13.780  172.914   63.610   51.975    1607074391682
01    12.748   -5.323  -11.511   94.573   23.202  -31.757    1607074391694
02    10.489   -9.966  -13.603 -151.855   63.168   85.620    1607074391694
01    12.785   -5.430  -11.524   92.424   23.820  -32.219    1607074391710
02    10.667  -10.471  -13.406 -132.685   59.359  103.959    1607074391710
01    12.769   -5.509  -11.530   90.984   23.587  -32.103    1607074391721
02    10.780  -10.803  -13.323 -124.940   57.154  111.145    1607074391721
01    12.734   -5.547  -11.522   89.974   22.470  -31.278    1607074391747
02    10.838  -10.817  -13.346 -123.308   57.979  112.381    1607074391747
01    12.692   -5.534  -11.482   89.328   20.239  -29.442    1607074391763
02    10.814  -10.601  -13.443 -127.088   60.749  108.663    1607074391763
01    12.684   -5.442  -11.383   88.617   15.870  -26.934    1607074391783
02    10.769  -10.080  -13.562 -137.504   65.334   97.935    1607074391783
01    12.718   -5.319  -11.201   87.545   10.100  -24.528    1607074391797
02    10.833   -9.312  -13.425 -159.923   69.792   74.596    1607074391797
01    12.683   -5.315  -10.905   86.799    6.016  -23.014    1607074391813
02    11.190   -8.590  -12.653  163.271   70.601   39.224    1607074391813
01    12.528   -5.461  -10.521   90.606    6.449  -22.713    1607074391823
02    10.994   -8.333  -12.068  123.487   56.425    9.329    1607074391823
01    12.378   -5.275  -10.182  101.289    7.864  -23.927    1607074391849
02    10.789   -7.314  -11.833  101.989   25.683   -3.965    1607074391849
01    12.234   -4.929  -10.088  111.428    8.279  -25.275    1607074391865
02    10.707   -6.377  -11.530  104.388    8.632   -2.356    1607074391865
01    11.969   -4.801  -10.265  117.143    8.769  -24.612    1607074391883
02    10.684   -5.835  -11.426  107.876    1.987   -1.584    1607074391883
01    11.808   -4.751  -10.457  119.843    9.451  -24.115    1607074391900
02    10.666   -5.570  -11.466  110.170   -0.386   -1.144    1607074391900
01    11.766   -4.745  -10.635  121.040   11.095  -23.758    1607074391916
02    10.673   -5.496  -11.599  111.026   -0.225   -0.709    1607074391916
01    11.762   -4.793  -10.863  121.095   13.516  -23.240    1607074391926
02    10.686   -5.533  -11.822  111.024    1.444   -0.341    1607074391926
01    11.761   -4.930  -11.135  119.641   16.377  -21.843    1607074391951
02    10.727   -5.626  -12.087  109.802    4.177   -0.411    1607074391951
01    11.845   -5.082  -11.360  117.272   19.511  -20.648    1607074391967
02    10.700   -5.540  -12.563  109.545    7.988   -0.772    1607074391967
01    12.006   -5.155  -11.521  113.278   21.447  -21.055    1607074391984
02    10.538   -5.699  -13.217  111.224   15.304    0.408    1607074391984
01    12.265   -5.196  -11.579  107.657   22.416  -23.538    1607074391999
02    10.257   -6.456  -13.767  116.165   27.076    5.214    1607074391999
01    12.530   -5.300  -11.595  101.347   23.133  -26.694    1607074392003
02    10.056   -7.571  -14.013  125.361   40.565   13.704    1607074392003
01    12.790   -5.489  -11.644   94.610   24.515  -29.655    1607074392028
02    10.031   -8.888  -13.973  147.483   56.736   33.977    1607074392028
01    12.869   -5.764  -11.720   90.882   27.296  -30.630    1607074392044
02    10.159  -10.121  -13.751 -173.563   63.904   70.727    1607074392044
01    12.785   -5.988  -11.808   91.240   29.824  -29.139    1607074392054
02    10.411  -10.883  -13.524 -144.276   61.473   97.637    1607074392054
01    12.769   -5.963  -11.912   92.424   29.841  -28.052    1607074392084
02    10.619  -11.273  -13.387 -130.829   57.345  109.779    1607074392084
01    12.803   -5.925  -11.960   91.385   28.711  -28.069    1607074392100
02    10.762  -11.326  -13.372 -125.839   55.630  114.313    1607074392100
01    12.889   -5.868  -11.949   89.280   26.899  -28.481    1607074392105
02    10.833  -11.046  -13.488 -127.496   57.323  112.769    1607074392105
01    12.958   -5.845  -11.914   86.640   24.950  -28.287    1607074392132
02    10.908  -10.385  -13.646 -136.828   62.882  103.396    1607074392132
01    12.914   -5.951  -11.829   84.923   23.808  -26.805    1607074392147
02    11.283   -9.319  -13.420 -163.759   71.542   75.755    1607074392147
01    12.777   -6.115  -11.664   86.826   23.889  -25.026    1607074392158
02    11.607   -8.765  -12.607  138.523   70.259   23.262    1607074392158
01    12.823   -6.020  -11.335   94.845   24.806  -25.610    1607074392184
02    11.416   -8.584  -12.094  101.181   50.495   -6.011    1607074392184
01    12.723   -5.685  -11.245  104.816   23.060  -25.333    1607074392200
02    11.233   -7.794  -12.158  103.317   32.650   -5.231    1607074392200
01    12.521   -5.549  -11.320  112.287   22.492  -23.977    1607074392209
02    11.211   -7.155  -12.262  107.370   24.369   -5.121    1607074392209
01    12.389   -5.510  -11.383  117.104   22.870  -22.927    1607074392225
02    11.212   -6.791  -12.353  109.458   21.064   -5.029    1607074392225
01    12.325   -5.498  -11.420  120.068   23.771  -22.510    1607074392250
02    11.240   -6.623  -12.393  110.447   20.113   -5.237    1607074392250
01    12.265   -5.501  -11.480  122.059   24.501  -21.915    1607074392261
02    11.258   -6.533  -12.461  111.405   19.815   -5.328    1607074392261
01    12.210   -5.523  -11.560  122.538   25.249  -21.390    1607074392284
02    11.271   -6.505  -12.538  111.574   19.896   -5.370    1607074392284
01    12.141   -5.580  -11.658  121.452   25.875  -20.704    1607074392286
02    11.238   -6.499  -12.659  110.642   19.928   -5.530    1607074392286
01    12.127   -5.621  -11.727  119.669   26.407  -19.957    1607074392312
02    11.099   -6.266  -13.029  110.368   19.594   -4.737    1607074392312
01    12.135   -5.605  -11.815  116.824   26.188  -20.041    1607074392328
02    10.951   -6.283  -13.462  111.580   23.552   -3.347    1607074392328
01    12.220   -5.530  -11.869  112.232   25.507  -22.204    1607074392338
02    10.678   -6.762  -13.876  115.891   31.355    1.248    1607074392338
01    12.388   -5.469  -11.873  106.314   24.744  -25.818    1607074392364
02    10.399   -7.639  -14.108  124.575   42.055   10.023    1607074392364
01    12.579   -5.477  -11.844  100.130   24.146  -29.580    1607074392380
02    10.210   -9.011  -14.074  152.406   57.697   36.508    1607074392380
01    12.753   -5.548  -11.817   92.369   23.301  -33.727    1607074392390
02    10.287  -10.274  -13.833 -162.887   61.878   78.807    1607074392390
01    12.907   -5.661  -11.810   86.913   22.715  -36.085    1607074392416
02    10.530  -11.023  -13.582 -135.957   57.143  103.968    1607074392416
01    12.958   -5.788  -11.827   84.387   22.570  -36.253    1607074392432
02    10.725  -11.363  -13.460 -126.022   53.479  113.187    1607074392432
01    12.932   -5.917  -11.819   84.200   22.694  -34.961    1607074392442
02    10.831  -11.394  -13.483 -123.240   53.257  115.140    1607074392442
01    12.827   -6.067  -11.776   86.961   23.642  -31.896    1607074392467
02    10.982  -10.927  -13.656 -127.124   59.385  109.931    1607074392467
01    12.746   -6.112  -11.712   92.779   24.476  -29.137    1607074392483
02    11.380   -9.962  -13.618 -146.536   71.266   89.473    1607074392483
01    12.676   -6.077  -11.717   98.497   25.270  -27.181    1607074392493
02    11.788   -9.307  -12.930  150.445   75.138   29.917    1607074392493
01    12.649   -6.038  -11.715  104.080   27.261  -26.301    1607074392509
02    12.056   -9.088  -11.928  100.836   59.485  -14.205    1607074392509
01    12.569   -6.010  -11.729  108.652   28.757  -25.009    1607074392519
02    11.756   -8.361  -12.052  105.452   40.779   -6.933    1607074392519
01    12.463   -6.010  -11.742  112.465   29.387  -23.556    1607074392545
02    11.499   -7.853  -12.193  109.053   30.838   -2.996    1607074392545
01    12.354   -5.982  -11.767  115.354   29.356  -22.498    1607074392561
02    11.349   -7.513  -12.272  110.717   25.432   -1.597    1607074392561
01    12.268   -5.953  -11.758  117.815   29.324  -22.037    1607074392571
02    11.256   -7.302  -12.316  111.649   22.387   -1.233    1607074392571
01    12.177   -5.909  -11.790  119.505   29.128  -21.823    1607074392596
02    11.191   -7.139  -12.374  112.350   20.284   -1.168    1607074392596
01    12.126   -5.907  -11.815  119.409   29.186  -22.190    1607074392612
02    11.149   -7.036  -12.428  111.984   19.094   -1.699    1607074392612
01    12.105   -5.871  -11.862  118.037   28.734  -22.749    1607074392622
02    11.115   -6.885  -12.544  110.412   17.813   -3.468    1607074392622
01    12.133   -5.876  -11.854  115.782   28.406  -22.528    1607074392648
02    11.073   -6.487  -12.888  109.478   16.905   -4.642    1607074392648
01    12.202   -5.762  -11.882  113.253   27.176  -23.020    1607074392664
02    11.015   -6.298  -13.380  110.526   20.716   -4.754    1607074392664
01    12.350   -5.646  -11.848  109.048   25.849  -25.263    1607074392674
02    10.733   -6.660  -13.937  114.811   28.966   -0.623    1607074392674
01    12.528   -5.556  -11.813  104.338   24.357  -27.932    1607074392700
02    10.450   -7.606  -14.245  122.833   40.715    7.485    1607074392700
01    12.747   -5.558  -11.779   98.347   23.273  -30.854    1607074392716
02    10.352   -8.765  -14.196  137.187   53.788   21.506    1607074392716
01    12.952   -5.666  -11.781   93.102   23.667  -32.684    1607074392726
02    10.408   -9.770  -13.983  172.484   64.689   56.199    1607074392726
01    13.078   -5.863  -11.814   89.121   25.320  -33.369    1607074392751
02    10.510  -10.781  -13.673 -149.802   62.624   94.107    1607074392751
01    13.121   -6.071  -11.880   86.318   26.619  -33.286    1607074392767
02    10.620  -11.483  -13.409 -133.474   56.358  110.786    1607074392767
01    13.107   -6.260  -11.923   84.883   27.285  -32.857    1607074392778
02    10.716  -11.876  -13.262 -127.390   52.662  117.038    1607074392778
01    13.030   -6.407  -11.932   85.147   27.442  -31.524    1607074392786
02    10.879  -11.797  -13.302 -125.304   53.917  117.587    1607074392786
01    12.899   -6.518  -11.905   88.026   27.715  -28.831    1607074392803
02    11.086  -11.214  -13.468 -130.679   61.004  110.608    1607074392803
01    12.759   -6.596  -11.826   93.004   28.078  -25.778    1607074392828
02    11.513  -10.218  -13.360 -154.227   72.592   86.366    1607074392828
01    12.638   -6.589  -11.769   99.130   28.058  -22.791    1607074392844
02    11.829   -9.588  -12.689  141.521   73.758   25.832    1607074392844
01    12.579   -6.470  -11.731  105.356   28.008  -21.391    1607074392854
02    11.872   -9.167  -12.084  101.063   55.868   -8.557    1607074392854
01    12.474   -6.400  -11.685  110.033   27.823  -20.050    1607074392880
02    11.596   -8.481  -12.145  102.037   39.748   -4.957    1607074392880
01    12.353   -6.315  -11.635  115.247   27.143  -18.966    1607074392886
02    11.390   -8.020  -12.188  104.383   30.964   -3.008    1607074392886
01    12.222   -6.194  -11.565  119.508   26.157  -18.916    1607074392906
02    11.293   -7.654  -12.210  106.509   25.365   -2.749    1607074392906
01    12.117   -6.058  -11.519  122.388   25.132  -19.359    1607074392932
02    11.233   -7.339  -12.247  108.242   21.256   -3.142    1607074392932
01    12.046   -5.947  -11.547  123.715   24.577  -19.506    1607074392948
02    11.213   -7.066  -12.319  109.377   18.678   -3.648    1607074392948
01    12.031   -5.912  -11.615  123.215   25.000  -19.136    1607074392958
02    11.208   -6.901  -12.435  109.058   17.516   -4.182    1607074392958
01    12.055   -5.940  -11.694  121.204   25.919  -18.447    1607074392983
02    11.218   -6.792  -12.599  107.490   17.292   -5.232    1607074392983
01    12.112   -5.985  -11.746  118.667   26.772  -17.417    1607074392987
02    11.173   -6.539  -13.007  107.008   18.672   -5.268    1607074392987
01    12.205   -5.909  -11.815  114.860   26.181  -18.213    1607074393009
02    11.009   -6.588  -13.547  109.209   24.629   -3.137    1607074393009
01    12.386   -5.799  -11.834  109.024   25.205  -21.401    1607074393034
02    10.686   -7.244  -14.001  115.391   35.382    3.462    1607074393034
01    12.691   -5.682  -11.814  102.267   24.386  -25.760    1607074393051
02    10.430   -8.266  -14.161  125.844   47.745   14.006    1607074393051
01    13.080   -5.754  -11.773   94.285   24.853  -30.092    1607074393061
02    10.367   -9.270  -14.052  148.156   60.531   35.494    1607074393061
01    13.324   -5.992  -11.776   86.343   26.826  -33.735    1607074393076
02    10.410  -10.321  -13.778 -171.499   65.011   75.282    1607074393076
01    13.407   -6.236  -11.851   81.392   29.182  -35.356    1607074393087
02    10.495  -11.165  -13.468 -144.235   59.407  102.165    1607074393087
01    13.334   -6.497  -11.915   79.661   31.218  -34.877    1607074393113
02    10.665  -11.549  -13.277 -133.900   55.200  111.438    1607074393113
01    13.140   -6.716  -11.952   81.850   33.155  -31.833    1607074393128
02    10.893  -11.293  -13.318 -134.328   57.893  109.142    1607074393128
01    12.897   -6.914  -11.905   87.435   34.847  -27.166    1607074393139
02    11.191  -10.591  -13.366 -146.171   65.988   96.172    1607074393139
01    12.697   -6.974  -11.811   96.028   35.062  -22.082    1607074393164
02    11.544   -9.852  -13.035  178.011   72.857   61.882    1607074393164
01    12.557   -6.831  -11.799  104.422   33.577  -18.708    1607074393180
02    11.734   -9.445  -12.434  123.412   67.551   10.918    1607074393180
01    12.426   -6.815  -11.768  108.207   32.979  -17.423    1607074393190
02    11.535   -8.621  -12.534  107.084   46.732   -0.704    1607074393190
01    12.358   -6.706  -11.769  111.488   32.246  -17.465    1607074393216
02    11.463   -8.086  -12.563  106.235   37.150   -1.207    1607074393216
01    12.315   -6.607  -11.782  114.015   31.896  -17.467    1607074393232
02    11.413   -7.778  -12.580  106.872   32.597   -0.484    1607074393232
01    12.307   -6.544  -11.769  116.238   32.098  -17.594    1607074393242
02    11.366   -7.614  -12.606  107.788   30.338   -0.069    1607074393242
01    12.301   -6.510  -11.758  118.759   32.589  -17.498    1607074393267
02    11.324   -7.539  -12.650  108.758   29.184   -0.219    1607074393267
01    12.252   -6.520  -11.774  120.686   32.532  -16.575    1607074393283
02    11.287   -7.429  -12.787  109.260   28.076   -1.082    1607074393283
01    12.196   -6.483  -11.842  121.097   31.274  -15.804    1607074393294
02    11.233   -7.255  -13.117  109.180   27.890   -2.157    1607074393294
01    12.204   -6.369  -11.944  118.383   29.596  -16.859    1607074393310
02    11.096   -7.291  -13.576  110.844   31.435   -0.961    1607074393310
01    12.347   -6.219  -12.016  113.204   28.254  -19.746    1607074393319
02    10.907   -7.784  -13.932  115.274   39.424    3.604    1607074393319
01    12.611   -6.131  -12.050  106.631   28.038  -23.218    1607074393345
02    10.746   -8.570  -14.071  123.590   49.709   12.002    1607074393345
01    12.915   -6.182  -12.088  100.360   29.120  -25.853    1607074393361
02    10.658   -9.623  -13.997  144.393   61.677   32.185    1607074393361
01    13.101   -6.398  -12.119   94.206   31.325  -28.025    1607074393370
02    10.668  -10.686  -13.806 -175.012   66.457   71.900    1607074393370
01    13.196   -6.608  -12.170   89.761   33.499  -29.473    1607074393396
02    10.760  -11.530  -13.571 -145.641   61.649  100.505    1607074393396
01    13.179   -6.818  -12.219   87.621   35.198  -29.460    1607074393411
02    10.825  -12.084  -13.406 -133.533   56.402  112.178    1607074393411
01    13.089   -7.002  -12.235   88.069   36.134  -27.892    1607074393421
02    11.002  -11.999  -13.432 -130.676   56.669  113.381    1607074393421
01    12.953   -7.163  -12.202   91.458   36.908  -24.537    1607074393447
02    11.381  -11.234  -13.520 -137.682   65.412  104.906    1607074393447
01    12.848   -7.176  -12.177   96.926   36.324  -21.426    1607074393463
02    11.796  -10.379  -13.208 -172.815   75.197   71.246    1607074393463
01    12.781   -7.138  -12.167  101.157   35.982  -20.003    1607074393473
02    12.007  -10.007  -12.486  119.695   70.996    7.674    1607074393473
01    12.690   -7.173  -12.144  103.639   36.196  -19.071    1607074393498
02    11.744   -9.217  -12.556  103.452   49.501   -2.378    1607074393498
01    12.639   -7.121  -12.121  106.555   36.120  -18.979    1607074393515
02    11.641   -8.655  -12.565  104.041   38.964   -1.467    1607074393515
01    12.585   -7.050  -12.106  109.526   35.847  -18.464    1607074393525
02    11.555   -8.258  -12.590  105.868   32.832   -0.224    1607074393525
01    12.547   -6.978  -12.087  112.383   35.473  -18.060    1607074393551
02    11.480   -8.003  -12.625  107.301   29.108    0.457    1607074393551
01    12.508   -6.902  -12.082  115.661   35.131  -17.429    1607074393566
02    11.431   -7.831  -12.665  108.532   26.853    0.771    1607074393566
01    12.454   -6.833  -12.131  117.878   35.141  -16.473    1607074393577
02    11.384   -7.723  -12.758  109.218   25.551    1.070    1607074393577
01    12.421   -6.834  -12.194  117.904   36.020  -15.619    1607074393589
02    11.336   -7.702  -12.880  108.489   25.307    0.778    1607074393589
01    12.394   -6.884  -12.275  116.130   36.923  -14.497    1607074393603
02    11.393   -7.503  -13.121  107.483   25.161   -1.213    1607074393603
01    12.446   -6.880  -12.333  113.246   37.353  -14.897    1607074393629
02    11.378   -7.491  -13.475  106.548   27.878   -2.607    1607074393629
01    12.567   -6.834  -12.363  108.201   37.088  -17.707    1607074393644
02    11.211   -7.792  -13.865  108.722   34.244   -0.406    1607074393644
01    12.737   -6.798  -12.342  101.751   36.443  -22.236    1607074393654
02    10.969   -8.474  -14.122  114.677   43.744    5.486    1607074393654
01    12.957   -6.811  -12.300   95.727   35.679  -26.304    1607074393680
02    10.772   -9.495  -14.197  126.483   55.220   16.548    1607074393680
01    13.142   -6.890  -12.252   89.468   34.669  -30.008    1607074393689
02    10.683  -10.650  -14.069  159.445   66.815   47.964    1607074393689
01    13.259   -6.969  -12.238   85.604   33.852  -31.748    1607074393706
02    10.742  -11.499  -13.851 -158.546   67.205   88.592    1607074393706
01    13.274   -7.056  -12.235   84.089   33.540  -31.392    1607074393731
02    10.857  -11.922  -13.688 -138.526   62.443  107.476    1607074393731
01    13.181   -7.186  -12.219   85.200   34.138  -28.891    1607074393747
02    11.060  -11.731  -13.654 -136.207   62.745  108.370    1607074393747
01    13.090   -7.244  -12.167   88.837   34.712  -26.083    1607074393757
02    11.402  -11.055  -13.590 -148.322   69.297   95.704    1607074393757
01    13.004   -7.262  -12.123   93.098   35.468  -23.981    1607074393783
02    11.758  -10.323  -13.267  170.188   75.199   56.448    1607074393783
01    12.882   -7.310  -12.092   98.038   36.822  -21.523    1607074393789
02    11.964   -9.964  -12.598  116.476   68.941    5.919    1607074393789
01    12.734   -7.410  -12.024  103.081   38.261  -18.907    1607074393808
02    11.740   -9.332  -12.551  102.985   49.501   -1.890    1607074393808
01    12.635   -7.342  -12.016  108.822   38.214  -17.071    1607074393834
02    11.668   -8.802  -12.538  104.387   39.650   -1.252    1607074393834
01    12.555   -7.271  -12.014  113.542   37.688  -15.412    1607074393850
02    11.562   -8.478  -12.567  105.856   33.866   -0.092    1607074393850
01    12.496   -7.175  -12.028  116.983   36.553  -14.413    1607074393860
02    11.512   -8.238  -12.591  106.814   30.380    0.292    1607074393860
01    12.452   -7.091  -12.052  118.809   35.836  -13.896    1607074393876
02    11.467   -8.058  -12.656  107.297   28.096    0.674    1607074393876
01    12.419   -7.040  -12.122  118.702   35.650  -13.397    1607074393890
02    11.447   -7.909  -12.747  106.863   26.872    0.578    1607074393890
01    12.440   -7.003  -12.183  116.639   35.922  -13.599    1607074393912
02    11.437   -7.814  -12.873  105.153   26.438   -0.604    1607074393912
01    12.518   -6.947  -12.214  112.681   35.702  -14.853    1607074393928
02    11.419   -7.650  -13.157  103.386   26.546   -2.392    1607074393928
01    12.669   -6.829  -12.211  107.030   34.495  -18.532    1607074393938
02    11.338   -7.590  -13.597  103.999   29.561   -2.733    1607074393938
01    12.948   -6.706  -12.132  100.077   32.932  -23.590    1607074393964
02    11.115   -7.998  -13.980  107.673   36.715    0.405    1607074393964
01    13.239   -6.661  -12.029   93.311   31.374  -28.278    1607074393980
02    10.915   -8.699  -14.178  114.040   45.957    5.926    1607074393980
01    13.424   -6.710  -11.951   87.370   30.398  -32.098    1607074393990
02    10.845   -9.472  -14.142  126.931   58.335   17.381    1607074393990
01    13.495   -6.786  -11.941   84.502   30.719  -33.819    1607074394015
02    10.844  -10.274  -14.034  155.266   68.620   43.842    1607074394015
01    13.462   -6.895  -11.979   83.983   32.148  -33.907    1607074394031
02    10.924  -10.929  -13.878 -170.871   70.723   76.204    1607074394031
01    13.392   -7.038  -12.029   84.881   34.359  -33.005    1607074394041
02    11.073  -11.257  -13.724 -153.587   69.806   92.427    1607074394041
01    13.282   -7.196  -12.099   87.077   36.790  -31.122    1607074394067
02    11.424  -11.011  -13.575 -158.077   73.338   86.916    1607074394067
01    13.157   -7.378  -12.162   90.229   39.403  -28.520    1607074394083
02    11.779  -10.590  -13.201  164.060   77.036   50.786    1607074394083
01    12.976   -7.634  -12.188   94.452   42.185  -24.895    1607074394092
02    11.985  -10.331  -12.614  116.173   70.622    6.301    1607074394092
01    12.667   -7.921  -12.226  100.601   43.990  -20.280    1607074394117
02    11.847   -9.845  -12.526  100.671   53.199   -3.400    1607074394117
01    12.514   -8.001  -12.141  106.386   44.651  -17.485    1607074394133
02    11.697   -9.510  -12.502  100.924   43.775   -2.886    1607074394133
01    12.383   -7.911  -12.124  112.333   43.745  -14.870    1607074394143
02    11.585   -9.267  -12.475  102.744   38.102   -2.018    1607074394143
01    12.285   -7.771  -12.145  116.230   41.792  -13.403    1607074394159
02    11.490   -9.025  -12.502  104.381   33.820   -1.337    1607074394159
01    12.238   -7.635  -12.192  117.070   40.070  -13.421    1607074394184
02    11.419   -8.791  -12.587  104.622   30.627   -1.436    1607074394184
01    12.248   -7.502  -12.242  115.694   38.813  -14.233    1607074394194
02    11.375   -8.604  -12.673  103.503   28.659   -2.367    1607074394194
01    12.318   -7.446  -12.216  112.877   38.196  -14.973    1607074394210
02    11.310   -8.225  -12.961  102.517   26.883   -2.550    1607074394210
01    12.437   -7.277  -12.210  109.785   36.907  -16.379    1607074394219
02    11.308   -7.958  -13.292  102.908   28.944   -3.064    1607074394219
01    12.613   -7.103  -12.168  105.269   35.478  -19.207    1607074394245
02    11.082   -8.068  -13.728  106.183   34.439   -0.246    1607074394245
01    12.839   -6.971  -12.088   99.832   34.057  -22.975    1607074394260
02    10.794   -8.640  -14.026  112.439   43.220    5.499    1607074394260
01    13.103   -6.907  -11.975   93.122   32.430  -27.514    1607074394270
02    10.611   -9.430  -14.093  122.444   53.113   14.605    1607074394270
01    13.247   -6.970  -11.899   87.445   31.460  -30.829    1607074394297
02    10.586  -10.185  -13.989  145.459   64.580   35.915    1607074394297
01    13.307   -7.040  -11.895   85.127   31.672  -31.891    1607074394312
02    10.676  -10.808  -13.832 -177.872   69.670   71.167    1607074394312
01    13.280   -7.150  -11.946   85.065   32.925  -31.259    1607074394322
02    10.785  -11.383  -13.645 -151.713   67.813   97.147    1607074394322
01    13.243   -7.266  -11.991   86.059   34.457  -30.149    1607074394348
02    10.959  -11.677  -13.493 -141.192   66.179  107.274    1607074394348
01    13.177   -7.380  -12.051   87.498   35.798  -28.603    1607074394364
02    11.289  -11.406  -13.435 -145.891   71.280  101.716    1607074394364
01    13.106   -7.489  -12.077   89.247   36.944  -27.073    1607074394374
02    11.631  -10.907  -13.271  176.659   78.429   65.943    1607074394374
01    13.003   -7.601  -12.074   91.567   37.740  -25.141    1607074394399
02    11.883  -10.483  -12.874  115.910   73.824    7.825    1607074394399
01    12.872   -7.717  -12.009   95.685   38.665  -22.286    1607074394415
02    11.924  -10.269  -12.379   93.173   59.762  -10.561    1607074394415
01    12.797   -7.630  -11.948  101.339   38.126  -20.290    1607074394424
02    11.764   -9.789  -12.358   92.924   45.406   -8.302    1607074394424
01    12.677   -7.504  -11.932  108.042   36.874  -18.002    1607074394449
02    11.654   -9.304  -12.408   96.329   36.598   -6.080    1607074394449
