01    14.859    6.202  -12.230  -45.405   31.054  105.267    1615287033165
02    10.704    8.206  -14.671 -154.380   75.786  179.522    1615287033165
01    14.861    6.198  -12.232  -45.424   31.009  105.262    1615287033182
02    10.698    8.206  -14.675 -154.367   75.779  179.527    1615287033182
01    14.855    6.192  -12.245  -45.506   31.035  105.210    1615287033198
02    10.697    8.206  -14.678 -154.331   75.768  179.569    1615287033198
01    14.865    6.189  -12.233  -45.490   30.984  105.275    1615287033211
02    10.691    8.213  -14.682 -154.290   75.755  179.573    1615287033211
01    14.860    6.193  -12.245  -45.469   31.001  105.236    1615287033227
02    10.672    8.202  -14.712 -154.320   75.664  179.552    1615287033227
01    14.857    6.201  -12.244  -45.430   31.000  105.236    1615287033242
02    10.668    8.209  -14.715 -154.309   75.657  179.526    1615287033242
01    14.855    6.201  -12.250  -45.409   30.996  105.218    1615287033258
02    10.672    8.203  -14.715 -154.234   75.652  179.623    1615287033258
01    14.862    6.202  -12.244  -45.385   30.960  105.276    1615287033274
02    10.691    8.199  -14.705 -154.174   75.692  179.697    1615287033274
01    14.875    6.188  -12.241  -45.454   30.888  105.279    1615287033289
02    10.675    8.198  -14.724 -154.050   75.613  179.780    1615287033289
01    14.874    6.194  -12.242  -45.425   30.897  105.299    1615287033315
02    10.676    8.204  -14.727 -153.976   75.630  179.807    1615287033315
01    14.867    6.197  -12.250  -45.414   30.906  105.259    1615287033332
02    10.682    8.193  -14.735 -153.895   75.602  179.905    1615287033332
01    14.865    6.194  -12.259  -45.459   30.915  105.195    1615287033349
02    10.702    8.187  -14.731 -153.698   75.657 -179.861    1615287033349
01    14.867    6.194  -12.262  -45.442   30.900  105.216    1615287033365
02    10.715    8.179  -14.727 -153.625   75.697 -179.745    1615287033365
01    14.882    6.189  -12.252  -45.428   30.839  105.304    1615287033378
02    10.715    8.184  -14.731 -153.616   75.719 -179.745    1615287033378
01    14.878    6.194  -12.258  -45.398   30.830  105.278    1615287033393
02    10.711    8.187  -14.734 -153.552   75.701 -179.684    1615287033393
01    14.872    6.209  -12.259  -45.330   30.864  105.289    1615287033409
02    10.710    8.188  -14.736 -153.652   75.692 -179.767    1615287033409
01    14.870    6.208  -12.266  -45.354   30.887  105.246    1615287033425
02    10.707    8.181  -14.743 -153.618   75.642 -179.715    1615287033425
01    14.876    6.205  -12.264  -45.368   30.842  105.275    1615287033440
02    10.703    8.194  -14.739 -153.649   75.666 -179.824    1615287033440
01    14.878    6.196  -12.264  -45.389   30.822  105.265    1615287033456
02    10.706    8.192  -14.737 -153.593   75.696 -179.755    1615287033456
01    14.882    6.181  -12.267  -45.474   30.782  105.238    1615287033471
02    10.705    8.184  -14.741 -153.500   75.676 -179.636    1615287033471
01    14.884    6.179  -12.267  -45.495   30.749  105.209    1615287033487
02    10.707    8.182  -14.739 -153.478   75.682 -179.589    1615287033487
01    14.883    6.179  -12.266  -45.481   30.774  105.204    1615287033516
02    10.707    8.184  -14.738 -153.541   75.691 -179.655    1615287033516
01    14.883    6.185  -12.264  -45.433   30.782  105.227    1615287033532
02    10.707    8.177  -14.743 -153.363   75.659 -179.461    1615287033532
01    14.879    6.180  -12.274  -45.499   30.793  105.154    1615287033545
02    10.704    8.181  -14.744 -153.519   75.656 -179.618    1615287033545
01    14.876    6.189  -12.274  -45.452   30.790  105.183    1615287033565
02    10.700    8.193  -14.743 -153.695   75.667 -179.851    1615287033565
01    14.875    6.197  -12.272  -45.406   30.797  105.218    1615287033581
02    10.702    8.196  -14.742 -153.747   75.685 -179.899    1615287033581
01    14.878    6.198  -12.269  -45.398   30.783  105.260    1615287033598
02    10.705    8.200  -14.739 -153.741   75.706 -179.893    1615287033598
01    14.871    6.199  -12.277  -45.402   30.809  105.219    1615287033615
02    10.708    8.199  -14.739 -153.686   75.727 -179.816    1615287033615
01    14.876    6.197  -12.275  -45.411   30.759  105.223    1615287033628
02    10.704    8.200  -14.743 -153.689   75.694 -179.820    1615287033628
01    14.870    6.205  -12.276  -45.386   30.786  105.230    1615287033644
02    10.709    8.203  -14.744 -153.601   75.717 -179.748    1615287033644
01    14.870    6.203  -12.278  -45.425   30.779  105.222    1615287033665
02    10.712    8.211  -14.740 -153.773   75.742 -179.915    1615287033665
01    14.866    6.206  -12.280  -45.409   30.761  105.218    1615287033682
02    10.702    8.214  -14.748 -153.930   75.708  179.935    1615287033682
01    14.872    6.205  -12.276  -45.444   30.737  105.256    1615287033698
02    10.707    8.204  -14.753 -153.825   75.692 -179.918    1615287033698
01    14.876    6.222  -12.265  -45.376   30.756  105.366    1615287033712
02    10.714    8.200  -14.752 -153.635   75.729 -179.683    1615287033712
01    14.872    6.221  -12.269  -45.403   30.756  105.337    1615287033728
02    10.717    8.203  -14.749 -153.544   75.750 -179.598    1615287033728
01    14.874    6.218  -12.267  -45.439   30.737  105.362    1615287033743
02    10.715    8.211  -14.746 -153.721   75.760 -179.808    1615287033743
01    14.869    6.215  -12.273  -45.451   30.747  105.341    1615287033759
02    10.708    8.214  -14.749 -153.753   75.746 -179.840    1615287033759
01    14.875    6.209  -12.267  -45.492   30.683  105.374    1615287033775
02    10.703    8.224  -14.747 -153.844   75.763 -179.983    1615287033775
01    14.875    6.203  -12.268  -45.550   30.625  105.371    1615287033790
02    10.709    8.220  -14.744 -153.729   75.788 -179.829    1615287033790
01    14.879    6.200  -12.265  -45.604   30.544  105.394    1615287033815
02    10.704    8.228  -14.745 -153.762   75.800 -179.924    1615287033815
01    14.875    6.192  -12.273  -45.712   30.567  105.318    1615287033831
02    10.707    8.229  -14.740 -153.692   75.830 -179.862    1615287033831
01    14.874    6.191  -12.274  -45.721   30.548  105.354    1615287033848
02    10.708    8.222  -14.742 -153.683   75.804 -179.831    1615287033848
01    14.877    6.202  -12.262  -45.586   30.508  105.550    1615287033865
02    10.712    8.220  -14.740 -153.714   75.798 -179.857    1615287033865
01    14.876    6.204  -12.257  -45.589   30.443  105.554    1615287033879
02    10.710    8.219  -14.744 -153.607   75.785 -179.767    1615287033879
01    14.878    6.211  -12.244  -45.528   30.425  105.654    1615287033894
02    10.705    8.219  -14.748 -153.598   75.755 -179.781    1615287033894
01    14.877    6.210  -12.243  -45.514   30.377  105.651    1615287033910
02    10.709    8.213  -14.747 -153.441   75.759 -179.604    1615287033910
01    14.878    6.199  -12.248  -45.676   30.359  105.558    1615287033926
02    10.713    8.220  -14.739 -153.417   75.826 -179.610    1615287033926
01    14.878    6.202  -12.247  -45.673   30.359  105.590    1615287033941
02    10.712    8.219  -14.741 -153.430   75.800 -179.625    1615287033941
01    14.875    6.209  -12.249  -45.615   30.364  105.591    1615287033965
02    10.719    8.212  -14.739 -153.277   75.807 -179.432    1615287033965
01    14.874    6.208  -12.252  -45.638   30.378  105.553    1615287033982
02    10.720    8.216  -14.740 -153.384   75.819 -179.552    1615287033982
01    14.877    6.197  -12.256  -45.753   30.389  105.497    1615287033998
02    10.715    8.208  -14.752 -153.105   75.736 -179.282    1615287033998
01    14.875    6.210  -12.254  -45.631   30.426  105.576    1615287034015
02    10.715    8.209  -14.751 -153.026   75.740 -179.211    1615287034015
01    14.872    6.218  -12.253  -45.550   30.424  105.625    1615287034032
02    10.722    8.207  -14.748 -152.878   75.770 -179.062    1615287034032
01    14.875    6.225  -12.248  -45.493   30.415  105.671    1615287034048
02    10.712    8.209  -14.755 -152.725   75.681 -178.991    1615287034048
01    14.877    6.226  -12.249  -45.506   30.420  105.663    1615287034065
02    10.719    8.201  -14.757 -152.384   75.697 -178.623    1615287034065
01    14.877    6.211  -12.258  -45.618   30.381  105.557    1615287034082
02    10.723    8.201  -14.756 -152.209   75.728 -178.449    1615287034082
01    14.874    6.211  -12.264  -45.622   30.394  105.508    1615287034098
02    10.723    8.202  -14.757 -152.139   75.712 -178.414    1615287034098
01    14.878    6.215  -12.257  -45.588   30.381  105.562    1615287034115
02    10.734    8.196  -14.752 -152.068   75.784 -178.277    1615287034115
01    14.875    6.219  -12.258  -45.581   30.398  105.530    1615287034132
02    10.735    8.205  -14.747 -152.003   75.839 -178.301    1615287034132
01    14.878    6.217  -12.257  -45.575   30.419  105.556    1615287034148
02    10.736    8.207  -14.742 -151.929   75.868 -178.234    1615287034148
01    14.878    6.224  -12.254  -45.535   30.450  105.590    1615287034165
02    10.735    8.208  -14.742 -151.904   75.844 -178.237    1615287034165
01    14.881    6.230  -12.248  -45.500   30.454  105.617    1615287034182
02    10.733    8.210  -14.740 -151.971   75.838 -178.319    1615287034182
01    14.885    6.222  -12.247  -45.545   30.435  105.609    1615287034198
02    10.730    8.216  -14.736 -151.952   75.841 -178.321    1615287034198
01    14.877    6.224  -12.256  -45.539   30.470  105.554    1615287034215
02    10.730    8.216  -14.738 -151.976   75.821 -178.359    1615287034215
01    14.883    6.212  -12.260  -45.601   30.451  105.515    1615287034232
02    10.733    8.206  -14.741 -151.802   75.802 -178.158    1615287034232
01    14.882    6.206  -12.264  -45.636   30.442  105.461    1615287034249
02    10.743    8.205  -14.733 -151.701   75.860 -178.035    1615287034249
01    14.883    6.192  -12.268  -45.700   30.425  105.391    1615287034265
02    10.742    8.210  -14.732 -151.718   75.865 -178.068    1615287034265
01    14.875    6.203  -12.275  -45.677   30.464  105.353    1615287034282
02    10.733    8.215  -14.737 -151.773   75.807 -178.179    1615287034282
01    14.877    6.209  -12.266  -45.648   30.486  105.405    1615287034299
02    10.738    8.212  -14.734 -151.736   75.814 -178.123    1615287034299
01    14.876    6.219  -12.262  -45.575   30.506  105.465    1615287034315
02    10.734    8.209  -14.736 -151.679   75.796 -178.069    1615287034315
01    14.889    6.206  -12.255  -45.639   30.461  105.491    1615287034332
02    10.733    8.201  -14.742 -151.532   75.793 -177.907    1615287034332
01    14.887    6.214  -12.248  -45.568   30.459  105.537    1615287034349
02    10.729    8.208  -14.743 -151.562   75.784 -177.977    1615287034349
01    14.883    6.224  -12.247  -45.517   30.491  105.564    1615287034365
02    10.738    8.202  -14.742 -151.555   75.794 -177.917    1615287034365
01    14.888    6.211  -12.246  -45.574   30.436  105.537    1615287034382
02    10.747    8.199  -14.737 -151.483   75.856 -177.795    1615287034382
01    14.886    6.217  -12.247  -45.547   30.457  105.553    1615287034399
02    10.740    8.198  -14.745 -151.472   75.801 -177.783    1615287034399
01    14.889    6.222  -12.242  -45.531   30.437  105.605    1615287034416
02    10.733    8.211  -14.745 -151.590   75.819 -177.953    1615287034416
01    14.884    6.228  -12.248  -45.526   30.456  105.566    1615287034432
02    10.736    8.204  -14.747 -151.466   75.799 -177.782    1615287034432
01    14.880    6.237  -12.246  -45.477   30.466  105.622    1615287034449
02    10.741    8.211  -14.741 -151.536   75.861 -177.854    1615287034449
01    14.876    6.253  -12.243  -45.430   30.470  105.668    1615287034466
02    10.737    8.206  -14.745 -151.493   75.815 -177.802    1615287034466
01    14.871    6.252  -12.251  -45.462   30.477  105.626    1615287034482
02    10.741    8.205  -14.742 -151.547   75.838 -177.824    1615287034482
01    14.871    6.242  -12.254  -45.538   30.469  105.577    1615287034499
02    10.743    8.208  -14.742 -151.466   75.851 -177.737    1615287034499
01    14.878    6.227  -12.251  -45.639   30.416  105.559    1615287034515
02    10.739    8.207  -14.747 -151.408   75.831 -177.668    1615287034515
01    14.883    6.232  -12.240  -45.639   30.380  105.641    1615287034531
02    10.744    8.211  -14.742 -151.356   75.849 -177.595    1615287034531
01    14.889    6.213  -12.235  -45.871   30.147  105.664    1615287034545
02    10.743    8.224  -14.740 -151.397   75.880 -177.683    1615287034545
01    14.885    6.215  -12.232  -45.974   30.125  105.775    1615287034565
02    10.740    8.232  -14.738 -151.467   75.888 -177.781    1615287034565
01    14.877    6.211  -12.230  -46.184   29.921  105.790    1615287034583
02    10.756    8.230  -14.732 -151.468   75.939 -177.738    1615287034583
01    14.876    6.190  -12.219  -46.786   29.370  106.048    1615287034598
02    10.748    8.241  -14.730 -151.721   75.904 -178.021    1615287034598
01    14.860    6.141  -12.196  -47.403   28.658  106.538    1615287034615
02    10.735    8.245  -14.737 -152.039   75.774 -178.360    1615287034615
01    14.838    6.052  -12.131  -48.468   27.598  107.295    1615287034628
02    10.716    8.264  -14.737 -153.125   75.445 -179.595    1615287034628
01    14.735    5.982  -12.097  -50.016   26.686  107.750    1615287034644
02    10.678    8.296  -14.735 -154.391   74.947  178.923    1615287034644
01    14.629    5.865  -12.044  -51.990   25.403  108.272    1615287034660
02    10.635    8.321  -14.743 -155.538   74.467  177.864    1615287034660
01    14.468    5.823  -12.044  -54.083   24.572  108.131    1615287034675
02    10.572    8.354  -14.748 -156.575   73.889  176.736    1615287034675
01    14.259    5.770  -12.101  -57.011   24.496  107.285    1615287034698
02    10.587    8.309  -14.739 -154.331   73.531  179.109    1615287034698
01    14.022    5.748  -12.164  -60.592   25.186  106.199    1615287034715
02    10.700    8.062  -14.679 -142.632   72.272 -169.101    1615287034715
01    13.611    5.795  -12.335  -65.740   27.193  103.606    1615287034731
02    11.157    7.356  -14.229 -111.904   63.092 -140.011    1615287034731
01    13.129    5.951  -12.477  -73.489   30.416   98.856    1615287034744
02    11.603    7.174  -13.066  -89.779   44.642 -128.776    1615287034744
01    12.819    5.980  -12.582  -78.867   31.033   94.355    1615287034760
02    11.474    7.077  -12.633  -79.223   23.884 -131.433    1615287034760
01    12.835    6.039  -12.525  -80.132   31.144   93.694    1615287034776
02    11.457    6.464  -12.672  -78.672   10.747 -138.370    1615287034776
01    12.847    6.027  -12.499  -79.393   30.128   93.396    1615287034791
02    11.406    6.165  -12.705  -77.187    5.546 -142.260    1615287034791
01    12.895    6.040  -12.446  -77.641   28.733   93.720    1615287034807
02    11.442    5.956  -12.701  -76.029    2.730 -143.530    1615287034807
01    12.960    6.010  -12.413  -76.311   27.524   93.889    1615287034823
02    11.490    5.813  -12.715  -75.183    1.380 -143.604    1615287034823
01    13.031    5.982  -12.397  -75.508   26.801   94.376    1615287034838
02    11.528    5.727  -12.775  -74.776    1.045 -142.548    1615287034838
01    13.080    5.939  -12.434  -75.281   26.607   94.855    1615287034865
02    11.554    5.678  -12.891  -74.891    1.761 -140.122    1615287034866
01    13.130    5.921  -12.488  -75.256   26.855   95.511    1615287034882
02    11.501    5.623  -13.191  -76.021    3.777 -135.760    1615287034882
01    13.188    5.964  -12.539  -75.265   27.792   96.138    1615287034895
02    11.651    5.626  -13.428  -77.104    7.726 -125.290    1615287034895
01    13.234    6.076  -12.592  -74.788   29.100   95.812    1615287034910
02    11.988    5.679  -13.535  -76.394   11.865 -117.416    1615287034910
01    13.269    6.145  -12.724  -74.433   30.339   94.133    1615287034926
02    12.109    5.969  -13.718  -73.308   18.257 -114.407    1615287034926
01    13.442    6.211  -12.853  -71.403   31.161   95.932    1615287034941
02    11.898    6.341  -14.078  -74.679   26.938 -116.356    1615287034941
01    13.905    6.411  -12.852  -64.270   30.966  102.032    1615287034957
02    11.411    6.906  -14.559  -81.568   39.197 -122.175    1615287034957
01    14.393    6.771  -12.842  -51.351   29.536  111.826    1615287034973
02    10.650    7.794  -15.057  -94.302   52.211 -133.146    1615287034973
01    14.746    7.091  -12.818  -40.492   27.749  119.348    1615287034988
02    10.129    8.755  -15.119 -120.144   65.285 -155.717    1615287034988
01    14.941    7.278  -12.904  -34.281   26.041  123.438    1615287035004
02     9.890    9.395  -14.943 -157.715   68.688  170.357    1615287035004
01    15.091    7.434  -12.916  -30.952   24.604  126.181    1615287035031
02     9.744    9.817  -14.815  178.953   64.549  149.956    1615287035031
01    15.222    7.567  -12.896  -29.193   23.232  128.217    1615287035048
02     9.792   10.106  -14.775  166.265   62.139  140.384    1615287035048
01    15.297    7.650  -12.960  -28.190   21.908  129.475    1615287035065
02     9.906   10.349  -14.794  158.221   61.196  134.900    1615287035065
01    15.370    7.760  -12.961  -27.392   20.754  130.546    1615287035081
02    10.085   10.466  -14.849  153.279   61.065  131.544    1615287035081
01    15.461    7.806  -12.960  -27.921   19.883  131.101    1615287035098
02    10.186   10.671  -14.921  148.628   60.649  127.533    1615287035098
01    15.473    7.819  -13.020  -28.986   19.300  130.751    1615287035115
02    10.303   10.837  -15.016  144.891   60.521  124.924    1615287035115
01    15.508    7.767  -13.042  -31.027   18.644  130.102    1615287035131
02    10.433   10.957  -15.094  142.383   60.460  123.515    1615287035131
01    15.443    7.664  -13.104  -34.154   18.673  128.450    1615287035148
02    10.548   11.052  -15.222  140.405   60.960  122.485    1615287035148
01    15.096    7.522  -13.346  -39.824   20.832  124.670    1615287035165
02    10.839   11.056  -15.361  137.192   63.595  120.536    1615287035165
01    14.486    7.496  -13.625  -48.993   26.016  118.737    1615287035182
02    11.230   11.074  -15.480  132.471   68.951  118.445    1615287035182
01    13.801    7.656  -13.783  -63.130   33.918  108.738    1615287035198
02    11.416   10.594  -15.786  154.983   77.840  144.038    1615287035198
01    13.584    7.836  -13.681  -78.172   39.683   97.951    1615287035215
02    11.811    9.825  -15.474 -126.347   74.234 -140.486    1615287035215
01    13.239    7.843  -13.789  -85.145   37.947   88.957    1615287035232
02    12.222    8.256  -15.677  -94.716   46.600 -110.925    1615287035232
01    13.174    7.750  -13.813  -85.668   35.301   87.590    1615287035248
02    12.339    8.316  -15.381  -82.215   37.829 -103.712    1615287035248
01    13.238    7.660  -13.695  -84.429   32.966   88.251    1615287035265
02    12.483    8.204  -15.170  -77.232   32.017 -100.701    1615287035265
01    13.315    7.526  -13.596  -83.150   30.479   88.701    1615287035282
02    12.632    7.996  -15.016  -74.103   27.136  -99.489    1615287035282
01    13.338    7.347  -13.593  -82.303   28.373   88.334    1615287035298
02    12.764    7.817  -14.887  -71.995   23.827  -98.762    1615287035298
01    13.378    7.203  -13.600  -82.131   27.527   87.881    1615287035315
02    12.896    7.629  -14.812  -71.052   21.893  -98.140    1615287035315
01    13.456    7.101  -13.627  -82.031   27.837   88.028    1615287035332
02    13.370    7.034  -14.645  -70.593   18.913  -99.270    1615287035332
01    13.646    6.964  -13.650  -79.516   27.726   89.628    1615287035348
02    13.375    7.314  -14.377  -65.327   20.091 -110.436    1615287035348
01    13.898    6.881  -13.635  -74.983   27.873   93.496    1615287035365
02    12.758    7.308  -15.054  -65.898   22.017 -113.847    1615287035365
01    14.179    6.887  -13.491  -68.684   26.840   98.953    1615287035382
02    12.683    7.212  -15.370  -70.867   27.757 -112.055    1615287035382
01    14.527    6.844  -13.321  -63.718   24.617  103.169    1615287035399
02    12.274    7.530  -15.860  -77.476   40.383 -115.313    1615287035399
01    14.922    6.816  -13.110  -56.752   20.620  108.535    1615287035415
02    11.756    8.273  -16.142  -85.403   56.025 -121.864    1615287035415
01    15.110    6.877  -13.103  -50.675   17.846  111.902    1615287035432
02    11.389    8.903  -16.176  -99.003   68.037 -132.923    1615287035432
01    15.234    6.942  -13.137  -46.799   16.983  114.224    1615287035449
02    11.051    9.377  -16.128 -125.627   73.935 -158.007    1615287035449
01    15.277    7.000  -13.215  -44.821   17.144  115.798    1615287035465
02    10.865    9.740  -16.029 -162.676   74.966  166.839    1615287035465
01    15.297    7.063  -13.255  -43.953   17.746  117.302    1615287035482
02    10.962   10.031  -15.923  170.865   75.534  143.260    1615287035482
01    15.223    7.119  -13.348  -44.497   18.946  118.167    1615287035499
02    11.268   10.093  -15.928  157.860   78.627  132.855    1615287035499
01    15.104    7.144  -13.468  -46.614   20.960  118.525    1615287035515
02    11.584    9.846  -16.019 -168.240   84.028  168.929    1615287035515
01    14.866    7.215  -13.637  -50.040   23.725  117.838    1615287035532
02    11.939    9.429  -15.943  -94.149   75.975 -116.432    1615287035532
01    14.464    7.373  -13.862  -56.146   28.627  115.238    1615287035549
02    12.222    9.194  -15.620  -80.892   60.022 -104.988    1615287035549
01    14.087    7.567  -13.991  -64.459   34.105  111.515    1615287035566
02    12.192    9.251  -15.308  -77.394   45.424 -106.092    1615287035566
01    13.809    7.708  -14.052  -72.238   36.949  108.867    1615287035582
02    12.285    9.003  -15.161  -81.521   36.535 -108.956    1615287035582
01    13.694    7.775  -14.044  -77.718   37.938  107.299    1615287035599
02    12.334    8.833  -15.075  -83.984   30.882 -110.463    1615287035599
01    13.682    7.745  -14.035  -80.310   37.190  106.346    1615287035615
02    12.399    8.617  -15.021  -85.567   26.104 -111.421    1615287035615
01    13.706    7.684  -14.039  -80.662   35.867  105.988    1615287035631
02    12.455    8.409  -14.983  -85.742   22.606 -111.870    1615287035631
01    13.730    7.632  -14.038  -80.206   34.708  105.790    1615287035648
02    12.494    8.189  -14.986  -85.286   20.095 -112.235    1615287035648
01    13.752    7.577  -14.071  -79.354   33.919  105.550    1615287035665
02    12.585    7.994  -14.979  -84.296   18.790 -111.785    1615287035665
01    13.834    7.540  -14.065  -77.776   33.439  105.942    1615287035681
02    12.704    7.798  -15.024  -82.904   18.068 -111.033    1615287035681
01    13.937    7.528  -14.106  -75.595   33.339  106.312    1615287035698
02    12.851    7.612  -15.147  -81.059   18.175 -109.479    1615287035698
01    14.050    7.522  -14.160  -73.007   33.520  106.801    1615287035715
02    12.951    7.643  -15.308  -78.914   20.395 -107.267    1615287035715
01    14.303    7.538  -14.098  -68.315   32.702  110.169    1615287035731
02    12.843    7.867  -15.655  -78.932   26.515 -106.459    1615287035731
01    14.705    7.607  -13.938  -61.577   30.262  115.090    1615287035748
02    12.443    8.452  -16.105  -82.529   38.528 -109.575    1615287035748
01    15.128    7.728  -13.818  -51.816   25.844  121.151    1615287035765
02    11.960    9.265  -16.393  -89.913   54.096 -116.287    1615287035765
01    15.471    7.811  -13.759  -44.455   22.383  125.056    1615287035781
02    11.598   10.103  -16.402 -118.703   75.057 -143.599    1615287035781
01    15.595    7.889  -13.777  -40.766   20.741  126.800    1615287035798
02    11.268   10.721  -16.320  175.758   76.358  152.272    1615287035798
01    15.571    7.907  -13.863  -39.735   20.141  127.037    1615287035815
02    11.082   11.181  -16.213  150.512   69.988  128.590    1615287035815
01    15.611    7.879  -13.840  -39.837   19.289  127.655    1615287035832
02    11.180   11.427  -16.150  138.037   67.490  119.199    1615287035832
01    15.600    7.921  -13.833  -39.959   18.684  128.139    1615287035848
02    11.292   11.575  -16.151  131.484   66.651  114.318    1615287035848
01    15.581    7.974  -13.855  -39.993   18.435  128.473    1615287035865
02    11.382   11.680  -16.172  126.723   66.017  110.072    1615287035865
01    15.569    8.038  -13.900  -39.925   18.291  128.640    1615287035882
02    11.432   11.799  -16.168  123.775   65.553  107.003    1615287035882
01    15.537    8.084  -13.936  -40.406   18.920  128.412    1615287035898
02    11.498   11.927  -16.186  120.227   65.336  103.616    1615287035898
01    15.496    8.089  -13.959  -41.742   19.594  127.764    1615287035915
02    11.653   12.020  -16.158  115.577   65.747   99.729    1615287035915
01    15.369    8.097  -14.038  -44.126   21.151  125.901    1615287035932
02    11.817   11.948  -16.248  111.616   67.543   96.686    1615287035932
01    15.132    8.089  -14.171  -48.164   24.182  122.426    1615287035948
02    12.024   11.686  -16.445  108.787   72.944   94.860    1615287035948
01    14.647    8.169  -14.378  -54.103   28.793  117.234    1615287035965
02    12.305   10.825  -16.655  133.894   86.051  120.386    1615287035965
01    14.040    8.227  -14.722  -65.836   35.856  107.742    1615287035982
02    12.568   10.258  -16.143  -90.196   73.573 -107.630    1615287035982
01    13.642    8.447  -14.734  -74.288   40.772  103.533    1615287035999
02    12.424    9.981  -15.875  -82.766   49.681 -110.897    1615287035999
01    13.678    8.365  -14.684  -78.668   41.584  103.291    1615287036015
02    12.579    9.451  -15.589  -83.937   36.821 -115.804    1615287036015
01    13.740    8.327  -14.577  -78.354   40.810  104.056    1615287036032
02    12.560    9.088  -15.452  -83.342   31.008 -120.535    1615287036032
01    13.730    8.270  -14.531  -77.282   39.395  104.279    1615287036049
02    12.527    8.800  -15.370  -82.003   27.333 -123.071    1615287036049
01    13.746    8.115  -14.479  -76.768   37.546  104.433    1615287036065
02    12.471    8.599  -15.319  -80.902   24.963 -124.065    1615287036065
01    13.761    7.999  -14.389  -76.755   36.253  104.674    1615287036082
02    12.445    8.447  -15.269  -80.855   23.468 -124.110    1615287036082
01    13.732    7.941  -14.324  -77.130   35.447  104.547    1615287036099
02    12.486    8.304  -15.201  -81.266   22.403 -123.442    1615287036099
01    13.725    7.849  -14.311  -77.682   34.911  104.199    1615287036115
02    12.500    8.173  -15.194  -81.470   21.521 -122.947    1615287036115
01    13.753    7.797  -14.288  -77.597   34.660  104.343    1615287036132
02    12.535    8.076  -15.224  -81.312   21.292 -121.821    1615287036132
01    13.814    7.705  -14.309  -77.175   34.356  104.648    1615287036149
02    12.626    7.965  -15.293  -80.547   21.104 -119.480    1615287036149
01    13.897    7.666  -14.323  -75.937   34.573  105.197    1615287036165
02    12.797    7.881  -15.356  -79.214   21.493 -115.894    1615287036165
01    14.016    7.702  -14.271  -73.900   34.779  105.809    1615287036177
02    12.918    7.863  -15.484  -77.905   23.055 -112.335    1615287036177
01    14.210    7.635  -14.245  -70.945   33.675  108.040    1615287036192
02    12.756    8.113  -15.763  -77.578   28.208 -110.601    1615287036192
01    14.655    7.620  -14.018  -64.008   30.736  113.923    1615287036215
02    12.384    8.548  -16.149  -81.293   37.955 -112.738    1615287036215
01    15.034    7.625  -13.880  -55.456   25.871  119.589    1615287036232
02    11.882    9.163  -16.479  -89.279   50.884 -119.586    1615287036232
01    15.261    7.674  -13.861  -48.980   22.578  122.445    1615287036249
02    11.384    9.987  -16.572 -111.753   68.384 -140.371    1615287036249
01    15.393    7.726  -13.824  -45.077   21.172  124.238    1615287036262
02    11.022   10.587  -16.458 -162.286   74.500  171.057    1615287036262
01    15.472    7.719  -13.795  -43.593   19.890  125.168    1615287036277
02    10.783   10.989  -16.275  167.421   69.539  142.733    1615287036277
01    15.472    7.765  -13.798  -42.781   19.138  125.719    1615287036293
02    10.707   11.288  -16.108  155.161   65.746  132.508    1615287036293
01    15.458    7.827  -13.813  -42.287   19.067  126.065    1615287036309
02    10.794   11.430  -16.057  148.633   64.948  127.789    1615287036309
01    15.465    7.828  -13.831  -42.479   18.981  126.085    1615287036324
02    10.918   11.477  -16.080  144.605   65.646  125.108    1615287036324
01    15.450    7.833  -13.854  -43.496   19.412  125.629    1615287036340
02    11.170   11.452  -16.123  139.501   67.646  120.761    1615287036340
01    15.292    7.822  -13.967  -45.805   21.112  123.631    1615287036356
02    11.557   11.244  -16.256  134.237   73.315  116.065    1615287036356
01    14.983    7.870  -14.139  -50.568   24.786  119.633    1615287036371
02    11.972   10.653  -16.443  169.724   84.363  152.517    1615287036371
01    14.566    7.958  -14.317  -58.620   30.875  112.764    1615287036399
02    12.334   10.003  -16.113  -92.340   71.438 -112.091    1615287036399
01    14.351    8.083  -14.160  -69.741   36.121  108.585    1615287036415
02    12.420    9.807  -15.682  -79.339   50.065 -103.892    1615287036415
01    13.856    8.114  -14.352  -81.440   39.431  101.161    1615287036428
02    12.536    9.316  -15.536  -81.198   37.638 -107.111    1615287036428
01    13.730    8.110  -14.343  -84.545   39.292  100.185    1615287036444
02    12.595    8.995  -15.421  -80.925   30.353 -108.893    1615287036444
01    13.717    8.032  -14.338  -83.467   37.612  100.912    1615287036460
02    12.692    8.684  -15.326  -79.510   25.227 -110.106    1615287036460
01    13.775    7.925  -14.303  -81.458   35.568  101.970    1615287036475
02    12.805    8.421  -15.245  -77.981   21.668 -111.185    1615287036475
01    13.841    7.857  -14.252  -79.398   33.986  102.794    1615287036491
02    12.887    8.235  -15.165  -76.098   19.369 -112.298    1615287036491
01    13.943    7.772  -14.214  -77.249   32.540  103.260    1615287036506
02    13.011    8.014  -15.110  -74.622   17.725 -113.820    1615287036506
01    14.046    7.674  -14.201  -75.196   31.353  103.443    1615287036522
02    13.102    7.828  -15.095  -73.088   16.774 -115.459    1615287036522
01    14.142    7.606  -14.202  -73.044   30.619  103.668    1615287036538
02    13.211    7.682  -15.113  -71.519   16.364 -116.536    1615287036538
01    14.215    7.560  -14.231  -70.880   30.450  104.114    1615287036565
02    13.230    7.643  -15.203  -70.035   16.673 -116.793    1615287036565
01    14.328    7.554  -14.217  -68.558   30.321  105.492    1615287036582
02    12.867    7.842  -15.651  -68.860   19.341 -115.422    1615287036582
01    14.526    7.547  -14.145  -64.957   29.215  108.717    1615287036599
02    12.748    8.025  -15.979  -70.979   25.699 -112.510    1615287036599
01    14.882    7.578  -13.960  -59.376   26.558  113.411    1615287036615
02    12.329    8.590  -16.399  -75.735   37.849 -113.208    1615287036615
01    15.260    7.577  -13.821  -52.893   22.517  117.645    1615287036628
02    11.825    9.256  -16.711  -84.348   52.527 -119.043    1615287036628
01    15.414    7.644  -13.814  -47.772   20.007  119.891    1615287036644
02    11.458    9.991  -16.708 -108.224   70.880 -139.416    1615287036644
01    15.517    7.673  -13.809  -45.026   18.726  121.330    1615287036659
02    11.106   10.588  -16.571 -166.662   75.943  164.876    1615287036659
01    15.548    7.721  -13.799  -43.685   18.255  122.448    1615287036675
02    10.975   11.005  -16.394  161.101   70.531  135.334    1615287036675
01    15.535    7.713  -13.811  -43.461   18.084  123.052    1615287036690
02    11.033   11.264  -16.290  147.495   67.929  125.347    1615287036690
01    15.523    7.731  -13.778  -43.885   18.004  123.714    1615287036706
02    11.117   11.415  -16.242  140.941   66.820  121.317    1615287036706
01    15.474    7.729  -13.819  -44.601   18.418  123.557    1615287036732
02    11.221   11.549  -16.193  135.358   66.492  116.890    1615287036732
01    15.443    7.768  -13.821  -45.311   18.947  123.449    1615287036748
02    11.377   11.621  -16.165  130.329   66.824  113.272    1615287036748
01    15.400    7.784  -13.834  -46.295   19.575  122.912    1615287036761
02    11.564   11.620  -16.176  125.901   68.026  109.766    1615287036761
01    15.320    7.768  -13.887  -48.122   20.520  121.571    1615287036777
02    11.785   11.413  -16.307  123.590   72.254  108.250    1615287036777
01    15.100    7.805  -13.984  -51.338   23.098  118.905    1615287036793
02    12.067   10.809  -16.514  145.813   82.668  131.246    1615287036793
01    14.704    7.855  -14.156  -57.265   27.335  114.093    1615287036808
02    12.373   10.161  -16.284  -98.624   76.162 -115.450    1615287036808
01    13.625    8.083  -14.534  -72.805   35.009  101.089    1615287036824
02    12.481    9.851  -15.889  -80.502   55.422 -103.483    1615287036824
01    13.585    8.011  -14.446  -83.598   37.591   96.658    1615287036840
02    12.627    9.283  -15.588  -80.527   39.967 -106.213    1615287036840
01    13.618    8.000  -14.307  -86.413   37.759   96.664    1615287036855
02    12.660    8.939  -15.382  -80.060   31.993 -108.184    1615287036855
01    13.686    7.879  -14.209  -85.689   35.824   97.635    1615287036871
02    12.758    8.529  -15.237  -79.521   26.576 -109.251    1615287036871
01    13.727    7.740  -14.151  -83.821   33.364   98.215    1615287036886
02    12.771    8.218  -15.179  -78.341   22.850 -110.681    1615287036886
01    13.779    7.634  -14.084  -81.449   31.288   98.479    1615287036915
02    12.843    7.923  -15.098  -76.747   20.175 -111.798    1615287036915
01    13.879    7.487  -14.020  -79.148   29.342   98.623    1615287036932
02    12.907    7.688  -15.036  -75.102   18.477 -113.042    1615287036932
01    13.946    7.373  -14.007  -76.726   27.929   98.513    1615287036945
02    13.033    7.464  -14.988  -73.490   17.141 -113.951    1615287036945
01    14.021    7.324  -14.001  -74.272   27.387   98.740    1615287036961
02    13.080    7.474  -14.974  -71.411   16.908 -114.075    1615287036961
01    14.071    7.281  -14.045  -72.752   27.502   98.716    1615287036976
02    13.073    7.490  -15.064  -70.499   17.409 -114.074    1615287036976
01    14.187    7.281  -14.030  -70.679   27.401  100.414    1615287036992
02    12.937    7.604  -15.354  -71.198   20.324 -111.795    1615287036992
01    14.424    7.249  -13.936  -67.166   26.065  103.992    1615287037008
02    12.597    7.930  -15.821  -74.821   29.003 -111.366    1615287037008
01    14.716    7.272  -13.817  -62.868   24.096  107.615    1615287037023
02    12.048    8.500  -16.316  -82.808   42.430 -116.245    1615287037023
01    14.924    7.363  -13.748  -57.552   21.810  111.111    1615287037039
02    11.488    9.260  -16.620  -95.021   56.946 -126.326    1615287037039
01    15.038    7.408  -13.729  -54.014   20.540  113.098    1615287037066
02    11.269    9.950  -16.551 -121.620   71.968 -150.077    1615287037066
01    15.080    7.424  -13.725  -52.876   19.967  113.899    1615287037082
02    11.214   10.363  -16.467 -162.676   75.997  172.056    1615287037082
01    15.033    7.426  -13.734  -53.452   20.226  113.932    1615287037099
02    11.275   10.579  -16.420  175.445   75.917  153.123    1615287037099
01    14.910    7.408  -13.817  -55.064   21.025  113.056    1615287037115
02    11.501   10.471  -16.431  176.513   77.843  156.038    1615287037115
01    14.746    7.427  -13.931  -57.539   22.880  111.623    1615287037128
02    11.821   10.027  -16.442 -139.633   79.392 -159.974    1615287037128
01    14.513    7.520  -14.047  -60.862   25.683  109.597    1615287037143
02    12.172    9.583  -16.149  -97.790   69.113 -119.710    1615287037143
01    14.191    7.655  -14.186  -66.280   29.768  105.690    1615287037165
02    12.466    9.288  -15.630  -83.722   52.469 -110.269    1615287037165
01    13.834    7.729  -14.337  -73.285   32.585  101.921    1615287037182
02    12.681    9.005  -15.262  -79.556   38.988 -108.454    1615287037182
01    13.691    7.828  -14.295  -78.381   34.594  100.181    1615287037199
02    12.612    8.827  -15.204  -78.906   31.821 -112.791    1615287037199
01    13.669    7.889  -14.220  -80.491   35.072  100.082    1615287037215
02    12.613    8.703  -15.132  -78.190   27.891 -114.362    1615287037215
01    13.685    7.890  -14.145  -81.326   34.616  100.343    1615287037232
02    12.616    8.608  -15.071  -77.708   25.443 -115.000    1615287037232
01    13.670    7.850  -14.132  -81.787   33.782  100.223    1615287037249
02    12.640    8.465  -15.033  -77.674   23.415 -115.318    1615287037249
01    13.701    7.809  -14.108  -81.729   33.137  100.343    1615287037265
02    12.667    8.364  -15.004  -77.319   21.932 -115.499    1615287037265
01    13.748    7.767  -14.097  -81.330   32.771  100.310    1615287037282
02    12.739    8.225  -14.976  -76.966   20.877 -115.869    1615287037282
01    13.829    7.730  -14.102  -80.443   32.688  100.106    1615287037299
02    12.857    8.064  -14.974  -76.300   20.120 -116.513    1615287037299
01    13.912    7.697  -14.160  -78.699   32.694   99.702    1615287037315
02    12.933    7.992  -15.022  -74.564   19.797 -117.072    1615287037315
01    14.004    7.700  -14.225  -76.295   33.035   99.746    1615287037332
02    12.761    8.010  -15.330  -73.053   20.501 -117.670    1615287037332
01    14.188    7.739  -14.207  -72.388   33.118  102.512    1615287037349
02    12.702    8.166  -15.557  -73.368   24.554 -114.440    1615287037349
01    14.583    7.793  -14.083  -65.511   31.489  107.928    1615287037366
02    12.384    8.544  -15.937  -76.632   33.431 -114.661    1615287037366
01    15.022    7.891  -13.923  -55.468   27.477  115.093    1615287037382
02    11.887    9.125  -16.293  -83.341   45.818 -119.173    1615287037382
01    15.296    8.050  -13.869  -47.078   24.124  119.840    1615287037398
02    11.204   10.065  -16.515 -105.566   65.291 -138.645    1615287037398
01    15.470    8.200  -13.861  -41.411   22.360  122.964    1615287037415
02    10.841   10.769  -16.379 -156.410   74.000  172.830    1615287037415
01    15.552    8.332  -13.842  -37.668   21.258  125.327    1615287037431
02    10.625   11.223  -16.196  168.566   69.515  140.013    1615287037431
01    15.588    8.402  -13.876  -35.902   20.908  126.860    1615287037448
02    10.556   11.577  -16.029  154.590   64.912  128.353    1615287037448
01    15.584    8.490  -13.939  -34.461   20.732  128.163    1615287037465
02    10.662   11.750  -15.948  146.510   63.348  122.892    1615287037465
01    15.662    8.627  -13.884  -32.781   20.316  130.127    1615287037481
02    10.709   11.851  -15.955  142.788   62.497  120.475    1615287037481
01    15.737    8.726  -13.910  -31.549   20.062  131.612    1615287037498
02    10.720   12.008  -15.953  139.894   60.956  117.674    1615287037498
01    15.763    8.845  -13.962  -30.404   20.129  132.991    1615287037515
02    10.769   12.152  -15.908  137.223   59.813  115.156    1615287037515
01    15.806    8.953  -14.023  -29.672   20.308  134.133    1615287037531
02    10.795   12.353  -15.873  134.960   58.678  112.838    1615287037531
01    15.908    9.087  -14.018  -29.052   20.231  135.673    1615287037548
02    10.854   12.550  -15.809  132.771   57.701  110.683    1615287037548
01    15.936    9.220  -14.061  -28.596   20.134  136.675    1615287037565
02    10.884   12.786  -15.776  131.236   56.624  109.103    1615287037565
01    15.987    9.351  -14.122  -28.087   20.208  137.950    1615287037581
02    10.902   12.928  -15.837  130.214   55.883  108.358    1615287037581
01    16.018    9.480  -14.187  -27.785   20.198  138.762    1615287037598
02    10.977   13.063  -15.873  128.759   55.324  107.152    1615287037598
01    15.984    9.638  -14.271  -27.449   20.502  139.474    1615287037615
02    11.030   13.214  -15.901  127.104   54.738  105.773    1615287037615
01    15.956    9.790  -14.320  -27.208   20.527  140.017    1615287037632
02    11.033   13.412  -15.947  126.072   54.311  104.692    1615287037632
01    15.980    9.855  -14.387  -27.829   20.708  139.879    1615287037648
02    11.141   13.422  -16.079  125.027   54.964  103.992    1615287037648
01    15.828    9.794  -14.616  -29.437   22.265  137.758    1615287037665
02    11.483   13.271  -16.306  120.770   58.532  100.152    1615287037665
01    15.419    9.616  -14.980  -34.473   26.526  132.272    1615287037682
02    11.962   12.913  -16.664  113.688   68.048   93.413    1615287037682
01    14.846    9.608  -15.225  -45.389   34.684  122.478    1615287037698
02    12.432   11.728  -17.125  157.454   87.364  140.360    1615287037698
01    14.136    9.697  -15.339  -65.860   44.943  103.399    1615287037715
02    12.692   11.221  -16.466  -81.138   63.249 -103.510    1615287037715
01    13.371    9.476  -15.670  -88.216   44.953   88.563    1615287037732
02    12.711   10.898  -16.192  -80.177   44.717 -100.642    1615287037732
01    13.449    9.502  -15.365  -92.451   46.287   88.240    1615287037748
02    12.700   10.546  -16.151  -81.666   37.277 -103.390    1615287037748
01    13.513    9.455  -15.232  -91.104   45.150   89.576    1615287037765
02    12.759   10.214  -16.124  -81.085   32.805 -104.549    1615287037765
01    13.567    9.362  -15.167  -88.533   43.569   91.152    1615287037778
02    12.768    9.955  -16.097  -79.103   30.494 -106.070    1615287037778
01    13.620    9.202  -15.137  -86.469   42.052   92.503    1615287037798
02    12.807    9.743  -16.041  -77.792   29.136 -107.567    1615287037798
01    13.682    9.110  -15.078  -84.420   41.207   94.049    1615287037804
02    12.824    9.582  -15.995  -76.936   28.512 -108.920    1615287037804
01    13.770    9.008  -15.036  -82.529   40.504   95.359    1615287037820
02    12.939    9.390  -15.922  -76.013   27.743 -110.088    1615287037820
01    13.830    8.950  -15.024  -79.765   39.822   96.426    1615287037836
02    13.029    9.250  -15.881  -74.752   27.476 -111.713    1615287037836
01    13.897    8.925  -15.022  -76.531   39.486   97.296    1615287037851
02    13.113    9.130  -15.844  -73.079   27.060 -113.469    1615287037851
01    14.036    8.789  -15.055  -73.277   38.635   99.406    1615287037867
02    12.914    9.211  -15.942  -71.577   27.028 -115.290    1615287037867
01    14.288    8.736  -14.949  -68.106   37.301  104.884    1615287037898
02    13.113    9.005  -15.933  -71.552   26.668 -114.307    1615287037898
01    14.617    8.727  -14.745  -62.062   34.746  111.536    1615287037915
02    12.451    9.334  -16.533  -73.408   32.006 -115.731    1615287037915
01    15.114    8.664  -14.408  -54.200   29.276  119.327    1615287037932
02    12.136    9.610  -16.884  -79.236   40.966 -116.939    1615287037932
01    15.432    8.549  -14.270  -48.754   23.864  122.724    1615287037944
02    11.679   10.158  -17.124  -88.500   52.753 -123.470    1615287037944
01    15.579    8.550  -14.212  -44.945   21.167  124.163    1615287037960
02    11.327   10.733  -17.084 -111.008   67.597 -142.621    1615287037960
01    15.591    8.524  -14.227  -43.206   20.034  124.258    1615287037976
02    11.079   11.070  -16.962 -149.462   73.198 -179.238    1615287037976
01    15.518    8.408  -14.308  -44.071   20.234  123.629    1615287037991
02    11.179   10.938  -16.803 -158.475   72.118  173.292    1615287037991
01    15.267    8.406  -14.450  -46.703   22.706  121.565    1615287038007
02    11.485   10.516  -16.653 -133.121   69.350 -162.813    1615287038007
01    14.871    8.439  -14.641  -52.146   27.253  116.840    1615287038022
02    11.896   10.108  -16.467 -102.135   61.364 -133.602    1615287038022
01    14.220    8.470  -14.952  -61.906   33.877  107.704    1615287038038
02    12.250    9.859  -16.209  -79.961   47.660 -112.447    1615287038038
01    14.010    8.519  -14.869  -71.209   37.082  102.357    1615287038065
02    12.594    9.678  -15.788  -75.117   36.498 -107.549    1615287038065
01    13.886    8.495  -14.852  -77.479   38.059   99.441    1615287038082
02    12.699    9.462  -15.700  -75.391   30.392 -109.176    1615287038082
01    13.889    8.491  -14.790  -79.910   38.287   98.800    1615287038098
02    12.790    9.300  -15.626  -75.065   26.998 -110.546    1615287038098
01    13.878    8.490  -14.772  -80.722   37.958   98.748    1615287038115
02    12.846    9.187  -15.586  -74.633   24.920 -111.229    1615287038115
01    13.948    8.430  -14.746  -80.948   37.340   99.329    1615287038132
02    12.959    9.049  -15.546  -74.369   23.319 -111.283    1615287038132
01    14.020    8.386  -14.738  -80.427   36.843   99.889    1615287038144
02    13.103    8.896  -15.531  -74.080   22.169 -111.276    1615287038144
01    14.115    8.389  -14.747  -78.803   36.638  100.513    1615287038160
02    13.321    8.728  -15.513  -73.281   21.442 -111.407    1615287038160
01    14.240    8.373  -14.799  -76.423   36.473  101.013    1615287038175
02    13.467    8.701  -15.528  -71.776   21.105 -112.286    1615287038175
01    14.376    8.394  -14.870  -73.012   36.573  102.249    1615287038191
02    13.330    8.665  -15.895  -70.225   21.288 -113.819    1615287038191
01    14.747    8.408  -14.798  -67.770   36.007  106.668    1615287038206
02    13.339    8.852  -16.098  -69.692   24.077 -110.893    1615287038206
01    15.454    8.548  -14.456  -57.597   32.686  115.425    1615287038222
02    12.952    9.167  -16.659  -71.850   31.725 -111.251    1615287038222
01    15.990    8.780  -14.202  -44.644   26.009  124.291    1615287038238
02    12.425    9.884  -16.972  -76.672   45.448 -114.656    1615287038238
01    16.234    8.991  -14.181  -35.008   20.992  128.944    1615287038265
02    11.897   10.630  -17.064  -94.862   64.982 -130.271    1615287038265
01    16.390    9.109  -14.207  -29.299   18.072  131.340    1615287038282
02    11.405   11.298  -17.016 -144.329   74.589 -177.483    1615287038282
01    16.369    9.187  -14.313  -26.680   17.341  132.622    1615287038295
02    11.166   11.757  -16.851  173.843   71.613  142.644    1615287038295
01    16.422    9.244  -14.307  -25.470   16.446  134.263    1615287038310
02    11.120   12.150  -16.706  155.765   67.589  126.584    1615287038310
01    16.425    9.330  -14.341  -24.851   16.154  135.664    1615287038326
02    11.190   12.434  -16.611  145.489   65.302  118.333    1615287038326
01    16.433    9.465  -14.352  -24.488   16.245  136.916    1615287038342
02    11.296   12.719  -16.518  138.296   63.479  112.305    1615287038342
01    16.418    9.596  -14.427  -24.374   16.694  138.054    1615287038357
02    11.388   13.042  -16.416  132.597   61.711  107.216    1615287038357
01    16.452    9.658  -14.480  -24.920   16.788  138.818    1615287038373
02    11.493   13.259  -16.387  128.848   60.163  104.867    1615287038373
01    16.458    9.821  -14.527  -25.338   17.286  139.920    1615287038398
02    11.500   13.571  -16.377  126.828   58.208  103.606    1615287038398
01    16.394   10.032  -14.609  -25.382   17.801  140.742    1615287038415
02    11.528   13.813  -16.394  125.339   56.816  103.137    1615287038415
01    16.371   10.195  -14.672  -25.780   18.136  141.292    1615287038432
02    11.539   14.079  -16.372  123.897   55.629  102.250    1615287038432
01    16.308   10.232  -14.807  -27.062   19.115  140.795    1615287038448
02    11.531   14.290  -16.390  123.035   54.747  102.181    1615287038448
01    16.156   10.179  -14.989  -29.523   21.091  138.630    1615287038465
02    11.604   14.274  -16.516  121.809   55.241  102.116    1615287038465
01    15.764   10.097  -15.251  -33.922   25.558  134.329    1615287038482
02    11.917   14.140  -16.670  117.551   59.733   99.563    1615287038482
01    14.979   10.064  -15.627  -45.492   36.452  123.050    1615287038498
02    12.182   13.617  -17.008  118.233   70.178  103.956    1615287038498
01    14.216   10.197  -15.696  -64.746   48.015  104.523    1615287038515
02    12.313   12.456  -17.136 -168.752   80.960  176.506    1615287038515
01    13.304   10.109  -15.990  -85.736   51.795   84.918    1615287038532
02    12.778   11.461  -16.345 -101.092   64.371 -122.940    1615287038532
01    13.275   10.027  -15.806  -89.564   51.213   84.041    1615287038548
02    12.536   10.821  -16.478  -92.225   48.148 -120.574    1615287038548
01    13.459    9.866  -15.498  -86.764   50.071   87.737    1615287038565
02    12.484   10.639  -16.236  -85.847   42.242 -120.428    1615287038565
01    13.599    9.671  -15.285  -83.560   47.731   90.621    1615287038582
02    12.488   10.310  -16.120  -82.819   36.781 -121.213    1615287038582
01    13.640    9.481  -15.167  -81.493   45.508   91.761    1615287038598
02    12.455   10.067  -15.991  -80.794   33.665 -122.038    1615287038598
01    13.659    9.383  -15.044  -79.694   43.904   92.589    1615287038615
02    12.478    9.755  -15.910  -79.521   30.787 -122.262    1615287038615
01    13.724    9.174  -14.962  -78.564   41.931   93.018    1615287038632
02    12.584    9.425  -15.810  -78.693   28.570 -121.772    1615287038632
01    13.827    8.948  -14.893  -77.169   40.100   93.517    1615287038648
02    12.681    9.072  -15.789  -77.732   26.423 -121.486    1615287038649
01    13.908    8.806  -14.823  -75.300   38.983   94.098    1615287038665
02    12.786    8.837  -15.776  -76.093   25.321 -120.143    1615287038666
01    13.985    8.678  -14.798  -73.524   38.451   94.675    1615287038682
02    12.829    8.756  -15.815  -74.252   25.025 -117.947    1615287038682
01    14.003    8.677  -14.788  -71.891   38.932   95.092    1615287038699
02    12.916    8.718  -15.871  -73.252   25.480 -115.003    1615287038699
01    14.143    8.610  -14.742  -69.696   38.268   97.188    1615287038715
02    12.840    8.855  -16.053  -73.452   28.734 -112.732    1615287038715
01    14.413    8.517  -14.646  -65.672   36.422  101.381    1615287038732
02    12.426    9.118  -16.528  -78.008   37.057 -114.790    1615287038732
01    14.736    8.500  -14.524  -59.536   33.145  107.277    1615287038749
02    11.830    9.853  -16.848  -87.272   50.410 -122.386    1615287038749
01    15.071    8.518  -14.440  -52.039   28.821  113.742    1615287038765
02    11.295   10.668  -16.941 -102.855   62.125 -136.157    1615287038765
01    15.280    8.585  -14.400  -46.609   25.811  118.070    1615287038782
02    10.993   11.212  -16.918 -131.540   69.742 -161.602    1615287038782
01    15.387    8.651  -14.389  -44.069   24.311  120.582    1615287038799
02    10.780   11.745  -16.765 -166.366   70.691  165.995    1615287038799
01    15.408    8.660  -14.408  -43.570   23.348  121.640    1615287038816
02    10.725   12.054  -16.675  172.787   68.352  148.160    1615287038816
01    15.415    8.672  -14.409  -44.333   22.908  121.947    1615287038832
02    10.883   12.305  -16.563  157.901   67.356  136.157    1615287038832
01    15.455    8.659  -14.410  -45.457   22.702  121.985    1615287038849
02    11.163   12.404  -16.531  148.282   68.317  128.914    1615287038849
01    15.392    8.666  -14.486  -46.971   23.649  121.239    1615287038866
02    11.561   12.244  -16.654  143.368   72.645  124.831    1615287038866
01    15.144    8.740  -14.661  -49.740   26.214  119.150    1615287038881
02    12.021   11.841  -16.818  153.650   81.794  134.290    1615287038881
01    14.867    8.799  -14.845  -54.890   30.190  115.589    1615287038898
02    12.367   11.207  -16.822  -99.454   78.981 -119.488    1615287038898
01    14.447    8.927  -15.047  -62.611   35.800  108.967    1615287038915
02    12.692   10.866  -16.244  -80.761   59.030 -105.724    1615287038915
01    14.133    8.924  -15.203  -71.710   38.915  103.937    1615287038931
02    12.956   10.465  -15.894  -78.790   43.956 -105.071    1615287038931
01    14.075    8.992  -15.090  -77.455   40.921  101.518    1615287038948
02    12.967   10.148  -15.805  -78.960   35.379 -110.778    1615287038948
01    14.069    9.009  -14.986  -79.158   40.642  101.102    1615287038965
02    13.003    9.842  -15.728  -78.612   29.733 -114.293    1615287038965
