01    19.936   10.459   -0.830 -133.329   14.616 -111.076    1607395124117
02    20.072   11.202   -2.648 -130.484   -8.411  145.153    1607395124117
01    19.928   10.474   -0.828 -133.278   14.609 -111.073    1607395124143
02    20.064   11.224   -2.612 -130.383   -8.281  145.229    1607395124143
01    19.926   10.484   -0.804 -133.213   14.718 -111.033    1607395124159
02    20.068   11.221   -2.599 -130.396   -8.260  145.174    1607395124159
01    19.914   10.506   -0.792 -133.131   14.729 -111.043    1607395124168
02    20.060   11.242   -2.587 -130.337   -8.229  145.237    1607395124168
01    19.939   10.458   -0.818 -133.343   14.595 -111.079    1607395124183
02    20.053   11.260   -2.580 -130.292   -8.193  145.277    1607395124183
01    19.943   10.465   -0.815 -133.309   14.658 -111.147    1607395124209
02    20.042   11.288   -2.518 -130.177   -7.952  145.342    1607395124209
01    19.949   10.456   -0.818 -133.369   14.641 -111.152    1607395124219
02    20.031   11.301   -2.523 -130.136   -7.967  145.280    1607395124219
01    19.946   10.448   -0.849 -133.421   14.512 -111.169    1607395124235
02    20.053   11.253   -2.549 -130.282   -8.022  145.281    1607395124235
01    19.928   10.474   -0.824 -133.284   14.617 -111.097    1607395124245
02    20.073   11.231   -2.535 -130.342   -7.914  145.251    1607395124245
01    19.932   10.471   -0.801 -133.284   14.665 -111.062    1607395124270
02    20.069   11.230   -2.562 -130.367   -8.029  145.237    1607395124270
01    19.937   10.462   -0.801 -133.335   14.680 -111.108    1607395124286
02    20.055   11.239   -2.607 -130.328   -8.193  145.189    1607395124286
01    19.929   10.481   -0.795 -133.258   14.705 -111.060    1607395124296
02    20.062   11.224   -2.622 -130.409   -8.280  145.232    1607395124296
01    19.937   10.466   -0.780 -133.305   14.739 -111.035    1607395124321
02    20.063   11.219   -2.631 -130.455   -8.339  145.207    1607395124321
01    19.938   10.459   -0.788 -133.340   14.731 -111.037    1607395124337
02    20.057   11.241   -2.581 -130.384   -8.168  145.300    1607395124337
01    19.936   10.462   -0.795 -133.303   14.721 -111.040    1607395124347
02    20.058   11.239   -2.576 -130.399   -8.194  145.279    1607395124347
01    19.936   10.464   -0.790 -133.265   14.719 -110.984    1607395124373
02    20.048   11.254   -2.587 -130.312   -8.225  145.247    1607395124373
01    19.938   10.461   -0.784 -133.276   14.779 -110.999    1607395124388
02    20.049   11.245   -2.578 -130.327   -8.172  145.223    1607395124388
01    19.932   10.469   -0.791 -133.234   14.755 -111.000    1607395124398
02    20.048   11.235   -2.600 -130.353   -8.263  145.223    1607395124398
01    19.938   10.463   -0.803 -133.279   14.707 -110.994    1607395124424
02    20.046   11.250   -2.593 -130.279   -8.214  145.231    1607395124424
01    19.938   10.457   -0.819 -133.316   14.642 -111.036    1607395124440
02    20.052   11.228   -2.617 -130.380   -8.310  145.130    1607395124440
01    19.941   10.448   -0.818 -133.366   14.639 -111.030    1607395124450
02    20.056   11.234   -2.605 -130.347   -8.260  145.208    1607395124450
01    19.944   10.445   -0.810 -133.370   14.671 -110.973    1607395124475
02    20.061   11.232   -2.593 -130.366   -8.213  145.235    1607395124475
01    19.934   10.465   -0.804 -133.268   14.713 -110.966    1607395124491
02    20.052   11.258   -2.579 -130.282   -8.136  145.274    1607395124491
01    19.935   10.459   -0.804 -133.319   14.699 -110.992    1607395124501
02    20.054   11.253   -2.587 -130.306   -8.185  145.247    1607395124501
01    19.945   10.440   -0.814 -133.427   14.633 -110.943    1607395124516
02    20.062   11.239   -2.602 -130.381   -8.261  145.213    1607395124516
01    19.934   10.453   -0.834 -133.358   14.573 -111.008    1607395124527
02    20.065   11.228   -2.597 -130.414   -8.206  145.219    1607395124527
01    19.936   10.450   -0.818 -133.346   14.657 -110.956    1607395124552
02    20.068   11.229   -2.586 -130.376   -8.160  145.231    1607395124552
01    19.933   10.451   -0.826 -133.340   14.614 -110.962    1607395124568
02    20.061   11.236   -2.604 -130.331   -8.239  145.174    1607395124568
01    19.936   10.443   -0.844 -133.383   14.526 -111.010    1607395124578
02    20.061   11.244   -2.584 -130.292   -8.124  145.208    1607395124578
01    19.946   10.431   -0.829 -133.406   14.622 -111.030    1607395124603
02    20.062   11.254   -2.538 -130.246   -7.883  145.263    1607395124603
01    19.946   10.427   -0.826 -133.424   14.640 -111.048    1607395124619
02    20.060   11.261   -2.516 -130.229   -7.841  145.239    1607395124619
01    19.947   10.432   -0.814 -133.417   14.678 -111.013    1607395124628
02    20.061   11.248   -2.560 -130.273   -8.015  145.163    1607395124628
01    19.940   10.454   -0.805 -133.318   14.727 -111.014    1607395124654
02    20.069   11.235   -2.584 -130.317   -8.098  145.152    1607395124654
01    19.947   10.439   -0.815 -133.394   14.648 -111.008    1607395124669
02    20.085   11.203   -2.576 -130.470   -8.084  145.206    1607395124669
01    19.942   10.449   -0.838 -133.333   14.563 -111.037    1607395124679
02    20.067   11.231   -2.581 -130.351   -8.106  145.211    1607395124679
01    19.944   10.448   -0.813 -133.326   14.682 -111.040    1607395124704
02    20.070   11.238   -2.557 -130.346   -8.005  145.250    1607395124704
01    19.946   10.447   -0.817 -133.345   14.651 -111.030    1607395124719
02    20.063   11.250   -2.546 -130.294   -7.984  145.247    1607395124719
01    19.955   10.429   -0.794 -133.399   14.750 -111.001    1607395124729
02    20.068   11.239   -2.549 -130.354   -8.023  145.212    1607395124729
01    19.947   10.448   -0.769 -133.289   14.876 -110.986    1607395124755
02    20.074   11.239   -2.540 -130.352   -7.962  145.220    1607395124755
01    19.956   10.435   -0.785 -133.400   14.766 -111.015    1607395124771
02    20.070   11.245   -2.553 -130.335   -8.025  145.224    1607395124771
01    19.953   10.444   -0.798 -133.381   14.736 -111.026    1607395124781
02    20.066   11.246   -2.553 -130.311   -8.013  145.193    1607395124781
01    19.952   10.446   -0.799 -133.364   14.713 -111.001    1607395124806
02    20.071   11.235   -2.549 -130.372   -8.024  145.249    1607395124806
01    19.951   10.446   -0.803 -133.376   14.705 -111.009    1607395124822
02    20.065   11.238   -2.567 -130.344   -8.084  145.241    1607395124822
01    19.953   10.440   -0.814 -133.425   14.640 -111.020    1607395124832
02    20.054   11.255   -2.583 -130.251   -8.129  145.231    1607395124832
01    19.953   10.440   -0.823 -133.430   14.606 -111.066    1607395124858
02    20.058   11.249   -2.582 -130.283   -8.124  145.220    1607395124858
01    19.955   10.441   -0.816 -133.432   14.644 -111.013    1607395124873
02    20.058   11.243   -2.590 -130.295   -8.168  145.231    1607395124873
01    19.951   10.440   -0.835 -133.450   14.566 -111.090    1607395124884
02    20.056   11.245   -2.595 -130.302   -8.176  145.211    1607395124884
01    19.944   10.453   -0.836 -133.382   14.601 -111.124    1607395124909
02    20.057   11.253   -2.577 -130.280   -8.109  145.260    1607395124909
01    19.945   10.447   -0.841 -133.409   14.552 -111.083    1607395124924
02    20.068   11.227   -2.589 -130.411   -8.196  145.250    1607395124924
01    19.951   10.439   -0.847 -133.427   14.534 -111.082    1607395124934
02    20.068   11.225   -2.589 -130.401   -8.175  145.252    1607395124934
01    19.937   10.463   -0.844 -133.303   14.573 -111.073    1607395124959
02    20.062   11.236   -2.588 -130.337   -8.141  145.234    1607395124959
01    19.946   10.449   -0.845 -133.383   14.530 -111.033    1607395124975
02    20.062   11.229   -2.585 -130.360   -8.139  145.251    1607395124975
01    19.941   10.461   -0.843 -133.326   14.549 -111.008    1607395124985
02    20.056   11.249   -2.569 -130.281   -8.043  145.319    1607395124985
01    19.944   10.460   -0.842 -133.318   14.544 -111.025    1607395125009
02    20.056   11.255   -2.560 -130.266   -8.014  145.307    1607395125009
01    19.931   10.477   -0.871 -133.242   14.419 -111.013    1607395125026
02    20.066   11.233   -2.562 -130.379   -8.054  145.314    1607395125026
01    19.933   10.476   -0.873 -133.252   14.415 -111.047    1607395125035
02    20.059   11.247   -2.557 -130.320   -8.013  145.308    1607395125035
01    19.932   10.477   -0.861 -133.239   14.457 -111.026    1607395125051
02    20.059   11.245   -2.554 -130.320   -8.016  145.328    1607395125051
01    19.940   10.456   -0.876 -133.319   14.377 -111.050    1607395125060
02    20.055   11.252   -2.551 -130.282   -8.012  145.308    1607395125060
01    19.937   10.463   -0.849 -133.262   14.519 -111.027    1607395125086
02    20.065   11.235   -2.565 -130.355   -8.080  145.248    1607395125086
01    19.936   10.469   -0.827 -133.258   14.623 -111.036    1607395125102
02    20.059   11.243   -2.569 -130.308   -8.060  145.204    1607395125102
01    19.941   10.458   -0.807 -133.333   14.697 -111.027    1607395125112
02    20.058   11.247   -2.566 -130.290   -8.054  145.202    1607395125112
01    19.934   10.467   -0.831 -133.328   14.589 -111.073    1607395125137
02    20.055   11.247   -2.573 -130.298   -8.129  145.213    1607395125137
01    19.939   10.457   -0.817 -133.351   14.639 -111.018    1607395125153
02    20.063   11.233   -2.585 -130.346   -8.190  145.203    1607395125153
01    19.941   10.453   -0.812 -133.349   14.646 -111.020    1607395125163
02    20.058   11.233   -2.593 -130.338   -8.218  145.177    1607395125163
01    19.946   10.443   -0.817 -133.412   14.635 -111.026    1607395125188
02    20.083   11.189   -2.627 -130.591   -8.418  145.125    1607395125188
01    19.945   10.454   -0.814 -133.366   14.668 -111.011    1607395125203
02    20.062   11.236   -2.627 -130.382   -8.308  145.090    1607395125203
01    19.944   10.449   -0.811 -133.355   14.657 -110.994    1607395125213
02    20.060   11.238   -2.642 -130.375   -8.435  145.072    1607395125213
01    19.945   10.446   -0.843 -133.402   14.525 -111.054    1607395125239
02    20.069   11.224   -2.641 -130.395   -8.422  145.117    1607395125239
01    19.939   10.463   -0.821 -133.289   14.677 -111.039    1607395125255
02    20.066   11.238   -2.608 -130.303   -8.273  145.223    1607395125255
01    19.937   10.468   -0.820 -133.272   14.668 -111.058    1607395125265
02    20.066   11.229   -2.615 -130.369   -8.318  145.174    1607395125265
01    19.935   10.471   -0.838 -133.277   14.591 -111.087    1607395125290
02    20.079   11.210   -2.602 -130.438   -8.266  145.213    1607395125290
01    19.948   10.455   -0.820 -133.319   14.633 -111.017    1607395125306
02    20.064   11.240   -2.608 -130.316   -8.289  145.195    1607395125306
01    19.940   10.467   -0.828 -133.263   14.614 -111.024    1607395125316
02    20.053   11.256   -2.594 -130.232   -8.216  145.255    1607395125316
01    19.936   10.467   -0.818 -133.278   14.666 -111.028    1607395125342
02    20.054   11.259   -2.567 -130.224   -8.111  145.313    1607395125342
01    19.934   10.472   -0.807 -133.262   14.700 -111.025    1607395125357
02    20.054   11.251   -2.582 -130.285   -8.214  145.288    1607395125357
01    19.937   10.472   -0.793 -133.248   14.757 -110.968    1607395125368
02    20.049   11.257   -2.566 -130.256   -8.086  145.298    1607395125368
01    19.938   10.471   -0.786 -133.277   14.807 -110.910    1607395125393
02    20.048   11.261   -2.560 -130.265   -8.067  145.308    1607395125393
01    19.941   10.469   -0.780 -133.286   14.844 -110.949    1607395125409
02    20.062   11.241   -2.568 -130.377   -8.135  145.319    1607395125409
01    19.942   10.459   -0.800 -133.375   14.734 -110.994    1607395125418
02    20.059   11.252   -2.569 -130.352   -8.101  145.309    1607395125418
01    19.949   10.445   -0.809 -133.422   14.681 -110.996    1607395125434
02    20.064   11.245   -2.577 -130.394   -8.168  145.331    1607395125434
01    19.953   10.444   -0.803 -133.392   14.729 -110.979    1607395125444
02    20.076   11.230   -2.556 -130.453   -8.085  145.351    1607395125459
01    19.947   10.454   -0.787 -133.288   14.807 -110.922    1607395125469
02    20.073   11.235   -2.564 -130.403   -8.094  145.303    1607395125469
01    19.939   10.465   -0.790 -133.248   14.794 -110.960    1607395125485
02    20.067   11.243   -2.560 -130.371   -8.084  145.301    1607395125485
01    19.941   10.470   -0.789 -133.259   14.812 -110.974    1607395125494
02    20.051   11.266   -2.586 -130.259   -8.209  145.246    1607395125494
01    19.942   10.467   -0.802 -133.306   14.751 -110.992    1607395125520
02    20.047   11.266   -2.598 -130.283   -8.260  145.246    1607395125520
01    19.945   10.462   -0.806 -133.322   14.739 -110.979    1607395125535
02    20.050   11.269   -2.594 -130.250   -8.220  145.243    1607395125535
01    19.950   10.450   -0.803 -133.347   14.755 -111.012    1607395125545
02    20.052   11.268   -2.578 -130.227   -8.114  145.251    1607395125545
01    19.938   10.470   -0.788 -133.212   14.835 -110.942    1607395125570
02    20.043   11.282   -2.568 -130.148   -8.092  145.281    1607395125570
01    19.936   10.472   -0.785 -133.219   14.811 -110.963    1607395125586
02    20.052   11.259   -2.574 -130.223   -8.141  145.246    1607395125586
01    19.937   10.470   -0.785 -133.235   14.803 -110.970    1607395125596
02    20.045   11.271   -2.582 -130.187   -8.146  145.229    1607395125596
01    19.931   10.486   -0.780 -133.161   14.819 -110.964    1607395125621
02    20.048   11.260   -2.581 -130.221   -8.167  145.236    1607395125621
01    19.936   10.483   -0.771 -133.200   14.852 -110.995    1607395125637
02    20.045   11.270   -2.591 -130.162   -8.203  145.207    1607395125637
01    19.943   10.472   -0.754 -133.237   14.936 -110.990    1607395125646
02    20.049   11.267   -2.590 -130.186   -8.198  145.229    1607395125646
01    19.948   10.457   -0.761 -133.290   14.892 -110.996    1607395125672
02    20.043   11.271   -2.584 -130.189   -8.191  145.242    1607395125672
01    19.947   10.461   -0.762 -133.270   14.905 -111.013    1607395125687
02    20.054   11.248   -2.578 -130.307   -8.160  145.198    1607395125687
01    19.939   10.479   -0.754 -133.164   14.945 -110.988    1607395125697
02    20.044   11.271   -2.581 -130.195   -8.126  145.199    1607395125697
01    19.930   10.493   -0.764 -133.077   14.889 -110.986    1607395125722
02    20.045   11.276   -2.570 -130.160   -8.091  145.222    1607395125722
01    19.928   10.492   -0.780 -133.090   14.828 -111.031    1607395125738
02    20.049   11.262   -2.579 -130.240   -8.141  145.213    1607395125738
01    19.928   10.489   -0.786 -133.114   14.795 -111.030    1607395125747
02    20.043   11.270   -2.569 -130.215   -8.103  145.242    1607395125747
01    19.936   10.471   -0.797 -133.206   14.735 -111.034    1607395125772
02    20.039   11.279   -2.573 -130.187   -8.142  145.230    1607395125772
01    19.936   10.462   -0.823 -133.269   14.658 -111.068    1607395125788
02    20.039   11.281   -2.577 -130.170   -8.143  145.217    1607395125788
01    19.929   10.475   -0.809 -133.176   14.732 -111.048    1607395125798
02    20.033   11.284   -2.571 -130.165   -8.122  145.237    1607395125798
01    19.933   10.475   -0.795 -133.165   14.773 -111.018    1607395125824
02    20.050   11.256   -2.577 -130.284   -8.169  145.225    1607395125824
01    19.931   10.472   -0.789 -133.208   14.801 -111.008    1607395125839
02    20.050   11.256   -2.573 -130.256   -8.107  145.200    1607395125839
01    19.931   10.475   -0.796 -133.220   14.762 -111.015    1607395125848
02    20.050   11.251   -2.601 -130.274   -8.235  145.142    1607395125848
01    19.934   10.472   -0.801 -133.253   14.719 -111.006    1607395125874
02    20.061   11.226   -2.620 -130.342   -8.291  145.149    1607395125874
01    19.934   10.476   -0.806 -133.238   14.690 -110.993    1607395125890
02    20.072   11.214   -2.628 -130.398   -8.310  145.144    1607395125890
01    19.934   10.483   -0.815 -133.205   14.646 -111.025    1607395125899
02    20.062   11.240   -2.626 -130.344   -8.278  145.141    1607395125899
01    19.938   10.470   -0.804 -133.240   14.676 -111.017    1607395125925
02    20.052   11.261   -2.595 -130.265   -8.179  145.164    1607395125925
01    19.939   10.463   -0.802 -133.290   14.713 -111.044    1607395125941
02    20.055   11.266   -2.577 -130.229   -8.118  145.150    1607395125941
01    19.943   10.456   -0.793 -133.329   14.775 -111.051    1607395125950
02    20.046   11.274   -2.574 -130.180   -8.111  145.191    1607395125950
01    19.937   10.465   -0.793 -133.290   14.792 -111.028    1607395125975
02    20.044   11.266   -2.585 -130.197   -8.185  145.198    1607395125975
01    19.939   10.461   -0.798 -133.303   14.763 -111.040    1607395125991
02    20.038   11.280   -2.564 -130.163   -8.083  145.244    1607395125991
01    19.939   10.465   -0.801 -133.256   14.740 -111.007    1607395126000
02    20.038   11.282   -2.572 -130.148   -8.111  145.214    1607395126000
01    19.940   10.456   -0.800 -133.285   14.738 -110.962    1607395126026
02    20.049   11.260   -2.563 -130.244   -8.101  145.214    1607395126026
01    19.936   10.458   -0.798 -133.267   14.758 -110.957    1607395126042
02    20.057   11.254   -2.548 -130.274   -8.015  145.259    1607395126042
01    19.940   10.451   -0.790 -133.306   14.796 -110.971    1607395126052
02    20.063   11.245   -2.543 -130.303   -8.013  145.270    1607395126052
01    19.943   10.445   -0.789 -133.328   14.789 -110.988    1607395126067
02    20.062   11.251   -2.532 -130.270   -7.940  145.283    1607395126067
01    19.945   10.436   -0.810 -133.408   14.708 -111.038    1607395126093
02    20.058   11.255   -2.532 -130.264   -7.950  145.318    1607395126093
01    19.945   10.439   -0.800 -133.386   14.770 -111.026    1607395126102
02    20.069   11.233   -2.523 -130.366   -7.910  145.332    1607395126102
01    19.957   10.416   -0.777 -133.468   14.814 -111.016    1607395126118
02    20.070   11.224   -2.546 -130.421   -7.999  145.333    1607395126118
01    19.951   10.423   -0.791 -133.448   14.779 -111.040    1607395126128
02    20.057   11.248   -2.543 -130.335   -7.946  145.344    1607395126128
01    19.942   10.439   -0.785 -133.413   14.810 -111.034    1607395126153
02    20.055   11.260   -2.537 -130.304   -7.922  145.291    1607395126153
01    19.935   10.459   -0.789 -133.363   14.795 -111.064    1607395126169
02    20.057   11.256   -2.533 -130.321   -7.938  145.327    1607395126169
01    19.932   10.462   -0.791 -133.359   14.792 -111.091    1607395126178
02    20.049   11.254   -2.565 -130.330   -8.092  145.289    1607395126178
01    19.926   10.483   -0.791 -133.297   14.800 -111.070    1607395126203
02    20.042   11.271   -2.562 -130.239   -8.059  145.292    1607395126203
01    19.929   10.472   -0.787 -133.317   14.797 -111.039    1607395126219
02    20.042   11.279   -2.542 -130.226   -7.967  145.337    1607395126219
01    19.924   10.476   -0.774 -133.263   14.870 -110.989    1607395126229
02    20.043   11.278   -2.546 -130.245   -7.996  145.313    1607395126229
