01    16.013    7.591   -4.037 -125.283   11.815  -11.333    1610363260692
02    15.426   10.500   -8.655  160.402   58.560  -13.897    1610363260692
01    16.011    7.596   -4.038 -125.275   11.819  -11.342    1610363260708
02    15.428   10.501   -8.641  160.370   58.603  -13.932    1610363260708
01    16.012    7.586   -4.043 -125.351   11.802  -11.382    1610363260723
02    15.423   10.510   -8.639  160.458   58.577  -13.860    1610363260723
01    16.005    7.597   -4.048 -125.343   11.771  -11.415    1610363260739
02    15.421   10.527   -8.625  160.468   58.602  -13.925    1610363260739
01    16.004    7.601   -4.032 -125.357   11.821  -11.416    1610363260761
02    15.423   10.517   -8.629  160.489   58.586  -13.877    1610363260761
01    16.006    7.595   -4.029 -125.371   11.833  -11.404    1610363260777
02    15.419   10.516   -8.633  160.611   58.563  -13.754    1610363260777
01    16.005    7.593   -4.031 -125.383   11.835  -11.434    1610363260792
02    15.420   10.513   -8.628  160.628   58.542  -13.714    1610363260792
01    15.999    7.609   -4.025 -125.303   11.878  -11.464    1610363260808
02    15.429   10.496   -8.617  160.600   58.550  -13.696    1610363260808
01    15.999    7.608   -4.034 -125.286   11.833  -11.463    1610363260824
02    15.429   10.493   -8.613  160.640   58.553  -13.661    1610363260824
01    15.997    7.607   -4.037 -125.275   11.823  -11.462    1610363260839
02    15.413   10.498   -8.630  160.891   58.481  -13.502    1610363260839
01    15.999    7.609   -4.032 -125.247   11.825  -11.430    1610363260855
02    15.409   10.496   -8.642  161.158   58.355  -13.248    1610363260855
01    16.004    7.602   -4.030 -125.293   11.817  -11.416    1610363260877
02    15.414   10.497   -8.634  161.044   58.484  -13.379    1610363260877
01    16.003    7.601   -4.037 -125.325   11.780  -11.415    1610363260893
02    15.416   10.494   -8.637  161.068   58.449  -13.293    1610363260893
01    16.005    7.599   -4.035 -125.391   11.807  -11.399    1610363260908
02    15.414   10.499   -8.640  161.126   58.415  -13.246    1610363260908
01    16.005    7.602   -4.040 -125.418   11.811  -11.414    1610363260924
02    15.416   10.497   -8.638  161.240   58.440  -13.108    1610363260924
01    16.004    7.607   -4.039 -125.432   11.872  -11.422    1610363260939
02    15.422   10.493   -8.633  161.236   58.425  -13.085    1610363260939
01    16.004    7.612   -4.041 -125.430   11.924  -11.436    1610363260955
02    15.425   10.487   -8.632  161.265   58.324  -13.005    1610363260955
01    16.002    7.617   -4.056 -125.428   11.895  -11.450    1610363260977
02    15.423   10.483   -8.640  161.438   58.241  -12.772    1610363260977
01    16.006    7.617   -4.056 -125.431   11.927  -11.454    1610363260993
02    15.415   10.493   -8.651  161.591   58.130  -12.745    1610363260993
01    16.006    7.619   -4.057 -125.432   11.916  -11.463    1610363261008
02    15.415   10.484   -8.664  161.677   58.131  -12.571    1610363261008
01    16.009    7.622   -4.045 -125.412   11.917  -11.443    1610363261024
02    15.417   10.484   -8.671  161.643   58.149  -12.547    1610363261024
01    16.009    7.625   -4.040 -125.393   11.896  -11.423    1610363261040
02    15.402   10.497   -8.677  161.724   58.125  -12.580    1610363261040
01    16.013    7.622   -4.032 -125.396   11.888  -11.412    1610363261055
02    15.391   10.522   -8.666  161.496   58.046  -12.938    1610363261055
01    16.011    7.628   -4.033 -125.360   11.850  -11.444    1610363261077
02    15.394   10.527   -8.651  161.229   57.987  -13.185    1610363261077
01    16.014    7.624   -4.027 -125.377   11.887  -11.441    1610363261093
02    15.386   10.533   -8.651  161.202   57.859  -13.248    1610363261093
01    16.013    7.630   -4.023 -125.345   11.942  -11.457    1610363261109
02    15.387   10.534   -8.642  161.053   57.779  -13.354    1610363261109
01    16.014    7.630   -4.019 -125.344   11.989  -11.461    1610363261124
02    15.390   10.534   -8.640  161.048   57.806  -13.311    1610363261124
01    16.016    7.624   -4.025 -125.382   11.965  -11.478    1610363261140
02    15.388   10.533   -8.645  161.120   57.778  -13.255    1610363261140
01    16.016    7.624   -4.020 -125.375   11.937  -11.470    1610363261156
02    15.381   10.535   -8.652  161.233   57.754  -13.156    1610363261156
01    16.013    7.630   -4.018 -125.338   11.889  -11.455    1610363261162
02    15.375   10.548   -8.655  161.288   57.762  -13.135    1610363261162
01    16.012    7.635   -4.012 -125.316   11.853  -11.436    1610363261193
02    15.375   10.545   -8.657  161.222   57.791  -13.167    1610363261193
01    16.006    7.652   -4.004 -125.239   11.838  -11.441    1610363261209
02    15.378   10.540   -8.662  161.245   57.805  -13.114    1610363261209
01    16.011    7.646   -3.999 -125.216   11.833  -11.403    1610363261225
02    15.373   10.559   -8.648  161.180   57.828  -13.302    1610363261225
01    16.008    7.645   -4.023 -125.161   11.783  -11.444    1610363261240
02    15.376   10.558   -8.650  161.206   57.852  -13.274    1610363261240
01    16.014    7.628   -4.042 -125.215   11.762  -11.426    1610363261256
02    15.380   10.553   -8.655  161.181   57.882  -13.296    1610363261256
01    16.014    7.635   -4.044 -125.168   11.851  -11.464    1610363261262
02    15.382   10.551   -8.651  161.166   57.947  -13.333    1610363261262
01    16.009    7.643   -4.062 -125.085   11.782  -11.508    1610363261294
02    15.390   10.535   -8.656  161.377   58.054  -13.135    1610363261294
01    16.014    7.636   -4.066 -125.079   11.716  -11.514    1610363261309
02    15.417   10.506   -8.647  161.777   58.577  -12.747    1610363261309
01    16.018    7.630   -4.063 -125.060   11.654  -11.424    1610363261325
02    15.418   10.500   -8.655  162.458   58.809  -12.269    1610363261325
01    16.022    7.623   -4.062 -125.064   11.576  -11.375    1610363261341
02    15.443   10.458   -8.660  162.480   58.953  -12.058    1610363261341
01    16.022    7.623   -4.068 -125.018   11.510  -11.334    1610363261356
02    15.431   10.437   -8.708  162.706   58.744  -11.767    1610363261356
01    16.030    7.601   -4.076 -125.108   11.534  -11.309    1610363261363
02    15.427   10.446   -8.708  162.633   58.787  -11.953    1610363261363
01    16.026    7.609   -4.092 -125.026   11.573  -11.318    1610363261394
02    15.431   10.451   -8.719  162.500   58.684  -12.063    1610363261394
01    16.023    7.619   -4.100 -124.952   11.626  -11.319    1610363261410
02    15.434   10.466   -8.718  162.229   58.617  -12.411    1610363261410
01    16.022    7.627   -4.094 -124.925   11.760  -11.320    1610363261425
02    15.444   10.452   -8.724  161.955   58.561  -12.562    1610363261425
01    16.025    7.625   -4.085 -124.953   11.874  -11.293    1610363261441
02    15.452   10.448   -8.711  161.770   58.609  -12.733    1610363261441
01    16.023    7.622   -4.090 -124.937   11.840  -11.304    1610363261456
02    15.449   10.450   -8.706  161.812   58.533  -12.721    1610363261456
01    16.024    7.618   -4.083 -124.942   11.834  -11.292    1610363261463
02    15.447   10.446   -8.690  161.858   58.594  -12.716    1610363261463
01    16.028    7.609   -4.076 -124.972   11.820  -11.264    1610363261494
02    15.430   10.448   -8.698  162.081   58.459  -12.551    1610363261494
01    16.028    7.598   -4.080 -124.996   11.772  -11.263    1610363261510
02    15.417   10.462   -8.692  162.153   58.361  -12.563    1610363261510
01    16.029    7.598   -4.070 -124.984   11.827  -11.247    1610363261515
02    15.401   10.475   -8.692  162.205   58.272  -12.607    1610363261515
01    16.024    7.600   -4.074 -124.973   11.835  -11.299    1610363261531
02    15.407   10.461   -8.690  162.047   58.249  -12.634    1610363261531
01    16.022    7.603   -4.074 -124.953   11.848  -11.318    1610363261546
02    15.403   10.463   -8.688  162.020   58.230  -12.664    1610363261546
01    16.022    7.597   -4.068 -125.000   11.849  -11.300    1610363261563
02    15.392   10.475   -8.691  162.071   58.196  -12.692    1610363261563
01    16.021    7.596   -4.066 -125.016   11.844  -11.295    1610363261595
02    15.394   10.468   -8.692  162.115   58.206  -12.650    1610363261595
01    16.019    7.595   -4.071 -125.012   11.823  -11.312    1610363261610
02    15.394   10.461   -8.695  162.227   58.254  -12.550    1610363261610
01    16.015    7.605   -4.066 -124.951   11.837  -11.304    1610363261626
02    15.390   10.470   -8.687  162.311   58.304  -12.551    1610363261626
01    16.011    7.606   -4.068 -124.947   11.834  -11.323    1610363261641
02    15.386   10.465   -8.692  162.461   58.275  -12.405    1610363261641
01    16.006    7.609   -4.071 -124.909   11.839  -11.348    1610363261657
02    15.382   10.460   -8.696  162.553   58.193  -12.298    1610363261657
01    15.999    7.616   -4.083 -124.864   11.810  -11.429    1610363261664
02    15.379   10.462   -8.695  162.550   58.175  -12.334    1610363261664
01    16.001    7.610   -4.082 -124.875   11.792  -11.386    1610363261679
02    15.377   10.465   -8.691  162.456   58.172  -12.432    1610363261679
01    16.002    7.604   -4.085 -124.863   11.743  -11.381    1610363261710
02    15.378   10.452   -8.703  162.567   58.115  -12.249    1610363261710
01    16.005    7.593   -4.078 -124.883   11.715  -11.375    1610363261726
02    15.371   10.458   -8.694  162.594   58.096  -12.300    1610363261726
01    16.004    7.588   -4.081 -124.898   11.648  -11.390    1610363261742
02    15.368   10.455   -8.686  162.629   58.123  -12.275    1610363261742
01    16.010    7.575   -4.081 -124.975   11.596  -11.414    1610363261757
02    15.370   10.449   -8.678  162.644   58.134  -12.249    1610363261757
01    16.011    7.576   -4.062 -124.949   11.659  -11.371    1610363261764
02    15.378   10.440   -8.673  162.661   58.164  -12.199    1610363261764
01    16.012    7.580   -4.057 -124.918   11.683  -11.363    1610363261780
02    15.384   10.433   -8.661  162.635   58.179  -12.218    1610363261780
01    16.009    7.583   -4.062 -124.911   11.676  -11.369    1610363261796
02    15.392   10.426   -8.646  162.522   58.196  -12.277    1610363261796
01    16.005    7.589   -4.065 -124.905   11.699  -11.396    1610363261827
02    15.390   10.419   -8.656  162.479   58.160  -12.254    1610363261827
01    16.006    7.590   -4.062 -124.925   11.703  -11.406    1610363261843
02    15.377   10.421   -8.686  162.555   58.062  -12.148    1610363261843
01    16.004    7.595   -4.061 -124.902   11.672  -11.396    1610363261858
02    15.375   10.433   -8.687  162.531   58.051  -12.197    1610363261858
01    16.006    7.592   -4.057 -124.934   11.652  -11.382    1610363261865
02    15.366   10.446   -8.692  162.586   58.032  -12.182    1610363261865
01    16.008    7.583   -4.059 -124.986   11.566  -11.359    1610363261880
02    15.368   10.433   -8.692  162.622   58.054  -12.115    1610363261880
01    16.002    7.591   -4.056 -124.912   11.546  -11.347    1610363261896
02    15.375   10.431   -8.673  162.527   58.095  -12.225    1610363261896
01    16.001    7.591   -4.052 -124.889   11.546  -11.331    1610363261927
02    15.371   10.440   -8.662  162.529   58.107  -12.274    1610363261927
01    16.001    7.588   -4.056 -124.863   11.500  -11.304    1610363261943
02    15.367   10.427   -8.672  162.645   58.083  -12.125    1610363261943
01    16.004    7.575   -4.056 -124.927   11.487  -11.265    1610363261960
02    15.362   10.440   -8.665  162.634   58.078  -12.192    1610363261960
01    16.002    7.574   -4.061 -124.902   11.470  -11.257    1610363261972
02    15.353   10.436   -8.680  162.722   58.006  -12.098    1610363261972
01    16.002    7.564   -4.071 -124.958   11.321  -11.199    1610363261988
02    15.355   10.419   -8.695  162.688   57.998  -12.062    1610363261988
01    16.006    7.547   -4.078 -125.192   11.163  -10.967    1610363262004
02    15.365   10.405   -8.708  162.700   58.103  -11.998    1610363262004
01    15.996    7.553   -4.094 -125.200   10.915  -10.829    1610363262019
02    15.375   10.408   -8.713  162.615   58.241  -12.092    1610363262019
01    15.996    7.546   -4.097 -125.366   10.749  -10.589    1610363262035
02    15.406   10.376   -8.742  162.444   58.420  -12.163    1610363262035
01    15.998    7.546   -4.101 -125.396   10.499  -10.229    1610363262050
02    15.437   10.365   -8.738  162.050   58.748  -12.548    1610363262050
01    15.992    7.555   -4.093 -125.349   10.373   -9.957    1610363262065
02    15.435   10.376   -8.765  162.131   58.793  -12.576    1610363262065
01    15.994    7.549   -4.088 -125.501    9.851   -9.416    1610363262081
02    15.435   10.384   -8.787  162.123   58.850  -12.665    1610363262081
01    15.986    7.561   -4.086 -125.387    9.430   -9.282    1610363262112
02    15.457   10.380   -8.801  161.905   59.079  -12.902    1610363262112
01    15.981    7.571   -4.075 -125.291    9.271   -8.952    1610363262128
02    15.475   10.374   -8.814  161.398   59.315  -13.385    1610363262128
01    15.979    7.572   -4.074 -125.415    8.869   -8.846    1610363262143
02    15.500   10.415   -8.705  159.962   59.679  -15.000    1610363262143
01    15.993    7.557   -4.053 -125.895    9.295   -8.508    1610363262159
02    15.664   10.355   -8.048  157.405   59.228  -17.152    1610363262159
01    16.066    7.453   -3.999 -128.404   11.320   -8.481    1610363262165
02    15.711   10.137   -7.088  160.185   55.956  -14.444    1610363262165
01    16.109    7.356   -4.077 -133.164   13.991   -9.170    1610363262181
02    15.579    9.752   -6.526  167.996   49.660   -6.904    1610363262181
01    16.095    7.334   -4.202 -139.477   16.945  -10.181    1610363262197
02    15.076    9.488   -6.726 -177.636   33.637    6.541    1610363262197
01    15.995    7.415   -4.368 -145.602   18.661  -11.843    1610363262228
02    14.607    9.438   -6.840 -168.483   19.148   13.520    1610363262228
01    15.829    7.596   -4.517 -151.121   18.998  -14.123    1610363262243
02    14.454    9.491   -6.657 -164.431   15.703   15.759    1610363262243
01    15.512    8.036   -4.600 -152.952   18.847  -16.520    1610363262259
02    14.432    9.203   -6.879 -163.331    9.895   19.510    1610363262259
01    15.252    8.441   -4.586 -152.196   19.291  -17.392    1610363262266
02    14.130    8.810   -7.451 -163.925   -8.186   21.156    1610363262266
01    15.137    8.598   -4.562 -151.532   19.186  -17.130    1610363262281
02    14.111    9.030   -6.749 -162.103  -11.054   15.977    1610363262281
01    15.073    8.677   -4.554 -150.824   18.625  -16.919    1610363262297
02    14.127    9.148   -6.287 -162.406  -13.370   11.524    1610363262297
01    14.982    8.814   -4.519 -148.992   18.228  -16.869    1610363262312
02    14.048    9.224   -6.209 -162.907  -18.734    9.213    1610363262312
01    15.072    8.654   -4.505 -149.868   18.107  -16.696    1610363262344
02    14.098    9.346   -5.828 -163.069  -19.223    6.931    1610363262344
01    15.097    8.611   -4.512 -151.141   18.192  -17.238    1610363262359
02    14.124    9.457   -5.580 -163.085  -19.291    6.224    1610363262359
01    15.093    8.621   -4.528 -152.484   18.409  -18.002    1610363262366
02    14.168    9.498   -5.439 -163.580  -19.067    6.611    1610363262366
01    15.070    8.671   -4.567 -153.925   18.499  -18.947    1610363262381
02    14.186    9.546   -5.374 -163.983  -18.840    7.474    1610363262381
01    15.040    8.758   -4.579 -154.737   18.592  -19.827    1610363262397
02    14.193    9.602   -5.324 -164.176  -18.557    8.460    1610363262397
01    15.017    8.844   -4.560 -154.858   18.851  -20.424    1610363262413
02    14.205    9.630   -5.304 -164.185  -18.340    9.389    1610363262413
01    15.006    8.898   -4.556 -154.546   19.098  -20.654    1610363262444
02    14.229    9.651   -5.248 -163.735  -17.779   10.037    1610363262444
01    15.016    8.898   -4.560 -154.262   19.371  -20.567    1610363262460
02    14.246    9.647   -5.240 -163.401  -17.327   10.701    1610363262460
01    15.024    8.904   -4.576 -153.863   19.773  -20.318    1610363262466
02    14.277    9.630   -5.233 -163.139  -16.573   11.163    1610363262466
01    15.030    8.913   -4.614 -153.383   20.348  -20.096    1610363262482
02    14.296    9.641   -5.240 -162.702  -15.491   11.559    1610363262482
01    15.033    8.942   -4.657 -152.796   21.256  -19.980    1610363262497
02    14.337    9.658   -5.234 -162.170  -13.785   12.156    1610363262497
01    15.047    8.983   -4.735 -151.584   22.634  -19.765    1610363262513
02    14.394    9.693   -5.201 -161.074  -10.378   13.141    1610363262513
01    15.047    9.034   -4.833 -149.429   23.870  -19.160    1610363262544
02    14.500    9.796   -4.937 -158.892   -0.129   11.923    1610363262544
01    14.805    9.415   -4.883 -140.561   23.131  -17.762    1610363262560
02    14.324    9.827   -5.708 -161.122   12.556   11.951    1610363262560
01    14.827    9.284   -4.943 -128.922   19.021  -15.139    1610363262566
02    14.028    9.945   -7.007 -164.499   21.946   12.526    1610363262566
01    15.096    8.863   -4.856 -119.073   14.769  -12.975    1610363262582
02    13.874   10.016   -8.538 -169.528   30.777   12.231    1610363262582
01    15.530    8.311   -4.709 -111.730   12.169  -11.994    1610363262598
02    13.910   10.295   -9.817 -178.252   39.798    6.548    1610363262598
01    15.971    7.883   -4.487 -106.655   10.801  -10.542    1610363262613
02    14.572   10.580  -10.023  167.080   52.238   -5.652    1610363262613
01    16.263    7.689   -4.264 -103.808   11.384   -9.843    1610363262629
02    15.302   10.796   -9.606  147.270   61.961  -24.481    1610363262629
01    16.372    7.685   -4.150 -103.503   12.191  -10.214    1610363262660
02    15.670   10.993   -9.303  131.128   64.321  -40.132    1610363262660
01    16.373    7.694   -4.058 -105.852   12.630  -10.479    1610363262667
02    15.891   11.080   -9.130  121.904   64.271  -48.871    1610363262667
01    16.328    7.663   -4.022 -110.442   12.409  -11.323    1610363262682
02    16.016   11.083   -9.108  119.028   65.590  -51.780    1610363262682
01    16.276    7.558   -3.987 -117.180   11.295  -11.538    1610363262698
02    16.105   11.081   -8.950  117.004   66.351  -54.141    1610363262698
01    16.099    7.630   -4.008 -121.609   10.265  -11.847    1610363262714
02    16.111   11.041   -8.875  120.372   66.420  -50.882    1610363262714
01    15.924    7.791   -4.070 -122.239    9.727  -12.549    1610363262729
02    16.090   10.986   -8.892  124.141   66.019  -47.031    1610363262729
01    15.856    7.860   -4.081 -121.707    9.279  -12.527    1610363262760
02    16.053   10.969   -8.920  126.019   65.893  -45.447    1610363262760
01    15.833    7.881   -4.082 -120.539    8.527  -12.129    1610363262767
02    16.028   10.962   -8.976  126.828   65.936  -44.592    1610363262767
01    15.841    7.880   -4.047 -119.257    7.964  -11.554    1610363262783
02    15.998   11.023   -8.988  125.752   65.677  -45.834    1610363262783
01    15.923    7.784   -3.962 -120.061    8.148  -10.830    1610363262798
02    16.056   11.032   -8.760  122.740   65.085  -49.044    1610363262798
01    16.032    7.588   -3.878 -124.521    9.826  -10.203    1610363262814
02    16.117   10.982   -8.298  126.030   63.969  -46.402    1610363262814
01    16.072    7.447   -3.901 -131.254   12.247  -10.142    1610363262829
02    16.223   10.690   -7.161  135.540   61.395  -36.911    1610363262829
01    16.012    7.481   -4.061 -141.339   16.371  -11.531    1610363262861
02    16.216   10.025   -6.141  147.661   53.733  -23.994    1610363262861
01    15.881    7.662   -4.310 -149.770   19.542  -14.340    1610363262867
02    15.498    9.695   -6.642  168.045   33.452   -3.682    1610363262867
01    15.718    7.933   -4.531 -154.883   21.098  -17.201    1610363262883
02    14.217    9.631   -7.817 -171.331   -6.909   12.265    1610363262883
01    15.523    8.225   -4.736 -158.768   20.704  -18.793    1610363262898
02    14.127    9.704   -7.110 -167.398  -14.945   11.084    1610363262898
01    15.300    8.567   -4.803 -160.817   19.588  -20.239    1610363262914
02    14.109    9.870   -6.483 -166.997  -17.782    8.501    1610363262914
01    15.106    8.848   -4.805 -162.180   18.332  -21.228    1610363262930
02    14.094   10.025   -6.019 -167.284  -18.885    6.419    1610363262930
01    14.973    9.081   -4.760 -163.088   17.801  -22.159    1610363262961
02    14.111   10.128   -5.738 -167.748  -19.373    4.956    1610363262961
01    14.913    9.232   -4.710 -163.495   17.495  -23.019    1610363262967
02    14.124   10.207   -5.557 -168.102  -19.843    4.102    1610363262967
01    14.884    9.350   -4.677 -163.395   17.485  -23.613    1610363262983
02    14.143   10.261   -5.447 -168.043  -19.776    4.280    1610363262983
01    14.911    9.371   -4.667 -163.757   17.710  -24.103    1610363262999
02    14.188   10.269   -5.382 -168.397  -19.155    5.187    1610363262999
01    14.923    9.376   -4.690 -164.290   17.741  -24.378    1610363263014
02    14.219   10.272   -5.376 -168.882  -18.698    6.788    1610363263014
01    14.921    9.427   -4.660 -164.232   17.834  -24.527    1610363263030
02    14.214   10.283   -5.401 -168.911  -18.949    8.375    1610363263030
01    14.917    9.467   -4.617 -163.582   17.867  -24.601    1610363263046
02    14.211   10.288   -5.388 -168.309  -18.988    9.468    1610363263046
01    14.923    9.467   -4.593 -163.042   18.072  -24.450    1610363263068
02    14.230   10.273   -5.340 -167.789  -18.571    9.970    1610363263068
01    14.909    9.483   -4.616 -162.409   18.598  -24.177    1610363263083
02    14.247   10.278   -5.298 -167.135  -17.759    9.759    1610363263083
01    14.909    9.520   -4.636 -161.528   19.820  -23.887    1610363263099
02    14.279   10.293   -5.268 -166.408  -16.631    9.026    1610363263099
01    14.926    9.546   -4.670 -160.409   21.485  -23.327    1610363263115
02    14.322   10.302   -5.265 -165.526  -15.271    7.773    1610363263115
01    14.944    9.573   -4.739 -158.519   23.505  -22.537    1610363263130
02    14.369   10.312   -5.277 -164.447  -13.627    6.161    1610363263130
01    14.966    9.582   -4.815 -155.193   25.261  -21.205    1610363263146
02    14.425   10.310   -5.258 -163.274  -10.928    4.944    1610363263146
01    14.828    9.813   -4.827 -145.714   25.336  -18.626    1610363263168
02    14.613   10.288   -4.909 -163.027    1.237    4.338    1610363263168
01    14.738    9.819   -4.924 -132.614   21.206  -15.499    1610363263184
02    14.183   10.532   -5.926 -166.150   13.842    4.141    1610363263184
01    14.925    9.471   -4.908 -121.219   16.142  -13.489    1610363263199
02    13.930   10.595   -7.301 -170.327   24.767    5.655    1610363263199
01    15.322    8.920   -4.809 -113.752   13.868  -12.953    1610363263215
02    13.661   10.777   -9.199 -176.505   33.208    3.005    1610363263215
01    15.951    8.197   -4.677 -107.462   12.901  -12.984    1610363263231
02    14.032   11.235  -10.068  169.204   44.516   -8.629    1610363263231
01    16.401    7.920   -4.433 -103.056   13.900  -11.661    1610363263246
02    14.952   11.510   -9.723  145.423   56.156  -29.451    1610363263246
01    16.518    7.904   -4.330 -102.623   14.047  -11.588    1610363263268
02    15.596   11.701   -9.345  123.956   59.322  -48.739    1610363263268
01    16.515    7.891   -4.218 -105.075   13.079  -11.202    1610363263284
02    16.028   11.730   -9.164  110.938   60.377  -60.074    1610363263284
01    16.469    7.835   -4.089 -110.367   11.491  -10.902    1610363263300
02    16.355   11.606   -9.167  102.433   62.517  -66.855    1610363263300
01    16.405    7.653   -4.010 -118.590    9.084  -11.033    1610363263315
02    16.524   11.530   -9.169   97.374   63.518  -71.730    1610363263315
01    16.167    7.767   -4.004 -122.325    7.255  -12.069    1610363263331
02    16.564   11.475   -9.097   97.024   63.944  -72.588    1610363263331
01    16.014    7.868   -4.017 -122.476    6.118  -12.905    1610363263346
02    16.489   11.370   -9.043  102.372   65.174  -68.118    1610363263346
01    15.960    7.897   -3.965 -121.989    5.967  -13.112    1610363263369
02    16.333   11.251   -8.907  111.924   65.837  -59.918    1610363263369
01    15.921    7.908   -3.936 -121.518    5.996  -13.457    1610363263384
02    16.128   11.135   -8.777  124.340   66.078  -48.853    1610363263384
01    15.930    7.864   -3.860 -122.167    6.758  -13.713    1610363263400
02    15.934   11.015   -8.678  134.615   65.213  -39.302    1610363263400
01    15.954    7.732   -3.830 -125.741    7.936  -14.222    1610363263416
02    15.787   10.922   -8.463  141.935   64.465  -32.502    1610363263416
01    15.948    7.621   -3.855 -131.235    9.413  -14.568    1610363263431
02    15.743   10.810   -7.941  147.616   63.191  -26.740    1610363263431
01    15.900    7.587   -3.942 -140.230   12.092  -15.294    1610363263447
02    15.868   10.357   -6.630  154.524   58.726  -19.079    1610363263447
01    15.748    7.804   -4.099 -147.062   15.644  -17.190    1610363263469
02    15.648    9.636   -6.677  166.134   43.232   -5.234    1610363263469
01    15.593    8.086   -4.327 -152.017   19.270  -19.132    1610363263484
02    14.069    9.594   -8.248 -173.123  -14.282   10.934    1610363263484
01    15.434    8.431   -4.637 -154.990   21.799  -19.543    1610363263500
02    13.931   10.075   -7.256 -164.551  -20.303    2.914    1610363263500
01    15.284    8.779   -4.829 -156.932   23.084  -20.853    1610363263516
02    14.093   10.188   -6.484 -163.612  -21.420   -1.370    1610363263516
01    15.163    9.027   -4.912 -158.546   23.399  -22.408    1610363263531
02    14.178   10.275   -6.043 -163.772  -22.311   -2.674    1610363263531
01    15.074    9.192   -4.919 -159.661   23.160  -23.496    1610363263547
02    14.245   10.331   -5.722 -164.462  -22.012   -1.608    1610363263547
01    15.019    9.307   -4.884 -160.319   23.103  -24.456    1610363263569
02    14.278   10.384   -5.497 -165.086  -20.723    1.082    1610363263569
01    14.984    9.402   -4.845 -160.942   23.128  -25.534    1610363263585
02    14.273   10.427   -5.421 -165.464  -20.115    3.800    1610363263585
01    14.956    9.483   -4.822 -160.988   23.002  -26.371    1610363263600
02    14.283   10.440   -5.377 -165.753  -19.809    5.375    1610363263600
01    14.979    9.511   -4.779 -160.655   23.086  -26.848    1610363263616
02    14.286   10.453   -5.352 -165.504  -19.916    5.954    1610363263616
01    15.016    9.485   -4.758 -160.334   23.263  -26.850    1610363263632
02    14.284   10.471   -5.327 -164.965  -20.069    5.615    1610363263632
01    15.035    9.480   -4.744 -159.994   23.634  -26.790    1610363263647
02    14.303   10.467   -5.301 -164.696  -20.086    4.974    1610363263647
01    15.055    9.445   -4.766 -159.789   23.879  -26.279    1610363263670
02    14.336   10.446   -5.274 -164.665  -19.890    4.318    1610363263670
01    15.052    9.433   -4.796 -159.470   24.107  -25.641    1610363263685
02    14.362   10.427   -5.259 -164.756  -19.453    4.054    1610363263685
01    15.052    9.420   -4.813 -159.194   24.236  -25.019    1610363263701
02    14.372   10.427   -5.243 -164.840  -18.831    4.199    1610363263701
01    15.028    9.448   -4.797 -158.689   24.414  -24.506    1610363263717
02    14.383   10.434   -5.195 -165.073  -17.512    5.306    1610363263717
01    15.017    9.462   -4.806 -158.310   24.540  -24.016    1610363263732
02    14.389   10.463   -5.158 -165.207  -15.213    7.656    1610363263732
01    14.989    9.518   -4.814 -157.585   24.918  -23.710    1610363263748
02    14.390   10.508   -5.139 -165.087  -11.489   10.033    1610363263748
01    14.952    9.618   -4.823 -156.804   25.405  -23.461    1610363263770
02    14.379   10.565   -5.180 -163.490   -6.733   10.103    1610363263770
01    14.956    9.666   -4.845 -154.741   26.453  -22.866    1610363263785
02    14.417   10.564   -5.177 -161.712   -0.018    8.882    1610363263785
01    14.789    9.939   -4.834 -146.091   26.660  -20.214    1610363263801
02    14.360   10.596   -5.414 -161.837   13.081    9.069    1610363263801
01    14.681    9.947   -4.894 -132.200   22.409  -15.925    1610363263816
02    14.050   10.536   -7.157 -163.758   23.122   12.784    1610363263816
01    14.966    9.430   -4.879 -123.130   17.032  -13.074    1610363263832
02    14.040   10.427   -9.019 -170.077   33.189   11.892    1610363263832
01    15.355    8.878   -4.752 -116.034   13.594  -12.315    1610363263848
02    14.066   11.126   -9.688  174.608   40.025   -2.241    1610363263848
01    15.862    8.313   -4.530 -111.499   12.472  -10.856    1610363263870
02    14.583   11.715   -9.567  152.722   45.626  -21.497    1610363263870
01    16.216    8.001   -4.370 -109.722   12.767  -10.347    1610363263886
02    15.230   11.822   -9.465  134.658   51.619  -37.584    1610363263886
01    16.329    7.932   -4.273 -109.887   11.894  -10.146    1610363263901
02    15.814   11.769   -9.383  120.028   57.135  -50.893    1610363263901
01    16.311    7.906   -4.214 -111.596    9.666   -9.818    1610363263917
02    16.334   11.568   -9.339  106.752   62.099  -62.246    1610363263917
01    16.237    7.935   -4.168 -112.619    7.196   -9.547    1610363263933
02    16.670   11.417   -9.272   95.339   65.362  -72.404    1610363263933
01    16.216    7.930   -4.090 -112.564    5.518   -9.372    1610363263948
02    16.821   11.398   -9.162   88.601   65.995  -78.887    1610363263948
01    16.241    7.914   -3.965 -111.861    4.884   -9.000    1610363263970
02    16.921   11.372   -9.079   84.320   65.720  -82.550    1610363263970
01    16.284    7.881   -3.890 -111.250    4.603   -9.072    1610363263986
02    16.945   11.373   -9.064   83.011   65.154  -83.537    1610363263986
01    16.316    7.828   -3.821 -111.606    3.759   -8.957    1610363264001
02    16.944   11.403   -8.975   81.920   64.150  -84.642    1610363264001
01    16.318    7.770   -3.748 -112.569    3.347   -9.028    1610363264017
02    16.902   11.452   -8.950   82.814   63.526  -83.876    1610363264017
01    16.281    7.786   -3.709 -113.454    3.112   -9.240    1610363264032
02    16.889   11.450   -8.940   82.821   63.348  -83.713    1610363264032
01    16.246    7.801   -3.671 -114.598    2.990   -9.699    1610363264048
02    16.849   11.463   -8.909   83.861   63.269  -82.994    1610363264048
01    16.232    7.775   -3.634 -116.658    3.127  -10.478    1610363264070
02    16.757   11.498   -8.838   87.263   63.589  -80.599    1610363264070
01    16.213    7.712   -3.586 -119.873    3.481  -11.618    1610363264086
02    16.573   11.534   -8.704   96.212   64.520  -73.419    1610363264086
01    16.134    7.717   -3.565 -124.987    4.132  -13.555    1610363264101
02    16.293   11.464   -8.012  110.483   64.877  -61.367    1610363264101
01    16.005    7.817   -3.564 -128.691    5.464  -14.516    1610363264117
02    16.009   10.973   -6.372  128.234   62.422  -43.722    1610363264117
01    15.951    7.826   -3.583 -133.482    8.369  -14.753    1610363264132
02    15.658   10.135   -5.968  151.472   49.627  -17.278    1610363264132
01    15.914    7.768   -3.712 -141.663   11.490  -15.374    1610363264148
02    14.681   10.026   -6.513  171.448   21.480    2.834    1610363264148
01    15.815    7.769   -3.941 -152.808   13.635  -17.155    1610363264170
02    14.148   10.312   -6.480  179.853    8.986    5.284    1610363264170
01    15.487    8.174   -4.325 -161.822   15.507  -21.460    1610363264186
02    13.539   10.322   -7.314 -169.840  -11.833   11.184    1610363264186
01    15.112    8.870   -4.553 -167.182   16.960  -25.178    1610363264201
02    13.901   10.151   -6.382 -165.948  -14.297    9.114    1610363264201
01    14.907    9.320   -4.576 -170.113   16.550  -26.125    1610363264217
02    13.979   10.248   -5.974 -166.135  -17.142    9.425    1610363264217
01    14.803    9.602   -4.448 -169.933   16.397  -26.291    1610363264233
02    14.013   10.341   -5.695 -166.169  -17.589   10.582    1610363264233
01    14.778    9.711   -4.363 -168.812   16.509  -25.951    1610363264248
02    14.050   10.383   -5.504 -165.676  -17.136   11.619    1610363264248
01    14.788    9.718   -4.304 -167.537   16.792  -25.181    1610363264270
02    14.106   10.355   -5.358 -165.544  -16.345   12.417    1610363264270
01    14.795    9.693   -4.278 -166.215   17.392  -24.475    1610363264286
02    14.156   10.311   -5.268 -165.252  -15.419   12.939    1610363264286
01    14.806    9.656   -4.290 -164.855   18.069  -23.941    1610363264302
02    14.192   10.270   -5.220 -164.696  -14.291   13.131    1610363264302
01    14.814    9.630   -4.320 -163.512   18.815  -23.774    1610363264317
02    14.227   10.221   -5.209 -164.154  -13.195   13.011    1610363264317
01    14.827    9.596   -4.391 -162.522   19.409  -23.735    1610363264333
02    14.255   10.189   -5.229 -163.556  -12.490   12.049    1610363264333
01    14.841    9.565   -4.447 -162.059   19.981  -23.969    1610363264349
02    14.256   10.180   -5.282 -162.987  -12.450   10.499    1610363264349
01    14.868    9.530   -4.510 -162.190   20.321  -24.168    1610363264371
02    14.257   10.185   -5.341 -162.719  -12.582    8.626    1610363264371
01    14.881    9.527   -4.565 -162.583   20.706  -24.446    1610363264386
02    14.264   10.220   -5.365 -162.646  -12.423    6.791    1610363264386
01    14.875    9.580   -4.612 -162.517   21.211  -24.604    1610363264402
02    14.273   10.271   -5.372 -162.549  -11.637    5.707    1610363264402
01    14.867    9.645   -4.633 -161.651   22.142  -24.707    1610363264418
02    14.304   10.316   -5.352 -162.223   -9.839    5.312    1610363264418
01    14.870    9.726   -4.644 -159.328   23.602  -24.308    1610363264433
02    14.352   10.368   -5.271 -161.238   -5.834    5.509    1610363264433
01    14.739   10.003   -4.649 -150.106   25.002  -22.208    1610363264449
02    14.374   10.418   -5.261 -161.387    6.144    6.087    1610363264449
01    14.609   10.089   -4.787 -134.643   21.898  -18.482    1610363264471
02    14.230   10.471   -5.959 -162.834   18.416    8.704    1610363264471
01    14.894    9.637   -4.833 -123.279   17.995  -15.529    1610363264487
02    14.172   10.311   -7.663 -163.670   29.416   12.153    1610363264487
01    15.319    9.072   -4.824 -115.185   15.616  -14.241    1610363264502
02    14.204   10.226   -9.414 -167.123   38.377   11.477    1610363264502
01    15.849    8.466   -4.699 -109.047   14.416  -12.070    1610363264518
02    14.635   10.591   -9.968  179.797   49.717   -0.353    1610363264518
01    16.370    8.001   -4.483 -104.993   14.286   -9.692    1610363264534
02    15.295   11.038   -9.733  158.287   59.363  -21.266    1610363264534
01    16.667    7.740   -4.403 -103.270   13.879   -8.462    1610363264549
02    15.856   11.300   -9.442  135.696   63.072  -42.605    1610363264549
01    16.838    7.593   -4.326 -102.822   13.839   -7.101    1610363264572
02    16.285   11.377   -9.269  119.447   63.865  -57.389    1610363264572
01    16.891    7.547   -4.284 -103.087   13.615   -6.390    1610363264587
02    16.579   11.371   -9.203  108.616   63.954  -67.241    1610363264587
01    16.885    7.550   -4.280 -103.746   13.508   -6.536    1610363264603
02    16.760   11.372   -9.137  102.302   63.634  -73.679    1610363264603
01    16.876    7.536   -4.291 -103.851   13.389   -7.115    1610363264619
02    16.818   11.317   -9.175  100.642   64.379  -75.557    1610363264619
01    16.862    7.542   -4.314 -103.368   13.135   -7.775    1610363264635
02    16.801   11.330   -9.144  100.392   64.486  -76.592    1610363264635
01    16.828    7.582   -4.271 -102.922   13.154   -8.195    1610363264650
02    16.797   11.321   -9.098   99.112   64.565  -77.976    1610363264650
01    16.779    7.600   -4.214 -103.250   13.148   -8.432    1610363264672
02    16.763   11.353   -9.087   98.080   64.608  -78.597    1610363264672
01    16.706    7.632   -4.172 -103.991   12.807   -8.785    1610363264688
02    16.765   11.364   -9.032   96.232   64.471  -79.902    1610363264688
01    16.640    7.677   -4.063 -106.110   12.672   -9.113    1610363264704
02    16.758   11.340   -8.941   96.049   64.362  -79.843    1610363264704
01    16.599    7.577   -3.944 -111.813   12.447   -9.862    1610363264719
02    16.700   11.322   -8.825  100.839   64.865  -76.225    1610363264719
01    16.515    7.421   -3.929 -121.884   12.266  -11.812    1610363264735
02    16.615   11.219   -8.684  110.576   66.190  -67.696    1610363264735
01    16.286    7.610   -3.970 -127.810   12.949  -13.697    1610363264751
02    16.450   11.107   -8.077  124.017   66.452  -56.214    1610363264751
01    16.159    7.734   -4.047 -131.172   15.060  -14.361    1610363264773
02    16.336   10.603   -6.443  139.263   64.473  -40.202    1610363264773
01    16.101    7.759   -4.170 -135.709   17.070  -14.589    1610363264788
02    15.906   10.146   -6.146  162.109   55.502  -16.471    1610363264788
01    16.039    7.785   -4.275 -141.865   18.483  -15.095    1610363264804
02    15.295    9.897   -6.510 -179.992   36.728    2.177    1610363264804
01    15.897    7.920   -4.433 -147.541   19.103  -16.790    1610363264820
02    14.780    9.643   -7.078 -171.908   15.923   10.617    1610363264820
01    15.732    8.134   -4.627 -153.498   19.980  -18.971    1610363264835
02    13.951    9.540   -7.989 -163.253  -14.783   14.562    1610363264835
01    15.559    8.463   -4.790 -157.580   20.856  -21.142    1610363264851
02    14.088    9.760   -7.082 -160.182  -16.122    8.966    1610363264851
01    15.387    8.853   -4.886 -160.226   20.953  -23.325    1610363264873
02    14.307    9.902   -6.351 -161.238  -14.998    5.971    1610363264873
01    15.279    9.123   -4.929 -161.734   20.785  -24.408    1610363264889
02    14.420   10.019   -6.007 -162.257  -14.671    5.965    1610363264889
01    15.218    9.343   -4.892 -162.534   21.066  -25.110    1610363264904
02    14.490   10.109   -5.825 -163.357  -14.207    7.192    1610363264904
01    15.201    9.458   -4.875 -162.870   21.304  -25.483    1610363264920
02    14.521   10.198   -5.718 -163.739  -13.578    8.984    1610363264920
01    15.188    9.519   -4.861 -162.692   21.339  -25.787    1610363264935
02    14.528   10.233   -5.696 -163.916  -13.445   10.810    1610363264935
01    15.149    9.603   -4.812 -161.452   21.201  -26.154    1610363264951
02    14.515   10.255   -5.675 -163.371  -13.669   11.815    1610363264951
01    15.136    9.625   -4.747 -159.960   21.334  -26.390    1610363264973
02    14.496   10.275   -5.621 -162.214  -13.425   12.189    1610363264973
01    15.137    9.593   -4.768 -158.802   21.679  -26.313    1610363264989
02    14.496   10.279   -5.567 -161.187  -12.634   12.049    1610363264989
01    15.136    9.595   -4.806 -158.013   22.560  -26.326    1610363265005
02    14.502   10.290   -5.538 -160.411  -11.593   11.634    1610363265005
01    15.118    9.662   -4.804 -156.813   24.015  -26.412    1610363265020
02    14.511   10.308   -5.534 -159.520  -10.452   11.255    1610363265020
01    15.108    9.695   -4.834 -154.911   25.278  -26.307    1610363265036
02    14.531   10.336   -5.447 -158.160   -7.950   11.038    1610363265036
01    15.022    9.833   -4.843 -151.406   26.084  -25.941    1610363265051
02    14.623   10.348   -5.072 -157.992    0.501   10.290    1610363265051
01    14.756   10.100   -4.825 -139.677   24.672  -23.626    1610363265074
02    14.228   10.456   -6.198 -161.691   12.843    9.367    1610363265074
01    14.963    9.666   -4.865 -126.905   20.644  -20.541    1610363265089
02    14.021   10.629   -7.390 -168.390   24.555    6.189    1610363265089
01    15.431    9.022   -4.772 -118.834   17.871  -17.946    1610363265105
02    13.867   11.015   -8.478 -178.335   32.668   -1.881    1610363265105
01    15.869    8.500   -4.661 -113.280   16.558  -16.172    1610363265120
02    13.931   11.662   -9.103  166.573   38.634  -15.412    1610363265120
01    16.181    8.210   -4.541 -109.590   16.483  -14.797    1610363265136
02    14.396   12.090   -9.141  148.475   45.076  -31.120    1610363265136
01    16.355    8.071   -4.393 -107.952   16.198  -13.391    1610363265152
02    14.981   12.208   -8.978  133.069   50.441  -44.144    1610363265152
01    16.407    8.002   -4.287 -107.625   15.075  -12.938    1610363265173
02    15.491   12.123   -8.924  122.124   55.417  -52.870    1610363265173
01    16.426    7.960   -4.182 -107.611   13.409  -12.707    1610363265189
02    15.879   11.966   -8.914  113.485   59.215  -59.890    1610363265189
01    16.457    7.875   -4.067 -107.771   11.965  -12.489    1610363265205
02    16.142   11.838   -8.849  107.064   61.159  -65.646    1610363265205
01    16.490    7.802   -3.956 -107.421   10.896  -12.248    1610363265220
02    16.288   11.776   -8.791  103.551   61.543  -68.872    1610363265220
01    16.530    7.707   -3.872 -107.085   10.388  -12.141    1610363265236
02    16.361   11.756   -8.730  101.468   60.937  -70.987    1610363265236
01    16.562    7.658   -3.842 -106.567   10.211  -12.389    1610363265252
02    16.401   11.779   -8.628   99.499   59.777  -73.128    1610363265252
01    16.568    7.659   -3.791 -105.844   10.335  -12.507    1610363265274
02    16.382   11.820   -8.572   99.363   58.870  -73.472    1610363265274
01    16.547    7.694   -3.798 -105.495   10.522  -13.120    1610363265289
02    16.332   11.878   -8.541  100.089   57.972  -73.056    1610363265289
01    16.520    7.738   -3.760 -105.740   10.780  -13.536    1610363265305
02    16.286   11.905   -8.497  100.723   57.853  -72.624    1610363265305
01    16.484    7.766   -3.699 -107.706   11.062  -13.817    1610363265321
02    16.231   11.902   -8.398  103.323   58.130  -71.079    1610363265321
01    16.484    7.622   -3.619 -113.590   11.677  -14.266    1610363265336
02    16.169   11.814   -8.219  110.257   59.148  -65.849    1610363265336
01    16.455    7.383   -3.614 -125.306   12.849  -15.372    1610363265352
02    16.068   11.600   -7.402  121.304   59.861  -56.815    1610363265352
01    16.213    7.549   -3.758 -136.292   14.540  -17.372    1610363265374
02    16.094   10.828   -5.734  135.559   57.954  -42.313    1610363265374
01    15.922    7.929   -3.961 -140.595   16.301  -18.914    1610363265390
02    15.655   10.071   -5.818  158.303   45.228  -17.559    1610363265390
01    15.732    8.198   -4.117 -143.293   17.413  -19.796    1610363265405
02    14.506    9.949   -6.802  179.793   12.346    2.468    1610363265405
01    15.613    8.346   -4.234 -147.721   17.564  -20.607    1610363265421
02    13.746   10.130   -6.973 -167.109  -12.045    7.576    1610363265421
01    15.438    8.542   -4.341 -151.695   17.417  -21.410    1610363265437
02    13.641   10.249   -6.372 -158.454  -22.075    5.264    1610363265437
01    15.291    8.719   -4.452 -155.645   17.188  -21.868    1610363265452
02    13.794   10.249   -5.827 -159.543  -23.897    3.189    1610363265452
01    15.123    9.006   -4.450 -158.566   17.349  -22.923    1610363265474
02    13.944   10.302   -5.404 -161.827  -24.173    2.033    1610363265474
01    15.011    9.255   -4.435 -160.545   17.357  -23.617    1610363265490
02    14.018   10.391   -5.180 -163.431  -24.602    2.165    1610363265490
01    14.934    9.447   -4.417 -161.224   17.316  -23.882    1610363265505
02    14.078   10.453   -5.050 -164.752  -24.506    3.361    1610363265505
01    14.883    9.612   -4.377 -160.988   17.526  -24.334    1610363265521
02    14.124   10.490   -4.986 -165.601  -24.012    5.246    1610363265521
01    14.889    9.652   -4.379 -160.882   17.637  -24.674    1610363265536
02    14.143   10.512   -4.963 -165.835  -23.385    7.227    1610363265536
01    14.893    9.666   -4.383 -160.340   17.583  -24.929    1610363265552
02    14.154   10.515   -4.953 -165.809  -22.903    8.807    1610363265552
01    14.902    9.662   -4.361 -159.688   17.933  -25.088    1610363265574
02    14.172   10.507   -4.927 -165.490  -22.189    9.563    1610363265574
01    14.907    9.652   -4.372 -159.123   18.341  -25.014    1610363265590
02    14.176   10.513   -4.916 -165.065  -21.606    9.632    1610363265590
01    14.899    9.675   -4.377 -158.287   19.108  -24.724    1610363265605
02    14.177   10.524   -4.915 -164.521  -20.971    9.203    1610363265605
01    14.892    9.712   -4.401 -157.332   20.033  -24.428    1610363265621
02    14.186   10.535   -4.915 -163.981  -20.158    8.536    1610363265621
01    14.910    9.724   -4.412 -156.396   21.059  -24.108    1610363265636
02    14.194   10.548   -4.932 -163.159  -19.443    7.555    1610363265636
01    14.939    9.701   -4.462 -155.528   21.923  -23.549    1610363265652
02    14.218   10.551   -4.934 -162.371  -18.336    6.505    1610363265652
01    14.920    9.759   -4.496 -153.722   22.526  -23.217    1610363265674
02    14.315   10.575   -4.727 -161.590  -14.832    5.155    1610363265674
01    14.645   10.149   -4.467 -145.390   22.242  -22.178    1610363265690
02    14.425   10.669   -4.149 -162.119    3.927    2.654    1610363265690
01    14.554   10.167   -4.530 -129.980   19.068  -20.185    1610363265706
02    13.685   10.976   -6.265 -166.803   16.278    4.380    1610363265706
01    15.016    9.541   -4.459 -122.026   16.992  -17.633    1610363265721
02    13.758   10.972   -7.564 -170.726   29.398    5.208    1610363265721
01    15.422    9.047   -4.437 -115.741   15.827  -16.792    1610363265737
02    13.802   10.991   -8.792 -172.757   38.547    5.715    1610363265737
01    15.821    8.632   -4.363 -111.203   15.130  -15.402    1610363265752
02    14.286   11.091   -9.419  176.368   50.067   -2.132    1610363265752
01    16.114    8.353   -4.250 -108.973   14.439  -13.680    1610363265774
02    14.896   11.357   -9.463  157.538   59.121  -19.592    1610363265774
01    16.281    8.185   -4.111 -108.989   13.886  -12.348    1610363265790
02    15.482   11.544   -9.234  135.184   63.533  -40.117    1610363265790
01    16.362    8.055   -3.969 -110.906   13.226  -11.519    1610363265806
02    15.894   11.647   -9.050  119.465   64.129  -54.185    1610363265806
01    16.321    8.021   -3.898 -113.625   12.116  -11.510    1610363265821
02    16.202   11.706   -8.877  108.388   63.137  -63.914    1610363265821
01    16.228    8.018   -3.883 -115.571   10.867  -11.789    1610363265837
02    16.367   11.736   -8.829  103.282   62.104  -68.311    1610363265837
01    16.152    8.074   -3.866 -115.524   10.347  -12.171    1610363265852
02    16.449   11.783   -8.775  100.130   61.274  -71.760    1610363265852
01    16.145    8.060   -3.837 -115.368   10.344  -12.406    1610363265874
02    16.513   11.817   -8.718   97.322   60.759  -74.718    1610363265874
01    16.129    8.056   -3.829 -115.123   10.257  -12.744    1610363265890
02    16.544   11.852   -8.668   95.909   60.447  -76.296    1610363265890
01    16.128    8.019   -3.806 -115.457   10.145  -12.888    1610363265906
02    16.564   11.862   -8.639   94.567   60.669  -77.315    1610363265906
01    16.096    8.029   -3.782 -115.853    9.828  -12.949    1610363265921
02    16.579   11.858   -8.637   93.613   61.290  -77.992    1610363265921
01    16.088    7.999   -3.739 -117.315    9.592  -13.057    1610363265937
02    16.571   11.883   -8.616   93.738   61.126  -77.896    1610363265937
01    16.108    7.876   -3.684 -120.838    9.437  -13.490    1610363265953
02    16.538   11.925   -8.506   95.975   60.506  -76.380    1610363265953
01    16.086    7.729   -3.626 -128.143    9.549  -15.021    1610363265975
02    16.434   11.953   -8.332  104.222   60.221  -69.641    1610363265975
01    15.903    7.879   -3.657 -134.538    9.987  -17.298    1610363265991
02    16.220   11.892   -7.825  116.799   59.328  -58.602    1610363265991
01    15.704    8.149   -3.709 -137.096   11.413  -18.813    1610363266006
02    15.942   11.496   -6.621  130.930   56.549  -44.225    1610363266006
01    15.594    8.285   -3.822 -139.807   12.459  -19.965    1610363266022
02    15.586   10.876   -5.883  147.477   49.212  -26.811    1610363266022
01    15.562    8.262   -3.926 -146.045   12.819  -20.836    1610363266037
02    14.959   10.486   -6.049  166.163   33.438   -7.484    1610363266037
01    15.466    8.351   -4.008 -152.283   13.265  -22.021    1610363266053
02    14.258   10.298   -6.533  178.921   12.934    4.793    1610363266053
01    15.321    8.536   -4.120 -158.994   13.960  -23.737    1610363266075
02    13.485   10.284   -7.149 -170.402  -12.279   10.940    1610363266075
01    15.061    9.014   -4.195 -162.479   15.033  -25.289    1610363266091
02    13.789   10.203   -5.955 -165.114  -15.082    7.265    1610363266091
01    14.889    9.359   -4.223 -165.179   15.195  -25.669    1610363266107
02    13.854   10.291   -5.537 -164.906  -19.129    4.961    1610363266107
01    14.795    9.603   -4.180 -165.746   14.987  -25.752    1610363266122
02    13.874   10.404   -5.280 -164.986  -20.754    3.665    1610363266122
01    14.753    9.717   -4.158 -165.538   14.261  -25.663    1610363266138
02    13.891   10.468   -5.129 -164.982  -21.754    3.293    1610363266138
01    14.757    9.738   -4.136 -165.228   13.314  -25.592    1610363266153
02    13.887   10.496   -5.054 -164.724  -22.936    4.078    1610363266153
01    14.762    9.747   -4.059 -164.974   12.750  -25.618    1610363266175
02    13.897   10.507   -4.939 -164.494  -22.989    4.767    1610363266175
01    14.736    9.789   -4.018 -164.792   12.645  -25.873    1610363266191
02    13.919   10.505   -4.834 -164.590  -22.120    5.493    1610363266191
01    14.732    9.803   -4.026 -165.127   13.216  -26.086    1610363266207
02    13.950   10.517   -4.749 -164.605  -20.715    5.948    1610363266207
01    14.705    9.871   -4.070 -165.441   14.184  -26.595    1610363266222
02    13.975   10.542   -4.724 -164.761  -19.562    5.839    1610363266222
01    14.674    9.979   -4.118 -165.519   15.534  -27.267    1610363266238
02    13.978   10.602   -4.752 -164.400  -18.887    4.956    1610363266238
01    14.684   10.051   -4.148 -165.259   17.187  -27.869    1610363266253
02    13.979   10.655   -4.818 -163.483  -18.744    3.196    1610363266253
01    14.724   10.061   -4.196 -164.686   18.960  -28.348    1610363266275
02    13.991   10.701   -4.869 -162.160  -18.477    0.470    1610363266275
01    14.720   10.106   -4.287 -163.280   20.636  -28.640    1610363266291
02    14.028   10.730   -4.869 -160.833  -17.149   -2.373    1610363266291
01    14.594   10.391   -4.268 -157.862   22.764  -28.048    1610363266306
02    14.109   10.735   -4.819 -160.000  -14.250   -2.804    1610363266306
01    14.491   10.487   -4.378 -146.966   23.305  -25.057    1610363266322
02    14.251   10.773   -4.528 -162.638   -3.158   -3.989    1610363266322
01    14.550   10.297   -4.520 -133.701   21.146  -21.611    1610363266338
02    13.861   11.096   -5.355 -167.077   10.293   -3.759    1610363266338
01    14.915    9.748   -4.532 -123.764   18.107  -18.863    1610363266353
02    13.575   11.339   -6.961 -172.041   23.872   -1.335    1610363266353
01    15.314    9.229   -4.459 -116.439   16.165  -17.870    1610363266375
02    13.664   11.312   -8.767 -174.229   37.157    2.676    1610363266375
01    15.746    8.713   -4.347 -110.980   14.824  -17.071    1610363266391
02    14.308   11.271   -9.454  175.761   52.365   -2.519    1610363266391
01    16.192    8.301   -4.143 -107.249   14.967  -15.690    1610363266406
02    14.971   11.581   -9.222  150.499   61.057  -26.726    1610363266406
01    16.396    8.150   -4.081 -105.366   15.091  -15.400    1610363266422
02    15.379   11.883   -8.956  129.762   61.069  -46.707    1610363266422
01    16.438    8.140   -4.012 -105.128   15.262  -14.816    1610363266437
02    15.649   12.115   -8.748  117.147   59.288  -58.237    1610363266437
01    16.392    8.156   -3.941 -106.336   14.404  -14.428    1610363266453
02    15.823   12.247   -8.636  110.047   57.969  -64.277    1610363266453
01    16.312    8.147   -3.885 -108.035   12.659  -14.455    1610363266475
02    15.975   12.250   -8.555  105.199   57.836  -67.650    1610363266475
01    16.224    8.170   -3.802 -109.109   11.050  -14.622    1610363266491
02    16.018   12.189   -8.568  104.009   58.740  -68.038    1610363266491
01    16.174    8.140   -3.702 -109.805    9.854  -14.758    1610363266510
02    16.069   12.097   -8.535  102.365   60.291  -69.355    1610363266510
01    16.142    8.100   -3.628 -110.339    9.077  -14.835    1610363266515
02    16.096   12.023   -8.518  101.009   61.685  -70.335    1610363266515
01    16.116    8.049   -3.569 -111.098    8.633  -14.899    1610363266531
02    16.149   11.936   -8.479   99.016   62.334  -71.714    1610363266531
01    16.091    8.038   -3.531 -111.565    8.595  -14.916    1610363266547
02    16.170   11.905   -8.460   98.643   62.658  -72.035    1610363266547
01    16.100    7.983   -3.493 -112.919    8.933  -14.777    1610363266575
02    16.156   11.931   -8.338   99.789   62.200  -71.604    1610363266575
01    16.119    7.889   -3.488 -116.205    9.456  -14.646    1610363266591
02    16.089   11.963   -8.099  106.564   61.082  -65.986    1610363266591
01    16.158    7.663   -3.435 -123.013   10.623  -14.372    1610363266607
02    16.022   11.931   -7.520  116.259   58.496  -57.289    1610363266607
01    15.991    7.733   -3.577 -131.917   11.613  -16.145    1610363266622
02    15.848   11.626   -6.625  129.193   53.955  -44.503    1610363266622
01    15.738    7.976   -3.743 -137.258   10.032  -18.544    1610363266638
02    15.436   11.180   -6.028  144.014   46.082  -29.975    1610363266638
01    15.579    8.063   -3.788 -142.311    6.662  -19.566    1610363266654
02    14.824   10.809   -5.970  160.309   32.164  -13.231    1610363266654
01    15.485    8.036   -3.702 -149.883    3.640  -19.194    1610363266676
02    14.131   10.531   -6.236  173.924   14.440    1.541    1610363266676
01    15.326    8.173   -3.575 -157.021    3.495  -19.105    1610363266691
02    13.292   10.307   -6.973 -174.728  -12.167   13.719    1610363266691
01    15.062    8.572   -3.453 -161.087    5.868  -20.303    1610363266707
02    12.827   10.495   -6.567 -157.947  -36.519   11.858    1610363266707
01    14.823    8.952   -3.477 -163.455    6.084  -21.350    1610363266723
02    13.121   10.453   -5.570 -156.761  -36.290    3.677    1610363266723
01    14.592    9.419   -3.489 -162.163    5.652  -21.768    1610363266738
02    13.364   10.427   -4.956 -157.566  -36.667    1.634    1610363266738
01    14.582    9.525   -3.476 -161.838    5.059  -21.826    1610363266754
02    13.545   10.376   -4.602 -158.373  -36.735    2.288    1610363266754
01    14.589    9.575   -3.459 -161.792    4.847  -21.931    1610363266776
02    13.686   10.330   -4.369 -159.640  -35.714    4.865    1610363266776
01    14.612    9.574   -3.464 -162.692    5.326  -22.140    1610363266792
02    13.788   10.312   -4.216 -161.055  -33.889    7.461    1610363266792
01    14.581    9.683   -3.502 -163.350    6.413  -22.928    1610363266807
02    13.854   10.342   -4.146 -162.115  -31.869    9.265    1610363266807
01    14.547    9.826   -3.537 -163.674    8.397  -24.111    1610363266823
02    13.900   10.420   -4.095 -162.266  -29.078   10.036    1610363266823
01    14.499   10.000   -3.658 -163.048   10.716  -25.540    1610363266838
02    13.918   10.518   -4.133 -161.430  -26.711    9.793    1610363266838
01    14.501   10.101   -3.781 -161.975   13.079  -26.933    1610363266854
02    13.928   10.594   -4.240 -159.987  -24.958    9.068    1610363266854
01    14.517   10.137   -3.902 -160.448   14.946  -27.884    1610363266876
02    13.932   10.643   -4.355 -157.946  -23.499    8.575    1610363266876
01    14.643    9.955   -4.013 -159.919   16.535  -28.217    1610363266892
02    13.991   10.656   -4.277 -156.294  -19.818    6.157    1610363266892
01    14.571   10.094   -4.011 -156.930   17.500  -28.261    1610363266907
02    14.101   10.579   -4.106 -157.508  -12.282    4.536    1610363266907
01    14.420   10.244   -3.957 -149.943   17.270  -26.795    1610363266923
02    13.993   10.670   -4.224 -162.504    2.174    3.086    1610363266923
01    14.379   10.176   -3.942 -139.254   14.950  -24.134    1610363266939
02    13.797   10.816   -4.782 -168.083   14.532    3.610    1610363266939
01    14.614    9.792   -3.879 -132.436   12.774  -21.439    1610363266955
02    13.660   10.913   -5.757 -171.178   24.394    4.844    1610363266955
01    14.833    9.484   -3.800 -127.911   11.826  -19.883    1610363266976
02    13.513   11.026   -6.979 -174.187   30.310    4.524    1610363266976
01    14.997    9.266   -3.785 -123.523   10.788  -19.027    1610363266992
02    13.447   11.197   -8.310 -177.768   36.611    3.162    1610363266992
01    15.216    9.005   -3.761 -119.183    9.380  -18.064    1610363267008
02    13.869   11.309   -9.025  173.977   46.643   -2.745    1610363267008
01    15.527    8.688   -3.713 -115.607    8.423  -16.992    1610363267023
02    14.514   11.510   -8.993  159.905   56.606  -16.044    1610363267023
01    15.817    8.433   -3.639 -112.687    8.233  -16.253    1610363267039
02    14.941   11.740   -8.642  142.712   60.176  -33.230    1610363267039
01    16.055    8.221   -3.565 -110.566    8.283  -15.798    1610363267055
02    15.196   11.769   -8.367  133.044   59.704  -42.595    1610363267055
01    16.198    8.098   -3.500 -109.192    8.666  -15.595    1610363267077
02    15.269   11.717   -8.214  133.080   60.226  -43.392    1610363267077
01    16.233    8.067   -3.445 -108.942    9.149  -15.605    1610363267092
02    15.286   11.570   -8.075  137.200   60.917  -40.127    1610363267092
01    16.206    8.053   -3.411 -110.235    9.514  -15.703    1610363267108
02    15.231   11.417   -8.090  143.405   61.235  -34.293    1610363267108
01    16.122    8.037   -3.418 -112.155    9.505  -16.017    1610363267124
02    15.196   11.313   -8.154  147.180   61.531  -30.578    1610363267124
01    16.064    8.020   -3.422 -113.059    9.173  -16.339    1610363267139
02    15.158   11.257   -8.232  149.239   62.174  -28.803    1610363267139
01    16.045    8.014   -3.443 -113.091    8.824  -16.788    1610363267155
02    15.144   11.263   -8.271  149.361   62.838  -28.993    1610363267155
01    16.039    8.017   -3.467 -112.788    8.356  -17.156    1610363267177
02    15.145   11.285   -8.306  147.542   63.120  -30.612    1610363267177
01    16.048    8.019   -3.419 -112.651    8.028  -17.022    1610363267193
02    15.157   11.376   -8.147  143.244   62.533  -34.982    1610363267193
01    16.059    8.004   -3.367 -112.978    7.696  -16.664    1610363267208
02    15.165   11.428   -7.877  140.972   60.534  -36.927    1610363267208
01    16.057    7.996   -3.331 -113.975    7.586  -16.545    1610363267224
02    15.085   11.477   -7.619  142.804   57.146  -34.896    1610363267224
01    16.077    7.905   -3.267 -117.205    7.789  -16.592    1610363267240
02    14.992   11.429   -7.277  146.285   53.560  -31.383    1610363267240
01    16.050    7.753   -3.270 -123.886    8.002  -17.751    1610363267255
02    14.799   11.298   -6.934  152.502   50.334  -25.394    1610363267255
01    15.957    7.634   -3.350 -135.523    6.587  -19.313    1610363267277
02    14.594   11.109   -6.572  159.392   47.221  -18.624    1610363267277
01    15.766    7.734   -3.354 -145.135    5.810  -19.628    1610363267293
02    14.591   10.625   -6.164  167.474   40.963   -8.807    1610363267293
01    15.481    8.120   -3.332 -148.755    7.323  -20.519    1610363267308
02    14.152   10.130   -6.633  178.949   19.339    5.913    1610363267308
01    15.286    8.417   -3.390 -152.480    9.321  -21.290    1610363267324
02    13.406   10.085   -7.065 -170.617  -11.157   13.582    1610363267324
01    15.118    8.700   -3.517 -157.460   11.612  -22.132    1610363267340
02    13.242   10.244   -6.436 -160.039  -25.524   12.376    1610363267340
01    14.919    9.081   -3.714 -159.565   12.634  -23.247    1610363267355
02    13.472   10.243   -5.648 -159.693  -24.617   11.135    1610363267355
01    14.783    9.375   -3.791 -160.507   12.465  -23.916    1610363267377
02    13.655   10.244   -5.145 -161.302  -23.611   12.545    1610363267377
01    14.727    9.498   -3.834 -161.273   11.572  -24.136    1610363267393
02    13.725   10.256   -4.934 -162.165  -24.533   13.923    1610363267393
01    14.689    9.619   -3.785 -161.304   10.626  -24.519    1610363267409
02    13.763   10.286   -4.777 -162.714  -25.039   14.911    1610363267409
01    14.659    9.722   -3.692 -160.659   10.471  -24.543    1610363267424
02    13.789   10.323   -4.632 -162.675  -24.976   15.507    1610363267424
01    14.660    9.747   -3.667 -160.161   10.553  -24.533    1610363267440
02    13.819   10.344   -4.527 -162.417  -24.613   15.745    1610363267440
01    14.657    9.792   -3.644 -159.500   11.341  -24.808    1610363267455
02    13.849   10.367   -4.452 -161.833  -23.951   15.270    1610363267455
01    14.667    9.801   -3.662 -158.815   12.498  -25.317    1610363267478
02    13.874   10.393   -4.412 -160.830  -22.903   14.435    1610363267478
01    14.676    9.787   -3.741 -158.227   13.516  -25.882    1610363267493
02    13.893   10.380   -4.449 -159.828  -22.043   13.678    1610363267493
01    14.692    9.759   -3.778 -157.535   14.552  -26.317    1610363267509
02    13.948   10.380   -4.309 -158.820  -19.227   12.531    1610363267509
01    14.650    9.809   -3.831 -156.078   14.970  -26.208    1610363267525
02    14.110   10.357   -3.710 -158.810  -10.340   10.628    1610363267525
01    14.534    9.956   -3.778 -150.963   14.843  -25.143    1610363267540
02    13.934   10.464   -4.106 -161.113    2.189    9.908    1610363267540
01    14.533    9.903   -3.753 -143.927   13.340  -22.827    1610363267556
02    13.716   10.585   -5.091 -163.710   12.820   10.624    1610363267556
01    14.679    9.674   -3.700 -139.387   12.139  -20.632    1610363267578
02    13.705   10.565   -5.864 -165.586   20.568   11.726    1610363267578
01    14.849    9.423   -3.670 -137.746   11.668  -19.466    1610363267594
02    13.751   10.540   -6.390 -168.734   25.397   11.283    1610363267594
01    14.960    9.259   -3.664 -136.990   11.683  -19.097    1610363267609
02    13.768   10.618   -6.787 -172.287   28.729    8.951    1610363267609
01    15.050    9.124   -3.683 -136.405   11.268  -19.068    1610363267625
02    13.758   10.777   -7.216 -176.038   31.678    5.558    1610363267625
01    15.114    9.045   -3.692 -135.219   10.605  -19.101    1610363267641
02    13.747   10.993   -7.742  179.950   34.951    1.384    1610363267641
01    15.149    9.023   -3.683 -132.482    9.469  -19.185    1610363267656
02    13.833   11.218   -8.243  174.908   39.446   -3.707    1610363267656
01    15.228    8.953   -3.645 -129.315    8.217  -19.002    1610363267672
02    14.050   11.423   -8.584  168.891   45.078   -9.486    1610363267672
01    15.403    8.765   -3.582 -127.507    7.235  -18.325    1610363267694
02    14.396   11.566   -8.599  159.977   50.463  -17.552    1610363267694
01    15.551    8.597   -3.503 -126.485    6.798  -17.828    1610363267710
02    14.666   11.702   -8.488  151.314   53.673  -25.598    1610363267710
01    15.627    8.493   -3.493 -125.532    5.857  -17.630    1610363267725
02    14.856   11.790   -8.337  144.037   54.713  -31.957    1610363267725
01    15.670    8.453   -3.395 -124.412    5.785  -17.253    1610363267741
02    14.963   11.847   -8.180  139.557   55.000  -35.827    1610363267741
01    15.727    8.373   -3.372 -123.510    5.454  -17.177    1610363267757
02    15.038   11.848   -7.940  136.965   54.512  -38.047    1610363267757
01    15.801    8.308   -3.326 -123.054    6.107  -17.348    1610363267772
02    15.052   11.769   -7.659  138.330   53.451  -37.172    1610363267772
01    15.864    8.245   -3.289 -123.065    7.631  -17.470    1610363267779
02    15.004   11.592   -7.489  143.991   52.331  -32.041    1610363267779
01    15.953    8.121   -3.329 -124.684    9.663  -17.954    1610363267810
02    14.909   11.426   -7.412  151.592   51.480  -25.412    1610363267810
01    15.936    8.074   -3.440 -126.887   10.656  -18.241    1610363267826
02    14.761   11.330   -7.503  158.969   50.116  -19.192    1610363267826
01    15.900    8.045   -3.508 -129.966   11.370  -18.275    1610363267841
02    14.736   11.211   -7.533  162.805   49.906  -15.667    1610363267841
01    15.846    8.067   -3.556 -133.310   12.156  -18.287    1610363267857
02    14.877   11.070   -7.180  164.018   50.280  -14.616    1610363267857
01    15.769    8.148   -3.651 -136.935   13.183  -18.558    1610363267872
02    15.059   10.737   -6.592  167.480   46.638  -10.847    1610363267872
01    15.659    8.314   -3.789 -140.406   14.346  -18.789    1610363267879
02    14.915   10.402   -6.502  173.915   35.592   -4.644    1610363267879
01    15.561    8.461   -3.921 -143.514   15.019  -18.985    1610363267910
02    14.475   10.321   -6.607 -177.098   15.563    1.613    1610363267910
01    15.479    8.541   -4.000 -147.279   14.886  -19.023    1610363267926
02    14.178   10.408   -6.339 -170.576    6.001    4.310    1610363267926
01    15.400    8.638   -4.011 -151.709   15.560  -19.566    1610363267942
02    14.022   10.461   -6.131 -165.571    3.400    7.829    1610363267942
01    15.260    8.877   -4.091 -155.866   17.466  -21.377    1610363267961
02    13.945   10.359   -6.188 -160.653   -2.477   12.755    1610363267961
01    15.092    9.275   -4.223 -158.006   19.530  -22.764    1610363267970
02    14.059   10.206   -5.931 -159.076   -4.589   14.267    1610363267970
01    15.040    9.471   -4.292 -158.740   20.182  -22.530    1610363267979
02    14.160   10.128   -5.725 -159.625   -5.827   13.789    1610363267979
01    15.034    9.560   -4.334 -159.047   20.323  -22.039    1610363268010
02    14.226   10.118   -5.596 -159.905   -6.400   13.421    1610363268010
01    15.028    9.627   -4.378 -159.578   20.183  -21.959    1610363268026
02    14.288   10.118   -5.512 -160.704   -6.519   13.101    1610363268026
01    15.062    9.598   -4.426 -160.876   19.907  -22.156    1610363268042
02    14.307   10.142   -5.497 -161.331   -6.918   12.957    1610363268042
01    15.026    9.667   -4.412 -161.541   19.649  -22.634    1610363268057
02    14.310   10.161   -5.495 -162.051   -7.748   12.819    1610363268057
01    15.006    9.718   -4.354 -161.872   19.409  -23.056    1610363268073
02    14.268   10.219   -5.486 -161.850   -8.824   12.442    1610363268073
