01    12.937   -6.872   -7.267   68.972   76.055 -150.264    1615349884386
02     9.252   -9.075   -6.855 -171.639   36.939 -142.056    1615349884386
01    12.942   -6.865   -7.267   68.994   76.053 -150.260    1615349884402
02     9.258   -9.069   -6.851 -171.596   36.961 -142.045    1615349884402
01    12.943   -6.865   -7.264   68.950   76.055 -150.293    1615349884419
02     9.258   -9.068   -6.850 -171.602   36.955 -142.038    1615349884419
01    12.941   -6.865   -7.262   68.904   76.042 -150.326    1615349884435
02     9.258   -9.068   -6.849 -171.590   36.955 -142.030    1615349884435
01    12.939   -6.862   -7.268   68.984   76.035 -150.233    1615349884452
02     9.257   -9.069   -6.850 -171.593   36.950 -142.015    1615349884452
01    12.941   -6.868   -7.261   68.867   76.050 -150.328    1615349884469
02     9.255   -9.070   -6.850 -171.620   36.952 -142.017    1615349884469
01    12.942   -6.864   -7.263   68.879   76.047 -150.316    1615349884485
02     9.255   -9.072   -6.847 -171.634   36.957 -142.009    1615349884485
01    12.947   -6.858   -7.264   68.872   76.030 -150.352    1615349884502
02     9.257   -9.069   -6.847 -171.633   36.957 -142.022    1615349884502
01    12.947   -6.856   -7.264   68.866   76.022 -150.358    1615349884519
02     9.259   -9.065   -6.846 -171.632   36.966 -142.030    1615349884519
01    12.949   -6.856   -7.260   68.793   76.026 -150.438    1615349884536
02     9.258   -9.065   -6.845 -171.626   36.953 -142.027    1615349884536
01    12.949   -6.861   -7.255   68.697   76.040 -150.510    1615349884552
02     9.258   -9.067   -6.843 -171.635   36.951 -142.014    1615349884552
01    12.948   -6.862   -7.255   68.689   76.048 -150.512    1615349884569
02     9.257   -9.070   -6.839 -171.642   36.942 -142.006    1615349884569
01    12.948   -6.860   -7.256   68.776   76.058 -150.428    1615349884586
02     9.258   -9.069   -6.840 -171.652   36.939 -142.019    1615349884586
01    12.947   -6.862   -7.255   68.776   76.068 -150.424    1615349884602
02     9.257   -9.072   -6.837 -171.647   36.930 -141.991    1615349884602
01    12.950   -6.861   -7.255   68.787   76.061 -150.435    1615349884619
02     9.260   -9.072   -6.835 -171.628   36.924 -141.973    1615349884619
01    12.948   -6.864   -7.257   68.865   76.075 -150.337    1615349884636
02     9.262   -9.072   -6.834 -171.628   36.927 -141.975    1615349884636
01    12.946   -6.866   -7.260   68.906   76.094 -150.270    1615349884652
02     9.265   -9.074   -6.833 -171.612   36.933 -141.961    1615349884653
01    12.949   -6.865   -7.259   68.845   76.091 -150.353    1615349884669
02     9.265   -9.071   -6.839 -171.630   36.918 -141.997    1615349884669
01    12.949   -6.869   -7.258   68.803   76.112 -150.382    1615349884686
02     9.266   -9.072   -6.839 -171.638   36.920 -141.998    1615349884686
01    12.954   -6.869   -7.253   68.644   76.126 -150.573    1615349884702
02     9.266   -9.074   -6.839 -171.650   36.916 -141.995    1615349884702
01    12.956   -6.867   -7.253   68.627   76.110 -150.612    1615349884719
02     9.267   -9.075   -6.839 -171.663   36.922 -142.000    1615349884719
01    12.957   -6.872   -7.250   68.589   76.139 -150.635    1615349884736
02     9.269   -9.073   -6.840 -171.658   36.922 -142.019    1615349884736
01    12.956   -6.873   -7.252   68.647   76.141 -150.562    1615349884753
02     9.271   -9.074   -6.837 -171.660   36.927 -142.009    1615349884753
01    12.956   -6.882   -7.248   68.495   76.164 -150.685    1615349884769
02     9.271   -9.076   -6.832 -171.654   36.938 -141.990    1615349884769
01    12.960   -6.884   -7.238   68.302   76.179 -150.875    1615349884786
02     9.276   -9.079   -6.822 -171.623   36.945 -141.952    1615349884786
01    12.964   -6.876   -7.241   68.384   76.181 -150.843    1615349884803
02     9.275   -9.076   -6.823 -171.621   36.937 -141.954    1615349884803
01    12.963   -6.878   -7.244   68.519   76.187 -150.724    1615349884819
02     9.271   -9.083   -6.820 -171.631   36.922 -141.923    1615349884819
01    12.965   -6.878   -7.238   68.420   76.200 -150.836    1615349884836
02     9.275   -9.084   -6.811 -171.591   36.956 -141.868    1615349884836
01    12.961   -6.881   -7.240   68.483   76.218 -150.762    1615349884853
02     9.276   -9.081   -6.812 -171.586   36.961 -141.871    1615349884853
01    12.960   -6.879   -7.242   68.528   76.217 -150.722    1615349884869
02     9.276   -9.077   -6.815 -171.587   36.949 -141.899    1615349884869
01    12.959   -6.883   -7.240   68.425   76.249 -150.812    1615349884886
02     9.273   -9.079   -6.815 -171.598   36.923 -141.875    1615349884886
01    12.962   -6.882   -7.238   68.348   76.243 -150.884    1615349884903
02     9.276   -9.076   -6.814 -171.592   36.935 -141.871    1615349884903
01    12.962   -6.881   -7.237   68.361   76.235 -150.872    1615349884920
02     9.271   -9.080   -6.813 -171.623   36.934 -141.854    1615349884920
01    12.963   -6.875   -7.237   68.401   76.228 -150.849    1615349884936
02     9.273   -9.078   -6.810 -171.633   36.967 -141.839    1615349884936
01    12.960   -6.879   -7.237   68.428   76.227 -150.779    1615349884953
02     9.271   -9.077   -6.812 -171.669   36.962 -141.851    1615349884953
01    12.962   -6.874   -7.237   68.420   76.228 -150.803    1615349884970
02     9.268   -9.074   -6.815 -171.714   36.935 -141.883    1615349884970
01    12.962   -6.874   -7.234   68.325   76.229 -150.890    1615349884986
02     9.268   -9.073   -6.815 -171.736   36.946 -141.889    1615349884986
01    12.962   -6.875   -7.230   68.211   76.231 -150.993    1615349884989
02     9.269   -9.069   -6.812 -171.719   36.964 -141.865    1615349884989
01    12.968   -6.869   -7.221   67.961   76.219 -151.275    1615349885004
02     9.267   -9.068   -6.811 -171.751   36.962 -141.862    1615349885004
01    12.964   -6.867   -7.226   68.080   76.214 -151.132    1615349885036
02     9.263   -9.068   -6.813 -171.803   36.925 -141.867    1615349885036
01    12.962   -6.863   -7.232   68.235   76.193 -150.970    1615349885051
02     9.262   -9.063   -6.813 -171.810   36.922 -141.907    1615349885051
01    12.956   -6.873   -7.229   68.118   76.215 -151.011    1615349885069
02     9.261   -9.061   -6.812 -171.809   36.905 -141.887    1615349885069
01    12.957   -6.865   -7.233   68.278   76.208 -150.876    1615349885086
02     9.255   -9.061   -6.810 -171.844   36.887 -141.882    1615349885086
01    12.956   -6.867   -7.230   68.183   76.214 -150.949    1615349885102
02     9.254   -9.056   -6.812 -171.843   36.881 -141.895    1615349885102
01    12.954   -6.865   -7.234   68.282   76.194 -150.829    1615349885119
02     9.251   -9.054   -6.816 -171.867   36.877 -141.911    1615349885119
01    12.954   -6.866   -7.232   68.249   76.193 -150.845    1615349885136
02     9.255   -9.051   -6.813 -171.846   36.907 -141.895    1615349885136
01    12.955   -6.865   -7.234   68.193   76.196 -150.893    1615349885152
02     9.256   -9.048   -6.817 -171.862   36.919 -141.923    1615349885152
01    12.957   -6.863   -7.234   68.140   76.193 -150.941    1615349885169
02     9.259   -9.047   -6.816 -171.853   36.948 -141.913    1615349885169
01    12.955   -6.863   -7.241   68.310   76.184 -150.765    1615349885186
02     9.257   -9.047   -6.821 -171.871   36.942 -141.920    1615349885186
01    12.957   -6.866   -7.237   68.129   76.182 -150.923    1615349885202
02     9.259   -9.047   -6.823 -171.872   36.959 -141.919    1615349885203
01    12.959   -6.861   -7.240   68.221   76.157 -150.861    1615349885219
02     9.261   -9.043   -6.829 -171.873   36.946 -141.946    1615349885219
01    12.963   -6.857   -7.239   68.222   76.145 -150.900    1615349885236
02     9.258   -9.047   -6.829 -171.895   36.944 -141.955    1615349885236
01    12.960   -6.862   -7.236   68.141   76.167 -150.941    1615349885253
02     9.256   -9.053   -6.822 -171.907   36.950 -141.931    1615349885253
01    12.962   -6.863   -7.232   68.084   76.164 -151.011    1615349885269
02     9.258   -9.052   -6.819 -171.889   36.944 -141.921    1615349885269
01    12.964   -6.864   -7.225   67.938   76.170 -151.167    1615349885286
02     9.257   -9.051   -6.818 -171.892   36.924 -141.930    1615349885286
01    12.960   -6.865   -7.227   68.067   76.181 -151.028    1615349885303
02     9.253   -9.052   -6.816 -171.918   36.909 -141.944    1615349885303
01    12.962   -6.861   -7.223   68.099   76.159 -151.020    1615349885319
02     9.253   -9.052   -6.811 -171.912   36.905 -141.947    1615349885319
01    12.961   -6.861   -7.219   68.110   76.169 -151.015    1615349885336
02     9.254   -9.051   -6.806 -171.892   36.902 -141.941    1615349885336
01    12.960   -6.860   -7.218   68.133   76.175 -150.975    1615349885353
02     9.253   -9.049   -6.801 -171.886   36.898 -141.943    1615349885353
01    12.957   -6.862   -7.215   68.168   76.189 -150.921    1615349885369
02     9.250   -9.045   -6.798 -171.908   36.895 -141.964    1615349885369
01    12.953   -6.863   -7.214   68.193   76.194 -150.868    1615349885386
02     9.253   -9.044   -6.789 -171.902   36.901 -141.960    1615349885386
01    12.949   -6.863   -7.210   68.193   76.205 -150.836    1615349885403
02     9.250   -9.042   -6.788 -171.895   36.896 -141.954    1615349885403
01    12.946   -6.857   -7.217   68.410   76.192 -150.611    1615349885419
02     9.251   -9.035   -6.796 -171.896   36.882 -141.997    1615349885419
01    12.946   -6.853   -7.218   68.448   76.170 -150.583    1615349885436
02     9.248   -9.036   -6.798 -171.895   36.858 -142.005    1615349885436
01    12.945   -6.855   -7.218   68.500   76.188 -150.529    1615349885453
02     9.248   -9.038   -6.797 -171.894   36.867 -142.002    1615349885453
01    12.944   -6.854   -7.219   68.490   76.165 -150.532    1615349885470
02     9.245   -9.041   -6.799 -171.895   36.856 -141.996    1615349885470
01    12.945   -6.856   -7.216   68.491   76.161 -150.527    1615349885486
02     9.246   -9.044   -6.796 -171.908   36.885 -141.998    1615349885486
01    12.945   -6.853   -7.218   68.512   76.120 -150.514    1615349885503
02     9.248   -9.041   -6.801 -171.899   36.883 -142.018    1615349885503
01    12.946   -6.854   -7.218   68.499   76.116 -150.532    1615349885519
02     9.247   -9.042   -6.806 -171.912   36.871 -142.053    1615349885519
01    12.945   -6.855   -7.217   68.436   76.080 -150.573    1615349885535
02     9.245   -9.045   -6.804 -171.903   36.882 -142.023    1615349885535
01    12.944   -6.856   -7.221   68.566   76.058 -150.424    1615349885552
02     9.244   -9.046   -6.808 -171.926   36.879 -142.035    1615349885552
01    12.944   -6.854   -7.226   68.886   76.023 -150.137    1615349885569
02     9.240   -9.047   -6.814 -171.945   36.855 -142.046    1615349885569
01    12.944   -6.854   -7.227   68.791   75.988 -150.233    1615349885585
02     9.245   -9.044   -6.814 -171.952   36.882 -142.068    1615349885585
01    12.944   -6.851   -7.229   68.830   75.944 -150.211    1615349885602
02     9.244   -9.044   -6.817 -171.996   36.883 -142.103    1615349885602
01    12.942   -6.854   -7.230   68.953   75.934 -150.069    1615349885619
02     9.244   -9.042   -6.821 -172.042   36.875 -142.177    1615349885619
01    12.946   -6.851   -7.231   68.978   75.912 -150.113    1615349885636
02     9.247   -9.041   -6.822 -172.045   36.903 -142.209    1615349885636
01    12.945   -6.853   -7.233   68.974   75.925 -150.108    1615349885652
02     9.248   -9.044   -6.821 -172.091   36.930 -142.219    1615349885652
01    12.944   -6.856   -7.236   69.058   75.916 -150.013    1615349885669
02     9.248   -9.044   -6.827 -172.107   36.891 -142.266    1615349885669
01    12.946   -6.858   -7.235   68.980   75.936 -150.114    1615349885686
02     9.250   -9.047   -6.828 -172.087   36.908 -142.257    1615349885686
01    12.947   -6.860   -7.237   69.016   75.934 -150.088    1615349885702
02     9.249   -9.053   -6.829 -172.082   36.910 -142.234    1615349885702
01    12.948   -6.860   -7.238   69.067   75.921 -150.082    1615349885719
02     9.246   -9.055   -6.837 -172.095   36.900 -142.251    1615349885719
01    12.948   -6.857   -7.245   69.322   75.917 -149.876    1615349885736
02     9.246   -9.058   -6.841 -172.100   36.887 -142.257    1615349885736
01    12.950   -6.856   -7.244   69.289   75.892 -149.956    1615349885752
02     9.253   -9.058   -6.836 -172.069   36.920 -142.228    1615349885752
01    12.948   -6.862   -7.241   69.109   75.931 -150.101    1615349885769
02     9.254   -9.058   -6.835 -172.052   36.935 -142.199    1615349885769
01    12.951   -6.856   -7.241   69.156   75.901 -150.103    1615349885786
02     9.257   -9.055   -6.837 -172.058   36.967 -142.205    1615349885786
01    12.956   -6.852   -7.239   68.942   75.866 -150.360    1615349885803
02     9.255   -9.051   -6.845 -172.090   36.973 -142.237    1615349885803
01    12.953   -6.854   -7.244   69.059   75.858 -150.192    1615349885819
02     9.257   -9.045   -6.849 -172.123   37.005 -142.266    1615349885819
01    12.952   -6.858   -7.245   69.035   75.858 -150.187    1615349885836
02     9.258   -9.035   -6.858 -172.137   36.991 -142.301    1615349885836
01    12.953   -6.856   -7.245   68.966   75.845 -150.286    1615349885853
02     9.255   -9.039   -6.857 -172.179   37.000 -142.284    1615349885853
01    12.950   -6.859   -7.246   68.973   75.865 -150.249    1615349885869
02     9.253   -9.041   -6.856 -172.259   37.029 -142.293    1615349885869
01    12.948   -6.861   -7.247   69.027   75.870 -150.219    1615349885872
02     9.252   -9.041   -6.858 -172.333   37.042 -142.316    1615349885872
01    12.947   -6.857   -7.251   69.220   75.849 -150.091    1615349885888
02     9.255   -9.035   -6.859 -172.391   37.071 -142.357    1615349885888
01    12.947   -6.856   -7.251   69.340   75.858 -150.049    1615349885919
02     9.256   -9.033   -6.861 -172.423   37.038 -142.373    1615349885919
01    12.942   -6.855   -7.255   69.760   75.885 -149.723    1615349885936
02     9.258   -9.031   -6.866 -172.479   37.051 -142.398    1615349885936
01    12.939   -6.854   -7.257   70.272   75.896 -149.384    1615349885952
02     9.257   -9.033   -6.866 -172.565   37.064 -142.358    1615349885952
01    12.915   -6.860   -7.272   71.539   75.996 -148.235    1615349885969
02     9.266   -9.029   -6.866 -172.680   37.202 -142.380    1615349885969
01    12.900   -6.874   -7.267   72.705   76.121 -147.489    1615349885987
02     9.271   -9.025   -6.881 -173.041   37.253 -142.578    1615349885987
01    12.879   -6.879   -7.257   75.234   76.161 -145.702    1615349886002
02     9.286   -9.018   -6.909 -173.616   37.589 -142.903    1615349886002
01    12.812   -6.912   -7.240   79.477   76.242 -142.343    1615349886019
02     9.339   -8.954   -6.984 -174.891   38.549 -144.226    1615349886019
01    12.727   -6.949   -7.193   85.924   76.292 -137.199    1615349886036
02     9.450   -8.833   -7.008 -177.432   40.488 -146.452    1615349886036
01    12.616   -7.002   -7.132   95.704   76.107 -128.964    1615349886052
02     9.568   -8.636   -7.032  177.447   42.450 -150.584    1615349886052
01    12.475   -7.068   -7.044  108.559   75.296 -117.857    1615349886069
02     9.704   -8.378   -7.066  169.392   44.136 -156.936    1615349886069
01    12.293   -7.135   -7.013  122.710   73.358 -105.197    1615349886086
02     9.842   -8.104   -7.099  159.175   44.925 -164.924    1615349886086
01    12.089   -7.228   -7.012  134.069   70.885  -95.193    1615349886102
02    10.001   -7.812   -7.160  148.211   44.447 -173.849    1615349886102
01    11.897   -7.317   -7.014  144.666   68.165  -86.264    1615349886119
02    10.187   -7.617   -7.148  137.116   43.712  177.030    1615349886119
01    11.770   -7.372   -7.050  146.863   66.793  -85.781    1615349886136
02    10.241   -7.594   -7.130  135.726   42.732  173.872    1615349886136
01    11.739   -7.342   -7.101  145.123   66.466  -88.967    1615349886152
02    10.265   -7.607   -7.109  136.929   42.347  173.649    1615349886153
01    11.745   -7.330   -7.122  141.642   66.774  -93.436    1615349886169
02    10.287   -7.580   -7.165  138.147   41.931  173.311    1615349886169
01    11.794   -7.285   -7.107  137.926   67.303  -98.117    1615349886186
02    10.350   -7.564   -7.163  138.476   42.193  172.111    1615349886186
01    11.855   -7.238   -7.104  134.067   67.750 -102.538    1615349886203
02    10.400   -7.521   -7.196  137.880   41.979  170.628    1615349886203
01    11.907   -7.209   -7.121  130.804   68.056 -106.302    1615349886219
02    10.460   -7.468   -7.259  137.126   41.731  168.965    1615349886219
01    11.963   -7.195   -7.129  128.353   68.511 -109.066    1615349886236
02    10.536   -7.437   -7.285  136.409   41.929  167.559    1615349886236
01    12.014   -7.193   -7.140  126.890   69.021 -110.602    1615349886253
02    10.594   -7.430   -7.303  135.742   42.204  166.726    1615349886253
01    12.049   -7.202   -7.165  126.408   69.466 -111.009    1615349886269
02    10.622   -7.443   -7.330  135.277   42.501  166.297    1615349886269
01    12.073   -7.235   -7.182  126.295   70.057 -110.829    1615349886286
02    10.658   -7.455   -7.346  134.850   42.869  166.019    1615349886286
01    12.096   -7.273   -7.194  126.324   70.645 -110.378    1615349886303
02    10.666   -7.481   -7.380  134.479   43.200  166.081    1615349886303
01    12.113   -7.317   -7.207  126.303   71.241 -109.769    1615349886319
02    10.682   -7.503   -7.391  134.015   43.650  166.198    1615349886319
01    12.127   -7.360   -7.231  126.131   71.878 -109.163    1615349886336
02    10.692   -7.508   -7.434  133.377   43.989  166.326    1615349886336
01    12.159   -7.400   -7.270  125.414   72.617 -109.004    1615349886353
02    10.709   -7.506   -7.502  132.660   44.493  166.535    1615349886353
01    12.212   -7.427   -7.354  122.624   73.621 -110.307    1615349886370
02    10.731   -7.472   -7.670  131.353   45.146  166.449    1615349886370
01    12.328   -7.428   -7.412  114.447   75.316 -116.590    1615349886386
02    10.820   -7.409   -7.919  129.568   46.744  165.436    1615349886386
01    12.498   -7.415   -7.464  102.052   77.273 -127.046    1615349886403
02    10.925   -7.455   -8.131  130.284   50.195  166.624    1615349886403
01    12.786   -7.265   -7.621   81.062   77.611 -145.784    1615349886420
02    10.879   -7.772   -8.266  135.529   55.999  172.061    1615349886420
01    13.385   -7.120   -7.461   40.948   71.423  178.320    1615349886436
02    10.717   -8.277   -8.291  150.350   62.032 -174.154    1615349886436
01    14.058   -7.059   -7.044   21.195   58.540  164.904    1615349886453
02    10.445   -8.976   -8.123 -179.010   62.397 -146.996    1615349886453
01    14.479   -7.061   -6.787   13.860   47.762  164.345    1615349886469
02    10.313   -9.497   -7.870 -153.498   54.659 -126.493    1615349886469
01    14.617   -7.130   -6.767    9.818   43.722  165.412    1615349886485
02    10.234   -9.623   -7.631 -143.695   46.546 -118.187    1615349886485
01    14.705   -7.071   -6.788    9.102   42.088  167.283    1615349886502
02    10.093   -9.743   -7.464 -141.828   40.200 -115.264    1615349886502
01    14.769   -6.931   -6.761   10.756   41.155  169.571    1615349886519
02    10.056   -9.795   -7.428 -139.788   38.102 -114.607    1615349886519
01    14.763   -6.821   -6.754   13.367   40.931  172.109    1615349886535
02    10.090   -9.800   -7.400 -137.938   37.723 -114.460    1615349886535
01    14.720   -6.745   -6.784   16.112   41.380  174.418    1615349886552
02    10.118   -9.811   -7.390 -136.914   37.438 -114.771    1615349886552
01    14.673   -6.715   -6.811   18.306   42.124  176.101    1615349886554
02    10.133   -9.815   -7.373 -136.219   37.154 -115.066    1615349886554
01    14.634   -6.705   -6.852   19.503   42.870  176.941    1615349886586
02    10.120   -9.836   -7.350 -136.173   36.678 -115.334    1615349886586
01    14.599   -6.713   -6.887   20.024   43.494  177.312    1615349886603
02    10.102   -9.850   -7.317 -136.205   36.164 -115.525    1615349886603
01    14.590   -6.717   -6.881   20.301   43.621  177.338    1615349886620
02    10.070   -9.867   -7.286 -136.565   35.713 -115.713    1615349886620
01    14.580   -6.716   -6.869   20.458   43.669  177.345    1615349886636
02    10.038   -9.869   -7.269 -137.015   35.391 -115.993    1615349886636
01    14.561   -6.692   -6.884   20.816   43.822  177.536    1615349886653
02    10.018   -9.861   -7.249 -137.321   35.233 -116.241    1615349886653
01    14.527   -6.691   -6.882   21.164   43.952  177.403    1615349886656
02    10.019   -9.820   -7.260 -137.701   35.465 -116.708    1615349886656
01    14.461   -6.667   -6.909   22.206   44.538  177.361    1615349886671
02    10.035   -9.732   -7.403 -139.263   37.373 -118.169    1615349886671
01    14.319   -6.666   -6.961   24.292   45.901  177.304    1615349886703
02    10.155   -9.567   -7.628 -142.391   42.814 -121.122    1615349886703
01    13.941   -6.789   -7.045   29.474   49.760  177.576    1615349886718
02    10.409   -9.251   -7.752 -151.649   53.099 -129.747    1615349886718
01    13.425   -7.074   -7.124   39.532   58.187 -179.411    1615349886734
02    10.774   -8.553   -7.497 -178.055   61.550 -152.266    1615349886734
01    12.921   -7.418   -7.052   56.147   69.137 -167.850    1615349886750
02    10.954   -7.951   -7.160  147.678   58.164 -177.011    1615349886750
01    12.436   -7.528   -7.278  100.266   75.116 -126.811    1615349886770
02    10.829   -7.863   -6.988  121.765   48.934  167.948    1615349886770
01    12.255   -7.570   -7.224  118.200   74.321 -111.476    1615349886786
02    10.736   -7.715   -6.999  123.050   43.600  167.251    1615349886787
01    12.134   -7.579   -7.208  122.460   72.616 -109.150    1615349886803
02    10.626   -7.662   -7.048  124.977   40.254  166.836    1615349886803
01    12.101   -7.548   -7.203  123.057   71.445 -110.344    1615349886806
02    10.572   -7.618   -7.098  126.774   38.183  165.819    1615349886806
01    12.115   -7.515   -7.195  123.378   70.911 -111.253    1615349886821
02    10.570   -7.582   -7.120  128.193   37.166  164.981    1615349886821
01    12.123   -7.523   -7.205  124.537   70.827 -110.532    1615349886853
02    10.580   -7.563   -7.143  129.040   36.706  164.523    1615349886853
01    12.144   -7.530   -7.226  125.260   71.011 -109.966    1615349886869
02    10.606   -7.552   -7.157  129.559   36.723  164.401    1615349886869
01    12.167   -7.555   -7.243  125.818   71.473 -109.353    1615349886886
02    10.631   -7.551   -7.174  129.826   37.058  164.604    1615349886886
01    12.188   -7.573   -7.271  125.808   72.013 -109.107    1615349886889
02    10.657   -7.552   -7.190  129.972   37.626  165.218    1615349886889
01    12.194   -7.624   -7.300  125.674   72.866 -108.673    1615349886905
02    10.671   -7.566   -7.215  130.130   38.463  166.382    1615349886905
01    12.192   -7.687   -7.345  126.000   73.972 -107.841    1615349886936
02    10.671   -7.596   -7.250  130.501   39.608  168.192    1615349886936
01    12.207   -7.759   -7.378  125.268   75.557 -108.141    1615349886952
02    10.636   -7.660   -7.337  131.079   40.975  170.320    1615349886952
01    12.259   -7.814   -7.378  119.998   77.367 -113.153    1615349886969
02    10.617   -7.750   -7.447  131.975   43.306  171.557    1615349886969
01    12.368   -7.809   -7.375  108.831   78.680 -123.690    1615349886972
02    10.621   -7.880   -7.661  133.495   46.158  172.852    1615349886972
01    12.559   -7.714   -7.410   90.850   78.889 -140.348    1615349886988
02    10.575   -8.193   -7.896  138.409   50.885  177.033    1615349886988
01    12.974   -7.533   -7.349   56.961   74.957 -171.277    1615349887019
02    10.474   -8.646   -7.975  152.856   57.456 -170.051    1615349887019
01    13.601   -7.313   -7.132   33.612   64.803  170.861    1615349887035
02    10.259   -9.325   -7.848  179.564   59.276 -145.748    1615349887035
01    14.105   -7.251   -6.832   20.859   53.862  165.080    1615349887050
02    10.150   -9.868   -7.593 -155.898   52.790 -126.497    1615349887050
01    14.372   -7.243   -6.741   15.315   47.792  164.782    1615349887066
02    10.138  -10.039   -7.341 -144.533   45.361 -117.951    1615349887066
01    14.494   -7.214   -6.738   12.693   45.464  165.285    1615349887081
02    10.062  -10.018   -7.195 -142.801   40.060 -114.992    1615349887081
01    14.560   -7.102   -6.783   12.927   44.241  166.482    1615349887097
02     9.988  -10.045   -7.176 -141.806   36.713 -113.971    1615349887097
01    14.580   -6.994   -6.802   14.205   43.743  167.585    1615349887120
02    10.002  -10.082   -7.183 -139.808   36.230 -113.012    1615349887120
01    14.585   -6.922   -6.794   15.431   43.307  168.349    1615349887136
02    10.052  -10.087   -7.187 -137.798   36.208 -112.384    1615349887136
01    14.580   -6.870   -6.788   16.348   43.010  169.115    1615349887152
02    10.095  -10.081   -7.178 -136.546   36.094 -112.137    1615349887152
01    14.572   -6.858   -6.797   16.837   43.053  169.642    1615349887169
02    10.115  -10.064   -7.170 -136.066   35.886 -112.195    1615349887169
01    14.570   -6.843   -6.792   17.180   43.092  169.970    1615349887186
02    10.106  -10.054   -7.157 -136.296   35.522 -112.379    1615349887186
01    14.551   -6.829   -6.803   17.713   43.346  170.365    1615349887202
02    10.095  -10.044   -7.147 -136.617   35.286 -112.589    1615349887202
01    14.513   -6.824   -6.808   18.606   43.847  170.886    1615349887218
02    10.085  -10.035   -7.146 -136.933   35.314 -112.919    1615349887218
01    14.451   -6.792   -6.830   20.413   44.748  171.905    1615349887233
02    10.087  -10.020   -7.180 -137.489   36.046 -113.494    1615349887233
01    14.333   -6.776   -6.869   23.240   46.536  173.569    1615349887249
02    10.113   -9.995   -7.276 -138.245   38.355 -114.577    1615349887249
01    14.147   -6.780   -6.906   27.581   49.275  176.030    1615349887264
02    10.190   -9.911   -7.406 -139.427   42.535 -116.648    1615349887264
01    13.783   -6.883   -6.944   35.348   54.494 -179.201    1615349887286
02    10.355   -9.636   -7.617 -142.846   48.025 -120.528    1615349887286
01    13.276   -7.093   -6.952   49.306   62.431 -169.360    1615349887303
02    10.570   -9.133   -7.616 -153.442   55.660 -129.619    1615349887303
01    12.740   -7.393   -6.936   73.235   70.818 -148.762    1615349887320
02    10.865   -8.455   -7.295 -179.198   61.850 -149.502    1615349887320
01    12.308   -7.579   -6.997  118.354   74.328 -106.999    1615349887322
02    10.954   -8.121   -6.904  141.564   59.439 -177.613    1615349887322
01    11.960   -7.745   -7.148  137.660   71.571  -89.455    1615349887352
02    10.629   -8.053   -7.170  134.657   50.349  178.052    1615349887352
01    11.936   -7.778   -7.112  139.520   71.414  -88.729    1615349887369
02    10.573   -8.041   -7.194  134.446   49.003  176.497    1615349887369
01    11.944   -7.779   -7.122  137.419   71.273  -91.536    1615349887372
02    10.566   -8.017   -7.250  134.299   48.031  174.399    1615349887372
01    12.000   -7.740   -7.104  134.576   71.307  -95.181    1615349887388
02    10.603   -7.999   -7.270  133.813   47.819  172.127    1615349887388
01    12.063   -7.694   -7.108  132.300   71.378  -97.946    1615349887419
02    10.665   -7.951   -7.297  133.318   47.623  170.086    1615349887419
01    12.107   -7.672   -7.124  130.873   71.570  -99.194    1615349887436
02    10.734   -7.901   -7.311  132.677   47.686  168.667    1615349887436
01    12.146   -7.656   -7.133  130.378   71.833  -99.404    1615349887453
02    10.777   -7.875   -7.319  132.183   47.792  168.080    1615349887453
01    12.156   -7.663   -7.141  130.866   72.066  -98.521    1615349887469
02    10.810   -7.854   -7.318  131.960   47.885  167.955    1615349887469
01    12.154   -7.673   -7.167  131.877   72.235  -97.137    1615349887486
02    10.821   -7.848   -7.324  132.017   48.003  168.378    1615349887486
01    12.145   -7.693   -7.200  133.147   72.542  -95.295    1615349887503
02    10.820   -7.838   -7.347  132.244   48.148  169.242    1615349887503
01    12.130   -7.739   -7.228  133.968   73.182  -93.613    1615349887505
02    10.813   -7.829   -7.382  132.297   48.547  170.336    1615349887505
01    12.142   -7.768   -7.286  133.531   74.136  -93.334    1615349887536
02    10.807   -7.821   -7.463  132.276   49.229  171.627    1615349887536
01    12.184   -7.803   -7.356  130.227   75.631  -95.715    1615349887552
02    10.793   -7.853   -7.600  131.875   50.520  173.019    1615349887552
01    12.339   -7.758   -7.474  119.761   77.559 -105.873    1615349887569
02    10.792   -7.940   -7.671  133.020   53.066  174.673    1615349887569
01    12.771   -7.623   -7.507   74.951   78.582 -149.326    1615349887586
02    10.645   -8.212   -7.846  139.726   56.231 -178.738    1615349887586
01    13.465   -7.539   -7.207   26.308   67.672  166.663    1615349887602
02    10.400   -8.741   -7.849  160.524   60.393 -159.084    1615349887602
01    14.040   -7.532   -6.858   12.218   55.496  159.386    1615349887619
02    10.095   -9.434   -7.622 -169.306   56.225 -132.669    1615349887619
01    14.370   -7.495   -6.732    7.327   48.466  160.096    1615349887636
02     9.989   -9.774   -7.338 -152.296   47.952 -120.102    1615349887636
01    14.508   -7.467   -6.727    5.007   46.030  161.318    1615349887652
02     9.938   -9.752   -7.116 -147.239   41.109 -115.434    1615349887652
01    14.574   -7.354   -6.729    5.293   44.941  162.998    1615349887669
02     9.782   -9.817   -7.044 -147.297   36.132 -114.397    1615349887669
01    14.603   -7.193   -6.745    7.208   44.557  164.917    1615349887686
02     9.759   -9.842   -7.071 -145.472   35.071 -114.214    1615349887686
01    14.582   -7.043   -6.775    9.830   44.677  166.741    1615349887702
02     9.807   -9.859   -7.063 -143.065   35.232 -113.661    1615349887702
01    14.538   -6.973   -6.796   11.787   44.997  168.009    1615349887719
02     9.842   -9.864   -7.061 -141.657   35.075 -113.569    1615349887719
01    14.480   -6.934   -6.823   13.419   45.683  168.931    1615349887736
02     9.865   -9.868   -7.048 -140.783   34.912 -113.394    1615349887736
01    14.436   -6.892   -6.824   15.405   46.458  169.907    1615349887752
02     9.870   -9.870   -7.027 -140.593   34.705 -113.360    1615349887752
01    14.348   -6.850   -6.859   18.448   47.774  171.804    1615349887769
02     9.858   -9.870   -7.039 -141.050   34.677 -113.783    1615349887769
01    14.223   -6.827   -6.872   22.564   49.498  174.294    1615349887786
02     9.853   -9.851   -7.128 -142.353   36.192 -114.844    1615349887786
01    14.025   -6.828   -6.892   28.285   52.049  177.910    1615349887803
02     9.917   -9.806   -7.278 -143.675   40.262 -116.456    1615349887803
01    13.776   -6.877   -6.880   35.687   55.453 -177.236    1615349887819
02    10.065   -9.668   -7.431 -145.585   46.099 -118.944    1615349887819
01    13.410   -7.008   -6.922   48.169   61.356 -167.774    1615349887836
02    10.336   -9.279   -7.548 -150.878   52.383 -123.475    1615349887836
01    12.927   -7.253   -7.001   67.726   68.853 -150.898    1615349887853
02    10.702   -8.651   -7.462 -166.821   59.858 -135.713    1615349887853
01    12.449   -7.574   -7.046  101.679   74.635 -118.837    1615349887869
02    10.971   -8.155   -7.186  158.118   63.450 -162.875    1615349887869
01    12.090   -7.778   -7.137  132.875   73.912  -89.138    1615349887886
02    10.659   -8.150   -7.352  137.647   56.249 -176.100    1615349887886
01    11.990   -7.839   -7.107  140.935   73.249  -82.490    1615349887903
02    10.630   -8.146   -7.283  133.955   54.902  179.256    1615349887903
01    11.920   -7.863   -7.090  141.925   72.478  -82.192    1615349887919
02    10.592   -8.143   -7.276  133.173   53.369  176.742    1615349887919
01    11.925   -7.844   -7.059  140.860   72.265  -84.229    1615349887936
02    10.597   -8.112   -7.291  132.827   52.230  174.052    1615349887936
01    11.935   -7.820   -7.070  138.696   71.939  -86.850    1615349887953
02    10.635   -8.057   -7.318  132.153   51.404  171.280    1615349887953
01    11.976   -7.775   -7.091  136.955   71.875  -88.819    1615349887970
02    10.684   -7.999   -7.345  131.406   50.963  169.190    1615349887970
01    12.011   -7.756   -7.099  136.136   72.036  -89.551    1615349887988
02    10.730   -7.970   -7.345  130.902   50.968  168.015    1615349887988
01    12.028   -7.748   -7.104  136.762   72.166  -88.845    1615349888003
02    10.761   -7.956   -7.336  130.717   50.978  167.547    1615349888003
01    12.033   -7.752   -7.099  137.674   72.305  -87.779    1615349888020
02    10.771   -7.949   -7.333  130.914   50.862  167.715    1615349888020
01    12.016   -7.767   -7.105  138.733   72.395  -86.438    1615349888035
02    10.769   -7.944   -7.333  131.222   50.809  168.100    1615349888035
01    12.003   -7.774   -7.114  139.756   72.504  -84.956    1615349888052
02    10.755   -7.930   -7.338  131.505   50.763  168.766    1615349888052
01    11.975   -7.801   -7.124  140.507   72.782  -83.228    1615349888069
02    10.738   -7.908   -7.353  131.558   50.839  169.646    1615349888069
01    11.956   -7.823   -7.165  140.417   73.211  -82.233    1615349888085
02    10.721   -7.877   -7.403  131.481   51.137  170.834    1615349888085
01    11.975   -7.835   -7.225  138.815   74.156  -82.899    1615349888102
02    10.724   -7.842   -7.509  131.347   51.928  172.210    1615349888102
01    12.021   -7.858   -7.304  134.690   75.756  -86.099    1615349888119
02    10.704   -7.902   -7.642  131.199   53.468  174.070    1615349888119
01    12.223   -7.809   -7.435  123.627   78.461  -97.026    1615349888135
02    10.720   -7.971   -7.732  133.717   55.898  176.839    1615349888135
01    12.725   -7.685   -7.465   63.044   79.691 -156.550    1615349888152
02    10.632   -8.209   -7.864  142.733   59.848 -174.594    1615349888152
01    13.449   -7.598   -7.153   18.786   66.641  163.207    1615349888169
02    10.378   -8.741   -7.864  166.161   62.633 -152.402    1615349888169
01    14.088   -7.541   -6.785    8.348   53.984  158.570    1615349888186
02    10.087   -9.446   -7.640 -163.328   56.364 -126.533    1615349888186
01    14.377   -7.495   -6.750    4.530   47.479  160.106    1615349888189
02    10.033   -9.718   -7.373 -147.758   47.633 -115.598    1615349888189
01    14.493   -7.446   -6.758    2.823   45.432  161.004    1615349888204
02     9.933   -9.727   -7.172 -145.282   41.152 -112.462    1615349888204
01    14.521   -7.291   -6.813    4.473   44.957  163.045    1615349888235
02     9.783   -9.813   -7.091 -145.165   36.455 -112.026    1615349888235
01    14.504   -7.161   -6.837    6.813   45.220  164.672    1615349888251
02     9.743   -9.876   -7.054 -143.437   35.154 -111.838    1615349888251
01    14.486   -7.071   -6.820    8.993   45.397  166.065    1615349888267
02     9.761   -9.903   -7.026 -141.571   34.560 -111.775    1615349888267
01    14.457   -7.012   -6.824   10.751   45.798  167.388    1615349888282
02     9.779   -9.913   -7.002 -140.216   33.986 -111.621    1615349888282
01    14.418   -6.994   -6.830   11.980   46.339  168.400    1615349888302
02     9.786   -9.905   -6.960 -139.408   33.399 -111.364    1615349888302
01    14.387   -6.989   -6.834   13.001   46.859  169.280    1615349888319
02     9.765   -9.908   -6.919 -139.502   32.507 -111.303    1615349888319
01    14.367   -6.972   -6.826   13.930   47.128  169.957    1615349888336
02     9.740   -9.914   -6.890 -139.677   31.977 -111.394    1615349888336
01    14.342   -6.956   -6.820   14.947   47.409  170.630    1615349888352
02     9.731   -9.914   -6.871 -139.755   31.912 -111.557    1615349888352
01    14.319   -6.924   -6.819   16.282   47.779  171.337    1615349888369
02     9.733   -9.896   -6.872 -139.982   32.136 -111.948    1615349888369
01    14.261   -6.890   -6.844   18.299   48.601  172.391    1615349888386
02     9.740   -9.857   -6.925 -140.818   33.044 -112.790    1615349888386
01    14.146   -6.861   -6.890   21.454   50.236  174.099    1615349888388
02     9.766   -9.804   -7.045 -142.447   35.446 -114.234    1615349888388
01    13.941   -6.869   -6.928   26.916   53.558  177.018    1615349888404
02     9.860   -9.681   -7.230 -144.816   40.230 -116.785    1615349888404
01    13.543   -6.973   -6.989   37.293   60.035 -176.646    1615349888436
02    10.119   -9.280   -7.421 -149.395   46.950 -121.417    1615349888436
01    13.060   -7.205   -7.053   52.434   68.471 -164.675    1615349888452
02    10.479   -8.606   -7.402 -165.071   56.046 -133.608    1615349888452
01    12.555   -7.517   -7.108   82.119   76.439 -137.350    1615349888469
02    10.759   -8.040   -7.240  162.299   60.547 -158.755    1615349888469
01    12.114   -7.752   -7.288  133.541   77.250  -87.897    1615349888486
02    10.621   -8.075   -7.121  133.281   56.819 -177.981    1615349888486
01    11.964   -7.887   -7.280  148.333   76.295  -75.810    1615349888502
02    10.530   -8.040   -7.240  134.340   53.036 -179.838    1615349888502
01    11.938   -7.986   -7.198  153.854   76.730  -71.421    1615349888519
02    10.490   -8.085   -7.236  135.481   51.973  179.945    1615349888519
01    11.945   -8.019   -7.166  154.322   76.817  -71.792    1615349888536
02    10.475   -8.088   -7.276  136.218   50.852  179.107    1615349888536
01    11.969   -8.025   -7.131  152.365   76.937  -74.255    1615349888553
02    10.490   -8.096   -7.269  136.155   50.500  177.980    1615349888553
01    11.987   -8.013   -7.108  150.511   76.768  -76.342    1615349888569
02    10.504   -8.088   -7.264  135.977   50.031  176.938    1615349888569
01    11.998   -8.013   -7.101  150.694   76.476  -75.951    1615349888586
02    10.525   -8.062   -7.256  135.908   49.642  176.551    1615349888586
01    11.990   -8.029   -7.118  152.721   76.104  -73.224    1615349888603
02    10.537   -8.037   -7.256  135.834   49.438  176.860    1615349888603
01    11.970   -8.048   -7.159  155.358   75.860  -69.832    1615349888619
02    10.522   -8.025   -7.289  135.788   49.380  177.743    1615349888619
01    11.946   -8.098   -7.196  159.214   76.101  -65.156    1615349888636
02    10.497   -8.050   -7.334  136.151   50.003  178.982    1615349888636
01    11.950   -8.147   -7.201  162.910   76.983  -60.838    1615349888653
02    10.448   -8.113   -7.415  137.237   51.083 -179.273    1615349888653
01    12.000   -8.135   -7.224  164.387   78.010  -59.103    1615349888669
02    10.401   -8.203   -7.507  140.593   52.962 -176.156    1615349888669
01    12.093   -8.050   -7.335  159.093   79.735  -63.270    1615349888686
02    10.287   -8.452   -7.612  147.913   55.412 -169.410    1615349888686
01    12.385   -7.878   -7.402  123.037   83.797  -97.345    1615349888703
02    10.039   -8.939   -7.564  164.005   57.378 -154.669    1615349888703
01    13.099   -7.610   -7.186   30.262   75.298  175.031    1615349888719
02     9.732   -9.533   -7.304 -170.850   52.699 -133.588    1615349888719
01    13.842   -7.354   -6.787   14.612   57.633  165.153    1615349888736
02     9.598   -9.894   -7.001 -154.085   43.491 -122.172    1615349888736
01    14.177   -7.285   -6.669    9.695   49.816  165.801    1615349888753
02     9.628   -9.721   -6.910 -146.796   36.987 -118.114    1615349888753
01    14.362   -7.157   -6.614    8.120   46.050  167.064    1615349888770
02     9.546   -9.703   -6.866 -145.821   33.149 -116.178    1615349888770
01    14.470   -6.988   -6.579    8.763   44.151  168.893    1615349888785
02     9.569   -9.643   -6.896 -144.083   32.678 -115.498    1615349888785
01    14.505   -6.858   -6.598    9.942   43.273  170.386    1615349888802
02     9.630   -9.592   -6.913 -142.372   32.908 -114.960    1615349888802
01    14.511   -6.828   -6.617   10.009   43.039  170.690    1615349888819
02     9.674   -9.567   -6.922 -141.048   32.888 -114.542    1615349888819
01    14.530   -6.833   -6.619    9.151   42.916  170.073    1615349888835
02     9.705   -9.540   -6.909 -139.970   32.457 -113.872    1615349888835
01    14.548   -6.866   -6.620    8.366   42.681  169.684    1615349888852
02     9.703   -9.535   -6.887 -139.727   31.691 -113.307    1615349888852
01    14.566   -6.902   -6.592    7.563   42.244  169.198    1615349888869
02     9.682   -9.554   -6.859 -139.800   31.003 -112.789    1615349888869
01    14.567   -6.937   -6.588    7.282   42.144  168.958    1615349888886
02     9.665   -9.580   -6.823 -139.738   30.473 -112.294    1615349888886
01    14.539   -6.962   -6.613    7.498   42.462  169.005    1615349888902
02     9.645   -9.619   -6.786 -139.714   29.971 -112.038    1615349888902
01    14.525   -6.953   -6.616    8.273   42.680  169.110    1615349888919
02     9.634   -9.665   -6.735 -139.504   29.445 -111.799    1615349888919
01    14.499   -6.948   -6.603    9.383   43.033  169.464    1615349888936
02     9.618   -9.717   -6.696 -139.410   29.040 -111.926    1615349888936
01    14.447   -6.936   -6.614   11.237   43.944  170.371    1615349888952
02     9.602   -9.787   -6.644 -139.251   28.706 -111.842    1615349888952
01    14.379   -6.892   -6.645   14.363   45.268  171.860    1615349888969
02     9.608   -9.848   -6.599 -139.124   28.621 -111.920    1615349888969
01    14.245   -6.863   -6.697   18.645   47.357  173.826    1615349888986
02     9.612   -9.868   -6.641 -139.923   29.623 -112.864    1615349888986
01    14.004   -6.855   -6.775   25.414   51.053  177.198    1615349889002
02     9.622   -9.868   -6.786 -142.539   32.884 -114.792    1615349889002
01    13.588   -6.952   -6.812   35.482   56.760 -177.153    1615349889019
02     9.704   -9.830   -6.965 -146.615   39.165 -118.010    1615349889019
01    13.089   -7.173   -6.808   49.749   64.051 -167.015    1615349889036
02     9.882   -9.673   -7.051 -154.149   48.349 -124.931    1615349889036
01    12.610   -7.441   -6.804   72.712   71.386 -147.229    1615349889052
02    10.065   -9.326   -7.061 -169.255   55.019 -136.777    1615349889052
01    12.162   -7.752   -6.796  113.637   75.351 -108.314    1615349889069
02    10.281   -8.872   -6.957  171.416   57.847 -149.634    1615349889069
01    11.764   -8.020   -6.854  154.926   71.170  -68.624    1615349889086
02    10.348   -8.643   -6.825  145.986   57.329 -167.465    1615349889086
01    11.574   -8.162   -6.862  162.856   68.600  -62.255    1615349889102
02    10.245   -8.620   -6.916  140.798   54.044 -173.340    1615349889102
01    11.513   -8.171   -6.864  162.149   67.964  -63.798    1615349889119
02    10.240   -8.552   -6.969  140.752   52.787 -176.442    1615349889119
01    11.522   -8.151   -6.830  159.836   68.404  -66.380    1615349889136
02    10.248   -8.514   -6.999  140.176   52.493 -178.741    1615349889136
01    11.550   -8.127   -6.785  157.703   68.906  -68.738    1615349889153
02    10.284   -8.475   -6.993  139.509   52.754  179.278    1615349889153
01    11.569   -8.090   -6.781  156.905   68.897  -69.689    1615349889169
02    10.329   -8.422   -6.978  139.169   52.792  178.234    1615349889169
01    11.576   -8.092   -6.778  157.633   68.831  -68.701    1615349889186
02    10.357   -8.381   -6.973  139.125   52.809  178.396    1615349889186
01    11.572   -8.112   -6.790  159.344   68.613  -66.516    1615349889203
02    10.371   -8.368   -6.949  139.242   52.978  179.417    1615349889203
01    11.567   -8.141   -6.797  161.439   68.379  -63.865    1615349889219
02    10.376   -8.358   -6.930  139.624   53.122 -178.902    1615349889219
01    11.559   -8.170   -6.814  163.055   68.225  -61.534    1615349889236
02    10.364   -8.349   -6.938  139.846   53.210 -176.834    1615349889236
01    11.553   -8.193   -6.858  163.232   68.416  -60.715    1615349889253
02    10.284   -8.406   -6.997  140.531   53.366 -173.995    1615349889253
01    11.613   -8.133   -6.974  160.750   69.537  -62.853    1615349889269
02    10.170   -8.525   -7.066  145.351   53.988 -168.589    1615349889269
01    11.781   -7.979   -7.151  150.995   72.412  -71.957    1615349889286
02     9.982   -8.769   -7.118  155.573   54.350 -158.890    1615349889286
01    12.175   -7.730   -7.244  127.624   76.683  -94.241    1615349889303
02     9.666   -9.291   -7.022  172.675   52.899 -143.495    1615349889303
01    12.836   -7.439   -7.115   60.225   74.670 -158.240    1615349889319
02     9.400   -9.786   -6.802 -169.021   46.675 -129.091    1615349889319
01    13.402   -7.308   -6.854   30.063   63.763  176.703    1615349889336
02     9.331  -10.016   -6.607 -156.971   39.541 -122.140    1615349889336
01    13.692   -7.227   -6.719   22.203   57.580  172.595    1615349889353
02     9.339  -10.004   -6.539 -150.982   34.993 -118.798    1615349889353
01    13.884   -7.114   -6.639   20.382   54.143  172.634    1615349889370
02     9.335   -9.978   -6.517 -148.492   32.523 -117.067    1615349889370
01    13.964   -7.023   -6.651   19.938   52.540  173.393    1615349889386
02     9.358   -9.950   -6.533 -146.603   31.692 -116.022    1615349889386
01    14.024   -6.977   -6.617   19.279   51.381  173.307    1615349889403
02     9.408   -9.933   -6.540 -144.865   31.728 -115.042    1615349889403
01    14.071   -6.934   -6.603   18.784   50.651  173.184    1615349889419
02     9.454   -9.901   -6.546 -143.596   31.822 -114.447    1615349889419
01    14.120   -6.908   -6.580   18.089   49.623  173.070    1615349889435
02     9.477   -9.873   -6.535 -142.795   31.403 -113.787    1615349889435
01    14.157   -6.895   -6.562   17.413   48.684  172.988    1615349889452
02     9.479   -9.864   -6.522 -142.383   30.876 -113.238    1615349889452
01    14.190   -6.885   -6.512   16.946   47.691  172.996    1615349889469
02     9.490   -9.840   -6.513 -141.985   30.680 -113.026    1615349889469
01    14.203   -6.864   -6.498   16.973   47.198  173.382    1615349889485
02     9.494   -9.822   -6.506 -141.911   30.700 -113.069    1615349889485
01    14.200   -6.828   -6.497   17.583   47.193  173.772    1615349889502
02     9.503   -9.803   -6.497 -141.893   30.832 -113.391    1615349889502
01    14.159   -6.792   -6.531   18.603   47.749  174.118    1615349889519
02     9.518   -9.768   -6.498 -142.261   31.296 -114.181    1615349889519
01    14.059   -6.757   -6.579   20.695   49.192  174.940    1615349889535
02     9.529   -9.710   -6.547 -144.126   32.969 -116.072    1615349889535
01    13.833   -6.751   -6.651   25.036   52.174  177.079    1615349889552
02     9.575   -9.546   -6.733 -148.426   37.508 -120.302    1615349889552
01    13.500   -6.823   -6.662   32.381   56.827 -179.133    1615349889569
02     9.836   -9.075   -6.931 -157.854   46.285 -128.491    1615349889569
01    13.088   -7.016   -6.570   43.918   63.601 -171.530    1615349889586
02    10.198   -8.385   -6.839  173.311   56.404 -152.695    1615349889586
01    12.536   -7.279   -6.404   76.933   72.551 -143.102    1615349889602
02    10.476   -7.740   -6.595  140.894   54.500 -175.775    1615349889602
01    11.949   -7.411   -6.591  131.428   69.785  -91.702    1615349889619
02    10.348   -7.746   -6.391  119.690   47.169  175.216    1615349889619
01    11.602   -7.493   -6.860  143.119   64.800  -82.849    1615349889636
02    10.188   -7.651   -6.760  121.741   41.859  174.187    1615349889636
01    11.511   -7.619   -6.890  145.007   65.306  -81.859    1615349889652
02    10.147   -7.754   -6.854  123.716   41.805  173.499    1615349889652
01    11.538   -7.693   -6.876  144.212   66.863  -83.718    1615349889669
02    10.202   -7.835   -6.887  125.342   42.814  171.932    1615349889669
01    11.601   -7.723   -6.870  143.138   68.091  -85.516    1615349889686
02    10.273   -7.888   -6.909  126.574   43.710  170.750    1615349889686
01    11.659   -7.766   -6.846  142.853   69.155  -85.904    1615349889702
02    10.340   -7.933   -6.906  127.298   44.645  170.092    1615349889702
01    11.696   -7.811   -6.841  143.566   69.834  -85.046    1615349889719
02    10.400   -7.962   -6.896  127.845   45.465  169.987    1615349889719
01    11.727   -7.843   -6.843  144.419   70.379  -83.855    1615349889736
02    10.442   -7.975   -6.893  128.180   46.046  170.456    1615349889736
01    11.754   -7.857   -6.857  145.191   70.803  -82.499    1615349889752
02    10.471   -7.967   -6.887  128.129   46.568  171.319    1615349889752
01    11.759   -7.879   -6.884  146.025   71.304  -80.702    1615349889769
02    10.479   -7.947   -6.896  127.859   46.997  172.884    1615349889769
01    11.748   -7.921   -6.920  146.961   71.916  -78.810    1615349889786
02    10.436   -7.980   -6.913  127.544   47.551  175.029    1615349889786
01    11.779   -7.930   -6.960  147.321   73.035  -78.337    1615349889803
02    10.355   -8.029   -6.976  130.210   48.433  178.536    1615349889803
01    11.863   -7.845   -7.088  141.949   74.332  -83.425    1615349889819
02    10.200   -8.173   -7.111  137.337   49.725 -174.962    1615349889819
01    12.150   -7.632   -7.234  120.695   76.810 -103.844    1615349889836
02     9.905   -8.599   -7.233  150.890   51.481 -163.312    1615349889836
01    12.831   -7.366   -7.103   58.130   74.552 -162.560    1615349889852
02     9.547   -9.272   -7.119  175.388   49.999 -142.786    1615349889852
01    13.495   -7.197   -6.793   27.172   61.484  173.139    1615349889869
02     9.403   -9.789   -6.859 -163.014   42.650 -127.476    1615349889869
01    13.897   -7.072   -6.610   20.003   53.316  170.633    1615349889886
02     9.483   -9.879   -6.731 -150.688   36.826 -121.105    1615349889886
01    14.078   -6.984   -6.561   17.611   50.172  171.603    1615349889888
02     9.519   -9.852   -6.669 -146.656   33.972 -117.884    1615349889888
01    14.180   -6.843   -6.541   17.713   48.124  173.156    1615349889919
02     9.539   -9.825   -6.679 -144.480   32.293 -116.463    1615349889919
01    14.221   -6.732   -6.527   18.652   47.030  174.517    1615349889934
02     9.600   -9.792   -6.719 -142.555   32.555 -115.769    1615349889934
01    14.238   -6.623   -6.538   19.945   46.508  175.543    1615349889950
02     9.659   -9.767   -6.743 -141.069   33.059 -115.269    1615349889950
01    14.222   -6.602   -6.566   20.429   46.651  175.975    1615349889966
02     9.711   -9.741   -6.737 -140.014   33.330 -114.726    1615349889966
01    14.200   -6.609   -6.586   20.564   47.050  176.039    1615349889981
02     9.723   -9.736   -6.723 -139.691   33.144 -114.392    1615349889981
01    14.174   -6.610   -6.599   20.951   47.562  176.288    1615349890002
02     9.711   -9.739   -6.705 -139.906   32.839 -114.403    1615349890002
01    14.132   -6.620   -6.600   22.026   48.172  176.977    1615349890019
02     9.697   -9.747   -6.684 -140.290   32.765 -114.653    1615349890019
01    14.073   -6.596   -6.587   24.496   48.898  178.181    1615349890035
02     9.703   -9.715   -6.682 -141.062   33.394 -115.648    1615349890035
01    13.946   -6.577   -6.614   28.659   50.372 -179.595    1615349890038
02     9.707   -9.637   -6.742 -143.711   35.302 -117.846    1615349890038
01    13.735   -6.641   -6.653   33.749   53.124 -176.979    1615349890054
02     9.756   -9.479   -6.879 -148.667   39.928 -121.716    1615349890054
01    13.470   -6.762   -6.704   40.206   57.137 -173.722    1615349890085
02    10.019   -8.976   -6.999 -156.528   46.587 -127.768    1615349890085
01    13.063   -7.032   -6.718   51.843   64.715 -165.936    1615349890101
02    10.358   -8.322   -6.921 -175.937   54.151 -141.285    1615349890101
01    12.582   -7.342   -6.714   78.163   73.174 -143.329    1615349890117
02    10.568   -7.886   -6.821  151.884   55.881 -164.927    1615349890117
01    12.104   -7.583   -6.926  123.644   74.296 -100.162    1615349890132
02    10.539   -7.874   -6.729  127.491   51.639  178.340    1615349890132
01    11.965   -7.677   -6.887  136.626   73.152  -90.100    1615349890148
02    10.487   -7.886   -6.790  126.666   48.900  175.991    1615349890148
01    11.902   -7.731   -6.800  141.499   72.121  -87.270    1615349890169
02    10.459   -7.900   -6.817  128.591   47.118  175.376    1615349890169
01    11.831   -7.764   -6.772  142.526   70.602  -87.741    1615349890186
02    10.427   -7.962   -6.841  129.512   46.042  174.176    1615349890186
01    11.800   -7.764   -6.776  141.346   69.479  -89.889    1615349890203
02    10.423   -8.007   -6.869  129.980   45.374  172.657    1615349890203
01    11.813   -7.731   -6.800  139.967   68.736  -92.114    1615349890205
02    10.474   -8.018   -6.866  130.459   45.316  170.831    1615349890205
01    11.832   -7.715   -6.822  138.718   68.414  -93.615    1615349890221
02    10.511   -8.023   -6.885  130.822   45.179  169.579    1615349890221
01    11.851   -7.725   -6.856  137.907   68.530  -94.388    1615349890252
02    10.556   -8.012   -6.912  131.259   45.282  168.778    1615349890252
01    11.888   -7.721   -6.894  137.296   69.009  -94.782    1615349890268
02    10.597   -7.998   -6.948  131.699   45.647  168.540    1615349890268
01    11.922   -7.730   -6.955  136.949   69.867  -94.295    1615349890283
02    10.630   -7.981   -7.005  131.741   46.273  168.805    1615349890283
01    11.968   -7.758   -6.997  135.975   71.322  -93.887    1615349890299
02    10.666   -7.963   -7.072  131.223   47.294  169.268    1615349890299
01    12.013   -7.787   -7.065  133.514   73.019  -94.885    1615349890314
02    10.694   -7.927   -7.230  130.328   48.299  169.782    1615349890314
01    12.120   -7.777   -7.114  130.359   75.239  -97.188    1615349890336
02    10.710   -7.944   -7.425  132.285   50.537  172.356    1615349890336
01    12.289   -7.693   -7.214  120.566   77.385 -105.919    1615349890353
02    10.648   -8.101   -7.596  137.064   53.677  177.287    1615349890353
01    12.755   -7.474   -7.314   83.529   78.493 -140.834    1615349890369
02    10.510   -8.420   -7.679  149.272   58.110 -171.163    1615349890369
01    13.454   -7.328   -7.035   30.914   69.223  172.453    1615349890386
02    10.247   -8.958   -7.578  175.910   59.177 -146.370    1615349890386
01    14.054   -7.199   -6.653   15.595   55.163  163.685    1615349890403
02    10.059   -9.468   -7.315 -158.989   51.862 -126.127    1615349890403
01    14.309   -7.134   -6.589   12.210   48.944  165.541    1615349890405
02     9.992   -9.621   -7.075 -147.636   43.647 -118.587    1615349890405
01    14.434   -7.065   -6.540   10.812   46.678  166.989    1615349890436
02     9.874   -9.636   -6.908 -146.384   38.153 -116.182    1615349890436
01    14.466   -6.928   -6.566   12.124   46.011  169.367    1615349890452
02     9.760   -9.672   -6.866 -145.803   34.829 -115.842    1615349890452
01    14.451   -6.800   -6.559   14.355   45.964  171.466    1615349890467
02     9.753   -9.687   -6.841 -144.015   34.543 -115.545    1615349890467
01    14.397   -6.691   -6.580   17.254   46.511  173.775    1615349890483
02     9.777   -9.679   -6.812 -142.459   34.490 -115.524    1615349890483
01    14.321   -6.649   -6.600   19.722   47.671  175.772    1615349890503
02     9.785   -9.678   -6.784 -141.792   34.358 -115.791    1615349890503
01    14.243   -6.619   -6.628   22.320   49.172  177.735    1615349890519
02     9.786   -9.669   -6.745 -141.586   34.188 -116.045    1615349890519
01    14.143   -6.600   -6.657   25.422   50.856  179.841    1615349890536
02     9.776   -9.639   -6.708 -142.449   34.341 -116.882    1615349890536
01    13.968   -6.618   -6.685   29.712   53.405 -177.350    1615349890539
02     9.742   -9.578   -6.732 -145.317   35.392 -118.990    1615349890539
01    13.706   -6.684   -6.704   36.240   57.178 -172.948    1615349890554
02     9.732   -9.474   -6.828 -150.001   38.537 -122.366    1615349890554
01    13.385   -6.823   -6.691   45.387   62.003 -166.290    1615349890585
02     9.809   -9.282   -6.913 -156.452   43.956 -127.288    1615349890585
01    12.945   -7.063   -6.674   63.074   68.725 -151.424    1615349890601
02     9.989   -8.923   -6.926 -166.700   49.671 -134.424    1615349890601
01    12.426   -7.375   -6.666  100.376   73.787 -117.119    1615349890617
02    10.262   -8.413   -6.826  172.051   54.996 -149.243    1615349890617
01    11.948   -7.695   -6.692  142.181   71.210  -77.923    1615349890632
02    10.412   -8.134   -6.663  142.029   54.919 -170.208    1615349890632
01    11.686   -7.881   -6.759  153.062   68.070  -69.320    1615349890648
02    10.322   -8.136   -6.766  134.360   51.361 -176.883    1615349890648
01    11.591   -7.924   -6.808  153.979   66.944  -70.493    1615349890664
02    10.298   -8.162   -6.816  133.627   49.724 -179.624    1615349890664
01    11.574   -7.984   -6.767  154.232   67.229  -71.572    1615349890686
02    10.299   -8.215   -6.832  134.544   49.388  179.009    1615349890686
01    11.609   -7.971   -6.787  153.249   67.514  -73.497    1615349890703
02    10.341   -8.231   -6.843  135.314   49.359  177.541    1615349890703
01    11.652   -7.965   -6.790  152.053   68.140  -75.029    1615349890720
02    10.385   -8.235   -6.871  135.540   49.329  176.334    1615349890720
01    11.694   -7.973   -6.799  151.597   68.659  -75.274    1615349890736
02    10.433   -8.238   -6.881  135.710   49.622  175.595    1615349890736
01    11.745   -7.966   -6.806  151.987   69.165  -74.342    1615349890738
02    10.477   -8.230   -6.894  136.031   49.941  175.458    1615349890738
01    11.770   -7.980   -6.836  152.844   69.571  -72.654    1615349890769
02    10.511   -8.216   -6.920  136.365   50.249  175.736    1615349890769
01    11.791   -7.991   -6.874  153.225   70.118  -71.297    1615349890786
02    10.535   -8.196   -6.956  136.429   50.629  176.212    1615349890786
01    11.801   -8.001   -6.920  153.069   70.848  -70.496    1615349890803
02    10.563   -8.161   -7.009  136.147   51.207  176.746    1615349890803
01    11.821   -8.000   -6.963  152.273   71.888  -70.565    1615349890820
02    10.573   -8.140   -7.066  135.796   51.967  177.726    1615349890820
01    11.848   -7.992   -7.088  151.135   73.192  -71.471    1615349890836
02    10.549   -8.131   -7.156  136.604   52.842  178.928    1615349890836
01    12.012   -7.901   -7.151  145.951   75.950  -76.966    1615349890852
02    10.474   -8.159   -7.337  140.295   53.929 -177.956    1615349890852
01    12.329   -7.660   -7.303  124.096   79.044  -98.329    1615349890869
02    10.343   -8.365   -7.447  147.867   55.965 -171.323    1615349890869
01    12.938   -7.398   -7.217   54.549   77.220 -164.693    1615349890885
02    10.113   -8.771   -7.430  170.088   57.284 -151.389    1615349890885
01    13.571   -7.214   -6.924   23.254   64.497  170.564    1615349890902
02     9.877   -9.339   -7.224 -163.194   50.922 -130.402    1615349890902
01    13.995   -7.079   -6.702   15.996   54.811  168.462    1615349890919
02     9.808   -9.625   -6.974 -148.064   42.514 -120.602    1615349890919
01    14.162   -7.015   -6.658   12.989   51.377  169.465    1615349890935
02     9.755   -9.599   -6.830 -144.593   36.966 -117.505    1615349890935
01    14.270   -6.868   -6.625   13.133   49.255  171.113    1615349890952
02     9.651   -9.622   -6.785 -144.137   33.393 -116.559    1615349890952
01    14.298   -6.750   -6.622   14.374   48.398  172.865    1615349890969
02     9.643   -9.605   -6.777 -142.748   33.121 -115.991    1615349890969
01    14.283   -6.663   -6.631   15.886   48.149  174.269    1615349890986
02     9.661   -9.582   -6.753 -141.503   33.087 -115.506    1615349890986
01    14.258   -6.606   -6.628   17.267   48.203  175.633    1615349891002
02     9.658   -9.566   -6.742 -141.018   32.812 -115.511    1615349891002
01    14.221   -6.572   -6.634   18.533   48.491  177.123    1615349891019
02     9.656   -9.533   -6.730 -140.762   32.716 -115.525    1615349891019
01    14.189   -6.538   -6.611   20.094   48.781  178.656    1615349891036
02     9.641   -9.501   -6.706 -141.064   32.483 -115.686    1615349891036
01    14.152   -6.485   -6.601   22.177   49.237 -179.573    1615349891052
02     9.615   -9.479   -6.690 -141.679   32.399 -116.152    1615349891052
01    14.103   -6.464   -6.603   23.957   49.713 -178.198    1615349891069
02     9.594   -9.462   -6.674 -142.259   32.495 -116.648    1615349891069
01    14.064   -6.429   -6.603   25.582   50.169 -177.206    1615349891086
02     9.577   -9.447   -6.663 -142.691   32.572 -117.095    1615349891086
01    14.018   -6.409   -6.623   27.160   50.692 -176.413    1615349891102
02     9.573   -9.420   -6.646 -143.403   32.978 -117.719    1615349891102
01    13.941   -6.396   -6.657   29.256   51.537 -175.656    1615349891119
02     9.577   -9.351   -6.642 -145.580   34.262 -119.372    1615349891119
01    13.778   -6.422   -6.707   32.541   53.402 -174.457    1615349891136
02     9.581   -9.171   -6.733 -151.085   37.448 -123.263    1615349891136
01    13.421   -6.570   -6.761   39.177   57.754 -171.500    1615349891152
02     9.773   -8.706   -6.827 -164.952   46.543 -133.046    1615349891152
01    12.903   -6.877   -6.710   53.043   65.583 -162.730    1615349891169
02    10.107   -8.026   -6.716  157.691   54.459 -161.287    1615349891169
01    12.323   -7.233   -6.634   87.879   74.142 -132.299    1615349891186
02    10.398   -7.414   -6.545  125.308   48.316  177.600    1615349891186
01    11.774   -7.499   -6.920  134.964   72.882  -86.279    1615349891203
02    10.179   -7.290   -6.740  114.742   37.957  174.638    1615349891203
01    11.663   -7.572   -6.962  145.210   71.828  -78.160    1615349891219
02    10.161   -7.397   -6.702  114.518   36.990  171.714    1615349891219
01    11.690   -7.588   -6.910  143.183   72.538  -81.141    1615349891236
02    10.197   -7.428   -6.700  115.928   36.532  169.521    1615349891236
01    11.729   -7.563   -6.884  138.371   72.804  -86.851    1615349891253
02    10.226   -7.443   -6.722  117.325   35.878  167.519    1615349891253
01    11.773   -7.522   -6.876  134.254   72.736  -91.710    1615349891269
02    10.300   -7.396   -6.736  118.621   35.339  165.558    1615349891269
01    11.818   -7.470   -6.886  131.343   72.508  -95.124    1615349891286
02    10.363   -7.350   -6.742  119.364   35.007  164.282    1615349891286
01    11.849   -7.427   -6.911  129.710   72.306  -97.083    1615349891303
02    10.400   -7.305   -6.775  119.995   34.762  163.789    1615349891303
01    11.867   -7.407   -6.949  129.218   72.396  -97.663    1615349891319
02    10.433   -7.265   -6.810  120.448   34.939  163.734    1615349891319
01    11.889   -7.397   -6.989  129.139   72.827  -97.563    1615349891336
02    10.451   -7.221   -6.874  120.575   35.405  164.114    1615349891336
01    11.912   -7.410   -7.039  128.518   73.739  -97.624    1615349891353
02    10.463   -7.170   -6.997  120.191   36.350  164.755    1615349891353
01    11.961   -7.440   -7.062  125.573   75.077 -100.020    1615349891369
02    10.470   -7.143   -7.182  119.559   38.059  165.158    1615349891369
01    12.054   -7.406   -7.123  121.138   76.262 -103.855    1615349891386
02    10.430   -7.260   -7.342  121.587   41.921  167.459    1615349891386
01    12.251   -7.299   -7.237  106.348   77.448 -117.202    1615349891403
02    10.287   -7.542   -7.443  128.991   47.165  174.042    1615349891403
01    12.734   -7.146   -7.171   61.109   75.763 -158.980    1615349891419
02    10.077   -7.919   -7.462  145.503   52.772 -171.458    1615349891419
01    13.303   -7.022   -6.938   29.602   65.935  175.374    1615349891421
02     9.833   -8.396   -7.303  170.111   53.590 -150.740    1615349891421
01    13.714   -6.909   -6.713   19.626   56.970  170.727    1615349891452
02     9.569   -8.863   -7.062 -172.385   47.854 -136.938    1615349891452
01    13.920   -6.851   -6.658   16.303   52.686  171.184    1615349891468
02     9.432   -9.105   -6.845 -160.975   40.797 -129.581    1615349891468
01    14.009   -6.810   -6.667   14.509   51.321  171.585    1615349891484
02     9.333   -9.192   -6.730 -156.649   36.145 -125.736    1615349891484
01    14.050   -6.746   -6.652   14.433   50.570  171.884    1615349891499
02     9.260   -9.315   -6.688 -153.844   33.390 -123.556    1615349891499
01    14.053   -6.698   -6.650   15.093   50.454  172.209    1615349891515
02     9.292   -9.393   -6.666 -151.208   33.200 -122.153    1615349891515
01    14.032   -6.660   -6.653   16.312   50.703  172.804    1615349891536
02     9.358   -9.424   -6.631 -149.141   33.425 -121.339    1615349891536
01    13.987   -6.653   -6.659   17.531   51.264  173.375    1615349891553
02     9.383   -9.459   -6.596 -148.358   33.338 -120.911    1615349891553
01    13.935   -6.646   -6.679   19.387   52.078  174.497    1615349891569
02     9.389   -9.479   -6.562 -148.248   33.138 -120.820    1615349891569
01    13.898   -6.644   -6.676   21.225   52.643  175.548    1615349891571
02     9.381   -9.499   -6.535 -148.522   33.051 -120.904    1615349891571
01    13.827   -6.646   -6.682   23.640   53.415  176.909    1615349891602
02     9.389   -9.496   -6.504 -149.071   33.361 -121.337    1615349891602
01    13.733   -6.632   -6.676   27.400   54.307  178.860    1615349891618
02     9.394   -9.422   -6.532 -151.260   34.435 -123.068    1615349891618
01    13.566   -6.654   -6.671   32.549   56.017 -178.265    1615349891634
02     9.405   -9.301   -6.653 -155.652   37.091 -126.102    1615349891634
01    13.333   -6.724   -6.630   39.739   58.784 -173.890    1615349891649
02     9.521   -9.087   -6.772 -162.750   42.649 -131.001    1615349891649
01    12.923   -6.913   -6.519   53.943   64.147 -163.187    1615349891665
02     9.754   -8.729   -6.783 -175.795   49.554 -140.463    1615349891665
01    12.415   -7.142   -6.413   82.944   69.973 -137.401    1615349891686
02    10.111   -8.159   -6.657  158.703   53.920 -158.661    1615349891686
01    11.906   -7.320   -6.547  124.533   69.134  -98.242    1615349891702
02    10.285   -7.827   -6.511  129.681   50.118 -177.155    1615349891702
01    11.625   -7.425   -6.726  138.178   65.618  -86.316    1615349891719
02    10.229   -7.741   -6.642  122.425   45.057  177.023    1615349891719
01    11.557   -7.480   -6.746  140.601   64.907  -85.104    1615349891736
02    10.237   -7.721   -6.683  122.734   43.547  174.934    1615349891736
01    11.549   -7.531   -6.700  140.584   65.050  -86.062    1615349891752
02    10.238   -7.769   -6.696  123.923   43.407  173.535    1615349891752
01    11.567   -7.542   -6.654  140.174   65.041  -87.355    1615349891769
02    10.269   -7.802   -6.693  125.120   43.467  171.700    1615349891769
01    11.584   -7.532   -6.638  139.687   64.820  -88.349    1615349891786
02    10.310   -7.813   -6.686  126.154   43.480  170.025    1615349891786
01    11.604   -7.522   -6.634  139.210   64.630  -88.977    1615349891802
02    10.354   -7.812   -6.678  126.843   43.522  168.629    1615349891802
01    11.619   -7.511   -6.648  139.127   64.480  -88.929    1615349891819
02    10.392   -7.800   -6.682  127.245   43.445  167.664    1615349891819
01    11.636   -7.500   -6.681  139.445   64.513  -88.114    1615349891836
02    10.428   -7.779   -6.686  127.579   43.513  167.262    1615349891836
01    11.652   -7.510   -6.709  140.208   64.833  -86.194    1615349891852
02    10.465   -7.750   -6.694  127.589   43.738  167.337    1615349891852
01    11.653   -7.534   -6.753  141.440   65.271  -83.328    1615349891869
02    10.488   -7.724   -6.705  127.355   44.104  167.960    1615349891869
01    11.640   -7.588   -6.802  142.594   65.988  -80.469    1615349891886
02    10.474   -7.711   -6.761  126.885   44.383  169.071    1615349891886
01    11.635   -7.643   -6.872  142.977   67.093  -78.894    1615349891902
02    10.467   -7.700   -6.861  125.802   44.877  169.706    1615349891902
01    11.683   -7.694   -6.964  143.316   68.869  -77.938    1615349891919
02    10.456   -7.697   -7.015  125.893   46.171  170.482    1615349891919
01    11.813   -7.689   -7.048  142.211   71.345  -78.631    1615349891936
02    10.373   -7.820   -7.193  130.066   48.893  174.522    1615349891936
01    12.082   -7.566   -7.240  131.772   74.495  -88.095    1615349891953
02    10.227   -8.118   -7.331  140.244   53.234 -176.542    1615349891953
01    12.698   -7.384   -7.231   76.969   78.224 -140.020    1615349891969
02     9.992   -8.615   -7.290  162.984   56.862 -156.445    1615349891969
01    13.391   -7.316   -6.906   23.004   67.171  172.658    1615349891986
02     9.742   -9.204   -7.084 -170.362   52.066 -135.363    1615349891986
01    13.896   -7.237   -6.652   12.638   56.552  167.522    1615349892003
02     9.678   -9.501   -6.805 -154.749   44.664 -124.509    1615349892003
01    14.116   -7.174   -6.590    9.679   52.945  167.944    1615349892019
02     9.635   -9.451   -6.618 -150.346   38.493 -120.400    1615349892019
01    14.218   -7.049   -6.559    9.978   51.114  169.510    1615349892036
02     9.475   -9.508   -6.545 -150.520   33.780 -119.196    1615349892036
01    14.229   -6.898   -6.580   12.283   50.756  171.860    1615349892053
02     9.418   -9.538   -6.544 -149.172   32.562 -119.004    1615349892053
01    14.219   -6.777   -6.552   14.693   50.286  173.884    1615349892069
02     9.432   -9.536   -6.533 -147.190   32.488 -118.806    1615349892069
01    14.203   -6.712   -6.523   16.163   49.831  175.403    1615349892086
02     9.454   -9.514   -6.527 -145.774   32.433 -118.621    1615349892086
01    14.191   -6.681   -6.512   16.749   49.672  176.338    1615349892103
02     9.469   -9.481   -6.504 -144.925   32.323 -118.192    1615349892103
01    14.189   -6.659   -6.504   17.168   49.574  177.035    1615349892119
02     9.463   -9.455   -6.472 -144.868   31.891 -117.916    1615349892119
01    14.180   -6.627   -6.503   17.781   49.517  177.698    1615349892136
02     9.444   -9.444   -6.448 -145.054   31.483 -117.819    1615349892136
01    14.176   -6.614   -6.470   18.210   49.290  178.043    1615349892153
02     9.433   -9.437   -6.431 -145.043   31.322 -117.931    1615349892153
01    14.168   -6.609   -6.454   18.548   49.271  178.274    1615349892170
02     9.430   -9.439   -6.407 -144.810   31.092 -117.729    1615349892170
01    14.158   -6.617   -6.451   18.659   49.352  178.284    1615349892186
02     9.423   -9.440   -6.387 -144.776   30.859 -117.588    1615349892186
01    14.138   -6.622   -6.460   18.939   49.548  178.281    1615349892202
02     9.434   -9.417   -6.367 -145.024   31.142 -117.785    1615349892202
01    14.095   -6.618   -6.474   19.800   50.196  178.401    1615349892219
02     9.433   -9.365   -6.412 -147.382   32.546 -119.391    1615349892219
01    14.002   -6.607   -6.508   21.885   51.498  179.120    1615349892235
02     9.451   -9.279   -6.549 -151.744   36.549 -122.448    1615349892235
01    13.812   -6.615   -6.533   26.886   54.181 -178.843    1615349892252
02     9.651   -8.975   -6.857 -160.368   45.075 -129.332    1615349892252
01    13.383   -6.749   -6.536   38.683   60.560 -172.314    1615349892269
02    10.045   -8.422   -6.922  175.813   56.410 -150.662    1615349892269
01    12.862   -6.980   -6.465   58.948   68.764 -156.129    1615349892285
02    10.344   -7.751   -6.872  146.879   55.830 -172.563    1615349892285
01    12.324   -7.214   -6.460   98.327   73.840 -119.498    1615349892302
02    10.494   -7.414   -6.761  130.540   51.619  178.985    1615349892302
01    11.850   -7.381   -6.722  133.135   70.729  -86.316    1615349892319
02    10.334   -7.506   -6.723  121.466   47.208  175.470    1615349892319
01    11.692   -7.490   -6.740  140.966   69.407  -80.440    1615349892335
02    10.276   -7.550   -6.732  123.937   45.649  175.212    1615349892335
01    11.652   -7.540   -6.677  141.435   69.216  -81.452    1615349892352
02    10.266   -7.620   -6.676  126.515   45.419  174.946    1615349892352
01    11.652   -7.533   -6.651  139.902   68.682  -84.443    1615349892369
02    10.268   -7.636   -6.681  128.544   44.502  174.207    1615349892369
01    11.675   -7.502   -6.627  138.303   68.234  -86.900    1615349892386
02    10.295   -7.620   -6.681  129.788   43.916  173.545    1615349892386
01    11.686   -7.473   -6.645  136.528   67.576  -89.110    1615349892402
02    10.318   -7.616   -6.693  130.190   43.629  172.764    1615349892402
01    11.711   -7.457   -6.667  135.868   67.465  -89.916    1615349892419
02    10.354   -7.592   -6.714  130.710   43.596  172.473    1615349892419
01    11.740   -7.444   -6.719  135.760   67.628  -89.821    1615349892436
02    10.382   -7.569   -6.768  131.053   43.776  172.636    1615349892436
01    11.775   -7.459   -6.767  135.382   68.355  -89.533    1615349892452
02    10.413   -7.554   -6.830  130.952   44.453  172.815    1615349892452
01    11.830   -7.455   -6.817  134.400   69.478  -89.791    1615349892469
02    10.462   -7.523   -6.910  130.547   45.427  172.882    1615349892469
01    11.900   -7.462   -6.867  131.459   70.968  -91.817    1615349892486
02    10.503   -7.480   -7.094  129.875   46.602  173.160    1615349892486
01    12.009   -7.412   -6.993  125.713   72.394  -96.958    1615349892502
02    10.521   -7.562   -7.178  130.595   49.290  174.297    1615349892502
01    12.262   -7.286   -7.127  110.325   74.252 -111.453    1615349892519
02    10.407   -7.752   -7.300  135.682   52.138  179.125    1615349892519
01    12.767   -7.159   -7.085   70.028   74.422 -149.217    1615349892536
02    10.239   -8.048   -7.342  147.499   55.600 -170.362    1615349892536
01    13.295   -7.126   -6.875   33.769   67.184 -179.840    1615349892552
02     9.967   -8.511   -7.252  170.005   55.924 -150.678    1615349892553
01    13.761   -7.091   -6.616   18.982   58.079  170.965    1615349892569
02     9.708   -9.007   -7.047 -169.520   50.389 -134.704    1615349892569
01    13.992   -7.082   -6.534   13.414   53.486  169.748    1615349892586
02     9.609   -9.247   -6.776 -157.624   43.861 -126.004    1615349892586
01    14.093   -7.085   -6.529   11.015   51.945  169.744    1615349892603
02     9.519   -9.274   -6.602 -154.308   38.673 -122.426    1615349892603
01    14.162   -7.047   -6.486   10.440   50.739  170.064    1615349892619
02     9.375   -9.355   -6.508 -153.827   34.919 -120.637    1615349892619
01    14.202   -6.980   -6.464   11.094   50.083  170.685    1615349892636
02     9.323   -9.411   -6.488 -152.320   33.519 -119.567    1615349892636
01    14.218   -6.914   -6.450   12.318   49.648  171.391    1615349892653
02     9.350   -9.441   -6.451 -150.478   33.330 -118.513    1615349892653
01    14.201   -6.877   -6.457   13.338   49.729  171.961    1615349892669
02     9.376   -9.450   -6.420 -149.441   33.116 -118.040    1615349892669
01    14.171   -6.846   -6.480   14.361   50.169  172.259    1615349892687
02     9.399   -9.430   -6.377 -149.377   33.199 -118.144    1615349892687
01    14.093   -6.848   -6.512   15.865   51.244  172.691    1615349892703
02     9.416   -9.361   -6.336 -151.042   33.821 -119.458    1615349892703
01    13.956   -6.809   -6.551   19.239   53.283  174.052    1615349892719
02     9.381   -9.285   -6.359 -155.091   35.000 -122.143    1615349892719
01    13.698   -6.834   -6.592   24.638   56.859  176.825    1615349892736
02     9.374   -9.187   -6.409 -160.222   37.830 -125.840    1615349892736
01    13.358   -6.927   -6.566   32.847   61.754 -178.250    1615349892753
02     9.411   -9.038   -6.445 -166.564   41.291 -130.405    1615349892753
01    12.916   -7.103   -6.449   47.111   68.496 -167.196    1615349892769
02     9.495   -8.803   -6.479 -175.964   45.053 -137.144    1615349892769
01    12.336   -7.343   -6.314   86.554   75.289 -130.698    1615349892786
02     9.695   -8.410   -6.477  169.794   48.787 -147.087    1615349892786
01    11.808   -7.566   -6.342  134.707   72.468  -84.185    1615349892803
02     9.959   -7.997   -6.413  147.161   50.323 -162.505    1615349892803
01    11.501   -7.691   -6.520  149.015   67.439  -71.281    1615349892820
02     9.822   -7.966   -6.626  132.592   46.266 -171.539    1615349892820
01    11.414   -7.766   -6.536  151.097   66.591  -70.624    1615349892835
02     9.933   -7.945   -6.579  130.653   46.842 -176.608    1615349892835
01    11.424   -7.810   -6.481  150.920   66.941  -71.717    1615349892852
02    10.020   -7.956   -6.527  130.565   47.027 -179.062    1615349892852
01    11.448   -7.807   -6.478  149.727   66.862  -73.684    1615349892869
02    10.079   -7.964   -6.518  130.597   46.684  179.033    1615349892869
01    11.494   -7.786   -6.495  148.846   66.837  -74.884    1615349892885
02    10.158   -7.923   -6.534  130.770   46.353  177.511    1615349892885
01    11.539   -7.768   -6.523  148.088   66.927  -75.332    1615349892902
02    10.217   -7.891   -6.555  130.417   46.182  176.598    1615349892902
01    11.590   -7.748   -6.541  147.826   67.262  -74.901    1615349892919
02    10.284   -7.849   -6.568  129.827   46.259  175.947    1615349892919
01    11.613   -7.754   -6.571  148.233   67.527  -73.391    1615349892935
02    10.321   -7.823   -6.588  129.160   46.340  175.953    1615349892935
01    11.627   -7.768   -6.592  148.910   67.855  -71.774    1615349892952
02    10.334   -7.804   -6.626  128.574   46.357  176.133    1615349892952
01    11.635   -7.774   -6.636  149.463   68.169  -70.585    1615349892969
02    10.351   -7.772   -6.681  127.930   46.456  176.239    1615349892969
01    11.654   -7.787   -6.677  149.647   68.868  -69.937    1615349892971
02    10.374   -7.738   -6.763  127.202   46.719  176.296    1615349892971
01    11.678   -7.797   -6.761  149.242   69.726  -70.003    1615349893003
02    10.353   -7.748   -6.905  126.585   47.246  176.529    1615349893003
01    11.761   -7.771   -6.866  148.228   71.224  -70.927    1615349893018
02    10.342   -7.793   -7.015  129.330   49.017  178.677    1615349893018
01    11.974   -7.668   -7.063  141.743   73.743  -76.776    1615349893034
02    10.207   -7.987   -7.154  136.130   51.248 -175.525    1615349893034
01    12.403   -7.522   -7.193  111.295   78.705 -105.559    1615349893050
02    10.058   -8.283   -7.159  151.285   54.526 -162.748    1615349893050
01    12.935   -7.455   -7.047   41.552   75.993 -171.340    1615349893069
02     9.830   -8.704   -7.003  173.977   53.420 -143.685    1615349893069
01    13.413   -7.431   -6.824   17.000   66.680  168.795    1615349893085
02     9.612   -9.067   -6.736 -169.752   46.959 -131.019    1615349893085
01    13.756   -7.364   -6.685   11.575   60.398  166.344    1615349893102
02     9.445   -9.253   -6.469 -161.682   39.615 -125.236    1615349893102
01    13.879   -7.318   -6.644    9.581   58.291  166.577    1615349893105
02     9.294   -9.284   -6.335 -159.255   34.150 -122.869    1615349893105
01    13.908   -7.225   -6.639   10.559   57.731  168.135    1615349893136
02     9.137   -9.352   -6.264 -158.819   31.253 -121.796    1615349893136
01    13.888   -7.133   -6.624   12.758   57.739  170.195    1615349893151
02     9.078   -9.391   -6.242 -157.594   30.284 -121.470    1615349893151
01    13.851   -7.024   -6.613   16.270   58.051  173.112    1615349893167
02     9.083   -9.402   -6.224 -156.438   30.356 -121.445    1615349893167
01    13.810   -6.928   -6.600   20.101   58.364  176.188    1615349893183
02     9.097   -9.397   -6.225 -155.607   30.462 -121.659    1615349893183
01    13.764   -6.852   -6.585   23.999   58.607  179.394    1615349893198
02     9.108   -9.382   -6.236 -155.222   30.760 -121.876    1615349893198
01    13.723   -6.777   -6.557   27.929   58.712 -177.455    1615349893214
02     9.124   -9.354   -6.242 -155.184   31.226 -121.968    1615349893214
01    13.646   -6.730   -6.546   32.252   59.142 -173.945    1615349893236
02     9.130   -9.301   -6.305 -156.209   32.248 -122.644    1615349893236
01    13.548   -6.661   -6.516   38.014   59.559 -169.717    1615349893252
02     9.155   -9.228   -6.416 -158.293   34.534 -124.225    1615349893252
01    13.384   -6.634   -6.468   45.522   60.513 -163.983    1615349893269
02     9.247   -9.092   -6.547 -161.726   38.552 -127.065    1615349893269
01    13.154   -6.643   -6.435   55.937   62.177 -155.501    1615349893286
02     9.398   -8.881   -6.629 -167.715   43.686 -131.853    1615349893286
01    12.789   -6.708   -6.425   73.090   64.607 -140.812    1615349893288
02     9.630   -8.506   -6.649 -178.854   48.859 -140.272    1615349893288
01    12.344   -6.840   -6.495   96.552   66.590 -119.691    1615349893319
02     9.898   -8.023   -6.545  161.253   52.142 -154.154    1615349893319
01    11.929   -7.079   -6.512  120.380   67.073  -97.643    1615349893336
02    10.105   -7.600   -6.434  138.654   49.960 -168.428    1615349893336
01    11.542   -7.297   -6.696  139.773   64.295  -79.154    1615349893352
02    10.042   -7.533   -6.461  123.068   45.277 -175.972    1615349893352
01    11.454   -7.421   -6.667  145.778   64.482  -74.456    1615349893369
02    10.065   -7.522   -6.477  121.968   44.120 -179.277    1615349893369
01    11.411   -7.512   -6.637  147.575   64.912  -72.930    1615349893371
02    10.071   -7.543   -6.485  122.605   43.556  179.798    1615349893371
01    11.403   -7.556   -6.620  147.383   65.232  -73.337    1615349893403
02    10.068   -7.564   -6.508  123.329   42.970  179.308    1615349893403
01    11.433   -7.561   -6.594  146.830   65.637  -74.229    1615349893419
02    10.088   -7.572   -6.511  123.695   42.730  178.477    1615349893419
01    11.452   -7.571   -6.581  146.450   65.862  -74.573    1615349893436
02    10.112   -7.566   -6.518  123.810   42.506  177.864    1615349893436
01    11.470   -7.565   -6.596  145.911   65.908  -74.911    1615349893437
02    10.134   -7.556   -6.531  123.692   42.328  177.266    1615349893437
01    11.491   -7.563   -6.603  145.074   66.254  -75.487    1615349893469
02    10.164   -7.538   -6.550  123.530   42.312  176.546    1615349893469
01    11.515   -7.549   -6.608  144.158   66.734  -76.180    1615349893484
02    10.194   -7.521   -6.569  123.398   42.442  175.838    1615349893484
01    11.531   -7.535   -6.621  143.488   67.195  -76.628    1615349893500
02    10.209   -7.514   -6.594  123.326   42.622  175.208    1615349893500
01    11.542   -7.531   -6.621  143.059   67.793  -76.818    1615349893515
02    10.218   -7.510   -6.609  123.402   42.904  174.715    1615349893515
01    11.544   -7.533   -6.629  142.775   68.320  -76.777    1615349893531
02    10.226   -7.501   -6.621  123.560   43.224  174.406    1615349893531
01    11.541   -7.530   -6.645  142.316   68.774  -76.769    1615349893547
02    10.227   -7.471   -6.653  123.537   43.477  174.175    1615349893547
01    11.546   -7.521   -6.665  141.388   69.268  -77.245    1615349893569
02    10.223   -7.435   -6.728  123.263   43.693  173.898    1615349893569
01    11.568   -7.520   -6.688  140.763   70.012  -77.636    1615349893586
02    10.234   -7.382   -6.869  123.667   44.218  173.952    1615349893586
01    11.612   -7.513   -6.730  140.197   71.022  -78.094    1615349893603
02    10.244   -7.393   -7.009  125.332   45.558  175.164    1615349893603
01    11.722   -7.480   -6.858  138.384   72.755  -79.449    1615349893619
02    10.247   -7.464   -7.101  129.889   48.511  178.749    1615349893619
01    11.962   -7.360   -7.088  127.969   75.617  -88.852    1615349893621
02    10.162   -7.633   -7.180  138.912   52.270 -173.675    1615349893621
01    12.406   -7.214   -7.218   87.687   78.600 -127.168    1615349893652
02     9.996   -7.902   -7.178  152.926   54.686 -161.845    1615349893652
01    12.957   -7.160   -7.022   37.908   74.123 -173.366    1615349893668
02     9.726   -8.291   -7.090  170.344   53.020 -147.279    1615349893668
01    13.395   -7.094   -6.815   19.650   65.860  172.595    1615349893683
02     9.436   -8.735   -6.909 -174.376   47.510 -136.229    1615349893683
01    13.673   -7.012   -6.704   15.228   60.088  171.314    1615349893699
02     9.315   -8.985   -6.660 -165.156   42.526 -130.025    1615349893699
01    13.765   -6.932   -6.683   14.912   58.059  172.459    1615349893715
02     9.269   -8.997   -6.484 -160.868   38.136 -127.082    1615349893715
01    13.749   -6.875   -6.683   16.312   58.025  174.031    1615349893730
02     9.141   -9.053   -6.397 -160.907   34.996 -126.227    1615349893730
01    13.711   -6.815   -6.669   19.017   58.514  176.084    1615349893753
02     9.060   -9.106   -6.384 -160.373   33.332 -126.251    1615349893753
01    13.664   -6.742   -6.653   22.922   59.169  178.960    1615349893769
02     9.058   -9.126   -6.374 -159.579   33.187 -126.275    1615349893769
01    13.584   -6.701   -6.632   27.273   60.125 -177.597    1615349893785
02     9.115   -9.050   -6.356 -159.645   33.774 -126.867    1615349893785
01    13.454   -6.673   -6.610   33.453   61.801 -172.375    1615349893788
02     9.114   -8.948   -6.421 -162.318   34.614 -128.327    1615349893788
01    13.273   -6.667   -6.586   42.077   63.986 -165.053    1615349893819
02     9.135   -8.840   -6.524 -165.747   36.634 -130.265    1615349893819
01    13.049   -6.688   -6.579   52.996   66.222 -155.639    1615349893835
02     9.228   -8.669   -6.608 -169.825   39.625 -133.164    1615349893835
01    12.783   -6.764   -6.549   66.921   68.936 -143.230    1615349893852
02     9.372   -8.439   -6.638 -176.202   43.220 -137.477    1615349893852
01    12.431   -6.904   -6.510   88.634   71.332 -123.243    1615349893869
02     9.514   -8.196   -6.642  174.049   46.277 -143.874    1615349893869
01    11.966   -7.128   -6.474  122.236   70.877  -92.047    1615349893871
02     9.716   -7.921   -6.580  161.571   48.575 -152.331    1615349893871
01    11.539   -7.380   -6.488  149.000   65.911  -67.646    1615349893903
02     9.885   -7.726   -6.422  142.597   48.940 -164.559    1615349893903
01    11.271   -7.548   -6.578  156.281   62.630  -61.966    1615349893919
02     9.819   -7.709   -6.491  137.552   46.004 -168.143    1615349893919
01    11.188   -7.662   -6.541  158.011   62.486  -60.942    1615349893935
02     9.814   -7.732   -6.467  136.651   45.116 -169.582    1615349893936
