01     3.743   -0.389   -8.930  163.568   27.945   32.912    1599473117916
02     3.524   -1.066   -9.980  133.741    4.680  108.157    1599473117916
01     3.727   -0.409   -8.903  163.639   27.817   32.945    1599473117932
02     3.509   -1.086   -9.951  133.787    4.585  108.244    1599473117932
01     3.719   -0.416   -8.884  163.647   27.751   32.945    1599473117947
02     3.499   -1.098   -9.931  133.775    4.553  108.316    1599473117947
01     3.709   -0.418   -8.869  163.634   27.673   32.966    1599473117963
02     3.490   -1.098   -9.915  133.761    4.482  108.321    1599473117963
01     3.704   -0.419   -8.853  163.622   27.644   32.994    1599473117978
02     3.479   -1.097   -9.901  133.731    4.422  108.364    1599473117978
01     3.695   -0.418   -8.839  163.599   27.595   33.013    1599473118001
02     3.470   -1.095   -9.886  133.715    4.382  108.395    1599473118001
01     3.686   -0.418   -8.827  163.594   27.559   33.029    1599473118016
02     3.460   -1.092   -9.873  133.709    4.343  108.432    1599473118016
01     3.680   -0.415   -8.816  163.578   27.535   33.023    1599473118032
02     3.451   -1.092   -9.862  133.683    4.312  108.482    1599473118032
01     3.676   -0.411   -8.808  163.573   27.522   33.011    1599473118047
02     3.446   -1.089   -9.854  133.671    4.290  108.523    1599473118047
01     3.672   -0.408   -8.805  163.559   27.496   33.015    1599473118063
02     3.444   -1.084   -9.850  133.654    4.256  108.538    1599473118063
01     3.671   -0.403   -8.803  163.549   27.483   33.014    1599473118079
02     3.438   -1.082   -9.849  133.620    4.217  108.616    1599473118079
01     3.672   -0.399   -8.804  163.525   27.473   33.016    1599473118101
02     3.437   -1.077   -9.850  133.578    4.189  108.623    1599473118101
01     3.672   -0.395   -8.807  163.494   27.460   33.031    1599473118116
02     3.436   -1.072   -9.854  133.560    4.180  108.628    1599473118116
01     3.675   -0.392   -8.811  163.467   27.494   33.032    1599473118132
02     3.437   -1.071   -9.857  133.513    4.190  108.633    1599473118132
01     3.679   -0.389   -8.815  163.440   27.542   33.039    1599473118148
02     3.442   -1.069   -9.862  133.491    4.250  108.604    1599473118148
01     3.680   -0.386   -8.822  163.432   27.551   33.061    1599473118163
02     3.443   -1.066   -9.869  133.484    4.255  108.613    1599473118163
01     3.682   -0.382   -8.830  163.420   27.575   33.072    1599473118179
02     3.446   -1.062   -9.875  133.464    4.268  108.588    1599473118179
01     3.686   -0.375   -8.837  163.383   27.609   33.054    1599473118201
02     3.449   -1.058   -9.883  133.428    4.297  108.571    1599473118201
01     3.691   -0.371   -8.844  163.325   27.672   33.080    1599473118217
02     3.455   -1.052   -9.890  133.403    4.323  108.536    1599473118217
01     3.702   -0.362   -8.852  163.266   27.741   33.058    1599473118232
02     3.461   -1.044   -9.899  133.366    4.342  108.525    1599473118232
01     3.711   -0.353   -8.859  163.219   27.797   33.068    1599473118248
02     3.470   -1.036   -9.906  133.307    4.379  108.510    1599473118248
01     3.720   -0.343   -8.866  163.152   27.827   33.075    1599473118264
02     3.479   -1.026   -9.913  133.248    4.396  108.496    1599473118264
01     3.729   -0.334   -8.871  163.115   27.855   33.123    1599473118279
02     3.486   -1.019   -9.918  133.164    4.425  108.514    1599473118279
01     3.736   -0.331   -8.874  163.097   27.882   33.197    1599473118301
02     3.497   -1.011   -9.921  133.130    4.450  108.492    1599473118301
01     3.743   -0.321   -8.875  163.066   27.912   33.173    1599473118317
02     3.506   -1.006   -9.921  133.106    4.512  108.495    1599473118317
01     3.750   -0.316   -8.874  163.043   27.939   33.166    1599473118333
02     3.511   -0.999   -9.922  133.085    4.517  108.485    1599473118333
01     3.752   -0.308   -8.875  163.031   27.922   33.168    1599473118348
02     3.511   -0.992   -9.922  133.047    4.492  108.495    1599473118348
01     3.754   -0.301   -8.875  162.988   27.905   33.155    1599473118364
02     3.514   -0.986   -9.923  133.031    4.482  108.503    1599473118364
01     3.758   -0.296   -8.877  162.960   27.914   33.163    1599473118380
02     3.519   -0.978   -9.923  132.999    4.495  108.488    1599473118380
01     3.761   -0.287   -8.880  162.933   27.919   33.149    1599473118402
02     3.519   -0.974   -9.927  132.968    4.494  108.504    1599473118402
01     3.763   -0.288   -8.882  162.920   27.947   33.187    1599473118417
02     3.527   -0.972   -9.928  132.951    4.535  108.475    1599473118417
01     3.763   -0.286   -8.887  162.900   27.949   33.202    1599473118433
02     3.529   -0.973   -9.930  132.931    4.571  108.476    1599473118433
01     3.767   -0.289   -8.890  162.908   28.009   33.228    1599473118449
02     3.529   -0.972   -9.935  132.935    4.588  108.465    1599473118449
01     3.769   -0.295   -8.894  162.942   28.058   33.299    1599473118464
02     3.532   -0.978   -9.938  132.943    4.649  108.483    1599473118464
01     3.769   -0.298   -8.898  162.963   28.082   33.327    1599473118480
02     3.533   -0.982   -9.942  132.947    4.694  108.486    1599473118480
01     3.768   -0.302   -8.901  162.996   28.102   33.357    1599473118502
02     3.531   -0.988   -9.946  132.959    4.721  108.528    1599473118502
01     3.766   -0.303   -8.906  163.013   28.081   33.359    1599473118518
02     3.530   -0.989   -9.949  132.965    4.726  108.532    1599473118518
01     3.768   -0.305   -8.908  163.027   28.108   33.374    1599473118533
02     3.533   -0.991   -9.952  132.969    4.739  108.523    1599473118533
01     3.774   -0.304   -8.910  163.024   28.145   33.357    1599473118549
02     3.536   -0.991   -9.955  132.964    4.742  108.511    1599473118549
01     3.779   -0.304   -8.913  163.023   28.174   33.361    1599473118565
02     3.542   -0.988   -9.957  132.971    4.751  108.481    1599473118565
01     3.784   -0.303   -8.915  163.008   28.199   33.346    1599473118580
02     3.545   -0.989   -9.962  132.963    4.763  108.493    1599473118580
01     3.789   -0.303   -8.918  163.005   28.225   33.342    1599473118602
02     3.551   -0.990   -9.963  132.947    4.791  108.479    1599473118602
01     3.791   -0.302   -8.920  162.993   28.226   33.335    1599473118618
02     3.555   -0.989   -9.964  132.930    4.806  108.477    1599473118618
01     3.791   -0.303   -8.920  162.993   28.216   33.340    1599473118634
02     3.557   -0.989   -9.964  132.935    4.811  108.477    1599473118634
01     3.791   -0.305   -8.918  162.994   28.206   33.330    1599473118649
02     3.558   -0.992   -9.963  132.938    4.809  108.472    1599473118649
01     3.791   -0.308   -8.915  163.003   28.202   33.306    1599473118665
02     3.557   -0.992   -9.961  132.960    4.788  108.467    1599473118665
01     3.789   -0.309   -8.915  163.001   28.164   33.275    1599473118680
02     3.554   -0.992   -9.960  132.974    4.748  108.462    1599473118680
01     3.788   -0.311   -8.914  163.004   28.148   33.254    1599473118703
02     3.554   -0.995   -9.960  132.978    4.726  108.461    1599473118703
01     3.787   -0.315   -8.915  163.011   28.135   33.261    1599473118718
02     3.555   -0.999   -9.961  132.985    4.733  108.458    1599473118718
01     3.788   -0.319   -8.915  163.016   28.132   33.252    1599473118734
02     3.555   -1.002   -9.961  132.995    4.727  108.444    1599473118734
01     3.786   -0.327   -8.915  163.027   28.135   33.260    1599473118749
02     3.553   -1.010   -9.960  133.001    4.729  108.455    1599473118749
01     3.781   -0.336   -8.915  163.047   28.122   33.279    1599473118765
02     3.548   -1.019   -9.960  133.018    4.728  108.483    1599473118765
01     3.778   -0.341   -8.912  163.067   28.106   33.301    1599473118781
02     3.545   -1.024   -9.957  133.035    4.722  108.500    1599473118781
01     3.773   -0.343   -8.910  163.086   28.069   33.324    1599473118803
02     3.541   -1.029   -9.953  133.046    4.719  108.524    1599473118803
01     3.770   -0.347   -8.904  163.123   28.058   33.366    1599473118819
02     3.538   -1.033   -9.947  133.061    4.726  108.555    1599473118819
01     3.765   -0.345   -8.899  163.131   28.017   33.353    1599473118834
02     3.529   -1.032   -9.943  133.070    4.677  108.587    1599473118834
01     3.761   -0.343   -8.893  163.125   27.978   33.341    1599473118850
02     3.523   -1.030   -9.938  133.073    4.639  108.614    1599473118850
01     3.755   -0.341   -8.890  163.120   27.922   33.370    1599473118865
02     3.519   -1.027   -9.934  133.067    4.609  108.627    1599473118865
01     3.751   -0.338   -8.887  163.109   27.888   33.401    1599473118881
02     3.516   -1.023   -9.930  133.059    4.583  108.655    1599473118881
01     3.751   -0.334   -8.882  163.095   27.891   33.415    1599473118903
02     3.512   -1.020   -9.925  133.040    4.563  108.676    1599473118903
01     3.749   -0.331   -8.877  163.102   27.894   33.448    1599473118919
02     3.510   -1.018   -9.920  133.017    4.583  108.696    1599473118919
01     3.747   -0.326   -8.873  163.088   27.889   33.453    1599473118934
02     3.506   -1.014   -9.916  133.005    4.571  108.711    1599473118934
01     3.743   -0.321   -8.871  163.073   27.867   33.450    1599473118950
02     3.504   -1.004   -9.914  133.001    4.532  108.687    1599473118950
01     3.741   -0.316   -8.870  163.061   27.861   33.438    1599473118966
02     3.503   -1.001   -9.912  132.981    4.535  108.680    1599473118966
01     3.739   -0.314   -8.869  163.054   27.870   33.445    1599473118981
02     3.501   -0.997   -9.912  132.978    4.538  108.666    1599473118981
01     3.737   -0.313   -8.869  163.049   27.884   33.449    1599473118997
02     3.496   -0.996   -9.912  132.974    4.539  108.682    1599473118997
01     3.733   -0.311   -8.869  163.049   27.887   33.450    1599473119019
02     3.494   -0.995   -9.912  132.965    4.544  108.684    1599473119019
01     3.731   -0.308   -8.867  163.047   27.893   33.441    1599473119035
02     3.493   -0.991   -9.911  132.964    4.554  108.669    1599473119035
01     3.727   -0.307   -8.868  163.037   27.895   33.441    1599473119050
02     3.491   -0.992   -9.910  132.963    4.576  108.679    1599473119050
01     3.727   -0.306   -8.867  163.038   27.913   33.448    1599473119066
02     3.489   -0.990   -9.910  132.964    4.592  108.679    1599473119066
01     3.727   -0.301   -8.867  163.028   27.930   33.432    1599473119082
02     3.487   -0.989   -9.910  132.960    4.608  108.681    1599473119082
01     3.723   -0.300   -8.867  163.026   27.937   33.444    1599473119097
02     3.485   -0.987   -9.911  132.949    4.624  108.688    1599473119097
01     3.723   -0.298   -8.867  163.016   27.954   33.448    1599473119119
02     3.484   -0.984   -9.910  132.928    4.641  108.694    1599473119119
01     3.719   -0.296   -8.866  163.006   27.950   33.465    1599473119135
02     3.480   -0.981   -9.909  132.916    4.641  108.707    1599473119135
01     3.716   -0.291   -8.862  162.997   27.944   33.457    1599473119151
02     3.478   -0.977   -9.905  132.907    4.637  108.699    1599473119151
01     3.713   -0.288   -8.857  162.989   27.936   33.452    1599473119166
02     3.474   -0.971   -9.901  132.900    4.620  108.696    1599473119166
01     3.702   -0.280   -8.853  162.969   27.889   33.433    1599473119182
02     3.464   -0.963   -9.898  132.890    4.575  108.696    1599473119182
01     3.697   -0.274   -8.849  162.954   27.862   33.407    1599473119197
02     3.461   -0.959   -9.892  132.883    4.557  108.692    1599473119197
01     3.688   -0.270   -8.846  162.936   27.811   33.377    1599473119220
02     3.455   -0.950   -9.888  132.894    4.522  108.679    1599473119220
01     3.685   -0.265   -8.841  162.930   27.803   33.342    1599473119235
02     3.446   -0.946   -9.886  132.892    4.498  108.687    1599473119235
01     3.683   -0.262   -8.837  162.925   27.816   33.322    1599473119251
02     3.444   -0.940   -9.882  132.892    4.490  108.671    1599473119251
01     3.679   -0.258   -8.834  162.923   27.818   33.314    1599473119267
02     3.437   -0.939   -9.880  132.884    4.473  108.686    1599473119267
01     3.673   -0.256   -8.833  162.919   27.808   33.318    1599473119282
02     3.434   -0.937   -9.877  132.870    4.473  108.688    1599473119282
01     3.670   -0.253   -8.830  162.921   27.806   33.318    1599473119298
02     3.428   -0.932   -9.875  132.868    4.452  108.693    1599473119298
01     3.668   -0.250   -8.828  162.915   27.807   33.311    1599473119320
02     3.424   -0.929   -9.874  132.866    4.437  108.709    1599473119320
01     3.666   -0.244   -8.826  162.900   27.806   33.300    1599473119336
02     3.420   -0.928   -9.872  132.853    4.437  108.725    1599473119336
01     3.660   -0.241   -8.827  162.894   27.782   33.310    1599473119351
02     3.420   -0.920   -9.870  132.842    4.422  108.711    1599473119351
01     3.657   -0.235   -8.826  162.875   27.770   33.305    1599473119367
02     3.415   -0.916   -9.870  132.828    4.394  108.714    1599473119367
01     3.653   -0.229   -8.827  162.863   27.746   33.298    1599473119382
02     3.413   -0.907   -9.870  132.827    4.367  108.693    1599473119382
01     3.653   -0.225   -8.827  162.848   27.758   33.286    1599473119398
02     3.410   -0.906   -9.872  132.816    4.371  108.696    1599473119398
01     3.652   -0.224   -8.830  162.845   27.767   33.284    1599473119405
02     3.410   -0.904   -9.874  132.820    4.390  108.686    1599473119405
01     3.652   -0.223   -8.832  162.832   27.798   33.262    1599473119436
02     3.409   -0.898   -9.878  132.816    4.380  108.655    1599473119436
01     3.650   -0.222   -8.836  162.821   27.815   33.246    1599473119451
02     3.406   -0.897   -9.882  132.816    4.375  108.648    1599473119451
01     3.649   -0.221   -8.839  162.815   27.827   33.234    1599473119467
02     3.407   -0.898   -9.884  132.814    4.394  108.634    1599473119467
01     3.651   -0.219   -8.840  162.807   27.852   33.195    1599473119483
02     3.409   -0.898   -9.885  132.812    4.411  108.615    1599473119483
01     3.650   -0.219   -8.842  162.812   27.840   33.194    1599473119498
02     3.408   -0.899   -9.887  132.815    4.411  108.609    1599473119498
01     3.649   -0.219   -8.844  162.807   27.829   33.183    1599473119505
02     3.408   -0.896   -9.889  132.822    4.400  108.590    1599473119505
01     3.647   -0.217   -8.846  162.797   27.814   33.164    1599473119536
02     3.406   -0.896   -9.891  132.815    4.394  108.584    1599473119536
01     3.647   -0.215   -8.848  162.788   27.818   33.157    1599473119552
02     3.405   -0.894   -9.894  132.814    4.381  108.571    1599473119552
01     3.644   -0.214   -8.851  162.785   27.810   33.156    1599473119567
02     3.406   -0.893   -9.895  132.824    4.395  108.555    1599473119567
01     3.645   -0.214   -8.852  162.781   27.823   33.151    1599473119583
02     3.407   -0.892   -9.897  132.828    4.403  108.541    1599473119583
01     3.646   -0.213   -8.852  162.777   27.836   33.154    1599473119599
02     3.406   -0.894   -9.898  132.809    4.421  108.554    1599473119599
01     3.647   -0.212   -8.851  162.776   27.847   33.163    1599473119621
02     3.407   -0.891   -9.898  132.810    4.431  108.546    1599473119621
01     3.645   -0.210   -8.851  162.767   27.835   33.162    1599473119636
02     3.405   -0.890   -9.898  132.813    4.418  108.548    1599473119636
01     3.643   -0.207   -8.849  162.755   27.822   33.153    1599473119652
02     3.403   -0.887   -9.896  132.814    4.409  108.551    1599473119652
01     3.638   -0.203   -8.848  162.749   27.793   33.137    1599473119668
02     3.401   -0.884   -9.894  132.813    4.391  108.547    1599473119668
01     3.638   -0.203   -8.846  162.748   27.789   33.132    1599473119683
02     3.397   -0.880   -9.893  132.818    4.367  108.539    1599473119683
01     3.637   -0.201   -8.843  162.745   27.785   33.120    1599473119699
02     3.397   -0.879   -9.891  132.817    4.363  108.531    1599473119699
01     3.636   -0.198   -8.842  162.751   27.779   33.114    1599473119705
02     3.396   -0.877   -9.889  132.820    4.361  108.525    1599473119705
01     3.633   -0.200   -8.841  162.742   27.769   33.119    1599473119721
02     3.391   -0.876   -9.889  132.826    4.341  108.540    1599473119721
01     3.629   -0.201   -8.841  162.754   27.748   33.125    1599473119752
02     3.386   -0.876   -9.888  132.837    4.314  108.552    1599473119752
01     3.623   -0.202   -8.840  162.747   27.691   33.109    1599473119768
02     3.384   -0.876   -9.887  132.847    4.292  108.538    1599473119768
01     3.622   -0.201   -8.838  162.753   27.679   33.085    1599473119784
02     3.382   -0.876   -9.885  132.856    4.276  108.533    1599473119784
01     3.622   -0.200   -8.836  162.753   27.675   33.054    1599473119799
02     3.382   -0.877   -9.883  132.868    4.277  108.510    1599473119799
01     3.622   -0.202   -8.833  162.750   27.687   33.045    1599473119806
02     3.380   -0.876   -9.881  132.883    4.255  108.496    1599473119806
01     3.618   -0.200   -8.833  162.743   27.656   33.015    1599473119821
02     3.375   -0.876   -9.880  132.890    4.225  108.501    1599473119821
01     3.615   -0.202   -8.831  162.756   27.650   33.017    1599473119853
02     3.372   -0.876   -9.879  132.910    4.205  108.502    1599473119853
01     3.613   -0.201   -8.831  162.763   27.629   33.016    1599473119868
02     3.371   -0.876   -9.878  132.923    4.190  108.506    1599473119868
01     3.612   -0.203   -8.832  162.772   27.623   33.042    1599473119884
02     3.372   -0.877   -9.878  132.909    4.201  108.503    1599473119884
01     3.613   -0.204   -8.832  162.772   27.627   33.049    1599473119900
02     3.372   -0.880   -9.878  132.917    4.218  108.499    1599473119900
01     3.614   -0.206   -8.831  162.764   27.639   33.052    1599473119906
02     3.371   -0.882   -9.879  132.910    4.223  108.484    1599473119906
01     3.615   -0.207   -8.830  162.748   27.645   33.046    1599473119922
02     3.372   -0.880   -9.877  132.925    4.221  108.437    1599473119922
01     3.614   -0.207   -8.828  162.740   27.634   33.041    1599473119953
02     3.372   -0.878   -9.876  132.933    4.200  108.398    1599473119953
01     3.614   -0.207   -8.827  162.735   27.618   33.035    1599473119969
02     3.372   -0.877   -9.874  132.935    4.192  108.376    1599473119969
01     3.612   -0.208   -8.826  162.727   27.601   33.043    1599473119984
02     3.372   -0.877   -9.872  132.930    4.192  108.367    1599473119984
01     3.613   -0.206   -8.824  162.724   27.596   33.019    1599473120000
02     3.372   -0.877   -9.871  132.928    4.182  108.360    1599473120000
01     3.614   -0.206   -8.822  162.723   27.595   33.004    1599473120006
02     3.371   -0.877   -9.869  132.933    4.178  108.379    1599473120006
01     3.615   -0.208   -8.820  162.725   27.594   33.008    1599473120022
02     3.373   -0.880   -9.867  132.933    4.192  108.398    1599473120022
01     3.618   -0.211   -8.817  162.723   27.607   33.017    1599473120053
02     3.375   -0.881   -9.864  132.935    4.193  108.395    1599473120053
01     3.619   -0.214   -8.815  162.727   27.612   33.035    1599473120069
02     3.376   -0.883   -9.861  132.944    4.196  108.406    1599473120069
01     3.616   -0.216   -8.815  162.730   27.598   33.046    1599473120084
02     3.374   -0.883   -9.860  132.947    4.172  108.414    1599473120084
01     3.617   -0.218   -8.812  162.735   27.597   33.054    1599473120100
02     3.375   -0.887   -9.858  132.945    4.187  108.414    1599473120100
01     3.615   -0.222   -8.809  162.738   27.589   33.069    1599473120107
02     3.375   -0.891   -9.854  132.951    4.196  108.413    1599473120107
01     3.613   -0.224   -8.806  162.748   27.573   33.086    1599473120122
02     3.373   -0.896   -9.851  132.949    4.197  108.424    1599473120122
01     3.613   -0.228   -8.804  162.765   27.566   33.123    1599473120154
02     3.369   -0.900   -9.849  132.949    4.198  108.451    1599473120154
01     3.613   -0.232   -8.801  162.772   27.568   33.139    1599473120169
02     3.371   -0.900   -9.846  132.961    4.192  108.446    1599473120169
01     3.614   -0.232   -8.797  162.786   27.566   33.138    1599473120185
02     3.371   -0.900   -9.843  132.973    4.183  108.455    1599473120185
01     3.614   -0.234   -8.794  162.802   27.555   33.144    1599473120200
02     3.372   -0.903   -9.839  132.974    4.186  108.464    1599473120200
01     3.618   -0.231   -8.789  162.801   27.559   33.125    1599473120207
02     3.373   -0.903   -9.835  132.975    4.183  108.472    1599473120207
01     3.616   -0.229   -8.786  162.787   27.532   33.093    1599473120223
02     3.370   -0.897   -9.834  132.983    4.140  108.462    1599473120223
01     3.617   -0.228   -8.782  162.783   27.525   33.084    1599473120238
02     3.372   -0.896   -9.830  132.982    4.130  108.458    1599473120238
01     3.615   -0.226   -8.779  162.767   27.491   33.087    1599473120269
02     3.373   -0.895   -9.825  132.966    4.120  108.450    1599473120269
01     3.613   -0.225   -8.775  162.759   27.464   33.108    1599473120285
02     3.371   -0.896   -9.821  132.955    4.118  108.464    1599473120285
01     3.609   -0.225   -8.770  162.760   27.416   33.127    1599473120301
02     3.370   -0.893   -9.814  132.953    4.107  108.455    1599473120301
01     3.607   -0.228   -8.763  162.768   27.413   33.162    1599473120307
02     3.362   -0.893   -9.810  132.956    4.081  108.492    1599473120307
01     3.603   -0.227   -8.757  162.762   27.378   33.182    1599473120323
02     3.360   -0.895   -9.802  132.947    4.078  108.505    1599473120323
01     3.601   -0.226   -8.750  162.761   27.369   33.184    1599473120338
02     3.355   -0.894   -9.797  132.954    4.053  108.527    1599473120338
01     3.598   -0.225   -8.747  162.764   27.344   33.179    1599473120370
02     3.351   -0.894   -9.793  132.954    4.035  108.552    1599473120370
01     3.596   -0.224   -8.744  162.750   27.324   33.168    1599473120385
02     3.350   -0.890   -9.790  132.951    4.012  108.544    1599473120385
01     3.595   -0.221   -8.743  162.747   27.304   33.167    1599473120401
02     3.349   -0.886   -9.788  132.962    3.981  108.546    1599473120401
01     3.597   -0.222   -8.740  162.742   27.318   33.188    1599473120407
02     3.347   -0.889   -9.787  132.939    3.985  108.599    1599473120407
01     3.593   -0.221   -8.739  162.737   27.251   33.205    1599473120423
02     3.344   -0.888   -9.785  132.935    3.951  108.658    1599473120423
01     3.589   -0.218   -8.736  162.724   27.167   33.193    1599473120439
02     3.341   -0.885   -9.782  132.933    3.912  108.671    1599473120439
01     3.587   -0.214   -8.734  162.687   27.115   33.145    1599473120470
02     3.338   -0.883   -9.779  132.932    3.875  108.677    1599473120470
01     3.586   -0.209   -8.733  162.669   27.079   33.099    1599473120486
02     3.338   -0.875   -9.777  132.931    3.837  108.614    1599473120486
01     3.588   -0.205   -8.732  162.641   27.107   33.060    1599473120501
02     3.336   -0.869   -9.778  132.933    3.781  108.586    1599473120501
01     3.590   -0.203   -8.732  162.622   27.128   33.044    1599473120508
02     3.337   -0.867   -9.779  132.915    3.789  108.568    1599473120508
01     3.590   -0.199   -8.733  162.607   27.131   33.003    1599473120523
02     3.336   -0.867   -9.781  132.903    3.794  108.586    1599473120523
01     3.590   -0.198   -8.735  162.600   27.124   33.013    1599473120539
02     3.336   -0.864   -9.783  132.904    3.774  108.598    1599473120539
01     3.592   -0.199   -8.738  162.606   27.154   33.026    1599473120570
02     3.340   -0.865   -9.785  132.893    3.809  108.596    1599473120570
01     3.593   -0.199   -8.740  162.607   27.154   33.029    1599473120586
02     3.341   -0.863   -9.787  132.899    3.814  108.570    1599473120586
01     3.591   -0.199   -8.743  162.612   27.143   33.035    1599473120602
02     3.341   -0.865   -9.789  132.887    3.821  108.573    1599473120602
01     3.592   -0.199   -8.744  162.605   27.144   33.031    1599473120608
02     3.341   -0.865   -9.790  132.886    3.827  108.567    1599473120608
01     3.590   -0.198   -8.746  162.607   27.125   33.033    1599473120624
02     3.342   -0.865   -9.791  132.888    3.829  108.570    1599473120624
01     3.590   -0.198   -8.747  162.620   27.124   33.053    1599473120639
02     3.341   -0.866   -9.792  132.887    3.839  108.590    1599473120639
01     3.591   -0.198   -8.748  162.632   27.129   33.068    1599473120655
02     3.341   -0.864   -9.793  132.890    3.834  108.603    1599473120655
01     3.592   -0.197   -8.747  162.620   27.125   33.057    1599473120686
02     3.340   -0.864   -9.794  132.885    3.824  108.627    1599473120686
01     3.593   -0.195   -8.747  162.606   27.129   33.041    1599473120702
02     3.340   -0.862   -9.794  132.877    3.815  108.626    1599473120702
01     3.594   -0.192   -8.748  162.598   27.128   33.029    1599473120708
02     3.342   -0.861   -9.794  132.869    3.824  108.615    1599473120708
01     3.597   -0.190   -8.748  162.595   27.133   33.020    1599473120724
02     3.345   -0.859   -9.795  132.863    3.828  108.603    1599473120724
01     3.599   -0.188   -8.748  162.591   27.137   33.006    1599473120740
02     3.348   -0.857   -9.795  132.860    3.838  108.595    1599473120740
01     3.604   -0.187   -8.747  162.595   27.155   33.002    1599473120755
02     3.354   -0.854   -9.794  132.861    3.854  108.577    1599473120755
01     3.607   -0.184   -8.745  162.588   27.177   32.983    1599473120786
02     3.357   -0.849   -9.793  132.853    3.864  108.544    1599473120786
01     3.610   -0.184   -8.742  162.589   27.191   32.967    1599473120802
02     3.363   -0.846   -9.790  132.849    3.888  108.483    1599473120802
01     3.611   -0.184   -8.737  162.602   27.195   32.922    1599473120809
02     3.366   -0.843   -9.785  132.877    3.892  108.413    1599473120809
01     3.611   -0.180   -8.731  162.634   27.160   32.766    1599473120824
02     3.369   -0.836   -9.780  132.910    3.854  108.267    1599473120824
01     3.608   -0.180   -8.725  162.713   27.115   32.612    1599473120840
02     3.368   -0.836   -9.774  132.947    3.823  108.173    1599473120840
01     3.602   -0.186   -8.715  162.843   27.038   32.434    1599473120856
02     3.365   -0.836   -9.767  133.027    3.796  108.070    1599473120856
01     3.591   -0.187   -8.695  162.954   26.828   31.978    1599473120887
02     3.360   -0.831   -9.759  133.050    3.689  107.863    1599473120887
01     3.582   -0.175   -8.680  162.565   26.540   31.604    1599473120902
02     3.353   -0.819   -9.752  132.848    3.584  107.527    1599473120902
01     3.584   -0.175   -8.658  162.057   26.343   31.341    1599473120909
02     3.344   -0.810   -9.746  132.511    3.616  107.264    1599473120909
01     3.574   -0.133   -8.637  161.029   25.666   30.392    1599473120925
02     3.347   -0.776   -9.744  132.183    3.401  106.238    1599473120925
01     3.586    0.002   -8.607  157.915   24.684   28.003    1599473120940
02     3.319   -0.577   -9.943  133.718    4.115  102.251    1599473120940
01     3.678    0.315   -8.450  150.433   22.552   23.087    1599473120956
02     3.232   -0.685  -10.523  137.189   13.111   98.705    1599473120956
01     3.920    0.842   -8.051  137.699   15.688   17.637    1599473120971
02     3.523   -1.540  -11.162  143.300   37.940   98.083    1599473120971
01     4.328    1.171   -7.593  123.442    7.272   15.565    1599473121003
02     3.901   -2.538  -11.555  156.071   58.860  103.140    1599473121003
01     4.610    1.333   -7.396  114.994    2.320   16.854    1599473121009
02     4.027   -3.243  -11.656  179.615   69.736  121.368    1599473121009
01     4.769    1.354   -7.371  110.004    1.193   18.706    1599473121025
02     4.031   -3.615  -11.613 -158.405   72.392  140.847    1599473121025
01     4.849    1.342   -7.384  107.087    1.261   20.080    1599473121040
02     4.091   -3.757  -11.586 -145.162   74.115  152.055    1599473121040
01     4.884    1.334   -7.379  105.235    1.231   21.153    1599473121056
02     4.155   -3.786  -11.595 -138.635   75.994  157.000    1599473121056
01     4.891    1.322   -7.356  104.012    0.952   22.087    1599473121072
02     4.199   -3.785  -11.614 -134.518   77.585  159.997    1599473121072
01     4.895    1.325   -7.322  103.289    0.362   22.893    1599473121103
02     4.199   -3.781  -11.630 -132.623   78.459  161.418    1599473121103
01     4.908    1.336   -7.295  102.607   -0.268   23.537    1599473121109
02     4.171   -3.786  -11.637 -132.063   78.546  162.198    1599473121109
01     4.930    1.344   -7.284  101.899   -0.639   24.015    1599473121125
02     4.147   -3.788  -11.638 -131.726   78.497  163.029    1599473121125
01     4.938    1.345   -7.291  101.465   -0.743   24.299    1599473121141
02     4.130   -3.774  -11.650 -131.995   78.480  163.149    1599473121141
01     4.922    1.338   -7.316  101.540   -0.554   24.225    1599473121156
02     4.154   -3.763  -11.663 -131.073   78.653  164.315    1599473121156
01     4.888    1.323   -7.348  102.209   -0.166   23.739    1599473121172
02     4.200   -3.762  -11.688 -129.639   78.809  165.844    1599473121172
01     4.814    1.278   -7.407  103.543    0.618   23.214    1599473121203
02     4.248   -3.756  -11.729 -130.315   79.092  165.730    1599473121203
01     4.672    1.180   -7.503  106.345    2.265   22.918    1599473121210
02     4.267   -3.704  -11.792 -139.155   79.397  158.225    1599473121210
01     4.441    0.991   -7.651  111.726    5.395   22.943    1599473121225
02     4.177   -3.565  -11.869 -163.151   77.794  137.449    1599473121225
01     4.082    0.666   -7.878  121.129    9.463   22.443    1599473121241
02     3.898   -3.284  -11.855  171.094   68.726  116.396    1599473121241
01     3.719    0.327   -8.138  136.073   14.126   22.838    1599473121257
02     3.450   -2.834  -11.535  156.585   49.347  110.184    1599473121257
01     3.407   -0.016   -8.399  151.448   16.947   26.226    1599473121272
02     3.059   -2.386  -10.909  148.388   31.055  112.152    1599473121272
01     3.206   -0.400   -8.601  163.700   18.041   33.316    1599473121304
02     3.050   -2.065  -10.158  139.438   17.129  113.316    1599473121304
01     3.059   -0.480   -8.681  168.050   15.638   34.392    1599473121310
02     2.983   -1.392   -9.872  138.256    2.686  107.014    1599473121310
01     3.062   -0.513   -8.675  168.328   15.221   34.287    1599473121326
02     2.888   -1.141   -9.773  138.096   -2.337  105.276    1599473121326
01     3.063   -0.488   -8.674  167.391   14.517   33.778    1599473121341
02     2.849   -1.029   -9.743  137.629   -4.072  104.422    1599473121341
01     3.087   -0.442   -8.697  166.309   14.138   33.486    1599473121357
02     2.847   -0.967   -9.751  136.738   -4.779  104.146    1599473121357
01     3.124   -0.409   -8.742  165.652   14.182   33.821    1599473121373
02     2.879   -0.928   -9.780  135.910   -4.933  104.192    1599473121373
01     3.164   -0.409   -8.795  165.534   14.625   34.442    1599473121388
02     2.935   -0.905   -9.820  135.589   -4.605  103.936    1599473121388
01     3.187   -0.429   -8.840  165.854   15.138   34.840    1599473121410
02     2.988   -0.905   -9.856  135.828   -4.106  103.414    1599473121410
01     3.200   -0.455   -8.875  166.307   15.673   34.837    1599473121426
02     3.023   -0.919   -9.891  136.366   -3.641  102.760    1599473121426
01     3.202   -0.483   -8.903  166.740   16.164   34.605    1599473121442
02     3.042   -0.939   -9.924  136.984   -3.244  102.154    1599473121442
01     3.193   -0.485   -8.931  166.859   16.428   34.130    1599473121457
02     3.038   -0.962   -9.958  137.269   -2.992  101.896    1599473121457
01     3.194   -0.419   -8.990  165.792   16.654   33.271    1599473121473
02     3.037   -0.950  -10.015  136.745   -2.801  101.710    1599473121473
01     3.258   -0.296   -9.117  163.089   18.001   31.708    1599473121488
02     3.086   -0.851  -10.148  136.439   -1.972  100.122    1599473121488
01     3.442   -0.148   -9.189  157.922   20.508   28.778    1599473121511
02     3.096   -0.760  -10.512  137.169    2.368   97.685    1599473121511
01     3.737    0.123   -9.059  143.506   19.938   21.182    1599473121526
02     3.286   -1.136  -11.176  139.072   16.614   95.860    1599473121526
01     4.143    0.550   -8.758  129.588   13.399   15.602    1599473121542
02     3.818   -2.117  -11.834  145.618   44.918   96.652    1599473121542
01     4.610    0.940   -8.491  119.281    7.634   14.071    1599473121558
02     4.429   -3.180  -12.260  163.384   67.358  108.321    1599473121558
01     4.957    1.050   -8.436  112.342    6.079   14.795    1599473121573
02     4.772   -3.947  -12.383 -154.575   76.493  147.144    1599473121573
01     5.158    1.041   -8.479  108.398    6.460   15.662    1599473121589
02     4.929   -4.356  -12.380 -121.583   75.674  178.969    1599473121589
01     5.262    1.002   -8.533  106.112    7.099   16.211    1599473121611
02     5.106   -4.512  -12.381 -104.899   74.800 -165.752    1599473121611
01     5.312    0.965   -8.565  104.986    7.448   16.332    1599473121627
02     5.306   -4.564  -12.407  -91.446   75.193 -153.314    1599473121627
01     5.342    0.941   -8.574  104.418    7.414   16.172    1599473121642
02     5.457   -4.595  -12.442  -81.437   75.346 -144.117    1599473121642
01     5.369    0.931   -8.574  104.030    7.159   15.911    1599473121658
02     5.539   -4.642  -12.473  -76.420   75.015 -139.340    1599473121658
01     5.401    0.928   -8.581  103.692    6.973   15.644    1599473121673
02     5.592   -4.694  -12.485  -74.371   74.371 -137.209    1599473121673
01     5.423    0.914   -8.600  103.429    7.163   15.473    1599473121689
02     5.606   -4.748  -12.494  -74.719   73.794 -137.176    1599473121689
01     5.420    0.888   -8.632  103.654    7.648   15.342    1599473121711
02     5.641   -4.798  -12.492  -75.352   73.325 -137.120    1599473121711
01     5.376    0.833   -8.689  104.781    8.776   15.309    1599473121727
02     5.643   -4.750  -12.533  -76.885   74.420 -136.971    1599473121727
01     5.261    0.711   -8.793  107.784   11.332   15.697    1599473121742
02     5.528   -4.571  -12.637  -88.756   78.188 -145.645    1599473121742
01     5.082    0.509   -8.937  114.103   15.549   16.498    1599473121758
02     5.185   -4.167  -12.753 -149.712   81.110  158.244    1599473121758
01     4.792    0.158   -9.155  124.126   20.471   18.470    1599473121774
02     4.656   -3.674  -12.617  162.784   68.193  117.255    1599473121774
01     4.424   -0.335   -9.415  142.075   25.806   25.052    1599473121789
02     4.143   -3.223  -12.086  149.716   48.265  113.700    1599473121789
01     4.149   -0.883   -9.534  161.201   27.578   38.065    1599473121812
02     4.541   -2.760  -11.015  137.645   31.698  105.919    1599473121812
01     3.903   -0.814   -9.579  167.094   24.052   35.797    1599473121827
02     4.173   -2.075  -10.733  137.676   11.341  102.351    1599473121827
01     3.842   -0.731   -9.566  168.050   22.962   34.221    1599473121843
02     3.918   -1.635  -10.587  138.460    3.700  100.582    1599473121843
01     3.854   -0.662   -9.546  167.323   22.458   33.357    1599473121858
02     3.804   -1.399  -10.516  138.365    1.215   99.682    1599473121858
01     3.885   -0.585   -9.540  165.494   22.035   32.588    1599473121874
02     3.766   -1.242  -10.495  137.504    0.428   98.852    1599473121874
01     3.919   -0.511   -9.549  163.216   21.723   31.890    1599473121890
02     3.760   -1.139  -10.502  136.099    0.377   98.227    1599473121890
01     3.963   -0.408   -9.593  160.728   21.786   31.018    1599473121912
02     3.788   -1.062  -10.541  134.033    0.471   97.723    1599473121912
01     4.047   -0.368   -9.672  158.680   23.311   30.731    1599473121927
02     3.846   -0.969  -10.635  132.743    0.750   96.750    1599473121927
01     4.137   -0.358   -9.743  157.240   25.560   30.156    1599473121943
02     3.927   -0.837  -10.837  132.853    3.917   94.209    1599473121943
01     4.239   -0.216   -9.732  152.642   26.471   26.357    1599473121959
02     3.955   -0.885  -11.233  133.765   12.461   91.909    1599473121959
01     4.385   -0.001   -9.595  144.392   25.176   20.629    1599473121974
02     4.175   -1.310  -11.649  134.526   27.832   90.409    1599473121974
01     4.543    0.204   -9.403  135.621   21.771   15.671    1599473121990
02     4.480   -1.928  -12.022  136.516   43.618   90.409    1599473121990
01     4.752    0.486   -9.156  127.330   16.980   12.041    1599473122012
02     4.809   -2.601  -12.308  142.542   59.897   93.890    1599473122012
01     5.004    0.773   -8.941  120.988   12.992   10.107    1599473122028
02     5.117   -3.391  -12.504  162.945   73.815  111.449    1599473122028
01     5.235    0.915   -8.833  115.977   11.179    9.513    1599473122043
02     5.305   -4.011  -12.551 -150.000   78.996  156.779    1599473122043
01     5.387    0.946   -8.804  112.474   10.665    9.544    1599473122059
02     5.411   -4.382  -12.532 -116.110   76.957 -170.200    1599473122059
01     5.464    0.934   -8.798  110.408   10.563    9.628    1599473122075
02     5.537   -4.548  -12.513 -100.729   75.199 -155.572    1599473122075
01     5.479    0.904   -8.794  109.574   10.544    9.762    1599473122090
02     5.659   -4.629  -12.511  -90.990   74.370 -146.333    1599473122090
01     5.452    0.877   -8.788  109.906   10.484    9.851    1599473122112
02     5.744   -4.695  -12.513  -86.159   73.586 -141.689    1599473122112
01     5.404    0.855   -8.793  110.953   10.610    9.889    1599473122128
02     5.800   -4.736  -12.525  -84.420   73.166 -139.497    1599473122128
01     5.320    0.790   -8.839  112.791   11.609   10.443    1599473122144
02     5.853   -4.662  -12.558  -81.988   74.263 -135.796    1599473122144
01     5.162    0.606   -8.947  116.953   14.590   12.090    1599473122159
02     5.798   -4.421  -12.668  -87.804   78.695 -139.415    1599473122159
01     4.938    0.329   -9.096  125.569   19.117   14.694    1599473122175
02     5.530   -4.006  -12.777 -153.966   82.976  157.953    1599473122175
01     4.664   -0.079   -9.289  139.606   24.171   20.106    1599473122190
02     4.991   -3.508  -12.612  155.138   67.442  113.905    1599473122190
01     4.291   -0.613   -9.577  162.131   27.016   32.062    1599473122213
02     4.491   -3.082  -11.936  144.386   46.657  113.195    1599473122213
01     3.990   -0.686   -9.681  170.099   22.967   34.531    1599473122228
02     4.267   -2.209  -11.406  137.672   24.795  104.115    1599473122228
01     3.935   -0.700   -9.678  170.412   23.366   33.122    1599473122244
02     4.157   -1.643  -11.072  135.969   14.266   99.804    1599473122244
01     3.982   -0.639   -9.696  168.063   24.182   31.108    1599473122260
02     4.152   -1.316  -10.947  135.017   10.392   97.508    1599473122260
01     4.058   -0.606   -9.745  166.052   25.383   30.070    1599473122275
02     4.208   -1.201  -10.934  134.400   10.059   96.555    1599473122275
01     4.150   -0.575   -9.812  164.166   26.761   29.913    1599473122291
02     4.289   -1.189  -10.968  133.910   10.939   96.497    1599473122291
01     4.268   -0.513   -9.908  161.949   28.275   30.393    1599473122313
02     4.404   -1.188  -11.025  132.982   11.927   96.203    1599473122313
01     4.440   -0.480  -10.009  159.341   30.862   30.033    1599473122329
02     4.531   -1.149  -11.127  132.259   13.240   94.267    1599473122329
01     4.610   -0.369  -10.033  154.456   32.613   27.006    1599473122344
02     4.590   -1.098  -11.417  132.376   17.377   91.516    1599473122344
01     4.779   -0.106   -9.916  145.228   31.313   20.349    1599473122360
02     4.807   -1.467  -11.815  132.678   30.598   89.494    1599473122360
01     4.950    0.155   -9.707  135.177   27.275   14.664    1599473122375
02     5.141   -2.150  -12.158  134.181   47.538   88.881    1599473122375
01     5.173    0.493   -9.437  124.320   20.614   10.105    1599473122391
02     5.465   -2.878  -12.397  140.314   64.216   91.945    1599473122391
01     5.427    0.772   -9.186  115.695   15.366    8.441    1599473122413
02     5.726   -3.729  -12.526  173.002   79.558  121.165    1599473122413
01     5.612    0.938   -9.029  110.242   12.557    8.409    1599473122429
02     5.762   -4.301  -12.536 -118.237   79.616 -171.916    1599473122429
01     5.729    1.010   -8.933  106.481   11.185    9.023    1599473122445
02     5.770   -4.573  -12.489  -96.186   75.224 -151.256    1599473122445
01     5.770    1.038   -8.858  104.007   10.146    9.991    1599473122460
02     5.767   -4.643  -12.466  -87.506   73.411 -144.022    1599473122460
01     5.730    1.039   -8.792  102.944    9.284   11.233    1599473122476
02     5.757   -4.649  -12.449  -81.885   72.882 -139.533    1599473122476
01     5.641    1.031   -8.726  103.191    8.571   12.298    1599473122491
02     5.712   -4.620  -12.450  -79.943   73.164 -138.127    1599473122491
01     5.500    0.991   -8.689  104.668    8.493   13.544    1599473122514
02     5.660   -4.519  -12.473  -79.329   74.595 -137.147    1599473122514
01     5.283    0.870   -8.715  108.008    9.939   15.214    1599473122529
02     5.527   -4.312  -12.546  -86.239   78.318 -142.011    1599473122529
01     5.001    0.622   -8.803  114.952   13.655   16.913    1599473122545
02     5.178   -3.929  -12.635 -143.260   82.113  164.856    1599473122545
01     4.702    0.308   -8.927  126.783   18.381   18.988    1599473122560
02     4.589   -3.483  -12.491  164.359   68.662  119.463    1599473122560
01     4.376   -0.061   -9.105  142.538   22.296   24.250    1599473122576
02     4.081   -3.055  -11.897  151.419   49.323  116.484    1599473122576
01     4.070   -0.382   -9.229  159.437   23.097   30.462    1599473122592
02     3.790   -1.758  -11.067  139.416   17.900  104.297    1599473122592
01     3.794   -0.465   -9.285  165.920   21.518   30.253    1599473122614
02     3.728   -1.310  -10.623  137.843    7.196  100.349    1599473122614
01     3.709   -0.440   -9.300  166.563   21.113   28.797    1599473122630
02     3.692   -1.063  -10.445  137.577    2.811   97.733    1599473122630
01     3.710   -0.374   -9.325  165.035   21.230   27.234    1599473122645
02     3.690   -0.923  -10.412  136.972    1.527   95.938    1599473122645
01     3.763   -0.273   -9.398  162.532   21.837   25.975    1599473122661
02     3.718   -0.858  -10.475  135.808    1.903   95.183    1599473122661
01     3.917   -0.193   -9.521  159.327   23.907   25.785    1599473122677
02     3.819   -0.804  -10.604  134.350    3.389   95.095    1599473122677
01     4.114   -0.166   -9.667  156.672   27.369   25.939    1599473122692
02     3.981   -0.703  -10.822  133.370    6.909   92.521    1599473122692
01     4.320   -0.056   -9.706  151.535   29.433   23.578    1599473122714
02     4.113   -0.773  -11.235  133.007   15.269   89.651    1599473122714
01     4.518    0.226   -9.572  142.272   27.540   17.716    1599473122730
02     4.444   -1.268  -11.681  132.480   30.967   87.096    1599473122730
01     4.753    0.490   -9.334  131.899   23.046   12.822    1599473122746
02     4.784   -1.997  -12.073  134.039   47.551   86.315    1599473122746
01     5.053    0.800   -9.067  121.598   17.011    9.419    1599473122761
02     5.083   -2.708  -12.322  139.812   63.097   89.108    1599473122761
01     5.363    0.990   -8.877  112.560   12.893    8.602    1599473122777
02     5.235   -3.452  -12.436  165.710   77.052  112.266    1599473122777
01     5.553    1.056   -8.788  106.938   11.214    9.053    1599473122793
02     5.273   -3.987  -12.441 -137.840   79.961  167.243    1599473122793
01     5.627    1.055   -8.749  103.881   10.717    9.824    1599473122815
02     5.287   -4.288  -12.406 -109.338   77.026 -165.142    1599473122815
01     5.592    1.020   -8.722  102.776   10.464   10.881    1599473122830
02     5.310   -4.443  -12.371  -97.929   75.277 -154.045    1599473122830
01     5.477    0.956   -8.695  103.334   10.383   11.991    1599473122846
02     5.281   -4.458  -12.379  -94.179   75.379 -149.598    1599473122846
01     5.288    0.839   -8.683  105.736   11.098   13.387    1599473122862
02     5.242   -4.265  -12.433  -96.013   78.578 -149.494    1599473122862
01     5.032    0.647   -8.687  110.773   12.953   14.799    1599473122877
02     5.111   -3.884  -12.517 -128.339   83.707 -178.893    1599473122877
01     4.761    0.417   -8.714  120.028   16.100   15.705    1599473122893
02     4.710   -3.355  -12.506  159.242   76.071  113.118    1599473122893
01     4.471    0.187   -8.823  133.701   19.638   18.748    1599473122915
02     4.227   -2.818  -12.134  146.629   58.169  107.024    1599473122915
01     4.129   -0.129   -8.995  148.250   22.201   25.333    1599473122931
02     4.194   -2.418  -11.296  137.849   41.116  105.259    1599473122931
01     3.885   -0.219   -9.142  157.893   21.693   27.816    1599473122946
02     4.104   -1.783  -10.825  135.065   24.028  100.379    1599473122946
01     3.817   -0.227   -9.219  160.333   22.078   27.796    1599473122962
02     3.924   -1.286  -10.584  134.738   12.465   98.415    1599473122962
01     3.843   -0.190   -9.289  158.651   22.557   27.221    1599473122977
02     3.840   -1.018  -10.508  134.011    7.550   97.592    1599473122977
01     3.940   -0.123   -9.382  155.274   23.525   26.558    1599473122993
02     3.842   -0.880  -10.540  132.823    6.523   97.304    1599473122993
01     4.097   -0.068   -9.487  151.225   25.827   25.456    1599473123015
02     3.917   -0.760  -10.650  131.943    8.114   95.051    1599473123015
01     4.281    0.036   -9.493  145.117   27.039   22.562    1599473123031
02     3.917   -0.752  -11.006  132.298   14.491   92.080    1599473123031
01     4.478    0.274   -9.359  136.436   24.776   17.187    1599473123047
02     4.111   -1.221  -11.432  133.121   29.764   90.250    1599473123047
01     4.688    0.499   -9.160  127.837   20.774   13.113    1599473123062
02     4.394   -1.925  -11.822  135.719   46.560   90.269    1599473123062
01     4.908    0.709   -8.957  120.717   16.603   10.963    1599473123078
02     4.705   -2.626  -12.091  141.501   62.109   93.013    1599473123078
01     5.169    0.889   -8.759  113.189   12.541   10.194    1599473123093
02     4.890   -3.205  -12.233  154.740   73.627  103.842    1599473123093
01     5.349    0.981   -8.643  107.755   10.242   10.781    1599473123116
02     4.958   -3.719  -12.297 -169.650   80.001  137.737    1599473123116
01     5.431    1.016   -8.575  104.718    9.240   11.641    1599473123131
02     5.001   -4.063  -12.301 -128.168   79.936  177.967    1599473123131
01     5.423    1.010   -8.535  103.571    8.867   12.346    1599473123147
02     5.034   -4.245  -12.296 -109.070   78.277 -163.241    1599473123147
01     5.341    0.969   -8.522  104.073    9.088   12.791    1599473123162
02     5.094   -4.260  -12.314 -100.121   78.439 -153.632    1599473123162
01     5.193    0.882   -8.537  106.447   10.177   13.033    1599473123178
02     5.161   -4.151  -12.364  -96.806   80.489 -148.681    1599473123178
01     4.979    0.698   -8.596  111.553   13.052   13.312    1599473123194
02     5.130   -3.858  -12.456 -125.050   84.872 -174.048    1599473123194
01     4.720    0.445   -8.707  121.379   17.560   14.067    1599473123216
02     4.886   -3.404  -12.467  154.331   78.344  109.352    1599473123216
01     4.417    0.126   -8.888  136.015   22.327   17.962    1599473123231
02     4.515   -2.985  -12.179  144.209   61.893  104.406    1599473123231
01     4.017   -0.313   -9.140  154.500   25.301   27.068    1599473123247
02     4.244   -2.629  -11.555  139.549   44.765  106.525    1599473123247
01     3.667   -0.454   -9.293  165.294   22.733   29.591    1599473123263
02     4.158   -2.046  -11.081  136.182   28.326  100.729    1599473123263
01     3.617   -0.487   -9.317  167.504   23.261   28.565    1599473123278
02     3.969   -1.514  -10.779  135.459   16.091   98.134    1599473123278
01     3.632   -0.447   -9.347  165.994   23.571   27.385    1599473123294
02     3.882   -1.206  -10.633  135.016   10.448   97.130    1599473123294
01     3.708   -0.343   -9.399  162.345   23.884   26.821    1599473123316
02     3.871   -1.029  -10.596  134.309    8.171   96.722    1599473123316
01     3.862   -0.198   -9.499  157.588   25.040   25.827    1599473123332
02     3.898   -0.911  -10.637  133.317    7.817   95.933    1599473123332
01     4.060   -0.105   -9.564  152.160   27.321   24.184    1599473123347
02     3.953   -0.742  -10.773  132.705    9.146   92.923    1599473123347
01     4.241    0.118   -9.470  144.259   26.590   19.656    1599473123363
02     3.953   -0.808  -11.205  132.971   17.938   89.956    1599473123363
01     4.446    0.405   -9.236  134.544   22.483   14.624    1599473123379
02     4.177   -1.370  -11.639  133.592   34.726   87.940    1599473123379
01     4.668    0.665   -8.997  126.185   17.758   11.686    1599473123394
02     4.437   -2.059  -11.995  136.295   50.795   87.889    1599473123394
01     4.905    0.860   -8.781  117.738   13.142   10.480    1599473123416
02     4.667   -2.691  -12.212  142.315   64.249   91.224    1599473123416
01     5.075    0.949   -8.634  111.487   10.292   10.992    1599473123432
02     4.768   -3.230  -12.308  157.374   74.291  104.236    1599473123432
01     5.142    0.969   -8.542  108.203    8.874   12.101    1599473123448
02     4.817   -3.740  -12.326 -165.783   79.698  139.416    1599473123448
01     5.131    0.957   -8.478  107.003    8.050   13.276    1599473123463
02     4.876   -4.064  -12.308 -128.398   79.825  175.419    1599473123463
01     5.081    0.941   -8.414  107.009    7.254   14.159    1599473123479
02     4.944   -4.228  -12.296 -107.723   78.939 -164.878    1599473123479
01     5.023    0.926   -8.344  107.408    6.335   14.564    1599473123495
02     4.990   -4.280  -12.297  -96.741   78.638 -154.170    1599473123495
01     4.954    0.892   -8.290  108.175    5.801   14.680    1599473123517
02     5.013   -4.209  -12.324  -91.820   79.836 -148.492    1599473123517
01     4.844    0.799   -8.284  110.396    6.681   14.722    1599473123532
02     4.919   -3.975  -12.404 -108.696   83.405 -162.795    1599473123532
01     4.694    0.626   -8.337  115.907    9.712   14.415    1599473123548
02     4.561   -3.585  -12.437  173.846   79.534  124.611    1599473123548
01     4.497    0.447   -8.476  126.067   13.875   14.538    1599473123564
02     4.079   -3.210  -12.130  155.202   62.201  114.036    1599473123564
01     4.194    0.105   -8.767  141.035   19.272   19.171    1599473123579
02     3.821   -2.878  -11.433  145.963   43.453  115.695    1599473123579
01     3.886   -0.192   -9.038  157.120   21.527   24.866    1599473123595
02     3.725   -2.008  -10.897  137.723   18.680  106.630    1599473123595
01     3.716   -0.373   -9.165  163.984   22.486   27.219    1599473123617
02     3.696   -1.543  -10.519  136.285    7.020  103.155    1599473123617
01     3.665   -0.369   -9.220  163.711   22.313   26.460    1599473123633
02     3.647   -1.246  -10.344  135.829    1.376  101.023    1599473123633
01     3.715   -0.289   -9.284  160.145   22.485   24.932    1599473123648
02     3.629   -1.074  -10.327  134.751   -0.318   99.904    1599473123648
01     3.855   -0.205   -9.383  155.601   23.783   23.335    1599473123664
02     3.686   -0.907  -10.422  133.627    0.248   98.656    1599473123664
01     4.025   -0.159   -9.453  150.829   25.988   22.149    1599473123679
02     3.774   -0.739  -10.666  132.967    4.575   94.759    1599473123679
01     4.208    0.032   -9.355  142.717   25.070   17.881    1599473123695
02     3.853   -0.899  -11.118  133.050   15.845   91.564    1599473123695
01     4.418    0.311   -9.124  133.140   20.712   13.451    1599473123717
02     4.071   -1.483  -11.557  134.200   32.646   89.837    1599473123717
01     4.647    0.568   -8.880  124.991   15.869   11.100    1599473123733
02     4.327   -2.186  -11.907  137.905   48.567   90.617    1599473123733
01     4.849    0.739   -8.691  118.431   12.098   10.515    1599473123749
02     4.539   -2.855  -12.111  145.794   62.158   95.674    1599473123749
01     4.999    0.825   -8.548  112.902    9.421   11.237    1599473123764
02     4.652   -3.403  -12.194  163.081   72.610  110.532    1599473123764
01     5.049    0.846   -8.442  109.781    7.894   12.641    1599473123780
02     4.723   -3.855  -12.205 -164.268   78.119  140.980    1599473123780
01     5.012    0.821   -8.356  108.670    6.919   13.937    1599473123795
02     4.783   -4.108  -12.199 -134.554   79.367  169.049    1599473123795
01     4.898    0.739   -8.300  109.551    6.867   15.038    1599473123818
02     4.768   -4.163  -12.221 -124.325   80.025  179.478    1599473123818
01     4.725    0.611   -8.281  112.836    7.965   15.580    1599473123833
02     4.628   -4.005  -12.272 -144.726   80.957  161.329    1599473123833
01     4.530    0.429   -8.306  119.379   10.702   15.223    1599473123849
02     4.320   -3.697  -12.267  176.845   75.992  126.800    1599473123849
01     4.291    0.219   -8.432  130.891   14.740   15.788    1599473123864
02     3.884   -3.338  -12.009  160.200   62.350  116.963    1599473123864
01     4.006   -0.118   -8.680  145.643   19.204   20.898    1599473123880
02     3.663   -2.970  -11.402  149.518   46.403  115.829    1599473123880
01     3.712   -0.412   -8.947  159.802   20.787   25.504    1599473123896
02     3.578   -2.190  -10.995  140.535   26.347  105.790    1599473123896
01     3.608   -0.582   -9.132  166.456   22.649   26.980    1599473123918
02     3.629   -1.795  -10.755  138.135   17.705  101.152    1599473123918
01     3.632   -0.631   -9.267  166.757   24.155   26.558    1599473123933
02     3.695   -1.529  -10.656  136.580   12.782   97.734    1599473123933
01     3.741   -0.597   -9.410  163.666   25.626   25.844    1599473123949
02     3.752   -1.390  -10.685  135.369   10.882   96.535    1599473123949
01     3.921   -0.554   -9.574  159.309   28.037   25.066    1599473123965
02     3.874   -1.269  -10.810  134.390   12.129   94.602    1599473123965
01     4.133   -0.495   -9.661  153.165   30.189   23.230    1599473123980
02     3.997   -1.238  -11.088  133.542   17.492   91.484    1599473123980
01     4.323   -0.301   -9.590  143.902   29.073   18.040    1599473123996
02     4.240   -1.535  -11.413  132.671   29.412   88.605    1599473123996
01     4.508   -0.040   -9.406  134.062   24.856   13.224    1599473124018
02     4.478   -2.039  -11.742  133.477   42.538   87.071    1599473124018
01     4.701    0.217   -9.197  125.920   20.018   10.450    1599473124034
02     4.713   -2.610  -12.002  136.706   55.369   87.785    1599473124034
01     4.896    0.422   -9.016  118.225   15.404    9.224    1599473124049
02     4.928   -3.340  -12.205  145.813   68.161   94.230    1599473124049
01     5.095    0.580   -8.853  111.688   12.186    9.490    1599473124065
02     4.997   -3.972  -12.292  174.000   77.986  120.197    1599473124065
01     5.211    0.652   -8.737  107.351   10.494   10.712    1599473124081
02     4.980   -4.381  -12.297 -141.397   79.816  163.230    1599473124081
01     5.230    0.665   -8.646  105.203    9.496   12.109    1599473124096
02     4.961   -4.577  -12.284 -117.374   78.506 -173.604    1599473124096
01     5.159    0.616   -8.580  105.003    9.191   13.428    1599473124118
02     4.926   -4.566  -12.296 -110.912   78.965 -166.526    1599473124118
01     4.999    0.503   -8.544  107.181    9.918   14.624    1599473124134
02     4.858   -4.365  -12.350 -122.065   81.658 -175.698    1599473124134
01     4.790    0.327   -8.529  112.370   11.927   15.057    1599473124150
02     4.696   -3.994  -12.404 -174.019   82.121  135.529    1599473124150
01     4.569    0.141   -8.558  121.862   15.012   14.757    1599473124165
02     4.320   -3.524  -12.307  154.337   70.844  108.832    1599473124165
01     4.298   -0.092   -8.701  135.950   18.814   17.420    1599473124181
02     3.941   -3.142  -11.820  147.431   53.891  109.338    1599473124181
01     4.104   -0.391   -8.860  150.698   22.608   23.275    1599473124197
02     4.167   -2.554  -11.068  139.111   37.185  100.836    1599473124197
01     3.866   -0.587   -9.039  161.523   23.301   25.444    1599473124219
02     3.988   -1.995  -10.758  137.976   21.390   97.659    1599473124219
01     3.766   -0.685   -9.172  165.852   23.896   25.385    1599473124234
02     3.889   -1.626  -10.581  138.004   12.595   95.226    1599473124234
01     3.757   -0.723   -9.275  166.375   24.589   24.570    1599473124250
02     3.864   -1.418  -10.528  137.833    8.618   93.269    1599473124250
01     3.793   -0.703   -9.381  164.471   25.234   23.734    1599473124266
02     3.874   -1.324  -10.568  136.855    7.431   92.282    1599473124266
01     3.910   -0.632   -9.507  160.553   26.456   23.488    1599473124281
02     3.913   -1.295  -10.674  135.204    8.169   92.975    1599473124281
01     4.094   -0.577   -9.631  155.892   28.864   22.916    1599473124297
02     4.044   -1.181  -10.844  133.668   10.568   91.256    1599473124297
01     4.293   -0.463   -9.640  148.686   29.834   19.589    1599473124319
02     4.147   -1.231  -11.175  132.660   17.771   89.058    1599473124319
01     4.473   -0.265   -9.518  139.352   27.473   14.245    1599473124335
02     4.372   -1.615  -11.529  132.041   30.992   87.027    1599473124335
01     4.642   -0.058   -9.347  131.164   23.580   10.416    1599473124350
02     4.631   -2.164  -11.844  132.786   44.858   85.969    1599473124350
01     4.796    0.122   -9.182  124.179   19.376    8.140    1599473124366
02     4.882   -2.733  -12.089  135.236   57.252   86.649    1599473124366
01     4.963    0.301   -8.995  118.220   15.461    7.217    1599473124381
02     5.143   -3.450  -12.294  143.138   70.507   92.504    1599473124381
01     5.082    0.420   -8.840  114.393   12.815    7.365    1599473124397
02     5.274   -4.065  -12.382  170.811   79.993  118.521    1599473124397
01     5.129    0.473   -8.736  112.551   11.356    7.960    1599473124419
02     5.287   -4.456  -12.397 -143.665   81.365  163.275    1599473124419
01     5.116    0.469   -8.681  112.221   10.828    8.494    1599473124435
02     5.312   -4.642  -12.380 -120.690   79.970 -173.686    1599473124435
01     5.028    0.381   -8.682  113.674   11.784    9.326    1599473124450
02     5.322   -4.569  -12.407 -118.686   81.012 -170.812    1599473124450
01     4.869    0.206   -8.724  118.061   14.392   10.206    1599473124466
02     5.230   -4.307  -12.476 -149.236   82.900  160.498    1599473124466
01     4.654   -0.016   -8.821  127.446   18.365   11.399    1599473124482
02     4.900   -3.933  -12.469  164.594   76.079  118.429    1599473124482
01     4.383   -0.324   -9.023  141.431   22.803   16.463    1599473124497
02     4.462   -3.542  -12.130  151.424   60.824  111.954    1599473124497
01     4.118   -0.750   -9.240  155.512   25.960   25.313    1599473124520
02     4.625   -3.071  -11.303  140.752   45.804  105.160    1599473124520
01     3.952   -0.945   -9.398  165.223   26.263   28.777    1599473124535
02     4.455   -2.524  -10.966  137.667   29.770  101.223    1599473124535
01     3.880   -0.990   -9.482  167.486   26.216   28.800    1599473124551
02     4.281   -2.155  -10.821  136.944   18.891   99.307    1599473124551
01     3.888   -0.975   -9.538  165.812   26.343   27.881    1599473124566
02     4.172   -1.897  -10.753  136.423   12.668   98.175    1599473124566
01     3.930   -0.920   -9.599  162.714   26.450   27.070    1599473124582
02     4.093   -1.742  -10.753  135.720    9.848   98.233    1599473124582
01     4.021   -0.847   -9.679  158.942   27.401   25.652    1599473124598
02     4.069   -1.643  -10.803  135.014    9.567   97.963    1599473124598
01     4.143   -0.778   -9.718  154.258   28.737   23.744    1599473124620
02     4.073   -1.457  -10.969  134.732   10.878   95.036    1599473124620
01     4.271   -0.586   -9.637  146.550   27.634   19.258    1599473124635
02     4.083   -1.558  -11.354  135.104   20.777   92.497    1599473124635
01     4.443   -0.307   -9.443  137.071   23.627   14.441    1599473124651
02     4.293   -2.034  -11.714  136.001   36.984   90.970    1599473124651
01     4.654   -0.022   -9.234  127.941   18.546   11.154    1599473124667
02     4.526   -2.629  -12.008  139.315   52.052   91.895    1599473124667
01     4.936    0.256   -8.997  118.750   13.717    9.654    1599473124682
02     4.689   -3.202  -12.197  146.995   63.880   97.611    1599473124682
01     5.134    0.392   -8.841  112.790   11.254    9.804    1599473124698
02     4.773   -3.847  -12.313  164.150   72.214  113.654    1599473124698
01     5.202    0.418   -8.758  110.244   10.517   10.429    1599473124714
02     4.783   -4.355  -12.338 -169.314   75.409  139.987    1599473124714
01     5.144    0.344   -8.741  110.724   11.237   11.281    1599473124736
02     4.802   -4.576  -12.343 -153.241   75.806  156.553    1599473124736
01     4.980    0.174   -8.782  114.663   13.765   12.245    1599473124751
02     4.668   -4.483  -12.383 -162.135   74.803  149.794    1599473124751
01     4.756   -0.073   -8.866  123.777   18.025   13.160    1599473124767
02     4.343   -4.194  -12.306  175.572   67.998  132.263    1599473124767
01     4.462   -0.390   -9.040  138.374   22.587   17.216    1599473124783
02     4.039   -3.829  -11.932  160.169   55.519  124.392    1599473124783
01     4.180   -0.778   -9.238  154.418   25.470   25.604    1599473124798
02     4.229   -3.319  -11.261  144.659   42.321  114.183    1599473124798
01     4.016   -0.943   -9.382  164.377   25.547   28.875    1599473124814
02     4.246   -2.691  -10.955  138.893   27.768  106.414    1599473124814
01     3.963   -1.023   -9.471  169.283   26.033   29.392    1599473124836
02     4.206   -2.281  -10.822  137.223   18.446  102.305    1599473124836
01     3.978   -1.032   -9.545  169.943   26.573   28.499    1599473124852
02     4.205   -2.015  -10.777  136.143   12.361   98.976    1599473124852
01     4.028   -0.997   -9.630  168.250   27.122   27.425    1599473124867
02     4.240   -1.832  -10.792  134.848    9.418   96.768    1599473124867
01     4.129   -0.927   -9.728  164.644   28.011   26.638    1599473124883
02     4.277   -1.717  -10.862  133.337    8.671   96.489    1599473124883
01     4.276   -0.839   -9.831  160.116   29.624   25.231    1599473124898
02     4.367   -1.574  -10.979  132.077    9.852   95.226    1599473124898
01     4.443   -0.716   -9.856  153.464   30.575   22.115    1599473124914
02     4.412   -1.449  -11.252  131.711   14.248   92.295    1599473124914
01     4.603   -0.505   -9.769  144.227   28.714   16.703    1599473124936
02     4.563   -1.713  -11.583  131.845   26.897   90.296    1599473124936
01     4.797   -0.230   -9.601  135.048   24.985   12.206    1599473124952
02     4.761   -2.198  -11.886  133.384   41.119   89.601    1599473124952
01     5.059    0.097   -9.369  124.500   19.543    8.767    1599473124968
02     4.972   -2.756  -12.138  136.713   54.121   90.703    1599473124968
01     5.277    0.313   -9.168  116.412   15.310    8.080    1599473124983
02     5.160   -3.494  -12.361  146.586   67.888   98.021    1599473124983
01     5.381    0.415   -9.020  111.766   12.721    8.856    1599473124999
02     5.212   -4.134  -12.459  173.860   77.094  123.355    1599473124999
01     5.402    0.464   -8.907  109.576   11.106    9.843    1599473125014
02     5.204   -4.542  -12.460 -147.549   78.973  160.586    1599473125014
01     5.381    0.489   -8.815  108.663    9.935   10.664    1599473125037
02     5.186   -4.735  -12.443 -125.301   78.085 -178.161    1599473125037
01     5.326    0.480   -8.742  108.547    9.269   11.308    1599473125052
02     5.185   -4.759  -12.438 -115.158   78.353 -168.136    1599473125052
01     5.217    0.399   -8.697  109.818    9.759   11.897    1599473125068
02     5.125   -4.625  -12.475 -118.928   80.122 -170.760    1599473125068
01     5.053    0.268   -8.686  113.761   11.410   12.230    1599473125083
02     5.015   -4.284  -12.533 -153.311   82.499  157.173    1599473125083
01     4.867    0.095   -8.708  121.229   14.361   12.164    1599473125099
02     4.674   -3.841  -12.513  162.051   75.242  117.011    1599473125099
01     4.626   -0.097   -8.819  133.264   17.896   14.099    1599473125115
02     4.248   -3.389  -12.153  149.868   59.358  111.723    1599473125115
01     4.359   -0.354   -9.002  147.006   21.109   19.467    1599473125137
02     4.220   -3.014  -11.390  139.365   43.264  109.363    1599473125137
01     4.102   -0.565   -9.204  159.006   22.332   22.659    1599473125152
02     4.256   -2.392  -10.977  135.317   26.973  101.855    1599473125152
01     4.009   -0.712   -9.328  164.434   23.903   23.419    1599473125168
02     4.192   -1.879  -10.746  135.134   15.281   97.751    1599473125168
01     3.999   -0.786   -9.422  165.333   24.818   23.011    1599473125184
02     4.172   -1.593  -10.656  135.233    9.473   95.034    1599473125184
01     4.024   -0.810   -9.508  164.026   25.278   22.691    1599473125199
02     4.175   -1.465  -10.661  134.659    7.085   93.519    1599473125199
01     4.081   -0.776   -9.609  161.054   25.549   22.911    1599473125215
02     4.182   -1.420  -10.725  133.407    6.565   93.372    1599473125215
01     4.210   -0.707   -9.731  156.751   26.662   22.848    1599473125221
02     4.214   -1.347  -10.840  131.937    7.263   93.633    1599473125221
01     4.363   -0.655   -9.820  151.761   28.642   22.106    1599473125253
02     4.288   -1.222  -11.038  130.772   10.657   91.310    1599473125253
01     4.519   -0.500   -9.758  143.518   27.987   17.839    1599473125268
02     4.335   -1.322  -11.397  130.128   19.924   88.894    1599473125268
01     4.674   -0.271   -9.582  134.199   24.114   12.906    1599473125284
02     4.481   -1.719  -11.722  129.707   33.419   86.871    1599473125284
01     4.832   -0.018   -9.388  126.437   19.343    9.664    1599473125300
02     4.626   -2.211  -12.019  130.872   45.610   86.165    1599473125300
01     5.058    0.262   -9.164  118.381   14.333    7.695    1599473125315
02     4.763   -2.727  -12.252  133.847   56.722   87.622    1599473125315
01     5.284    0.472   -8.971  112.177   11.034    7.548    1599473125322
02     4.920   -3.372  -12.448  142.627   69.053   94.477    1599473125322
01     5.421    0.567   -8.842  108.501    9.380    8.392    1599473125353
02     4.997   -3.960  -12.533  166.870   77.621  117.191    1599473125353
01     5.462    0.583   -8.765  107.014    8.710    9.281    1599473125369
02     5.006   -4.322  -12.538 -159.513   79.782  150.646    1599473125369
01     5.398    0.519   -8.747  107.688    9.267   10.233    1599473125384
02     4.952   -4.340  -12.566 -154.500   79.850  157.080    1599473125384
01     5.243    0.362   -8.766  111.286   11.634   10.739    1599473125400
02     4.735   -4.101  -12.603 -179.329   77.033  136.010    1599473125400
01     5.039    0.165   -8.832  120.239   16.032   10.890    1599473125416
02     4.408   -3.690  -12.467  157.790   66.467  119.045    1599473125416
01     4.736   -0.090   -9.024  135.093   21.434   14.856    1599473125422
02     4.128   -3.309  -12.019  147.771   51.611  116.787    1599473125422
01     4.441   -0.420   -9.245  151.350   25.100   22.741    1599473125438
02     4.102   -2.937  -11.348  137.775   35.690  115.208    1599473125438
01     4.191   -0.632   -9.400  163.018   24.923   27.941    1599473125469
02     4.142   -2.302  -10.991  134.333   20.763  108.175    1599473125469
01     4.039   -0.760   -9.501  168.191   24.896   29.205    1599473125485
02     4.110   -1.954  -10.817  134.114   12.471  104.485    1599473125485
01     3.988   -0.787   -9.587  167.951   25.118   28.148    1599473125500
02     4.082   -1.726  -10.754  133.920    8.034  101.746    1599473125500
01     4.036   -0.731   -9.690  164.627   25.838   26.667    1599473125516
02     4.086   -1.594  -10.780  132.966    6.369  100.411    1599473125516
01     4.197   -0.665   -9.793  159.535   27.686   24.652    1599473125522
02     4.168   -1.476  -10.863  131.786    6.924   99.215    1599473125522
01     4.395   -0.555   -9.823  152.361   29.095   21.298    1599473125538
02     4.265   -1.321  -11.046  131.185    9.554   95.909    1599473125538
01     4.592   -0.336   -9.710  142.479   27.318   15.728    1599473125569
02     4.337   -1.430  -11.398  131.436   18.680   93.154    1599473125569
01     4.795   -0.065   -9.521  132.973   23.170   11.535    1599473125585
02     4.502   -1.849  -11.729  132.294   32.256   91.202    1599473125585
01     4.994    0.184   -9.306  124.394   18.080    9.368    1599473125600
02     4.678   -2.368  -12.020  134.629   45.305   90.864    1599473125600
01     5.218    0.433   -9.047  116.044   12.600    9.115    1599473125616
02     4.856   -2.973  -12.265  140.166   59.906   93.339    1599473125616
01     5.373    0.595   -8.831  110.218    8.908   10.357    1599473125623
02     4.921   -3.565  -12.419  155.046   72.406  105.486    1599473125623
01     5.409    0.644   -8.685  107.074    7.012   12.030    1599473125638
02     4.891   -3.987  -12.460 -175.929   78.351  132.643    1599473125638
01     5.340    0.606   -8.600  106.466    6.493   13.238    1599473125670
02     4.866   -4.171  -12.465 -152.372   79.996  155.797    1599473125670
01     5.177    0.491   -8.580  109.033    7.808   13.684    1599473125685
02     4.818   -4.112  -12.490 -156.144   80.923  153.614    1599473125685
01     4.982    0.311   -8.613  115.688   11.390   12.758    1599473125701
02     4.611   -3.887  -12.511  174.755   77.234  128.330    1599473125701
01     4.734    0.114   -8.763  128.612   16.759   12.692    1599473125716
02     4.333   -3.560  -12.337  156.247   65.502  116.037    1599473125716
01     4.451   -0.231   -9.035  145.587   22.650   19.143    1599473125723
02     4.151   -3.187  -11.931  146.828   51.166  114.243    1599473125723
01     4.289   -0.594   -9.252  160.269   26.213   27.510    1599473125739
02     4.510   -2.711  -11.302  136.383   38.173  104.912    1599473125739
01     4.142   -0.772   -9.424  167.827   26.486   30.086    1599473125770
02     4.417   -2.251  -11.082  134.533   25.655  102.490    1599473125770
01     4.073   -0.829   -9.533  169.460   26.541   29.595    1599473125785
02     4.361   -1.966  -10.953  134.080   18.966  101.271    1599473125785
01     4.091   -0.807   -9.603  167.781   26.899   28.315    1599473125801
02     4.342   -1.730  -10.874  133.719   14.507  100.359    1599473125801
01     4.145   -0.745   -9.675  164.880   27.281   27.276    1599473125817
02     4.363   -1.567  -10.854  133.043   12.226   99.569    1599473125817
01     4.262   -0.650   -9.754  160.947   28.304   25.924    1599473125823
02     4.390   -1.488  -10.870  132.141   11.408   99.227    1599473125823
01     4.401   -0.539   -9.804  156.030   29.531   23.466    1599473125839
02     4.438   -1.330  -10.933  131.430   11.020   97.545    1599473125839
01     4.531   -0.357   -9.749  148.868   28.953   19.299    1599473125870
02     4.356   -1.212  -11.283  131.957   15.272   94.618    1599473125870
01     4.660   -0.127   -9.591  140.160   25.891   14.785    1599473125886
02     4.476   -1.604  -11.642  132.808   28.655   92.785    1599473125886
01     4.792    0.104   -9.404  131.050   21.064   11.122    1599473125901
02     4.616   -2.160  -11.956  135.158   42.004   92.760    1599473125901
01     4.969    0.353   -9.182  122.328   16.175    9.072    1599473125917
02     4.712   -2.707  -12.180  139.589   53.254   95.371    1599473125917
01     5.096    0.478   -9.027  116.569   13.740    8.628    1599473125923
02     4.728   -3.269  -12.315  150.404   64.056  104.954    1599473125923
01     5.126    0.484   -8.959  114.377   13.428    8.673    1599473125939
02     4.718   -3.759  -12.370  167.443   70.699  121.759    1599473125939
01     5.073    0.412   -8.953  114.966   14.476    8.962    1599473125955
02     4.759   -3.994  -12.388  178.708   73.684  133.328    1599473125955
01     4.957    0.279   -8.979  117.992   16.374    9.590    1599473125986
02     4.851   -4.018  -12.415  178.562   75.631  133.524    1599473125986
01     4.788    0.100   -9.022  123.621   18.738   10.685    1599473126002
02     4.911   -3.910  -12.444  168.648   75.778  124.128    1599473126002
01     4.587   -0.120   -9.091  132.182   21.394   13.088    1599473126017
02     4.797   -3.660  -12.432  155.415   71.294  112.616    1599473126017
01     4.370   -0.388   -9.192  143.691   23.882   17.902    1599473126024
02     4.479   -3.358  -12.201  148.452   60.149  110.078    1599473126024
01     4.109   -0.710   -9.337  156.087   25.102   24.798    1599473126039
02     4.304   -3.084  -11.594  142.621   45.932  111.650    1599473126039
01     3.903   -0.823   -9.455  164.828   23.951   27.637    1599473126055
02     4.286   -2.586  -11.198  137.986   32.563  106.340    1599473126055
01     3.898   -0.886   -9.472  169.165   24.973   28.562    1599473126086
02     4.206   -2.159  -10.970  136.503   22.753  104.271    1599473126086
01     3.927   -0.891   -9.470  170.592   25.587   28.819    1599473126102
02     4.163   -1.821  -10.798  135.643   16.153  103.157    1599473126102
01     3.953   -0.864   -9.470  170.553   25.702   28.995    1599473126118
02     4.144   -1.580  -10.698  134.854   12.257  102.571    1599473126118
01     3.969   -0.793   -9.485  169.201   25.424   29.322    1599473126124
02     4.126   -1.431  -10.656  133.536   10.163  102.593    1599473126124
01     4.021   -0.679   -9.525  166.171   25.649   29.889    1599473126140
02     4.127   -1.304  -10.663  132.024    9.187  103.049    1599473126140
01     4.099   -0.599   -9.562  162.720   26.930   29.650    1599473126155
02     4.137   -1.129  -10.753  131.419    9.716  101.494    1599473126155
01     4.185   -0.500   -9.538  157.821   27.696   27.468    1599473126187
02     4.138   -1.105  -10.979  131.954   14.565   99.814    1599473126187
01     4.274   -0.342   -9.458  151.432   27.227   23.081    1599473126202
02     4.231   -1.340  -11.277  133.088   23.940   98.693    1599473126202
01     4.376   -0.175   -9.334  145.018   25.978   18.642    1599473126218
02     4.410   -1.728  -11.553  134.547   35.112   98.144    1599473126218
01     4.507    0.035   -9.165  138.828   24.055   14.605    1599473126224
02     4.578   -2.152  -11.765  136.648   45.407   98.844    1599473126224
01     4.624    0.177   -9.034  133.745   22.473   11.529    1599473126240
02     4.681   -2.514  -11.901  140.017   53.774  101.556    1599473126240
01     4.690    0.188   -8.984  131.489   22.417   10.045    1599473126256
02     4.714   -2.756  -11.970  144.548   59.626  106.311    1599473126256
01     4.692    0.108   -9.018  132.386   23.799   10.221    1599473126271
02     4.703   -2.818  -11.961  145.196   60.543  108.330    1599473126271
01     4.662   -0.003   -9.076  134.899   25.613   11.378    1599473126302
02     4.671   -2.753  -11.889  142.915   57.954  107.820    1599473126302
01     4.621   -0.107   -9.121  137.948   27.073   12.810    1599473126318
02     4.625   -2.652  -11.781  140.763   53.742  107.481    1599473126318
01     4.568   -0.219   -9.160  141.593   28.245   14.921    1599473126325
02     4.554   -2.531  -11.649  139.184   48.732  107.836    1599473126325
01     4.503   -0.360   -9.208  146.376   29.411   18.041    1599473126340
02     4.481   -2.384  -11.456  137.165   42.929  108.177    1599473126340
01     4.425   -0.465   -9.262  151.431   30.083   21.158    1599473126356
02     4.430   -2.236  -11.186  134.765   35.981  108.471    1599473126356
01     4.378   -0.503   -9.288  154.348   30.142   22.679    1599473126372
02     4.351   -1.855  -10.905  133.242   26.855  107.178    1599473126372
01     4.358   -0.527   -9.299  155.948   30.375   23.753    1599473126403
02     4.295   -1.642  -10.715  132.309   21.088  107.194    1599473126403
01     4.354   -0.536   -9.301  156.812   30.529   24.759    1599473126418
02     4.258   -1.533  -10.583  131.627   17.573  107.792    1599473126418
01     4.353   -0.546   -9.290  157.043   30.561   25.491    1599473126425
02     4.221   -1.465  -10.492  131.378   15.436  108.529    1599473126425
01     4.348   -0.548   -9.269  157.120   30.437   25.800    1599473126441
02     4.198   -1.415  -10.422  131.303   14.216  108.774    1599473126441
01     4.341   -0.551   -9.243  157.217   30.311   25.940    1599473126456
02     4.178   -1.387  -10.367  131.386   13.511  108.814    1599473126456
01     4.333   -0.552   -9.213  157.353   30.182   26.018    1599473126472
02     4.159   -1.378  -10.320  131.450   13.097  108.933    1599473126472
01     4.328   -0.551   -9.182  157.477   30.041   26.199    1599473126503
02     4.147   -1.377  -10.274  131.461   12.863  109.234    1599473126503
01     4.328   -0.551   -9.141  157.566   29.928   26.448    1599473126519
02     4.139   -1.382  -10.226  131.369   12.704  109.660    1599473126519
01     4.330   -0.550   -9.086  157.627   29.783   26.638    1599473126525
02     4.135   -1.381  -10.171  131.259   12.402  110.103    1599473126525
01     4.330   -0.547   -9.024  157.740   29.578   26.789    1599473126541
02     4.130   -1.376  -10.119  131.217   12.087  110.565    1599473126541
01     4.338   -0.541   -8.958  157.883   29.381   26.939    1599473126556
02     4.127   -1.372  -10.066  131.192   11.835  111.073    1599473126556
01     4.349   -0.528   -8.897  158.029   29.162   27.105    1599473126572
02     4.134   -1.358  -10.010  131.130   11.559  111.455    1599473126572
01     4.367   -0.513   -8.839  158.222   28.962   27.363    1599473126603
02     4.146   -1.333   -9.954  131.050   11.272  111.716    1599473126603
01     4.380   -0.494   -8.786  158.441   28.737   27.606    1599473126619
02     4.163   -1.308   -9.898  130.959   11.037  111.855    1599473126619
01     4.393   -0.472   -8.733  158.637   28.523   27.744    1599473126625
02     4.174   -1.276   -9.846  130.867   10.721  111.905    1599473126625
01     4.407   -0.441   -8.682  158.786   28.341   27.752    1599473126641
02     4.187   -1.242   -9.795  130.782   10.443  111.909    1599473126641
01     4.418   -0.413   -8.635  158.865   28.151   27.792    1599473126657
02     4.198   -1.210   -9.748  130.676   10.210  111.919    1599473126657
01     4.426   -0.388   -8.590  158.890   27.962   27.836    1599473126672
02     4.198   -1.184   -9.706  130.531    9.961  112.038    1599473126672
01     4.422   -0.365   -8.549  158.887   27.687   27.898    1599473126688
02     4.193   -1.157   -9.665  130.400    9.687  112.176    1599473126688
