01    17.999    3.440   -3.306 -104.107   32.115   59.628    1603706536732
02    16.376    6.724  -10.538  179.534   53.363 -127.743    1603706536732
01    18.013    3.429   -3.292 -104.171   32.182   59.660    1603706536738
02    16.366    6.724  -10.544  179.773   52.872 -127.739    1603706536738
01    18.022    3.418   -3.282 -104.211   32.178   59.690    1603706536754
02    16.365    6.738  -10.530  179.798   52.743 -127.826    1603706536754
01    18.027    3.426   -3.277 -104.049   32.269   59.719    1603706536785
02    16.355    6.746  -10.523  179.740   52.633 -127.966    1603706536785
01    18.035    3.420   -3.259 -104.075   32.372   59.740    1603706536801
02    16.358    6.742  -10.513  179.899   52.547 -127.833    1603706536801
01    18.035    3.425   -3.266 -104.038   32.418   59.643    1603706536816
02    16.361    6.743  -10.500  179.947   52.467 -127.861    1603706536816
01    18.042    3.432   -3.258 -103.983   32.498   59.649    1603706536832
02    16.362    6.707  -10.498  179.956   52.232 -127.655    1603706536832
01    18.042    3.440   -3.260 -103.993   32.616   59.550    1603706536838
02    16.344    6.714  -10.504 -179.807   51.943 -127.551    1603706536838
01    18.039    3.440   -3.273 -104.057   32.648   59.438    1603706536854
02    16.335    6.710  -10.501 -179.653   51.671 -127.430    1603706536854
01    18.038    3.447   -3.264 -104.022   32.698   59.489    1603706536885
02    16.325    6.707  -10.501 -179.567   51.449 -127.346    1603706536885
01    18.035    3.436   -3.267 -104.134   32.708   59.475    1603706536901
02    16.324    6.705  -10.488 -179.679   51.420 -127.469    1603706536901
01    18.029    3.447   -3.271 -104.160   32.730   59.411    1603706536917
02    16.324    6.705  -10.474 -179.740   51.355 -127.546    1603706536917
01    18.022    3.451   -3.271 -104.221   32.760   59.404    1603706536932
02    16.327    6.708  -10.451 -179.855   51.360 -127.621    1603706536932
01    18.020    3.445   -3.271 -104.332   32.788   59.365    1603706536939
02    16.318    6.720  -10.442 -179.904   51.154 -127.711    1603706536939
01    18.015    3.452   -3.270 -104.384   32.886   59.252    1603706536954
02    16.318    6.723  -10.402 -179.938   51.101 -127.805    1603706536954
01    18.012    3.460   -3.273 -104.392   32.961   59.140    1603706536970
02    16.319    6.698  -10.389 -179.776   50.940 -127.542    1603706536970
01    18.013    3.460   -3.268 -104.463   33.087   59.100    1603706537001
02    16.299    6.704  -10.384 -179.486   50.534 -127.380    1603706537001
01    18.014    3.460   -3.264 -104.523   33.149   58.993    1603706537017
02    16.284    6.700  -10.369 -179.346   50.350 -127.388    1603706537017
01    18.012    3.469   -3.256 -104.504   33.219   58.946    1603706537032
02    16.265    6.701  -10.357 -179.016   50.109 -127.141    1603706537032
01    18.011    3.472   -3.263 -104.676   33.290   58.735    1603706537039
02    16.257    6.691  -10.369 -178.753   49.905 -126.787    1603706537039
01    18.014    3.458   -3.254 -104.799   33.319   58.929    1603706537055
02    16.250    6.690  -10.371 -178.709   49.756 -126.731    1603706537055
01    18.011    3.457   -3.260 -104.871   33.375   58.764    1603706537071
02    16.249    6.704  -10.361 -178.721   49.738 -126.878    1603706537071
01    18.013    3.458   -3.254 -104.835   33.553   58.784    1603706537102
02    16.258    6.669  -10.344 -178.860   49.560 -126.823    1603706537102
01    18.013    3.459   -3.256 -104.940   33.681   58.720    1603706537118
02    16.246    6.681  -10.334 -178.825   49.247 -126.989    1603706537118
01    18.012    3.466   -3.260 -104.942   33.823   58.670    1603706537133
02    16.239    6.670  -10.328 -178.717   49.013 -126.825    1603706537133
01    18.014    3.464   -3.259 -104.991   33.924   58.719    1603706537140
02    16.240    6.666  -10.319 -178.698   48.926 -126.846    1603706537140
01    18.014    3.459   -3.259 -105.105   33.960   58.742    1603706537155
02    16.227    6.663  -10.339 -178.418   48.552 -126.546    1603706537155
01    18.018    3.449   -3.255 -105.188   34.028   58.809    1603706537171
02    16.228    6.660  -10.330 -178.540   48.684 -126.707    1603706537171
01    18.020    3.446   -3.246 -105.139   34.097   58.934    1603706537202
02    16.223    6.654  -10.340 -178.290   48.501 -126.450    1603706537202
01    18.021    3.449   -3.252 -105.131   34.080   58.902    1603706537218
02    16.236    6.637  -10.332 -178.433   48.606 -126.459    1603706537218
01    18.021    3.457   -3.256 -105.092   34.192   58.877    1603706537234
02    16.243    6.626  -10.334 -178.436   48.563 -126.443    1603706537234
01    18.025    3.454   -3.255 -105.113   34.333   59.008    1603706537240
02    16.261    6.612  -10.313 -178.313   48.697 -126.353    1603706537240
01    18.027    3.456   -3.257 -105.154   34.531   59.005    1603706537256
02    16.262    6.607  -10.307 -178.286   48.510 -126.308    1603706537256
01    18.030    3.451   -3.264 -105.336   34.563   58.935    1603706537272
02    16.263    6.630  -10.286 -178.127   48.514 -126.428    1603706537272
01    18.034    3.445   -3.265 -105.433   34.649   58.974    1603706537287
02    16.254    6.609  -10.309 -177.904   48.092 -126.141    1603706537287
01    18.035    3.445   -3.265 -105.449   34.710   58.966    1603706537318
02    16.243    6.612  -10.317 -177.868   47.831 -126.203    1603706537318
01    18.038    3.443   -3.281 -105.498   34.671   58.897    1603706537334
02    16.242    6.606  -10.310 -177.768   47.784 -126.096    1603706537334
01    18.044    3.441   -3.281 -105.448   34.719   58.983    1603706537341
02    16.255    6.590  -10.293 -177.671   47.875 -125.900    1603706537341
01    18.047    3.435   -3.284 -105.451   34.745   59.012    1603706537357
02    16.254    6.594  -10.285 -177.608   47.777 -125.895    1603706537357
01    18.050    3.437   -3.272 -105.343   34.814   59.125    1603706537372
02    16.258    6.590  -10.274 -177.522   47.788 -125.819    1603706537372
01    18.057    3.430   -3.279 -105.381   34.799   59.060    1603706537388
02    16.258    6.575  -10.281 -177.367   47.549 -125.637    1603706537388
01    18.059    3.424   -3.279 -105.386   34.813   59.072    1603706537419
02    16.261    6.565  -10.269 -177.333   47.404 -125.696    1603706537419
01    18.060    3.430   -3.285 -105.356   34.814   58.986    1603706537435
02    16.256    6.568  -10.261 -177.007   47.194 -125.533    1603706537435
01    18.068    3.416   -3.274 -105.388   34.903   59.056    1603706537442
02    16.252    6.521  -10.261 -176.940   46.874 -125.218    1603706537442
01    18.070    3.421   -3.273 -105.356   34.956   59.053    1603706537457
02    16.256    6.487  -10.242 -176.958   46.763 -125.205    1603706537457
01    18.074    3.414   -3.262 -105.346   35.009   59.150    1603706537473
02    16.257    6.515  -10.218 -176.826   46.793 -125.323    1603706537473
01    18.079    3.409   -3.260 -105.419   35.074   59.134    1603706537489
02    16.261    6.481  -10.221 -176.712   46.705 -125.063    1603706537489
01    18.079    3.422   -3.258 -105.369   35.102   59.116    1603706537504
02    16.252    6.499  -10.224 -176.708   46.519 -125.243    1603706537504
01    18.085    3.413   -3.254 -105.425   35.101   59.176    1603706537536
02    16.256    6.491  -10.223 -176.652   46.402 -125.137    1603706537536
01    18.088    3.412   -3.256 -105.409   35.130   59.205    1603706537542
02    16.249    6.480  -10.235 -176.525   46.221 -124.946    1603706537542
01    18.089    3.412   -3.266 -105.445   35.173   59.120    1603706537558
02    16.257    6.462  -10.223 -176.417   46.166 -124.818    1603706537558
01    18.091    3.413   -3.272 -105.448   35.189   59.104    1603706537573
02    16.253    6.454  -10.221 -176.088   45.908 -124.609    1603706537573
01    18.094    3.403   -3.275 -105.483   35.215   59.129    1603706537589
02    16.254    6.437  -10.228 -176.149   45.800 -124.574    1603706537589
01    18.097    3.399   -3.273 -105.536   35.280   59.138    1603706537605
02    16.251    6.443  -10.218 -175.914   45.829 -124.485    1603706537605
01    18.100    3.383   -3.270 -105.561   35.280   59.205    1603706537620
02    16.263    6.422  -10.202 -175.895   45.935 -124.327    1603706537620
01    18.109    3.368   -3.260 -105.578   35.314   59.307    1603706537643
02    16.245    6.432  -10.221 -175.764   45.643 -124.365    1603706537643
01    18.117    3.342   -3.276 -105.687   35.273   59.279    1603706537659
02    16.239    6.446  -10.210 -175.776   45.618 -124.547    1603706537659
01    18.118    3.337   -3.268 -105.664   35.279   59.346    1603706537674
02    16.246    6.434  -10.205 -175.701   45.529 -124.393    1603706537674
01    18.119    3.353   -3.252 -105.503   35.373   59.513    1603706537690
02    16.264    6.401  -10.189 -175.712   45.608 -124.213    1603706537690
01    18.111    3.372   -3.281 -105.535   35.415   59.340    1603706537706
02    16.260    6.402  -10.186 -175.499   45.557 -124.076    1603706537706
01    18.116    3.360   -3.282 -105.562   35.423   59.371    1603706537721
02    16.252    6.404  -10.201 -175.425   45.379 -124.090    1603706537721
01    18.118    3.354   -3.280 -105.572   35.460   59.392    1603706537743
02    16.251    6.398  -10.203 -175.472   45.328 -124.136    1603706537743
01    18.117    3.362   -3.271 -105.535   35.515   59.456    1603706537759
02    16.251    6.400  -10.198 -175.551   45.341 -124.237    1603706537759
01    18.117    3.371   -3.263 -105.428   35.599   59.528    1603706537774
02    16.256    6.390  -10.195 -175.578   45.329 -124.190    1603706537774
01    18.114    3.367   -3.287 -105.515   35.563   59.404    1603706537790
02    16.262    6.390  -10.178 -175.551   45.370 -124.191    1603706537790
01    18.112    3.368   -3.295 -105.519   35.553   59.381    1603706537806
02    16.253    6.391  -10.187 -175.460   45.169 -124.144    1603706537806
01    18.112    3.377   -3.285 -105.421   35.566   59.463    1603706537821
02    16.242    6.396  -10.192 -175.466   44.985 -124.216    1603706537821
01    18.107    3.385   -3.291 -105.420   35.567   59.407    1603706537843
02    16.234    6.390  -10.199 -175.421   44.816 -124.067    1603706537843
01    18.108    3.375   -3.288 -105.489   35.600   59.406    1603706537859
02    16.227    6.387  -10.201 -175.379   44.788 -124.003    1603706537859
01    18.107    3.382   -3.281 -105.476   35.638   59.439    1603706537875
02    16.223    6.394  -10.198 -175.311   44.869 -124.050    1603706537875
01    18.101    3.375   -3.286 -105.567   35.645   59.400    1603706537890
02    16.223    6.383  -10.197 -175.353   44.893 -123.900    1603706537890
01    18.097    3.376   -3.297 -105.633   35.635   59.339    1603706537906
02    16.226    6.380  -10.188 -175.373   44.942 -123.879    1603706537906
01    18.092    3.378   -3.302 -105.674   35.670   59.306    1603706537922
02    16.220    6.384  -10.184 -175.392   44.899 -123.918    1603706537922
01    18.083    3.378   -3.316 -105.797   35.702   59.170    1603706537943
02    16.212    6.398  -10.183 -175.393   44.852 -124.045    1603706537943
01    18.074    3.398   -3.331 -105.825   35.807   59.014    1603706537959
02    16.189    6.418  -10.198 -175.344   44.667 -124.100    1603706537959
01    18.075    3.381   -3.320 -105.856   35.872   59.164    1603706537975
02    16.188    6.422  -10.188 -175.432   44.759 -124.181    1603706537975
01    18.074    3.390   -3.322 -105.824   35.911   59.143    1603706537991
02    16.186    6.416  -10.191 -175.422   44.740 -124.129    1603706537991
01    18.070    3.400   -3.331 -105.816   35.954   59.046    1603706538006
02    16.187    6.421  -10.181 -175.462   44.788 -124.172    1603706538006
01    18.071    3.389   -3.329 -105.888   35.994   59.026    1603706538022
02    16.183    6.402  -10.192 -175.409   44.707 -124.037    1603706538022
01    18.068    3.400   -3.326 -105.842   36.021   59.012    1603706538044
02    16.179    6.405  -10.192 -175.366   44.704 -124.054    1603706538044
01    18.066    3.393   -3.316 -105.835   36.009   59.095    1603706538060
02    16.171    6.400  -10.200 -175.315   44.603 -123.976    1603706538060
01    18.061    3.403   -3.314 -105.772   36.073   59.063    1603706538075
02    16.166    6.399  -10.205 -175.238   44.591 -123.914    1603706538075
01    18.061    3.404   -3.312 -105.770   36.084   59.055    1603706538091
02    16.160    6.409  -10.200 -175.234   44.582 -123.990    1603706538091
01    18.057    3.405   -3.322 -105.794   36.056   58.959    1603706538106
02    16.159    6.417  -10.188 -175.222   44.615 -124.029    1603706538106
01    18.057    3.400   -3.318 -105.827   36.077   58.953    1603706538122
02    16.161    6.425  -10.174 -175.249   44.636 -124.091    1603706538122
01    18.057    3.408   -3.320 -105.806   36.158   58.895    1603706538145
02    16.161    6.415  -10.173 -175.257   44.594 -124.037    1603706538145
01    18.057    3.409   -3.314 -105.805   36.196   58.952    1603706538161
02    16.157    6.412  -10.172 -175.252   44.538 -124.010    1603706538161
01    18.055    3.413   -3.317 -105.843   36.220   58.866    1603706538176
02    16.159    6.406  -10.163 -175.233   44.515 -123.959    1603706538176
01    18.054    3.418   -3.316 -105.830   36.320   58.827    1603706538192
02    16.161    6.402  -10.150 -175.227   44.520 -123.945    1603706538192
01    18.051    3.421   -3.321 -105.883   36.370   58.718    1603706538207
02    16.152    6.414  -10.146 -175.218   44.459 -124.000    1603706538207
01    18.047    3.418   -3.334 -106.045   36.315   58.520    1603706538223
02    16.146    6.421  -10.138 -175.261   44.416 -124.036    1603706538223
01    18.046    3.423   -3.326 -105.939   36.358   58.599    1603706538245
02    16.140    6.423  -10.132 -175.230   44.349 -124.013    1603706538245
01    18.042    3.434   -3.331 -106.000   36.328   58.494    1603706538260
02    16.142    6.434  -10.103 -175.285   44.346 -124.069    1603706538260
01    18.039    3.441   -3.319 -105.957   36.396   58.567    1603706538276
02    16.144    6.454  -10.064 -175.248   44.378 -124.080    1603706538276
01    18.036    3.463   -3.302 -105.883   36.467   58.579    1603706538292
02    16.135    6.424  -10.082 -175.241   44.275 -123.981    1603706538292
01    18.032    3.460   -3.305 -105.978   36.461   58.506    1603706538307
02    16.120    6.427  -10.091 -175.247   44.091 -123.968    1603706538307
01    18.034    3.448   -3.309 -106.104   36.480   58.456    1603706538323
02    16.123    6.427  -10.077 -175.256   44.053 -123.971    1603706538323
01    18.031    3.445   -3.299 -106.154   36.511   58.467    1603706538345
02    16.106    6.433  -10.097 -175.262   43.801 -123.950    1603706538345
01    18.023    3.454   -3.313 -106.232   36.512   58.348    1603706538361
02    16.128    6.426  -10.065 -175.365   43.958 -123.957    1603706538361
01    18.024    3.460   -3.297 -106.233   36.610   58.408    1603706538376
02    16.124    6.454  -10.050 -175.434   43.991 -124.176    1603706538376
01    18.023    3.465   -3.292 -106.357   36.711   58.340    1603706538392
02    16.129    6.440  -10.048 -175.276   43.927 -123.978    1603706538392
01    18.019    3.471   -3.289 -106.474   36.813   58.242    1603706538408
02    16.114    6.442  -10.058 -175.168   43.686 -123.861    1603706538408
01    18.011    3.486   -3.292 -106.569   36.912   58.098    1603706538423
02    16.109    6.441  -10.048 -175.150   43.625 -123.799    1603706538423
01    18.007    3.484   -3.291 -106.831   37.024   58.012    1603706538445
02    16.105    6.436  -10.044 -175.143   43.528 -123.795    1603706538445
01    18.006    3.465   -3.291 -107.097   37.048   57.970    1603706538461
02    16.107    6.434  -10.037 -175.125   43.477 -123.768    1603706538461
01    18.006    3.471   -3.284 -107.083   37.172   57.974    1603706538477
02    16.105    6.437  -10.036 -175.199   43.402 -123.835    1603706538477
01    18.008    3.470   -3.281 -107.117   37.174   58.012    1603706538492
02    16.091    6.443  -10.047 -175.125   43.192 -123.838    1603706538492
01    18.003    3.480   -3.278 -107.040   37.282   57.984    1603706538508
02    16.098    6.435  -10.030 -175.229   43.289 -123.906    1603706538508
01    18.001    3.478   -3.285 -107.189   37.241   57.843    1603706538524
02    16.102    6.420  -10.026 -175.155   43.249 -123.651    1603706538524
01    18.001    3.472   -3.284 -107.270   37.266   57.854    1603706538546
02    16.105    6.418  -10.013 -175.133   43.275 -123.689    1603706538546
01    18.002    3.474   -3.284 -107.269   37.309   57.865    1603706538562
02    16.094    6.426  -10.020 -175.051   43.085 -123.677    1603706538562
01    18.002    3.478   -3.275 -107.262   37.371   57.883    1603706538578
02    16.097    6.434  -10.005 -174.920   43.133 -123.652    1603706538578
01    18.003    3.478   -3.278 -107.330   37.392   57.809    1603706538593
02    16.094    6.431  -10.004 -174.838   42.987 -123.596    1603706538593
01    18.001    3.481   -3.282 -107.350   37.405   57.751    1603706538609
02    16.089    6.438  -10.001 -174.685   42.843 -123.536    1603706538609
01    18.002    3.480   -3.279 -107.375   37.465   57.776    1603706538624
02    16.088    6.446   -9.981 -174.548   42.846 -123.492    1603706538624
01    18.002    3.475   -3.285 -107.484   37.417   57.664    1603706538646
02    16.091    6.432   -9.977 -174.669   42.770 -123.482    1603706538646
01    18.002    3.475   -3.284 -107.478   37.417   57.654    1603706538662
02    16.093    6.416   -9.973 -174.556   42.775 -123.272    1603706538662
01    18.003    3.477   -3.276 -107.389   37.416   57.740    1603706538678
02    16.086    6.418   -9.982 -174.523   42.643 -123.276    1603706538678
01    18.006    3.464   -3.274 -107.505   37.430   57.755    1603706538693
02    16.082    6.419   -9.981 -174.451   42.620 -123.219    1603706538693
01    18.006    3.472   -3.271 -107.433   37.470   57.775    1603706538709
02    16.087    6.412   -9.973 -174.499   42.636 -123.196    1603706538709
01    18.009    3.472   -3.265 -107.405   37.510   57.811    1603706538724
02    16.091    6.408   -9.969 -174.562   42.662 -123.231    1603706538724
01    18.009    3.474   -3.269 -107.410   37.519   57.767    1603706538747
02    16.081    6.398   -9.993 -174.417   42.417 -123.071    1603706538747
01    18.008    3.478   -3.276 -107.411   37.511   57.731    1603706538762
02    16.090    6.401   -9.978 -174.502   42.591 -123.191    1603706538762
01    18.011    3.479   -3.270 -107.354   37.570   57.821    1603706538778
02    16.090    6.402   -9.982 -174.480   42.544 -123.189    1603706538778
01    18.013    3.479   -3.271 -107.320   37.616   57.841    1603706538794
02    16.093    6.407   -9.979 -174.510   42.575 -123.252    1603706538794
01    18.014    3.485   -3.279 -107.299   37.634   57.811    1603706538809
02    16.092    6.405   -9.985 -174.434   42.556 -123.177    1603706538809
01    18.012    3.486   -3.287 -107.276   37.682   57.781    1603706538825
02    16.090    6.411   -9.985 -174.412   42.597 -123.211    1603706538825
01    18.012    3.481   -3.294 -107.360   37.701   57.735    1603706538847
02    16.080    6.413   -9.997 -174.276   42.498 -123.121    1603706538847
01    18.009    3.489   -3.302 -107.324   37.697   57.712    1603706538863
02    16.079    6.413   -9.994 -174.214   42.525 -123.088    1603706538863
01    18.006    3.498   -3.295 -107.219   37.685   57.811    1603706538878
02    16.076    6.413   -9.992 -174.175   42.512 -123.066    1603706538878
01    18.003    3.498   -3.292 -107.198   37.706   57.816    1603706538894
02    16.081    6.398   -9.982 -174.213   42.536 -123.028    1603706538894
01    18.001    3.495   -3.297 -107.254   37.708   57.767    1603706538909
02    16.078    6.398   -9.976 -174.192   42.525 -123.060    1603706538909
01    17.998    3.504   -3.293 -107.191   37.751   57.771    1603706538925
02    16.076    6.412   -9.967 -174.168   42.547 -123.137    1603706538925
01    17.996    3.501   -3.294 -107.206   37.763   57.756    1603706538947
02    16.065    6.407   -9.974 -174.133   42.456 -123.110    1603706538947
01    17.988    3.513   -3.292 -107.141   37.805   57.686    1603706538963
02    16.060    6.408   -9.970 -174.115   42.425 -123.145    1603706538963
01    17.978    3.524   -3.301 -107.191   37.794   57.537    1603706538979
02    16.053    6.408   -9.966 -174.093   42.361 -123.171    1603706538979
01    17.973    3.509   -3.308 -107.356   37.824   57.425    1603706539002
02    16.046    6.404   -9.958 -174.087   42.299 -123.143    1603706539002
01    17.969    3.507   -3.305 -107.383   37.831   57.427    1603706539010
02    16.044    6.404   -9.938 -174.061   42.322 -123.137    1603706539010
01    17.963    3.517   -3.299 -107.383   37.835   57.385    1603706539026
02    16.026    6.409   -9.948 -173.984   42.164 -123.087    1603706539026
01    17.958    3.510   -3.297 -107.425   37.868   57.388    1603706539048
02    16.024    6.390   -9.947 -173.996   42.098 -123.003    1603706539048
01    17.954    3.521   -3.287 -107.343   37.912   57.423    1603706539063
02    16.020    6.392   -9.941 -174.014   42.062 -123.011    1603706539063
01    17.949    3.520   -3.300 -107.448   37.891   57.299    1603706539079
02    16.020    6.410   -9.918 -173.970   42.148 -123.087    1603706539079
01    17.946    3.518   -3.310 -107.503   37.873   57.208    1603706539095
02    16.004    6.396   -9.939 -173.885   41.955 -122.952    1603706539095
01    17.940    3.530   -3.310 -107.462   37.905   57.146    1603706539110
02    15.994    6.397   -9.948 -173.788   41.834 -122.911    1603706539110
01    17.932    3.537   -3.308 -107.500   37.933   57.078    1603706539126
02    15.984    6.404   -9.948 -173.743   41.728 -122.931    1603706539126
01    17.932    3.510   -3.312 -107.640   37.849   57.125    1603706539148
02    15.990    6.394   -9.934 -173.782   41.868 -122.873    1603706539148
01    17.928    3.514   -3.303 -107.605   37.890   57.215    1603706539163
02    15.988    6.397   -9.932 -173.716   41.838 -122.807    1603706539163
01    17.925    3.516   -3.299 -107.574   37.900   57.268    1603706539179
02    15.985    6.393   -9.933 -173.624   41.798 -122.696    1603706539179
01    17.923    3.506   -3.311 -107.679   37.900   57.232    1603706539195
02    15.982    6.396   -9.928 -173.599   41.814 -122.695    1603706539195
01    17.921    3.502   -3.312 -107.701   37.915   57.248    1603706539211
02    15.979    6.403   -9.921 -173.554   41.799 -122.722    1603706539211
01    17.916    3.521   -3.312 -107.591   37.957   57.245    1603706539226
02    15.973    6.406   -9.921 -173.499   41.784 -122.701    1603706539226
01    17.916    3.516   -3.302 -107.584   38.008   57.362    1603706539248
02    15.979    6.391   -9.916 -173.540   41.846 -122.623    1603706539248
01    17.912    3.517   -3.305 -107.615   38.012   57.344    1603706539264
02    15.977    6.394   -9.914 -173.437   41.853 -122.564    1603706539264
01    17.909    3.519   -3.298 -107.571   38.040   57.438    1603706539279
02    15.973    6.408   -9.905 -173.412   41.900 -122.645    1603706539279
01    17.905    3.516   -3.295 -107.617   38.129   57.465    1603706539295
02    15.973    6.398   -9.903 -173.433   41.878 -122.580    1603706539295
01    17.896    3.532   -3.300 -107.579   38.161   57.404    1603706539311
02    15.966    6.409   -9.895 -173.441   41.857 -122.634    1603706539311
01    17.880    3.555   -3.290 -107.506   38.208   57.450    1603706539326
02    15.957    6.416   -9.878 -173.464   41.897 -122.656    1603706539326
01    17.873    3.551   -3.291 -107.559   38.215   57.398    1603706539348
02    15.933    6.448   -9.860 -173.418   41.876 -122.714    1603706539348
01    17.853    3.557   -3.303 -107.612   38.192   57.283    1603706539364
02    15.926    6.440   -9.835 -173.422   41.857 -122.753    1603706539364
01    17.841    3.544   -3.301 -107.677   38.168   57.258    1603706539380
02    15.918    6.410   -9.837 -173.401   41.836 -122.679    1603706539380
01    17.827    3.551   -3.298 -107.711   38.180   57.193    1603706539395
02    15.892    6.404   -9.853 -173.359   41.734 -122.614    1603706539395
01    17.809    3.556   -3.307 -107.772   38.167   57.081    1603706539411
02    15.873    6.399   -9.852 -173.272   41.551 -122.500    1603706539411
01    17.791    3.561   -3.298 -107.811   38.143   56.981    1603706539426
02    15.867    6.403   -9.817 -173.269   41.548 -122.511    1603706539426
01    17.778    3.562   -3.282 -107.826   38.167   56.971    1603706539448
02    15.857    6.410   -9.783 -173.204   41.529 -122.471    1603706539448
01    17.771    3.560   -3.264 -107.882   38.227   56.939    1603706539464
02    15.834    6.428   -9.769 -173.120   41.388 -122.510    1603706539464
01    17.760    3.556   -3.253 -107.926   38.230   56.958    1603706539480
02    15.819    6.445   -9.757 -173.105   41.321 -122.559    1603706539480
01    17.741    3.565   -3.255 -108.015   38.238   56.892    1603706539495
02    15.805    6.428   -9.769 -173.097   41.186 -122.452    1603706539495
01    17.726    3.567   -3.289 -108.219   38.198   56.653    1603706539511
02    15.799    6.423   -9.761 -173.137   41.184 -122.414    1603706539511
01    17.716    3.571   -3.287 -108.263   38.220   56.667    1603706539526
02    15.800    6.394   -9.763 -173.225   41.149 -122.329    1603706539526
01    17.698    3.579   -3.285 -108.331   38.295   56.577    1603706539548
02    15.792    6.395   -9.761 -173.284   41.129 -122.326    1603706539548
01    17.688    3.575   -3.288 -108.432   38.316   56.522    1603706539564
02    15.779    6.406   -9.749 -173.292   41.121 -122.346    1603706539564
01    17.682    3.581   -3.269 -108.369   38.385   56.605    1603706539580
02    15.767    6.411   -9.736 -173.340   41.123 -122.357    1603706539580
01    17.668    3.578   -3.285 -108.457   38.356   56.480    1603706539595
02    15.748    6.411   -9.741 -173.453   40.978 -122.421    1603706539595
01    17.654    3.585   -3.277 -108.462   38.372   56.497    1603706539611
02    15.720    6.446   -9.734 -173.347   40.966 -122.480    1603706539611
01    17.645    3.590   -3.271 -108.425   38.408   56.540    1603706539626
02    15.711    6.451   -9.713 -173.356   41.063 -122.479    1603706539626
01    17.632    3.579   -3.288 -108.485   38.382   56.486    1603706539648
02    15.716    6.434   -9.711 -173.385   41.052 -122.461    1603706539648
01    17.622    3.587   -3.291 -108.433   38.370   56.494    1603706539664
02    15.689    6.439   -9.725 -173.306   40.898 -122.475    1603706539664
01    17.620    3.585   -3.285 -108.440   38.443   56.495    1603706539680
02    15.689    6.457   -9.699 -173.321   40.948 -122.602    1603706539680
01    17.611    3.575   -3.287 -108.529   38.422   56.464    1603706539696
02    15.681    6.449   -9.693 -173.264   40.919 -122.561    1603706539696
01    17.606    3.563   -3.282 -108.553   38.433   56.507    1603706539711
02    15.675    6.462   -9.666 -173.138   40.966 -122.575    1603706539711
01    17.596    3.558   -3.283 -108.584   38.439   56.523    1603706539726
02    15.667    6.452   -9.676 -173.032   40.909 -122.481    1603706539726
01    17.590    3.563   -3.270 -108.558   38.451   56.570    1603706539749
02    15.674    6.443   -9.656 -172.925   40.999 -122.406    1603706539749
01    17.580    3.562   -3.275 -108.570   38.471   56.560    1603706539764
02    15.672    6.430   -9.650 -172.806   40.999 -122.298    1603706539764
01    17.579    3.549   -3.271 -108.654   38.509   56.625    1603706539780
02    15.668    6.422   -9.651 -172.653   40.941 -122.204    1603706539780
01    17.573    3.543   -3.259 -108.609   38.608   57.139    1603706539796
02    15.654    6.433   -9.653 -172.201   40.757 -122.095    1603706539796
01    17.548    3.492   -3.267 -109.103   38.739   58.513    1603706539811
02    15.661    6.424   -9.618 -171.792   40.567 -121.717    1603706539811
01    17.506    3.296   -3.286 -111.238   40.760   61.687    1603706539827
02    15.839    6.406   -8.983 -169.127   40.055 -120.543    1603706539827
01    17.312    3.289   -3.679 -118.704   45.793   62.086    1603706539849
02    15.673    6.544   -8.240 -158.725   28.558 -116.988    1603706539849
01    16.988    3.755   -4.529 -130.242   51.631   56.185    1603706539865
02    14.809    5.813   -8.813 -148.573   -7.840 -113.982    1603706539865
01    17.025    4.470   -4.263 -134.633   62.034   51.152    1603706539880
02    15.881    4.906   -6.131 -153.070  -14.696 -102.378    1603706539880
01    16.965    4.708   -4.635 -133.491   61.354   52.696    1603706539896
02    15.873    4.949   -6.144 -152.059  -19.672 -101.802    1603706539896
01    16.962    4.802   -4.788 -132.182   61.125   54.043    1603706539912
02    15.845    5.042   -6.237 -151.668  -19.884 -101.129    1603706539912
01    16.982    4.866   -4.894 -130.989   61.239   54.730    1603706539927
02    15.855    5.105   -6.300 -150.717  -19.194 -101.501    1603706539927
01    17.020    4.864   -5.008 -130.285   61.688   55.459    1603706539949
02    15.927    5.070   -6.352 -150.738  -17.896 -101.628    1603706539949
01    17.057    4.884   -5.083 -129.859   62.816   56.155    1603706539965
02    15.967    5.071   -6.455 -150.649  -16.800 -102.076    1603706539965
01    17.106    4.894   -5.075 -129.311   64.021   57.357    1603706539981
02    15.998    5.135   -6.506 -149.716  -14.999 -102.391    1603706539981
01    17.153    4.918   -4.889 -129.446   65.267   57.489    1603706539996
02    16.078    5.118   -6.556 -148.685  -10.401 -102.191    1603706539996
01    17.189    4.988   -4.487 -122.954   63.438   61.617    1603706540012
02    16.131    4.881   -7.060 -150.414   -1.783 -101.026    1603706540012
01    17.146    5.081   -4.263 -113.549   54.986   64.716    1603706540028
02    16.037    4.703   -8.245 -153.531    7.859 -101.436    1603706540028
01    17.199    4.821   -4.180 -107.711   43.085   63.103    1603706540050
02    15.906    4.960  -10.096 -158.289   21.664 -103.170    1603706540050
01    17.362    4.461   -3.891 -103.202   33.990   61.396    1603706540065
02    16.088    5.674  -10.470 -164.163   40.520 -110.161    1603706540065
01    17.565    4.038   -3.442 -101.575   30.249   59.965    1603706540081
02    16.212    6.065  -10.473 -169.036   50.154 -115.840    1603706540081
01    17.659    3.783   -3.049 -101.312   28.593   59.468    1603706540097
02    16.306    6.267  -10.503 -171.816   54.941 -118.471    1603706540097
01    17.630    3.695   -2.826 -101.933   27.781   59.410    1603706540112
02    16.417    6.423  -10.424 -172.863   58.486 -119.488    1603706540112
01    17.579    3.664   -2.749 -102.656   27.261   59.358    1603706540128
02    16.492    6.489  -10.323 -172.973   60.206 -119.216    1603706540128
01    17.536    3.623   -2.730 -103.389   26.996   59.397    1603706540150
02    16.522    6.520  -10.244 -172.507   60.322 -118.693    1603706540150
01    17.534    3.568   -2.713 -103.802   27.295   59.958    1603706540166
02    16.517    6.552  -10.233 -172.466   59.668 -118.844    1603706540166
01    17.532    3.530   -2.729 -104.132   28.188   61.087    1603706540182
02    16.540    6.549  -10.185 -172.694   59.324 -119.108    1603706540182
01    17.535    3.382   -2.734 -105.524   30.271   63.687    1603706540197
02    16.580    6.596   -9.964 -170.970   58.305 -118.789    1603706540197
01    17.455    3.249   -3.054 -109.791   34.668   66.406    1603706540213
02    16.662    6.641   -9.229 -165.931   53.978 -116.797    1603706540213
01    17.256    3.453   -3.907 -116.684   40.695   64.812    1603706540228
02    16.290    6.573   -8.907 -157.113   32.554 -114.674    1603706540228
01    17.085    3.978   -4.820 -126.343   49.424   57.206    1603706540251
02    15.818    6.065   -8.808 -149.959   -7.563 -113.288    1603706540251
01    17.129    4.312   -5.053 -129.381   55.760   55.349    1603706540267
02    15.818    5.592   -8.002 -150.454  -15.926 -107.883    1603706540267
01    17.226    4.528   -5.037 -127.193   60.038   57.957    1603706540282
02    15.960    5.309   -7.229 -151.297  -17.150 -105.560    1603706540282
01    17.278    4.614   -5.056 -125.796   61.687   59.842    1603706540298
02    16.028    5.160   -6.889 -151.851  -17.294 -104.195    1603706540298
01    17.309    4.676   -5.083 -124.566   62.658   61.489    1603706540313
02    16.069    5.072   -6.785 -152.286  -16.977 -103.122    1603706540313
01    17.326    4.692   -5.088 -124.169   63.440   63.125    1603706540329
02    16.097    5.054   -6.737 -152.543  -16.390 -102.681    1603706540329
01    17.327    4.704   -5.024 -125.503   64.519   63.439    1603706540351
02    16.086    5.208   -6.659 -150.661  -14.185 -103.094    1603706540351
01    17.327    4.811   -4.693 -125.827   65.428   62.343    1603706540367
02    16.189    5.048   -6.766 -150.580   -7.183 -101.768    1603706540367
01    17.226    5.113   -4.306 -115.766   59.081   64.975    1603706540382
02    16.112    4.694   -7.763 -152.809    2.011 -100.444    1603706540382
01    17.123    5.063   -4.339 -109.338   43.359   59.557    1603706540398
02    15.874    4.627   -9.324 -156.690   12.455  -99.490    1603706540398
01    17.281    4.622   -3.922 -105.339   34.202   59.483    1603706540414
02    15.919    5.294   -9.980 -161.262   31.705 -104.381    1603706540414
01    17.419    4.313   -3.557 -103.495   29.830   58.048    1603706540430
02    16.064    5.722  -10.168 -165.080   45.678 -108.963    1603706540430
01    17.583    3.973   -3.204 -103.203   27.899   56.475    1603706540451
02    16.178    6.045  -10.207 -168.391   53.145 -113.542    1603706540451
01    17.662    3.810   -2.895 -103.085   27.387   55.798    1603706540467
02    16.234    6.275  -10.255 -171.885   55.834 -117.774    1603706540467
01    17.643    3.743   -2.739 -103.616   27.162   55.427    1603706540483
02    16.284    6.405  -10.289 -173.416   57.325 -118.928    1603706540483
01    17.601    3.703   -2.696 -104.191   26.964   55.420    1603706540498
02    16.340    6.491  -10.309 -173.106   58.528 -118.190    1603706540498
01    17.587    3.654   -2.699 -104.631   26.755   55.534    1603706540514
02    16.406    6.544  -10.325 -172.967   59.576 -117.878    1603706540514
01    17.615    3.568   -2.673 -104.855   26.796   56.289    1603706540530
02    16.464    6.604  -10.295 -172.851   60.078 -118.286    1603706540530
01    17.679    3.440   -2.633 -105.121   27.909   58.123    1603706540552
02    16.524    6.651  -10.182 -170.908   59.612 -117.783    1603706540552
01    17.727    3.217   -2.711 -106.914   31.028   61.254    1603706540568
02    16.639    6.687   -9.703 -165.946   57.083 -115.643    1603706540568
01    17.647    3.196   -3.301 -110.974   35.929   62.971    1603706540583
02    16.615    6.586   -9.150 -160.169   44.847 -112.426    1603706540583
01    17.494    3.502   -4.096 -119.669   45.141   61.050    1603706540599
02    16.193    6.331   -9.112 -152.372   15.824 -110.713    1603706540599
01    17.452    4.112   -4.439 -127.381   56.258   55.003    1603706540614
02    16.104    5.748   -8.461 -149.707   -9.196 -105.918    1603706540614
01    17.411    4.381   -4.751 -132.032   60.004   52.940    1603706540630
02    16.163    5.261   -7.694 -151.122  -14.471 -101.419    1603706540630
01    17.443    4.528   -4.855 -131.606   63.286   55.028    1603706540652
02    16.272    4.986   -7.162 -152.412  -15.400  -98.634    1603706540652
01    17.436    4.656   -4.916 -131.813   64.738   55.690    1603706540668
02    16.265    4.933   -6.961 -152.853  -16.077  -97.590    1603706540668
01    17.415    4.755   -4.942 -132.368   65.600   55.419    1603706540683
02    16.251    4.960   -6.827 -152.592  -16.095  -97.581    1603706540683
01    17.374    4.782   -5.002 -134.995   66.032   53.675    1603706540699
02    16.234    5.064   -6.716 -151.176  -14.952  -98.622    1603706540699
01    17.369    4.853   -4.805 -139.420   67.739   49.468    1603706540715
02    16.323    5.010   -6.675 -150.537   -9.688  -98.304    1603706540715
01    17.381    5.030   -4.233 -129.499   66.292   55.150    1603706540730
02    16.328    4.739   -7.337 -151.547   -1.014  -96.999    1603706540730
01    17.215    5.323   -4.067 -113.959   52.300   58.695    1603706540746
02    16.219    4.428   -8.721 -154.623    8.887  -95.713    1603706540746
01    17.272    4.881   -3.848 -108.451   38.088   58.426    1603706540768
02    16.140    4.882   -9.853 -157.184   22.405  -97.461    1603706540768
01    17.383    4.506   -3.463 -105.769   32.682   59.140    1603706540784
02    16.294    5.397  -10.147 -160.943   39.082 -102.472    1603706540784
01    17.461    4.244   -3.222 -105.452   30.703   58.146    1603706540799
02    16.400    5.778  -10.299 -164.665   48.818 -107.385    1603706540799
01    17.503    4.083   -3.072 -105.773   30.076   57.105    1603706540815
02    16.474    6.097  -10.389 -168.939   54.076 -112.947    1603706540815
01    17.517    3.982   -2.948 -106.072   29.848   56.586    1603706540830
02    16.523    6.351  -10.421 -172.401   56.779 -117.276    1603706540830
01    17.510    3.914   -2.865 -106.400   29.705   56.358    1603706540846
02    16.568    6.504  -10.387 -172.920   58.346 -117.978    1603706540846
01    17.505    3.835   -2.799 -106.818   29.630   56.537    1603706540868
02    16.602    6.567  -10.327 -171.576   58.679 -116.470    1603706540868
01    17.539    3.681   -2.691 -107.382   30.430   57.936    1603706540884
02    16.621    6.591  -10.185 -169.496   58.111 -114.811    1603706540884
01    17.555    3.449   -2.777 -109.785   33.241   60.312    1603706540900
02    16.674    6.610   -9.714 -165.988   55.667 -113.137    1603706540900
01    17.443    3.460   -3.412 -114.745   37.921   60.953    1603706540915
02    16.574    6.591   -9.130 -160.002   43.768 -111.121    1603706540915
01    17.269    3.845   -4.265 -124.555   46.662   56.960    1603706540931
02    16.131    6.283   -9.092 -154.628   12.377 -110.092    1603706540931
01    17.320    4.323   -4.299 -133.663   59.207   50.175    1603706540946
02    16.294    5.681   -7.612 -155.702    0.762 -106.015    1603706540946
01    17.310    4.629   -4.639 -137.557   62.808   48.278    1603706540953
02    16.247    5.417   -7.148 -154.907   -8.914 -102.933    1603706540969
01    17.352    4.803   -4.716 -137.110   65.974   50.233    1603706540985
02    16.243    5.273   -6.916 -155.478  -12.903 -100.633    1603706540985
01    17.347    4.917   -4.827 -138.033   66.758   50.168    1603706541000
02    16.205    5.358   -6.729 -154.424  -13.513 -100.061    1603706541000
01    17.317    5.044   -4.959 -143.035   67.880   45.946    1603706541016
02    16.200    5.400   -6.675 -152.505  -11.025 -100.649    1603706541016
01    17.350    5.106   -4.831 -148.834   70.422   40.857    1603706541032
02    16.313    5.186   -6.806 -152.750   -4.684  -99.496    1603706541032
01    17.409    5.115   -4.378 -141.788   70.859   46.262    1603706541048
02    16.318    4.935   -7.585 -153.965    3.801  -98.560    1603706541048
01    17.352    5.232   -3.933 -124.515   63.677   57.929    1603706541054
02    16.267    4.788   -8.768 -156.110   12.579  -98.497    1603706541054
01    17.274    5.133   -3.853 -115.239   49.709   60.405    1603706541086
02    16.307    5.000   -9.807 -158.424   23.580  -98.803    1603706541086
01    17.324    4.781   -3.670 -111.250   41.898   61.948    1603706541101
02    16.478    5.469  -10.204 -160.587   36.100 -101.285    1603706541101
01    17.380    4.518   -3.493 -110.191   39.007   61.857    1603706541116
02    16.617    5.855  -10.321 -163.363   46.218 -105.321    1603706541116
01    17.412    4.340   -3.384 -110.950   38.441   60.803    1603706541132
02    16.726    6.121  -10.420 -167.316   52.120 -109.969    1603706541132
01    17.411    4.216   -3.333 -112.159   38.419   59.850    1603706541148
02    16.809    6.401  -10.488 -171.162   55.414 -114.811    1603706541148
01    17.396    4.120   -3.320 -113.323   39.011   59.784    1603706541154
02    16.865    6.624  -10.493 -173.344   56.635 -117.833    1603706541154
01    17.370    4.041   -3.384 -114.961   40.226   60.144    1603706541186
02    16.923    6.739  -10.344 -172.985   56.858 -117.952    1603706541186
01    17.330    3.987   -3.585 -117.808   42.515   60.436    1603706541201
02    16.963    6.782   -9.960 -169.461   54.036 -115.435    1603706541201
01    17.256    4.078   -3.984 -122.080   45.947   59.241    1603706541217
02    16.896    6.805   -9.311 -163.319   44.395 -112.806    1603706541217
01    17.194    4.312   -4.450 -127.731   50.888   55.935    1603706541232
02    16.372    6.491   -9.295 -157.191   15.158 -110.256    1603706541232
01    17.253    4.552   -4.521 -134.065   59.187   50.881    1603706541248
02    16.352    6.145   -8.368 -157.154    1.861 -108.865    1603706541248
01    17.304    4.772   -4.780 -136.007   62.640   50.835    1603706541254
02    16.289    5.886   -7.774 -155.829   -6.947 -106.536    1603706541254
01    17.385    4.938   -4.848 -134.476   65.760   53.451    1603706541286
02    16.282    5.690   -7.335 -155.571  -11.491 -104.839    1603706541286
01    17.444    5.034   -4.890 -133.202   67.366   55.348    1603706541302
02    16.266    5.649   -7.040 -154.579  -13.125 -103.809    1603706541302
01    17.488    5.056   -4.783 -133.800   68.539   55.269    1603706541318
02    16.254    5.687   -6.819 -152.193  -12.380 -104.165    1603706541318
01    17.523    5.090   -4.430 -131.030   68.385   56.683    1603706541333
02    16.370    5.379   -6.846 -153.270   -4.883 -102.499    1603706541333
01    17.473    5.197   -4.068 -121.061   62.593   61.832    1603706541348
02    16.285    5.107   -7.856 -155.902    4.283 -101.436    1603706541348
01    17.394    5.152   -3.941 -113.773   51.558   62.441    1603706541355
02    16.188    5.098   -9.163 -159.170   14.098 -101.193    1603706541355
01    17.425    4.843   -3.730 -110.209   43.260   62.434    1603706541371
02    16.289    5.511   -9.868 -161.781   26.380 -103.012    1603706541371
01    17.467    4.587   -3.477 -108.701   39.353   62.243    1603706541402
02    16.418    5.889  -10.131 -164.475   37.099 -106.196    1603706541402
01    17.471    4.379   -3.239 -108.764   37.275   60.960    1603706541418
02    16.522    6.145  -10.270 -167.291   45.400 -109.102    1603706541418
01    17.433    4.251   -3.076 -109.609   35.809   59.463    1603706541434
02    16.609    6.349  -10.326 -169.529   51.427 -111.380    1603706541434
01    17.374    4.196   -2.976 -110.578   34.596   58.169    1603706541449
02    16.666    6.500  -10.330 -171.012   54.754 -113.092    1603706541449
01    17.325    4.162   -2.927 -111.488   33.736   57.352    1603706541456
02    16.688    6.584  -10.282 -171.207   55.914 -113.426    1603706541456
01    17.315    4.082   -2.899 -112.334   33.569   57.311    1603706541471
02    16.696    6.609  -10.224 -170.762   55.659 -112.971    1603706541471
01    17.333    3.947   -2.911 -113.786   34.852   58.174    1603706541487
02    16.696    6.626  -10.149 -170.241   54.531 -112.987    1603706541487
01    17.318    3.826   -3.156 -116.943   37.731   58.685    1603706541518
02    16.751    6.669   -9.834 -169.047   53.381 -113.257    1603706541518
01    17.226    3.894   -3.718 -122.389   42.050   57.551    1603706541534
02    16.747    6.662   -9.306 -165.485   45.514 -112.627    1603706541534
01    17.098    4.249   -4.377 -131.857   48.857   52.121    1603706541550
02    16.353    6.476   -9.256 -159.661   19.780 -111.814    1603706541550
01    17.242    4.653   -4.028 -140.460   62.301   45.821    1603706541556
02    16.417    5.875   -7.521 -158.012    6.455 -109.170    1603706541556
01    17.200    4.898   -4.359 -146.460   62.797   40.896    1603706541572
02    16.251    5.577   -7.075 -155.944   -7.564 -106.310    1603706541572
01    17.215    5.045   -4.468 -147.483   64.718   40.785    1603706541588
02    16.193    5.475   -6.769 -155.203  -13.554 -103.983    1603706541588
01    17.226    5.124   -4.525 -147.175   65.456   41.394    1603706541619
02    16.142    5.426   -6.629 -154.655  -16.066 -103.042    1603706541619
01    17.235    5.156   -4.542 -146.937   65.827   41.832    1603706541634
02    16.105    5.554   -6.460 -152.011  -15.587 -103.218    1603706541634
01    17.252    5.163   -4.399 -146.561   66.168   42.332    1603706541650
02    16.252    5.329   -6.341 -152.955   -8.036 -101.024    1603706541650
01    17.244    5.195   -4.105 -139.553   64.456   47.511    1603706541657
02    16.200    5.077   -7.188 -155.564    2.110  -99.351    1603706541657
01    17.160    5.316   -3.884 -127.611   57.500   53.918    1603706541673
02    16.112    4.982   -8.501 -158.219   12.072  -99.225    1603706541673
01    17.108    5.220   -3.806 -120.210   47.248   55.536    1603706541688
02    16.157    5.237   -9.551 -160.839   23.993  -99.927    1603706541688
01    17.159    4.945   -3.612 -116.242   41.333   56.953    1603706541704
02    16.336    5.728   -9.835 -163.463   35.730 -103.391    1603706541704
01    17.225    4.670   -3.407 -114.600   38.619   56.807    1603706541735
02    16.446    6.052   -9.947 -166.200   42.590 -107.163    1603706541735
01    17.287    4.443   -3.261 -114.479   37.667   55.543    1603706541750
02    16.497    6.272  -10.130 -168.679   46.576 -110.415    1603706541750
01    17.326    4.337   -3.180 -114.110   36.822   54.254    1603706541757
02    16.586    6.440  -10.218 -171.096   50.395 -113.457    1603706541757
01    17.368    4.252   -3.125 -113.449   35.688   53.454    1603706541773
02    16.664    6.576  -10.217 -171.992   53.479 -115.058    1603706541773
01    17.477    4.000   -3.010 -113.754   35.983   54.269    1603706541788
02    16.710    6.641  -10.113 -170.762   54.378 -114.830    1603706541788
01    17.540    3.751   -3.038 -116.356   38.542   55.617    1603706541804
02    16.809    6.651   -9.581 -167.678   53.050 -113.148    1603706541804
01    17.491    3.791   -3.480 -121.094   42.746   54.502    1603706541835
02    16.667    6.592   -9.059 -162.130   40.845 -111.068    1603706541835
01    17.421    4.003   -4.045 -127.171   47.849   51.462    1603706541851
02    16.224    6.278   -8.957 -156.847   12.578 -109.567    1603706541851
01    17.476    4.432   -3.992 -131.320   55.042   47.936    1603706541857
02    16.365    5.704   -7.512 -156.774   -0.362 -106.722    1603706541857
01    17.423    4.642   -4.349 -136.040   57.972   45.452    1603706541873
02    16.285    5.478   -6.929 -155.247   -9.290 -104.360    1603706541873
01    17.418    4.839   -4.488 -139.986   61.781   43.425    1603706541888
02    16.314    5.322   -6.613 -155.071  -12.917 -101.942    1603706541888
01    17.424    4.955   -4.561 -142.397   64.361   42.363    1603706541904
02    16.298    5.349   -6.479 -154.098  -14.359 -101.547    1603706541904
01    17.428    5.009   -4.551 -146.329   66.378   39.937    1603706541935
02    16.325    5.377   -6.354 -152.500  -12.189 -101.899    1603706541935
01    17.435    5.066   -4.314 -146.187   67.610   39.947    1603706541951
02    16.401    5.101   -6.582 -154.123   -4.257  -99.888    1603706541951
01    17.388    5.175   -3.954 -135.659   64.766   47.388    1603706541957
02    16.290    4.910   -7.698 -156.365    4.857  -98.647    1603706541957
01    17.266    5.278   -3.790 -123.724   55.142   52.933    1603706541973
02    16.233    4.894   -9.065 -158.938   14.638  -98.308    1603706541973
01    17.238    5.091   -3.681 -117.962   45.466   54.542    1603706541989
02    16.362    5.374   -9.729 -161.281   26.872 -100.415    1603706541989
01    17.271    4.857   -3.495 -115.219   40.601   55.306    1603706542004
02    16.455    5.866   -9.889 -164.905   37.471 -105.318    1603706542004
01    17.294    4.677   -3.326 -114.397   38.152   54.449    1603706542036
02    16.490    6.179  -10.010 -169.355   44.440 -110.729    1603706542036
01    17.305    4.518   -3.166 -114.123   36.262   53.296    1603706542051
02    16.518    6.390  -10.150 -172.378   49.223 -114.154    1603706542051
01    17.317    4.382   -3.007 -113.735   34.461   52.710    1603706542058
02    16.584    6.561  -10.198 -173.023   53.278 -115.344    1603706542058
01    17.344    4.283   -2.869 -113.187   32.910   52.593    1603706542073
02    16.656    6.619  -10.202 -171.961   55.812 -114.136    1603706542073
01    17.402    4.146   -2.753 -112.988   32.110   52.854    1603706542089
02    16.709    6.632  -10.178 -170.700   56.669 -112.900    1603706542089
01    17.490    3.927   -2.712 -113.523   32.762   53.633    1603706542105
02    16.726    6.647  -10.123 -170.165   56.060 -112.922    1603706542105
01    17.559    3.723   -2.789 -115.509   35.695   54.714    1603706542120
02    16.771    6.676   -9.873 -169.342   55.033 -113.434    1603706542120
01    17.518    3.679   -3.169 -119.904   40.202   54.472    1603706542152
02    16.793    6.651   -9.409 -167.173   50.266 -113.054    1603706542152
01    17.378    3.895   -3.810 -126.860   45.398   51.667    1603706542158
02    16.556    6.563   -9.129 -162.607   34.922 -112.444    1603706542158
01    17.215    4.413   -4.415 -138.071   52.537   43.903    1603706542173
02    16.145    6.222   -8.946 -157.009    6.373 -110.804    1603706542173
01    17.149    4.767   -4.613 -146.025   55.756   37.132    1603706542189
02    16.000    5.879   -7.985 -154.830   -6.691 -106.413    1603706542189
01    17.183    4.996   -4.677 -148.512   60.180   35.397    1603706542205
02    16.120    5.531   -7.145 -155.059  -12.129 -101.919    1603706542205
01    17.245    5.139   -4.649 -148.391   63.340   35.542    1603706542221
02    16.188    5.441   -6.731 -154.123  -13.713 -100.282    1603706542221
01    17.306    5.187   -4.630 -149.813   65.340   34.213    1603706542252
02    16.263    5.447   -6.464 -151.777  -12.259 -100.850    1603706542252
01    17.381    5.222   -4.439 -149.933   67.165   33.292    1603706542258
02    16.431    5.107   -6.585 -152.586   -4.780  -99.068    1603706542258
01    17.413    5.283   -4.098 -140.320   65.835   39.806    1603706542274
02    16.431    4.791   -7.585 -154.682    3.987  -97.642    1603706542274
01    17.367    5.364   -3.903 -126.656   58.110   47.415    1603706542289
02    16.407    4.724   -8.837 -157.126   13.172  -97.989    1603706542289
01    17.401    5.116   -3.799 -119.076   48.565   51.055    1603706542305
02    16.459    5.130   -9.736 -159.508   24.108  -99.954    1603706542305
01    17.502    4.798   -3.597 -114.572   43.680   54.252    1603706542320
02    16.608    5.594  -10.040 -161.925   33.827 -103.168    1603706542320
01    17.600    4.516   -3.385 -112.997   41.645   55.039    1603706542352
02    16.709    5.891  -10.194 -164.211   40.564 -106.302    1603706542352
01    17.666    4.307   -3.260 -112.849   40.496   54.386    1603706542358
02    16.790    6.095  -10.341 -166.076   45.426 -108.771    1603706542358
01    17.710    4.196   -3.185 -112.660   39.606   53.563    1603706542374
02    16.874    6.283  -10.404 -167.835   49.596 -111.079    1603706542374
01    17.746    4.102   -3.161 -112.565   38.843   52.738    1603706542390
02    16.915    6.400  -10.443 -168.895   52.026 -112.531    1603706542390
01    17.779    4.047   -3.146 -112.188   38.240   52.320    1603706542405
02    16.945    6.466  -10.516 -169.781   53.278 -113.287    1603706542405
01    17.838    3.911   -3.113 -112.055   38.181   52.813    1603706542421
02    17.012    6.566  -10.485 -170.921   55.265 -114.650    1603706542421
01    17.900    3.650   -3.136 -113.499   39.904   54.109    1603706542452
02    17.124    6.673  -10.114 -170.020   55.942 -115.576    1603706542452
01    17.846    3.593   -3.567 -117.350   43.470   54.281    1603706542459
02    17.191    6.700   -9.375 -166.646   50.463 -114.804    1603706542459
01    17.716    3.925   -4.253 -123.101   48.563   51.741    1603706542474
02    16.765    6.515   -9.287 -159.589   25.913 -112.072    1603706542474
01    17.686    4.594   -4.520 -130.530   57.542   44.927    1603706542490
02    16.565    6.111   -8.707 -155.464   -0.681 -110.879    1603706542490
01    17.684    4.835   -4.746 -136.589   62.280   41.102    1603706542506
02    16.485    5.738   -7.823 -155.041  -10.238 -108.020    1603706542506
01    17.732    4.990   -4.748 -136.511   66.316   42.346    1603706542521
02    16.493    5.526   -7.132 -155.340  -14.354 -104.733    1603706542521
01    17.759    5.060   -4.752 -135.238   67.936   44.046    1603706542537
02    16.471    5.486   -6.778 -154.843  -16.014 -102.550    1603706542537
01    17.770    5.055   -4.730 -135.360   68.643   44.698    1603706542559
02    16.445    5.590   -6.521 -152.751  -14.821 -101.943    1603706542559
01    17.775    5.075   -4.552 -134.954   69.110   45.592    1603706542575
02    16.580    5.301   -6.493 -153.245   -8.938  -99.651    1603706542575
01    17.759    5.094   -4.260 -128.942   67.153   50.652    1603706542590
02    16.589    4.975   -7.223 -154.846   -0.763  -97.671    1603706542590
01    17.685    5.147   -4.020 -120.305   60.764   55.840    1603706542606
02    16.544    4.809   -8.339 -156.653    7.590  -97.173    1603706542606
01    17.624    5.072   -3.907 -114.643   51.527   57.057    1603706542622
02    16.528    4.907   -9.512 -158.806   16.578  -97.596    1603706542622
01    17.640    4.847   -3.721 -111.597   44.677   57.267    1603706542637
02    16.625    5.341  -10.096 -160.784   26.761  -99.907    1603706542637
01    17.692    4.542   -3.428 -110.418   40.863   56.946    1603706542660
02    16.738    5.737  -10.242 -163.570   37.514 -104.105    1603706542660
01    17.715    4.332   -3.205 -110.271   38.265   55.670    1603706542675
02    16.795    5.976  -10.392 -166.714   44.229 -107.949    1603706542675
01    17.727    4.184   -3.069 -110.447   36.228   54.550    1603706542691
02    16.846    6.162  -10.529 -168.242   48.990 -110.044    1603706542691
01    17.730    4.104   -2.981 -110.464   34.477   53.887    1603706542707
02    16.917    6.288  -10.560 -168.191   52.535 -110.448    1603706542707
01    17.752    4.033   -2.917 -110.402   33.329   53.576    1603706542722
02    16.983    6.347  -10.474 -167.274   54.407 -109.773    1603706542722
01    17.810    3.858   -2.879 -110.904   33.719   54.055    1603706542738
02    16.996    6.373  -10.336 -166.519   53.892 -109.530    1603706542738
01    17.855    3.657   -2.990 -113.028   36.676   54.993    1603706542760
02    16.997    6.411   -9.974 -164.746   51.782 -109.438    1603706542760
01    17.820    3.608   -3.468 -117.525   41.895   54.630    1603706542776
02    16.948    6.380   -9.378 -161.089   43.190 -108.611    1603706542776
01    17.699    3.873   -4.189 -124.317   48.535   51.525    1603706542791
02    16.443    6.078   -9.426 -156.762   11.624 -107.187    1603706542791
01    17.711    4.303   -4.233 -129.551   56.083   47.221    1603706542807
02    16.475    5.667   -8.109 -157.956   -2.236 -106.474    1603706542807
01    17.691    4.614   -4.424 -130.797   59.625   47.221    1603706542822
02    16.461    5.449   -7.169 -157.952  -10.967 -103.149    1603706542822
01    17.708    4.797   -4.470 -129.444   61.992   49.149    1603706542838
02    16.424    5.392   -6.663 -157.566  -15.431 -100.299    1603706542838
01    17.715    4.908   -4.551 -128.406   62.996   50.255    1603706542860
02    16.390    5.525   -6.349 -155.259  -15.878  -98.353    1603706542860
01    17.727    4.943   -4.628 -130.420   64.273   49.196    1603706542876
02    16.481    5.443   -6.223 -152.816  -11.513  -97.498    1603706542876
01    17.749    5.042   -4.472 -131.780   66.378   47.307    1603706542892
02    16.614    4.993   -6.668 -152.747   -4.584  -95.459    1603706542892
01    17.743    5.170   -4.157 -124.631   64.313   51.180    1603706542907
02    16.637    4.615   -7.590 -153.667    3.350  -93.945    1603706542907
01    17.657    5.308   -4.005 -115.215   54.993   53.897    1603706542923
02    16.578    4.466   -8.850 -155.201   11.843  -93.998    1603706542923
01    17.691    5.035   -3.863 -110.813   44.289   54.305    1603706542938
02    16.598    4.781   -9.832 -157.089   22.328  -95.648    1603706542938
01    17.798    4.692   -3.567 -108.153   38.963   55.791    1603706542960
02    16.730    5.294  -10.107 -159.455   34.441  -99.583    1603706542960
01    17.874    4.430   -3.254 -107.124   36.797   55.783    1603706542976
02    16.795    5.617  -10.269 -162.427   42.730 -103.633    1603706542976
01    17.901    4.226   -3.043 -107.656   35.559   54.697    1603706542991
02    16.843    5.833  -10.400 -165.055   47.862 -106.806    1603706542991
01    17.874    4.122   -2.954 -108.538   34.648   53.351    1603706543007
02    16.887    5.983  -10.487 -166.506   50.983 -108.687    1603706543007
01    17.840    4.095   -2.931 -109.083   33.685   52.185    1603706543023
02    16.929    6.095  -10.523 -167.420   53.153 -109.710    1603706543023
01    17.848    3.987   -2.898 -109.550   32.893   51.749    1603706543039
02    16.976    6.174  -10.506 -167.905   54.701 -110.184    1603706543039
01    17.915    3.783   -2.763 -110.343   33.853   52.830    1603706543060
02    17.020    6.276  -10.329 -166.715   55.501 -110.302    1603706543060
01    17.933    3.568   -2.934 -113.212   36.845   53.981    1603706543076
02    17.085    6.321   -9.817 -162.847   52.501 -108.325    1603706543076
01    17.861    3.604   -3.494 -117.894   41.578   53.658    1603706543092
02    16.890    6.262   -9.424 -157.655   36.155 -106.665    1603706543092
01    17.731    3.984   -4.173 -124.513   47.937   50.453    1603706543108
02    16.525    5.885   -9.237 -155.123    2.058 -106.497    1603706543108
01    17.709    4.286   -4.397 -131.027   54.336   46.775    1603706543123
02    16.408    5.639   -8.233 -155.278   -9.299 -104.169    1603706543123
01    17.714    4.584   -4.551 -132.112   59.075   46.815    1603706543139
02    16.468    5.446   -7.246 -155.779  -14.038 -101.036    1603706543139
01    17.749    4.763   -4.575 -131.437   62.360   48.156    1603706543161
02    16.492    5.306   -6.785 -156.372  -16.520  -99.517    1603706543161
01    17.772    4.851   -4.602 -130.808   64.083   49.147    1603706543177
02    16.477    5.455   -6.487 -154.788  -16.441  -98.995    1603706543177
01    17.772    4.897   -4.542 -133.541   65.652   47.563    1603706543192
02    16.530    5.389   -6.371 -152.959  -13.875  -99.008    1603706543192
01    17.756    4.990   -4.323 -132.925   65.949   47.394    1603706543208
02    16.637    5.047   -6.586 -153.590   -6.900  -97.182    1603706543208
01    17.701    5.124   -4.039 -124.777   61.690   51.845    1603706543223
02    16.589    4.782   -7.546 -155.016    1.562  -96.009    1603706543223
01    17.613    5.183   -3.917 -116.985   51.948   53.403    1603706543239
02    16.496    4.689   -8.842 -157.122   10.125  -96.316    1603706543239
01    17.634    4.965   -3.740 -112.637   43.399   54.270    1603706543261
02    16.489    5.127   -9.722 -159.089   20.494  -98.414    1603706543261
01    17.690    4.721   -3.493 -110.568   39.300   55.121    1603706543277
02    16.607    5.592   -9.989 -162.246   33.099 -103.089    1603706543277
01    17.727    4.508   -3.248 -110.107   37.202   54.346    1603706543293
02    16.684    5.842  -10.147 -165.129   41.081 -106.566    1603706543293
01    17.746    4.345   -3.059 -110.290   35.563   53.194    1603706543309
02    16.741    6.018  -10.277 -166.545   45.968 -108.427    1603706543309
01    17.751    4.231   -2.911 -110.494   34.054   52.401    1603706543324
02    16.808    6.129  -10.325 -166.619   49.524 -108.765    1603706543324
01    17.763    4.132   -2.785 -110.815   33.209   52.159    1603706543340
02    16.872    6.193  -10.313 -166.293   51.418 -108.514    1603706543340
01    17.802    3.957   -2.718 -111.852   33.559   52.573    1603706543362
02    16.911    6.246  -10.238 -165.884   51.697 -108.679    1603706543362
01    17.827    3.784   -2.747 -113.991   35.806   53.503    1603706543378
02    16.968    6.296   -9.948 -164.785   50.966 -108.830    1603706543378
01    17.770    3.669   -3.108 -118.896   39.885   53.652    1603706543393
02    16.990    6.332   -9.319 -161.932   44.063 -108.682    1603706543393
01    17.600    3.958   -3.815 -126.157   45.126   50.416    1603706543409
02    16.540    6.087   -9.299 -158.093   15.163 -108.560    1603706543409
01    17.624    4.559   -3.630 -132.383   55.320   45.094    1603706543425
02    16.657    5.528   -7.706 -159.075   -0.183 -106.901    1603706543425
01    17.524    4.819   -4.071 -139.018   57.215   40.029    1603706543440
02    16.495    5.434   -6.952 -157.081  -10.631 -104.961    1603706543440
01    17.530    4.981   -4.200 -140.077   60.112   39.787    1603706543462
02    16.435    5.421   -6.495 -155.841  -15.694 -102.967    1603706543462
01    17.553    5.044   -4.284 -139.798   61.688   40.315    1603706543478
02    16.411    5.490   -6.238 -153.743  -17.444 -102.110    1603706543478
01    17.587    5.086   -4.231 -141.825   63.540   38.842    1603706543494
02    16.478    5.465   -6.069 -151.181  -14.870 -101.732    1603706543494
01    17.606    5.201   -3.985 -139.009   63.609   39.597    1603706543509
02    16.603    5.083   -6.349 -152.023   -7.211  -99.517    1603706543509
01    17.563    5.353   -3.780 -128.912   58.262   44.604    1603706543525
02    16.572    4.740   -7.380 -153.898    1.559  -97.925    1603706543525
01    17.522    5.339   -3.734 -120.263   48.194   46.671    1603706543541
02    16.481    4.634   -8.708 -156.368   10.681  -97.358    1603706543541
01    17.611    5.021   -3.530 -115.390   40.360   48.681    1603706543563
02    16.486    5.056   -9.591 -158.655   21.903  -99.095    1603706543563
01    17.706    4.747   -3.260 -112.521   36.759   50.477    1603706543579
02    16.576    5.500   -9.961 -161.183   32.525 -102.448    1603706543579
01    17.770    4.514   -2.981 -111.063   34.617   50.573    1603706543594
02    16.692    5.759  -10.211 -163.746   41.473 -105.298    1603706543594
01    17.808    4.356   -2.768 -110.163   32.639   50.091    1603706543610
02    16.812    5.972  -10.353 -164.895   48.557 -106.703    1603706543610
01    17.837    4.225   -2.598 -109.640   31.045   49.738    1603706543625
02    16.921    6.110  -10.357 -164.728   53.339 -106.769    1603706543625
01    17.877    4.080   -2.504 -109.589   30.171   49.559    1603706543641
02    16.990    6.173  -10.294 -164.501   55.264 -106.470    1603706543641
01    17.939    3.887   -2.421 -110.087   30.791   50.158    1603706543663
02    17.011    6.245  -10.186 -164.597   55.024 -107.123    1603706543663
01    17.995    3.607   -2.423 -112.318   33.988   51.827    1603706543679
02    17.073    6.302   -9.756 -164.136   53.757 -108.124    1603706543679
01    17.932    3.486   -2.880 -117.404   39.130   52.292    1603706543695
02    17.011    6.326   -9.138 -161.896   44.000 -108.977    1603706543695
01    17.751    3.778   -3.751 -125.155   45.375   49.099    1603706543710
02    16.499    6.089   -9.138 -157.306   11.699 -108.996    1603706543710
01    17.748    4.363   -3.731 -132.583   55.088   43.172    1603706543726
02    16.637    5.562   -7.667 -159.279   -0.319 -106.931    1603706543726
01    17.675    4.715   -4.135 -137.251   58.554   39.835    1603706543741
02    16.564    5.411   -6.937 -158.142   -9.954 -103.605    1603706543741
01    17.674    4.920   -4.251 -137.771   61.309   40.087    1603706543763
02    16.503    5.380   -6.525 -157.603  -15.294 -100.639    1603706543763
01    17.683    4.997   -4.326 -138.088   62.747   40.360    1603706543779
02    16.451    5.605   -6.149 -154.718  -16.044  -99.579    1603706543779
01    17.691    5.061   -4.325 -142.765   64.619   36.696    1603706543795
02    16.515    5.501   -6.075 -152.361  -13.175  -99.047    1603706543795
01    17.714    5.214   -4.022 -140.813   65.821   36.401    1603706543810
02    16.629    5.118   -6.395 -152.444   -6.049  -96.989    1603706543810
01    17.666    5.438   -3.749 -127.999   60.440   42.981    1603706543826
02    16.643    4.749   -7.337 -153.716    2.318  -95.505    1603706543826
01    17.656    5.368   -3.743 -118.157   48.644   45.045    1603706543842
02    16.577    4.588   -8.656 -155.939   11.037  -95.027    1603706543842
01    17.824    4.941   -3.485 -112.946   40.918   47.455    1603706543864
02    16.626    5.056   -9.381 -158.136   22.617  -97.611    1603706543864
01    17.968    4.631   -3.185 -110.016   38.176   49.038    1603706543879
02    16.691    5.524   -9.614 -161.518   33.177 -102.954    1603706543879
01    18.048    4.402   -2.962 -109.247   36.938   48.617    1603706543895
02    16.708    5.823   -9.857 -165.771   39.994 -108.065    1603706543895
01    18.066    4.265   -2.821 -109.229   35.960   47.581    1603706543911
02    16.754    6.063  -10.037 -168.872   45.346 -111.575    1603706543911
01    18.053    4.166   -2.737 -109.338   34.857   46.879    1603706543926
02    16.828    6.227  -10.120 -169.656   49.475 -112.416    1603706543926
01    18.043    4.055   -2.669 -109.445   33.802   46.796    1603706543942
02    16.900    6.297  -10.177 -168.865   51.627 -111.054    1603706543942
01    18.058    3.904   -2.552 -109.675   33.845   47.675    1603706543964
02    16.955    6.363  -10.127 -168.414   52.907 -110.676    1603706543964
01    18.088    3.615   -2.600 -111.938   36.172   49.101    1603706543980
02    17.074    6.411   -9.602 -167.018   52.007 -110.685    1603706543980
01    18.028    3.553   -3.090 -116.331   40.662   49.090    1603706543995
02    16.959    6.390   -9.061 -164.209   40.373 -111.189    1603706543995
01    17.876    3.874   -3.813 -123.064   46.750   46.370    1603706544011
02    16.497    6.174   -8.967 -158.450   11.511 -110.048    1603706544011
01    17.882    4.406   -3.801 -131.622   58.462   40.428    1603706544027
02    16.643    5.720   -7.586 -158.340    0.940 -107.405    1603706544027
01    17.812    4.722   -4.146 -138.808   62.467   36.058    1603706544042
02    16.606    5.457   -6.972 -157.433   -8.127 -104.644    1603706544042
01    17.784    4.950   -4.267 -142.284   65.739   34.496    1603706544064
02    16.553    5.495   -6.547 -155.865  -11.694 -103.234    1603706544064
01    17.770    5.083   -4.310 -146.790   67.691   31.449    1603706544080
02    16.531    5.559   -6.334 -153.634  -11.698 -102.963    1603706544080
01    17.781    5.226   -4.108 -146.474   69.057   30.319    1603706544096
02    16.621    5.328   -6.357 -153.250   -6.759 -101.323    1603706544096
01    17.752    5.355   -3.816 -135.000   65.934   37.470    1603706544111
02    16.610    5.007   -7.096 -154.487    0.438  -99.367    1603706544111
01    17.661    5.467   -3.720 -122.549   56.050   42.459    1603706544127
02    16.557    4.855   -8.171 -156.240    8.427  -98.449    1603706544127
01    17.703    5.200   -3.594 -115.663   45.789   45.564    1603706544143
02    16.566    5.003   -9.103 -158.165   17.623  -98.516    1603706544143
01    17.805    4.860   -3.308 -111.992   41.205   49.237    1603706544164
02    16.664    5.330   -9.543 -159.796   26.773 -100.067    1603706544164
01    17.851    4.646   -3.105 -110.947   39.452   50.491    1603706544180
02    16.763    5.567   -9.807 -161.679   35.322 -101.952    1603706544180
01    17.861    4.514   -3.000 -111.229   38.371   49.639    1603706544196
02    16.868    5.748   -9.996 -163.301   41.945 -103.632    1603706544196
01    17.862    4.436   -2.918 -111.315   37.258   48.736    1603706544212
02    16.944    5.930  -10.172 -164.783   46.610 -105.398    1603706544212
01    17.887    4.322   -2.831 -111.432   36.349   48.345    1603706544227
02    17.005    6.122  -10.200 -166.086   49.912 -107.442    1603706544227
01    17.916    4.196   -2.788 -111.783   35.875   48.117    1603706544243
02    17.036    6.218  -10.148 -166.830   50.631 -108.607    1603706544243
01    17.948    4.079   -2.770 -112.195   35.996   48.441    1603706544264
02    17.034    6.270  -10.054 -167.232   49.612 -109.425    1603706544264
01    18.018    3.762   -2.751 -114.034   37.856   49.917    1603706544280
02    17.092    6.361   -9.574 -167.004   48.212 -110.944    1603706544280
01    17.924    3.710   -3.324 -119.083   41.763   49.467    1603706544296
02    16.842    6.352   -9.303 -162.250   32.561 -110.493    1603706544296
01    17.709    4.218   -4.192 -129.430   49.124   43.252    1603706544311
02    16.497    6.021   -9.057 -157.255   -0.920 -109.918    1603706544311
01    17.674    4.597   -4.374 -138.427   55.580   36.933    1603706544327
02    16.417    5.824   -8.197 -156.201  -11.383 -108.234    1603706544327
01    17.697    4.896   -4.344 -141.373   60.969   35.236    1603706544342
02    16.469    5.696   -7.156 -155.733  -16.618 -106.020    1603706544342
01    17.719    5.030   -4.298 -142.323   63.314   34.892    1603706544365
02    16.456    5.735   -6.484 -153.807  -18.980 -104.597    1603706544365
01    17.726    5.119   -4.188 -145.242   64.405   32.244    1603706544380
02    16.497    5.763   -6.034 -151.030  -17.068 -104.484    1603706544380
01    17.722    5.288   -3.884 -139.528   63.645   34.627    1603706544396
02    16.626    5.351   -6.081 -151.877   -8.866 -102.182    1603706544396
01    17.652    5.474   -3.711 -127.743   56.577   39.543    1603706544412
02    16.553    4.951   -7.094 -154.182   -0.039 -100.269    1603706544412
01    17.645    5.378   -3.662 -118.880   45.297   41.195    1603706544427
02    16.428    4.811   -8.401 -157.273    9.157  -98.944    1603706544427
01    17.786    4.976   -3.359 -114.360   38.357   43.933    1603706544443
02    16.398    5.233   -9.230 -159.889   19.870 -100.406    1603706544443
01    17.889    4.683   -3.057 -112.236   35.924   45.854    1603706544465
02    16.461    5.634   -9.573 -162.475   28.837 -103.402    1603706544465
01    17.941    4.466   -2.826 -111.684   35.053   45.708    1603706544481
02    16.532    5.909   -9.811 -165.661   36.512 -106.763    1603706544481
01    17.942    4.334   -2.699 -111.784   34.364   44.857    1603706544496
02    16.597    6.145   -9.963 -168.253   42.383 -109.658    1603706544496
01    17.921    4.254   -2.620 -111.910   33.603   44.088    1603706544512
02    16.656    6.294  -10.032 -169.626   46.328 -110.874    1603706544512
01    17.912    4.196   -2.532 -111.867   33.093   43.969    1603706544527
02    16.711    6.397   -9.992 -169.687   48.968 -110.855    1603706544527
01    17.914    4.097   -2.476 -112.190   33.068   44.131    1603706544543
02    16.733    6.439   -9.955 -169.072   49.325 -110.150    1603706544543
01    17.946    3.928   -2.459 -112.996   34.099   44.826    1603706544566
02    16.767    6.449   -9.800 -168.513   48.716 -109.951    1603706544566
01    17.960    3.773   -2.598 -115.026   36.650   45.584    1603706544581
02    16.847    6.463   -9.311 -167.559   46.684 -110.592    1603706544581
01    17.909    3.739   -2.998 -119.051   40.491   45.491    1603706544597
02    16.641    6.397   -9.010 -164.223   32.116 -111.133    1603706544597
01    17.770    4.032   -3.586 -129.197   48.401   41.342    1603706544613
02    16.248    6.157   -8.853 -158.633    3.118 -111.209    1603706544613
01    17.730    4.481   -3.666 -138.888   57.452   33.481    1603706544628
02    16.428    5.714   -7.073 -158.332   -6.457 -109.449    1603706544628
01    17.660    4.783   -3.952 -141.644   59.838   32.781    1603706544644
02    16.446    5.523   -6.325 -157.146  -15.182 -105.589    1603706544644
01    17.650    4.998   -4.028 -140.558   62.318   34.765    1603706544666
02    16.419    5.625   -5.976 -155.424  -18.090 -102.778    1603706544666
01    17.661    5.108   -4.041 -140.544   63.506   35.258    1603706544682
02    16.426    5.732   -5.793 -152.386  -17.373 -102.201    1603706544682
01    17.662    5.291   -3.875 -139.647   64.183   33.804    1603706544698
02    16.577    5.484   -5.730 -151.273  -10.798  -99.942    1603706544698
01    17.590    5.588   -3.668 -128.782   59.464   37.539    1603706544713
02    16.613    4.949   -6.601 -152.930   -1.585  -97.013    1603706544713
01    17.532    5.630   -3.676 -118.231   47.680   39.296    1603706544728
02    16.517    4.643   -8.000 -155.503    7.850  -95.681    1603706544728
01    17.685    5.202   -3.392 -113.167   38.086   41.270    1603706544744
02    16.500    4.928   -9.138 -157.915   19.351  -96.172    1603706544744
01    17.845    4.779   -2.978 -110.953   34.500   43.941    1603706544766
02    16.620    5.422   -9.539 -160.209   29.954  -99.079    1603706544766
01    17.924    4.583   -2.740 -109.627   33.264   44.762    1603706544782
02    16.705    5.745   -9.813 -162.714   38.291 -102.270    1603706544782
01    17.954    4.474   -2.629 -109.270   32.067   43.965    1603706544797
02    16.812    5.945  -10.018 -164.702   45.125 -104.321    1603706544797
01    17.983    4.366   -2.537 -109.077   30.980   43.281    1603706544813
02    16.900    6.147  -10.086 -166.180   50.409 -106.180    1603706544813
01    18.021    4.268   -2.439 -108.851   30.360   42.958    1603706544829
02    16.949    6.299  -10.077 -167.130   53.154 -107.534    1603706544829
01    18.101    4.076   -2.321 -109.273   31.199   43.358    1603706544844
02    16.967    6.400   -9.986 -167.565   53.624 -108.708    1603706544844
01    18.177    3.792   -2.280 -111.246   34.054   44.511    1603706544867
02    17.005    6.474   -9.674 -166.629   52.473 -109.343    1603706544867
01    18.147    3.689   -2.607 -115.117   38.531   44.802    1603706544882
02    16.987    6.446   -9.229 -164.093   46.059 -108.547    1603706544882
01    18.046    3.805   -3.121 -120.322   43.608   43.796    1603706544898
02    16.815    6.276   -8.970 -161.858   31.400 -108.241    1603706544898
01    17.911    4.113   -3.657 -130.626   51.370   39.546    1603706544914
02    16.573    6.068   -8.761 -159.582   12.459 -108.635    1603706544914
01    17.779    4.588   -4.075 -144.249   58.904   30.691    1603706544929
02    16.391    5.836   -8.283 -156.787   -4.718 -108.178    1603706544929
01    17.719    4.883   -4.211 -151.424   62.408   26.729    1603706544945
02    16.403    5.651   -7.439 -156.393  -12.155 -105.363    1603706544945
01    17.698    5.121   -4.229 -152.163   65.183   27.190    1603706544967
02    16.506    5.505   -6.771 -157.133  -14.782 -102.148    1603706544967
01    17.691    5.260   -4.228 -151.492   66.380   28.267    1603706544982
02    16.527    5.541   -6.431 -156.745  -15.566 -100.683    1603706544982
01    17.697    5.335   -4.209 -150.545   66.879   28.888    1603706544998
02    16.515    5.660   -6.240 -154.447  -14.891 -100.861    1603706544998
01    17.708    5.431   -4.023 -147.661   67.466   29.822    1603706545014
02    16.658    5.482   -6.105 -153.688   -9.639  -99.596    1603706545014
01    17.681    5.579   -3.758 -134.575   64.207   37.616    1603706545029
02    16.670    5.148   -6.781 -154.867   -1.606  -97.850    1603706545029
01    17.611    5.652   -3.676 -121.057   54.049   42.849    1603706545045
02    16.571    4.957   -8.035 -156.954    7.061  -97.027    1603706545045
01    17.664    5.381   -3.522 -114.616   43.704   44.504    1603706545067
02    16.492    5.204   -9.251 -159.240   17.156  -97.342    1603706545067
01    17.779    5.021   -3.203 -111.748   38.579   46.565    1603706545083
02    16.620    5.681   -9.673 -161.630   29.413 -100.273    1603706545083
01    17.872    4.713   -2.910 -110.776   36.546   46.955    1603706545098
02    16.738    5.967   -9.907 -164.120   38.957 -103.155    1603706545098
01    17.928    4.533   -2.738 -110.432   35.410   46.061    1603706545114
02    16.834    6.149  -10.095 -165.954   45.460 -105.131    1603706545114
01    17.969    4.396   -2.619 -110.291   34.430   45.175    1603706545130
02    16.918    6.324  -10.179 -167.850   50.104 -107.492    1603706545130
01    18.011    4.273   -2.538 -110.493   34.115   44.651    1603706545145
02    16.982    6.458  -10.174 -168.912   52.582 -109.052    1603706545145
01    18.039    4.168   -2.537 -110.994   34.175   44.263    1603706545168
02    17.020    6.508  -10.153 -169.484   53.067 -109.578    1603706545168
01    18.079    4.095   -2.495 -111.196   34.774   44.649    1603706545183
02    17.038    6.549  -10.108 -169.562   52.707 -109.919    1603706545183
01    18.120    3.977   -2.497 -111.902   36.132   45.574    1603706545199
02    17.053    6.562   -9.989 -169.387   51.302 -110.257    1603706545199
01    18.137    3.793   -2.602 -114.261   38.906   46.895    1603706545214
02    17.101    6.579   -9.569 -168.698   48.728 -110.917    1603706545214
01    18.049    3.810   -3.099 -119.261   43.249   46.814    1603706545230
02    16.958    6.517   -9.189 -165.182   35.594 -110.917    1603706545230
01    17.863    4.209   -3.840 -131.231   51.272   40.988    1603706545246
02    16.570    6.257   -9.064 -159.801    5.642 -110.021    1603706545246
01    17.833    4.680   -3.881 -141.325   59.584   32.773    1603706545268
02    16.507    6.019   -7.677 -157.374   -6.545 -108.300    1603706545268
01    17.790    4.984   -4.082 -144.786   62.590   31.015    1603706545283
02    16.584    5.627   -6.839 -157.626  -15.344 -104.916    1603706545283
01    17.778    5.191   -4.102 -144.820   64.526   31.595    1603706545299
02    16.572    5.569   -6.408 -157.323  -19.254 -103.200    1603706545299
01    17.764    5.305   -4.076 -144.132   64.995   32.096    1603706545314
02    16.525    5.689   -6.081 -155.081  -19.982 -103.123    1603706545314
01    17.749    5.366   -3.991 -144.413   64.794   31.443    1603706545330
02    16.546    5.750   -5.777 -152.074  -17.370 -103.295    1603706545330
01    17.699    5.578   -3.719 -137.110   63.234   34.180    1603706545346
02    16.648    5.364   -5.922 -153.426   -6.825 -100.764    1603706545346
01    17.562    5.823   -3.670 -124.132   53.624   37.917    1603706545368
02    16.529    5.047   -7.114 -155.742    3.058  -99.331    1603706545368
01    17.637    5.551   -3.566 -116.126   42.142   38.765    1603706545384
02    16.375    4.960   -8.516 -158.827   12.869  -98.377    1603706545384
01    17.827    5.071   -3.132 -112.687   35.399   40.606    1603706545399
02    16.384    5.436   -9.202 -161.154   24.264 -100.263    1603706545399
01    17.939    4.763   -2.757 -111.016   32.710   42.063    1603706545415
02    16.435    5.762   -9.475 -163.031   31.745 -102.480    1603706545415
01    17.992    4.549   -2.477 -110.635   31.514   42.448    1603706545431
02    16.487    5.941   -9.703 -164.610   37.289 -104.101    1603706545431
01    18.000    4.409   -2.351 -111.104   30.913   41.879    1603706545446
02    16.569    6.094   -9.865 -166.010   42.032 -105.702    1603706545446
01    17.984    4.389   -2.337 -110.934   30.201   40.876    1603706545468
02    16.659    6.231   -9.935 -167.283   46.100 -107.256    1603706545468
01    18.011    4.329   -2.297 -110.523   29.407   40.290    1603706545484
02    16.725    6.355   -9.961 -168.562   49.036 -108.671    1603706545484
01    18.105    4.102   -2.106 -110.952   30.138   41.349    1603706545500
02    16.824    6.496   -9.700 -169.001   51.048 -110.518    1603706545500
01    18.147    3.885   -2.044 -112.939   32.870   42.859    1603706545515
02    16.865    6.472   -9.315 -168.446   47.113 -111.051    1603706545515
01    18.125    3.802   -2.312 -116.316   36.919   43.475    1603706545531
02    16.782    6.418   -8.887 -167.806   37.983 -112.792    1603706545531
01    18.046    3.840   -2.797 -121.498   41.935   42.598    1603706545547
02    16.505    6.361   -8.669 -163.089   22.283 -113.450    1603706545547
01    17.902    4.133   -3.426 -130.291   48.622   38.557    1603706545569
02    16.319    6.141   -8.418 -158.594    6.626 -111.691    1603706545569
01    17.767    4.590   -3.952 -143.604   56.372   29.847    1603706545584
02    16.248    5.828   -7.902 -155.521   -5.917 -109.889    1603706545584
01    17.728    4.963   -4.123 -151.051   61.522   24.201    1603706545600
02    16.429    5.540   -7.006 -155.111  -10.127 -107.116    1603706545600
01    17.740    5.193   -4.168 -153.816   65.648   22.799    1603706545616
02    16.561    5.382   -6.581 -155.333  -12.402 -104.740    1603706545616
01    17.759    5.341   -4.176 -154.746   67.695   22.495    1603706545631
02    16.588    5.417   -6.416 -154.857  -13.231 -103.905    1603706545631
01    17.773    5.427   -4.082 -154.901   68.594   22.288    1603706545647
02    16.601    5.495   -6.269 -153.501  -12.226 -103.738    1603706545647
01    17.783    5.503   -3.814 -148.340   68.236   26.752    1603706545669
02    16.661    5.339   -6.268 -153.729   -6.424 -101.853    1603706545669
01    17.720    5.632   -3.555 -134.060   62.789   35.777    1603706545685
02    16.614    5.107   -7.011 -155.180    0.941  -99.790    1603706545685
01    17.649    5.656   -3.498 -123.005   52.239   39.752    1603706545701
02    16.524    5.005   -8.117 -156.899    8.786  -98.819    1603706545701
01    17.712    5.391   -3.374 -117.182   42.983   41.412    1603706545716
02    16.520    5.195   -9.107 -158.717   17.798  -98.770    1603706545716
01    17.833    5.074   -3.112 -114.070   38.429   43.024    1603706545732
02    16.627    5.559   -9.554 -160.632   28.886 -100.807    1603706545732
01    17.941    4.800   -2.843 -112.833   36.375   43.116    1603706545747
02    16.736    5.815   -9.743 -162.509   37.802 -103.213    1603706545747
01    18.021    4.588   -2.630 -112.207   34.984   42.517    1603706545763
02    16.803    5.969   -9.915 -164.283   43.070 -104.956    1603706545763
01    18.075    4.427   -2.480 -111.937   33.758   42.038    1603706545785
02    16.884    6.129   -9.997 -165.883   46.972 -106.785    1603706545785
01    18.117    4.288   -2.361 -111.909   33.063   41.988    1603706545801
02    16.955    6.240   -9.991 -167.042   49.265 -108.225    1603706545801
01    18.160    4.115   -2.251 -112.430   33.653   42.656    1603706545816
02    17.001    6.354   -9.863 -167.734   49.979 -109.785    1603706545816
01    18.163    3.963   -2.262 -114.037   35.667   43.833    1603706545832
02    17.019    6.387   -9.631 -166.601   47.873 -109.830    1603706545832
01    18.104    3.950   -2.463 -116.256   38.532   44.609    1603706545848
02    17.008    6.344   -9.339 -165.055   43.093 -108.876    1603706545848
01    18.028    3.972   -2.811 -119.991   42.224   44.696    1603706545863
02    16.937    6.257   -8.972 -163.892   33.605 -109.366    1603706545863
01    17.895    4.178   -3.374 -126.298   47.066   42.607    1603706545885
02    16.521    6.082   -8.971 -159.981    8.270 -110.440    1603706545885
01    17.773    4.829   -3.683 -134.055   55.121   35.655    1603706545901
02    16.460    5.892   -7.941 -155.452  -10.938 -110.785    1603706545901
01    17.709    5.088   -3.914 -140.359   58.227   31.956    1603706545917
02    16.508    5.659   -6.905 -155.072  -18.443 -107.968    1603706545917
01    17.705    5.300   -3.951 -141.808   61.553   31.927    1603706545932
02    16.605    5.545   -6.243 -155.738  -20.904 -104.894    1603706545932
01    17.709    5.434   -3.954 -141.592   63.111   32.579    1603706545948
02    16.621    5.569   -5.969 -155.563  -21.826 -103.487    1603706545948
01    17.721    5.519   -3.923 -140.128   63.718   33.649    1603706545964
02    16.573    5.738   -5.814 -153.101  -21.468 -103.300    1603706545964
01    17.731    5.544   -3.838 -139.584   63.556   33.723    1603706545970
02    16.695    5.634   -5.560 -151.481  -17.906 -102.416    1603706545970
01    17.708    5.654   -3.657 -134.811   61.852   35.363    1603706546002
02    16.778    5.307   -5.838 -153.093   -8.630 -100.182    1603706546002
01    17.643    5.780   -3.549 -125.257   55.512   39.032    1603706546017
02    16.682    5.115   -6.949 -155.474    0.460  -99.368    1603706546017
01    17.662    5.647   -3.470 -118.129   46.817   41.042    1603706546033
02    16.555    5.129   -8.261 -158.383    9.466  -99.735    1603706546033
01    17.776    5.329   -3.246 -114.398   40.594   42.537    1603706546049
02    16.549    5.518   -9.050 -160.978   19.523 -101.643    1603706546049
01    17.886    5.041   -2.977 -112.068   36.583   43.557    1603706546064
02    16.608    5.824   -9.364 -163.819   29.933 -104.673    1603706546064
01    17.981    4.788   -2.696 -110.954   34.151   43.191    1603706546071
02    16.636    6.013   -9.649 -165.647   36.573 -106.465    1603706546071
01    18.052    4.589   -2.508 -110.632   32.534   42.528    1603706546087
02    16.714    6.176   -9.805 -166.611   42.117 -107.603    1603706546087
01    18.122    4.441   -2.321 -110.339   31.955   42.588    1603706546118
02    16.813    6.292   -9.837 -167.016   46.105 -108.194    1603706546118
01    18.170    4.326   -2.258 -110.498   32.021   42.473    1603706546134
02    16.878    6.377   -9.796 -167.209   47.684 -108.667    1603706546134
01    18.213    4.224   -2.226 -110.861   32.629   42.707    1603706546150
02    16.908    6.420   -9.719 -167.712   47.380 -109.359    1603706546150
01    18.258    4.015   -2.102 -112.337   35.047   44.095    1603706546165
02    16.928    6.454   -9.499 -167.970   45.977 -110.271    1603706546165
01    18.200    3.866   -2.272 -116.405   39.065   44.837    1603706546172
02    16.955    6.442   -9.007 -167.332   41.709 -110.969    1603706546172
01    18.038    3.933   -2.847 -123.180   43.879   43.026    1603706546187
02    16.682    6.291   -8.813 -164.986   23.668 -111.687    1603706546187
01    17.834    4.305   -3.565 -133.618   50.119   37.451    1603706546219
02    16.334    6.134   -8.555 -159.796   -1.585 -111.819    1603706546219
01    17.785    4.848   -3.502 -142.366   58.120   30.108    1603706546234
02    16.475    5.812   -6.790 -158.619   -8.656 -109.219    1603706546234
01    17.707    5.172   -3.765 -148.024   60.625   26.202    1603706546250
02    16.504    5.649   -6.075 -157.253  -13.561 -105.342    1603706546250
01    17.694    5.357   -3.854 -149.371   62.707   26.446    1603706546265
02    16.503    5.534   -5.970 -157.068  -16.025 -102.249    1603706546265
01    17.708    5.451   -3.900 -149.238   64.049   27.444    1603706546272
02    16.491    5.641   -5.861 -155.769  -16.247 -100.901    1603706546272
01    17.734    5.508   -3.934 -150.575   65.234   26.404    1603706546288
02    16.557    5.628   -5.801 -153.831  -13.985 -100.632    1603706546288
01    17.777    5.558   -3.825 -153.051   66.644   23.185    1603706546319
02    16.708    5.406   -5.898 -153.433   -8.799  -99.434    1603706546319
01    17.788    5.676   -3.555 -146.716   66.029   25.702    1603706546335
02    16.756    5.136   -6.593 -154.530   -1.686  -98.212    1603706546335
01    17.731    5.800   -3.424 -132.050   59.407   33.298    1603706546350
02    16.720    5.025   -7.650 -156.356    5.800  -98.137    1603706546350
01    17.774    5.585   -3.374 -122.249   49.842   38.058    1603706546366
02    16.670    5.178   -8.755 -158.874   13.948  -98.908    1603706546366
01    17.912    5.200   -3.186 -117.202   44.241   41.297    1603706546372
02    16.720    5.638   -9.312 -162.354   25.356 -102.502    1603706546372
01    18.031    4.914   -2.994 -115.131   42.096   42.359    1603706546388
02    16.784    6.006   -9.555 -166.191   34.594 -107.103    1603706546388
01    18.131    4.666   -2.830 -114.448   41.192   41.895    1603706546404
02    16.815    6.299   -9.752 -169.109   39.845 -110.487    1603706546404
01    18.211    4.487   -2.739 -114.050   40.437   41.192    1603706546435
02    16.846    6.507   -9.914 -170.678   43.019 -112.240    1603706546435
01    18.252    4.399   -2.690 -113.475   39.750   40.731    1603706546451
02    16.878    6.631   -9.965 -171.124   45.043 -112.839    1603706546451
01    18.279    4.347   -2.666 -112.879   39.058   40.592    1603706546466
02    16.895    6.700   -9.998 -171.224   45.942 -112.916    1603706546466
01    18.301    4.310   -2.623 -112.087   38.448   41.113    1603706546472
02    16.935    6.723  -10.003 -171.598   46.820 -113.089    1603706546472
01    18.361    4.128   -2.515 -112.569   39.339   42.466    1603706546488
02    17.034    6.771   -9.756 -171.670   47.828 -113.860    1603706546488
01    18.353    3.973   -2.545 -115.051   42.123   43.833    1603706546519
02    17.118    6.705   -9.193 -170.746   44.145 -114.167    1603706546519
01    18.248    3.997   -2.902 -120.158   46.079   43.330    1603706546535
02    16.832    6.652   -8.844 -166.568   28.114 -114.941    1603706546535
01    18.053    4.331   -3.502 -127.937   50.839   39.584    1603706546551
02    16.298    6.328   -8.729 -158.259   -5.352 -114.325    1603706546551
01    17.957    4.907   -3.491 -136.212   57.947   32.194    1603706546566
02    16.590    5.843   -7.008 -158.548  -13.309 -111.540    1603706546566
01    17.850    5.218   -3.699 -139.813   60.086   30.210    1603706546573
02    16.619    5.670   -6.166 -157.704  -20.697 -107.900    1603706546573
01    17.798    5.411   -3.755 -140.216   61.536   30.556    1603706546589
02    16.567    5.724   -5.762 -157.104  -23.992 -104.849    1603706546589
01    17.765    5.520   -3.764 -139.643   62.093   31.018    1603706546604
02    16.495    5.873   -5.516 -155.358  -24.682 -103.095    1603706546604
01    17.755    5.511   -3.752 -139.928   62.278   31.223    1603706546636
02    16.496    5.919   -5.244 -153.243  -21.646 -102.716    1603706546636
01    17.724    5.568   -3.655 -141.119   62.609   29.629    1603706546651
02    16.562    5.694   -5.265 -153.424  -15.198 -101.426    1603706546651
01    17.662    5.718   -3.479 -136.657   61.283   30.782    1603706546667
02    16.563    5.442   -5.766 -155.196   -6.544  -99.822    1603706546667
01    17.573    5.835   -3.401 -127.722   55.807   34.237    1603706546673
02    16.464    5.341   -6.755 -157.583    1.880  -99.445    1603706546673
01    17.598    5.659   -3.332 -120.344   48.198   36.924    1603706546689
02    16.327    5.423   -7.957 -160.391    9.771 -100.086    1603706546689
01    17.721    5.328   -3.120 -115.565   41.764   38.913    1603706546705
02    16.297    5.809   -8.781 -163.203   19.907 -102.188    1603706546705
01    17.843    5.050   -2.888 -112.719   37.644   39.809    1603706546720
02    16.358    6.153   -9.231 -166.299   30.495 -105.664    1603706546720
01    17.968    4.776   -2.681 -111.869   35.772   39.766    1603706546751
02    16.453    6.393   -9.516 -168.655   37.936 -108.300    1603706546751
01    18.066    4.580   -2.559 -111.738   35.168   39.436    1603706546767
02    16.584    6.574   -9.654 -170.156   43.053 -110.109    1603706546767
01    18.145    4.438   -2.450 -111.941   35.715   39.563    1603706546774
02    16.704    6.673   -9.661 -170.951   45.839 -111.162    1603706546774
01    18.177    4.357   -2.398 -112.731   36.880   39.815    1603706546789
02    16.750    6.764   -9.580 -171.100   45.955 -112.114    1603706546789
01    18.180    4.237   -2.402 -115.122   39.347   40.176    1603706546805
02    16.785    6.759   -9.326 -170.720   44.072 -112.525    1603706546805
01    18.139    4.092   -2.555 -120.388   43.266   39.917    1603706546820
02    16.794    6.708   -8.795 -168.883   37.632 -112.905    1603706546820
01    17.981    4.182   -3.046 -129.241   47.912   36.777    1603706546852
02    16.372    6.494   -8.789 -163.391   13.398 -112.022    1603706546852
01    17.743    4.719   -3.657 -141.006   52.998   28.744    1603706546867
02    16.183    6.136   -8.303 -158.692  -14.460 -112.934    1603706546867
01    17.637    5.109   -3.749 -148.132   56.411   24.422    1603706546874
02    16.214    6.060   -7.335 -157.563  -20.795 -109.823    1603706546874
01    17.623    5.351   -3.742 -148.950   59.537   25.250    1603706546889
02    16.334    5.960   -6.379 -157.969  -22.612 -106.139    1603706546889
01    17.629    5.482   -3.725 -148.150   61.133   26.477    1603706546905
02    16.383    5.917   -5.884 -157.788  -23.641 -104.123    1603706546905
01    17.636    5.550   -3.769 -147.940   61.654   26.502    1603706546921
02    16.374    6.059   -5.562 -155.803  -23.312 -103.310    1603706546921
01    17.661    5.537   -3.810 -150.118   62.367   24.554    1603706546952
02    16.427    6.036   -5.398 -153.482  -21.223 -103.685    1603706546952
01    17.687    5.587   -3.711 -152.710   63.590   21.138    1603706546968
02    16.561    5.798   -5.381 -152.998  -16.063 -102.959    1603706546968
01    17.676    5.729   -3.453 -146.550   62.978   23.557    1603706546974
02    16.582    5.502   -5.939 -154.412   -8.404 -101.488    1603706546974
01    17.593    5.881   -3.369 -133.146   56.163   30.291    1603706546990
02    16.484    5.356   -6.985 -156.494   -0.583 -100.645    1603706546990
01    17.646    5.649   -3.295 -123.711   47.266   35.041    1603706547005
02    16.394    5.381   -8.125 -159.216    8.655 -100.104    1603706547005
01    17.805    5.258   -3.036 -118.556   42.193   38.807    1603706547021
02    16.439    5.739   -8.674 -161.986   21.800 -102.111    1603706547021
01    17.957    4.902   -2.747 -116.067   39.727   40.418    1603706547052
02    16.495    5.989   -8.896 -164.259   30.340 -104.919    1603706547052
01    18.062    4.648   -2.548 -115.331   38.775   40.390    1603706547068
02    16.515    6.123   -9.047 -165.886   33.927 -106.844    1603706547068
01    18.109    4.477   -2.442 -115.706   38.691   40.045    1603706547074
02    16.526    6.219   -9.142 -166.913   35.455 -108.061    1603706547074
01    18.106    4.371   -2.411 -116.745   39.196   39.929    1603706547090
02    16.536    6.272   -9.167 -167.318   35.614 -108.583    1603706547090
01    18.055    4.371   -2.447 -117.950   40.084   39.803    1603706547105
02    16.536    6.305   -9.158 -167.425   35.057 -108.682    1603706547105
01    18.010    4.359   -2.520 -119.283   41.344   39.876    1603706547121
02    16.547    6.339   -9.089 -167.474   34.443 -108.660    1603706547121
01    17.991    4.260   -2.657 -122.403   43.837   39.903    1603706547152
02    16.584    6.371   -8.743 -166.874   30.777 -109.950    1603706547152
01    17.896    4.382   -3.045 -127.187   47.328   37.891    1603706547168
02    16.330    6.256   -8.650 -163.557   13.225 -110.280    1603706547168
01    17.803    4.678   -3.442 -134.057   52.391   33.596    1603706547174
02    16.166    6.102   -8.252 -159.503   -6.381 -111.293    1603706547174
01    17.780    4.981   -3.534 -140.767   58.301   27.759    1603706547190
02    16.334    5.936   -6.721 -157.948  -12.998 -110.393    1603706547190
01    17.749    5.214   -3.678 -142.777   61.237   27.036    1603706547206
02    16.442    5.764   -6.016 -157.107  -16.941 -106.916    1603706547206
01    17.751    5.399   -3.712 -142.350   63.463   28.348    1603706547222
02    16.463    5.754   -5.764 -156.711  -18.817 -104.849    1603706547222
01    17.749    5.517   -3.737 -141.942   64.196   29.270    1603706547237
02    16.435    5.954   -5.515 -154.394  -17.704 -104.375    1603706547237
01    17.746    5.568   -3.703 -142.979   64.440   28.640    1603706547268
02    16.484    5.864   -5.508 -153.114  -14.259 -103.484    1603706547268
01    17.726    5.679   -3.531 -141.098   64.003   29.057    1603706547275
02    16.569    5.601   -5.748 -153.689   -8.160 -101.315    1603706547275
01    17.673    5.774   -3.375 -133.848   60.522   32.776    1603706547290
02    16.577    5.343   -6.400 -155.401   -1.415  -99.619    1603706547290
01    17.617    5.784   -3.304 -125.518   53.787   36.598    1603706547306
02    16.513    5.320   -7.255 -157.334    5.508  -99.455    1603706547306
01    17.645    5.604   -3.178 -119.994   46.806   38.998    1603706547321
02    16.455    5.446   -8.128 -159.559   12.478 -100.206    1603706547321
01    17.723    5.350   -2.994 -116.889   41.789   40.294    1603706547337
02    16.473    5.729   -8.685 -162.419   22.092 -102.454    1603706547337
01    17.790    5.156   -2.825 -114.915   37.926   40.103    1603706547368
02    16.501    5.993   -9.033 -165.207   30.514 -105.226    1603706547368
01    17.873    4.933   -2.618 -113.925   35.288   39.155    1603706547375
02    16.554    6.205   -9.251 -167.304   36.620 -107.205    1603706547375
01    17.981    4.653   -2.398 -113.913   34.271   38.758    1603706547391
02    16.619    6.362   -9.286 -168.295   40.410 -108.366    1603706547391
01    18.068    4.406   -2.209 -114.654   35.506   39.186    1603706547406
02    16.640    6.478   -9.165 -168.196   41.024 -109.319    1603706547406
01    18.089    4.203   -2.174 -117.282   38.424   39.787    1603706547422
02    16.679    6.466   -8.842 -167.553   38.573 -109.265    1603706547422
01    18.041    4.104   -2.386 -122.390   42.550   39.333    1603706547438
02    16.580    6.414   -8.489 -165.495   29.677 -109.678    1603706547438
01    17.902    4.246   -2.866 -130.344   47.312   36.172    1603706547469
02    16.222    6.225   -8.428 -161.438    8.913 -109.337    1603706547469
01    17.718    4.679   -3.417 -139.750   51.749   30.226    1603706547475
02    16.087    5.951   -7.939 -158.007  -12.473 -110.337    1603706547475
01    17.622    5.059   -3.544 -146.167   54.765   25.715    1603706547491
02    16.125    5.972   -7.034 -156.010  -18.457 -109.028    1603706547491
