01    11.462    7.569   -7.753  -83.385   55.903   26.483    1600061102831
02     7.526   10.077   -9.208 -144.596   47.395 -145.015    1600061102831
01    11.465    7.571   -7.746  -83.374   55.907   26.491    1600061102846
02     7.528   10.073   -9.211 -144.632   47.365 -144.996    1600061102846
01    11.462    7.579   -7.745  -83.325   55.908   26.492    1600061102878
02     7.535   10.071   -9.207 -144.688   47.424 -145.009    1600061102878
01    11.466    7.571   -7.750  -83.401   55.862   26.442    1600061102893
02     7.536   10.072   -9.213 -144.650   47.379 -144.973    1600061102893
01    11.472    7.569   -7.750  -83.408   55.855   26.454    1600061102909
02     7.545   10.070   -9.212 -144.620   47.398 -144.922    1600061102909
01    11.475    7.568   -7.751  -83.410   55.850   26.452    1600061102924
02     7.553   10.069   -9.206 -144.522   47.447 -144.890    1600061102924
01    11.481    7.565   -7.753  -83.427   55.846   26.449    1600061102940
02     7.550   10.067   -9.211 -144.402   47.333 -144.877    1600061102940
01    11.484    7.562   -7.760  -83.516   55.837   26.369    1600061102956
02     7.555   10.064   -9.207 -144.314   47.286 -144.833    1600061102956
01    11.482    7.563   -7.767  -83.618   55.862   26.236    1600061102971
02     7.554   10.059   -9.209 -144.173   47.130 -144.737    1600061102971
01    11.488    7.561   -7.763  -83.618   55.880   26.241    1600061102987
02     7.552   10.060   -9.205 -144.134   47.073 -144.763    1600061102987
01    11.490    7.558   -7.763  -83.699   55.917   26.167    1600061103003
02     7.559   10.053   -9.201 -144.196   47.088 -144.709    1600061103003
01    11.492    7.554   -7.761  -83.732   55.898   26.153    1600061103018
02     7.553   10.051   -9.205 -144.102   46.997 -144.635    1600061103018
01    11.486    7.558   -7.767  -83.923   55.909   25.908    1600061103034
02     7.554   10.052   -9.205 -144.080   46.999 -144.611    1600061103034
01    11.490    7.557   -7.766  -83.929   55.877   25.913    1600061103049
02     7.554   10.053   -9.206 -144.068   46.986 -144.637    1600061103049
01    11.493    7.554   -7.768  -83.939   55.842   25.910    1600061103065
02     7.560   10.049   -9.208 -144.048   47.008 -144.589    1600061103065
01    11.498    7.550   -7.770  -83.958   55.820   25.899    1600061103081
02     7.563   10.049   -9.205 -143.979   47.034 -144.576    1600061103081
01    11.502    7.553   -7.766  -83.865   55.858   25.967    1600061103096
02     7.563   10.047   -9.204 -143.912   46.980 -144.579    1600061103096
01    11.502    7.555   -7.763  -83.835   55.881   25.953    1600061103128
02     7.574   10.031   -9.197 -143.705   46.914 -144.453    1600061103128
01    11.504    7.551   -7.762  -83.894   55.896   25.907    1600061103143
02     7.568   10.016   -9.198 -143.342   46.622 -144.228    1600061103143
01    11.501    7.552   -7.758  -83.899   55.914   25.875    1600061103159
02     7.559   10.012   -9.190 -143.142   46.462 -144.215    1600061103159
01    11.499    7.548   -7.756  -83.974   55.905   25.829    1600061103174
02     7.561   10.002   -9.188 -143.280   46.445 -144.169    1600061103174
01    11.495    7.548   -7.755  -84.063   55.928   25.755    1600061103190
02     7.553   10.003   -9.191 -143.373   46.446 -144.224    1600061103190
01    11.492    7.548   -7.755  -84.124   55.928   25.686    1600061103206
02     7.544   10.012   -9.192 -143.552   46.554 -144.360    1600061103206
01    11.485    7.555   -7.754  -84.102   55.977   25.600    1600061103221
02     7.547   10.013   -9.192 -143.740   46.703 -144.415    1600061103221
01    11.484    7.556   -7.755  -84.111   55.966   25.563    1600061103237
02     7.548   10.017   -9.193 -143.713   46.769 -144.390    1600061103237
01    11.484    7.555   -7.760  -84.152   55.921   25.516    1600061103253
02     7.561   10.017   -9.183 -143.674   46.903 -144.341    1600061103253
01    11.485    7.550   -7.762  -84.199   55.877   25.521    1600061103268
02     7.564   10.013   -9.184 -143.497   46.806 -144.209    1600061103268
01    11.487    7.549   -7.764  -84.228   55.852   25.510    1600061103284
02     7.568   10.008   -9.187 -143.339   46.738 -144.093    1600061103284
01    11.488    7.547   -7.764  -84.233   55.854   25.514    1600061103299
02     7.562   10.007   -9.194 -143.286   46.609 -144.061    1600061103299
01    11.482    7.549   -7.772  -84.275   55.848   25.426    1600061103315
02     7.558   10.010   -9.198 -143.342   46.628 -144.117    1600061103315
01    11.481    7.553   -7.772  -84.280   55.887   25.437    1600061103331
02     7.556   10.014   -9.201 -143.443   46.671 -144.169    1600061103331
01    11.476    7.557   -7.776  -84.281   55.882   25.404    1600061103346
02     7.553   10.021   -9.208 -143.654   46.742 -144.273    1600061103346
01    11.482    7.557   -7.771  -84.234   55.880   25.500    1600061103378
02     7.548   10.038   -9.218 -143.919   46.903 -144.448    1600061103378
01    11.484    7.559   -7.767  -84.180   55.837   25.571    1600061103393
02     7.552   10.055   -9.223 -144.260   47.109 -144.669    1600061103393
01    11.482    7.560   -7.772  -84.174   55.760   25.581    1600061103409
02     7.563   10.062   -9.220 -144.277   47.303 -144.654    1600061103409
01    11.485    7.564   -7.765  -84.027   55.729   25.784    1600061103424
02     7.566   10.060   -9.225 -144.203   47.281 -144.626    1600061103424
01    11.488    7.562   -7.765  -84.018   55.650   25.880    1600061103440
02     7.572   10.059   -9.222 -144.072   47.260 -144.527    1600061103440
01    11.490    7.560   -7.766  -83.988   55.629   25.936    1600061103456
02     7.574   10.058   -9.220 -144.051   47.237 -144.540    1600061103456
01    11.491    7.557   -7.770  -84.073   55.628   25.874    1600061103471
02     7.575   10.055   -9.223 -144.009   47.174 -144.493    1600061103471
01    11.488    7.558   -7.775  -84.138   55.623   25.766    1600061103487
02     7.569   10.054   -9.229 -144.021   47.072 -144.469    1600061103487
01    11.486    7.560   -7.774  -84.081   55.612   25.814    1600061103503
02     7.561   10.057   -9.236 -144.127   47.017 -144.513    1600061103503
01    11.483    7.560   -7.775  -84.141   55.618   25.812    1600061103518
02     7.551   10.069   -9.247 -144.377   47.057 -144.625    1600061103518
01    11.484    7.559   -7.772  -84.135   55.607   25.909    1600061103534
02     7.547   10.088   -9.245 -144.697   47.215 -144.832    1600061103534
01    11.484    7.563   -7.769  -84.103   55.619   25.973    1600061103549
02     7.559   10.103   -9.231 -144.964   47.494 -145.016    1600061103549
01    11.483    7.567   -7.769  -84.054   55.611   26.000    1600061103565
02     7.564   10.105   -9.225 -144.881   47.555 -144.979    1600061103565
01    11.485    7.569   -7.767  -83.998   55.627   26.046    1600061103581
02     7.575   10.097   -9.222 -144.743   47.498 -144.867    1600061103581
01    11.488    7.571   -7.766  -83.916   55.620   26.083    1600061103596
02     7.583   10.085   -9.223 -144.555   47.414 -144.756    1600061103596
01    11.494    7.567   -7.767  -83.898   55.621   26.087    1600061103612
02     7.595   10.069   -9.225 -144.440   47.359 -144.629    1600061103612
01    11.497    7.565   -7.769  -83.894   55.617   26.049    1600061103643
02     7.597   10.065   -9.224 -144.379   47.325 -144.607    1600061103643
01    11.506    7.556   -7.769  -83.894   55.606   26.048    1600061103659
02     7.594   10.058   -9.228 -144.374   47.247 -144.601    1600061103659
01    11.511    7.552   -7.767  -83.855   55.614   26.072    1600061103674
02     7.600   10.053   -9.226 -144.408   47.265 -144.555    1600061103674
01    11.508    7.553   -7.766  -83.815   55.583   26.068    1600061103690
02     7.600   10.048   -9.230 -144.430   47.242 -144.510    1600061103690
01    11.513    7.549   -7.763  -83.808   55.560   26.119    1600061103706
02     7.598   10.051   -9.229 -144.475   47.255 -144.532    1600061103706
01    11.514    7.545   -7.768  -83.853   55.535   26.079    1600061103721
02     7.599   10.049   -9.231 -144.468   47.229 -144.496    1600061103721
01    11.514    7.546   -7.770  -83.846   55.529   26.092    1600061103737
02     7.599   10.049   -9.230 -144.431   47.205 -144.485    1600061103737
01    11.523    7.543   -7.769  -83.822   55.539   26.144    1600061103753
02     7.604   10.046   -9.232 -144.343   47.176 -144.423    1600061103753
01    11.534    7.529   -7.780  -83.847   55.504   26.137    1600061103768
02     7.612   10.040   -9.235 -144.271   47.167 -144.386    1600061103768
01    11.538    7.530   -7.781  -83.828   55.520   26.141    1600061103784
02     7.622   10.028   -9.241 -144.191   47.121 -144.336    1600061103784
01    11.560    7.518   -7.771  -83.766   55.512   26.241    1600061103799
02     7.634   10.023   -9.235 -144.111   47.130 -144.307    1600061103799
01    11.559    7.514   -7.771  -83.752   55.510   26.240    1600061103815
02     7.653    9.996   -9.242 -143.967   47.093 -144.106    1600061103815
01    11.566    7.504   -7.769  -83.728   55.485   26.290    1600061103831
02     7.642    9.992   -9.256 -143.905   47.033 -144.046    1600061103831
01    11.558    7.514   -7.768  -83.678   55.469   26.291    1600061103846
02     7.643   10.000   -9.240 -143.933   47.058 -144.084    1600061103846
01    11.554    7.519   -7.763  -83.656   55.463   26.303    1600061103878
02     7.646   10.002   -9.234 -143.909   47.083 -143.991    1600061103878
01    11.554    7.523   -7.748  -83.643   55.485   26.344    1600061103893
02     7.626   10.019   -9.231 -143.918   47.035 -144.065    1600061103893
01    11.549    7.530   -7.748  -83.682   55.490   26.321    1600061103909
02     7.628   10.026   -9.221 -143.957   47.059 -144.090    1600061103909
01    11.554    7.524   -7.745  -83.734   55.487   26.332    1600061103924
02     7.630   10.032   -9.214 -143.956   47.059 -144.084    1600061103924
01    11.548    7.538   -7.742  -83.716   55.505   26.342    1600061103940
02     7.634   10.031   -9.211 -143.941   47.036 -144.073    1600061103940
01    11.555    7.534   -7.743  -83.741   55.492   26.359    1600061103956
02     7.633   10.028   -9.221 -143.897   46.955 -144.033    1600061103956
01    11.558    7.532   -7.751  -83.758   55.497   26.355    1600061103971
02     7.632   10.030   -9.223 -143.855   46.940 -144.047    1600061103971
01    11.560    7.539   -7.747  -83.677   55.520   26.402    1600061103987
02     7.643   10.026   -9.218 -143.822   46.964 -144.014    1600061103987
01    11.566    7.536   -7.742  -83.620   55.521   26.464    1600061104003
02     7.643   10.027   -9.218 -143.833   46.973 -144.039    1600061104003
01    11.564    7.531   -7.749  -83.667   55.507   26.396    1600061104018
02     7.647   10.024   -9.217 -143.835   46.981 -144.015    1600061104018
01    11.561    7.529   -7.750  -83.695   55.478   26.362    1600061104034
02     7.638   10.024   -9.221 -143.791   46.937 -144.007    1600061104034
01    11.561    7.528   -7.745  -83.724   55.457   26.352    1600061104049
02     7.638   10.022   -9.219 -143.779   46.908 -143.977    1600061104049
01    11.559    7.531   -7.742  -83.751   55.459   26.331    1600061104065
02     7.643   10.020   -9.215 -143.765   46.897 -143.929    1600061104065
01    11.557    7.532   -7.743  -83.801   55.433   26.307    1600061104081
02     7.649   10.020   -9.210 -143.691   46.877 -143.837    1600061104081
01    11.561    7.532   -7.741  -83.849   55.437   26.317    1600061104096
02     7.650   10.024   -9.206 -143.683   46.839 -143.875    1600061104096
01    11.566    7.529   -7.745  -83.953   55.421   26.318    1600061104128
02     7.658   10.026   -9.205 -143.678   46.848 -143.841    1600061104128
01    11.569    7.528   -7.751  -84.006   55.426   26.290    1600061104143
02     7.666   10.027   -9.209 -143.667   46.836 -143.826    1600061104143
01    11.574    7.534   -7.750  -83.825   55.493   26.426    1600061104159
02     7.672   10.025   -9.217 -143.713   46.819 -143.850    1600061104159
01    11.584    7.534   -7.751  -83.748   55.481   26.522    1600061104174
02     7.680   10.020   -9.226 -143.692   46.821 -143.809    1600061104174
01    11.584    7.537   -7.755  -83.735   55.495   26.489    1600061104190
02     7.682   10.027   -9.224 -143.690   46.870 -143.839    1600061104190
01    11.587    7.536   -7.753  -83.695   55.505   26.517    1600061104206
02     7.679   10.033   -9.220 -143.682   46.907 -143.877    1600061104206
01    11.587    7.536   -7.754  -83.754   55.468   26.437    1600061104221
02     7.681   10.034   -9.215 -143.685   46.928 -143.887    1600061104221
01    11.581    7.541   -7.751  -83.793   55.477   26.363    1600061104237
02     7.672   10.036   -9.211 -143.662   46.884 -143.908    1600061104237
01    11.579    7.548   -7.743  -83.767   55.494   26.376    1600061104253
02     7.674   10.028   -9.207 -143.632   46.832 -143.857    1600061104253
01    11.579    7.548   -7.741  -83.821   55.474   26.356    1600061104268
02     7.666   10.028   -9.206 -143.622   46.713 -143.888    1600061104268
01    11.580    7.547   -7.738  -83.882   55.463   26.341    1600061104284
02     7.667   10.026   -9.205 -143.528   46.624 -143.788    1600061104284
01    11.584    7.547   -7.734  -83.873   55.458   26.400    1600061104299
02     7.670   10.025   -9.204 -143.538   46.565 -143.779    1600061104299
01    11.590    7.552   -7.733  -83.828   55.471   26.458    1600061104315
02     7.678   10.022   -9.207 -143.561   46.559 -143.759    1600061104315
01    11.601    7.544   -7.735  -83.799   55.439   26.549    1600061104331
02     7.679   10.023   -9.213 -143.491   46.561 -143.724    1600061104331
01    11.603    7.541   -7.744  -83.797   55.406   26.546    1600061104346
02     7.685   10.028   -9.213 -143.570   46.680 -143.802    1600061104346
01    11.604    7.543   -7.748  -83.772   55.390   26.555    1600061104378
02     7.691   10.034   -9.215 -143.583   46.765 -143.814    1600061104378
01    11.604    7.545   -7.748  -83.735   55.384   26.588    1600061104393
02     7.691   10.036   -9.220 -143.569   46.781 -143.792    1600061104393
01    11.604    7.546   -7.748  -83.743   55.369   26.612    1600061104409
02     7.693   10.039   -9.218 -143.568   46.802 -143.780    1600061104409
01    11.603    7.546   -7.745  -83.737   55.346   26.648    1600061104424
02     7.696   10.045   -9.211 -143.564   46.822 -143.788    1600061104424
01    11.602    7.551   -7.743  -83.747   55.358   26.641    1600061104440
02     7.696   10.041   -9.216 -143.487   46.728 -143.710    1600061104440
01    11.606    7.549   -7.741  -83.821   55.341   26.693    1600061104456
02     7.695   10.041   -9.219 -143.466   46.664 -143.692    1600061104456
01    11.607    7.548   -7.745  -83.936   55.315   26.622    1600061104471
02     7.698   10.040   -9.221 -143.447   46.627 -143.666    1600061104471
01    11.606    7.552   -7.748  -83.880   55.348   26.625    1600061104487
02     7.700   10.041   -9.223 -143.436   46.580 -143.673    1600061104487
01    11.608    7.555   -7.749  -83.800   55.362   26.702    1600061104503
02     7.706   10.041   -9.230 -143.425   46.558 -143.654    1600061104503
01    11.614    7.552   -7.752  -83.783   55.307   26.775    1600061104518
02     7.713   10.043   -9.234 -143.437   46.582 -143.654    1600061104518
01    11.615    7.552   -7.755  -83.778   55.270   26.729    1600061104534
02     7.715   10.043   -9.235 -143.400   46.598 -143.656    1600061104534
01    11.619    7.548   -7.757  -83.769   55.210   26.710    1600061104549
02     7.722   10.035   -9.233 -143.405   46.612 -143.669    1600061104549
01    11.621    7.543   -7.759  -83.811   55.203   26.673    1600061104565
02     7.722   10.029   -9.234 -143.350   46.592 -143.628    1600061104565
01    11.622    7.544   -7.758  -83.816   55.195   26.644    1600061104581
02     7.721   10.026   -9.226 -143.257   46.579 -143.579    1600061104581
01    11.624    7.543   -7.753  -83.788   55.203   26.662    1600061104596
02     7.719   10.018   -9.225 -143.096   46.414 -143.489    1600061104596
01    11.620    7.548   -7.756  -83.792   55.223   26.584    1600061104628
02     7.722   10.016   -9.215 -142.944   46.331 -143.416    1600061104628
01    11.622    7.545   -7.754  -83.816   55.220   26.572    1600061104644
02     7.724   10.014   -9.211 -142.937   46.281 -143.444    1600061104644
01    11.624    7.542   -7.756  -83.832   55.204   26.558    1600061104646
02     7.732   10.003   -9.214 -142.976   46.215 -143.377    1600061104646
01    11.627    7.544   -7.752  -83.796   55.229   26.585    1600061104677
02     7.736    9.999   -9.210 -142.960   46.246 -143.379    1600061104677
01    11.629    7.543   -7.749  -83.788   55.228   26.595    1600061104693
02     7.733   10.004   -9.205 -142.961   46.256 -143.451    1600061104693
01    11.633    7.542   -7.743  -83.750   55.230   26.623    1600061104709
02     7.734    9.993   -9.213 -142.914   46.194 -143.385    1600061104709
01    11.631    7.542   -7.746  -83.775   55.228   26.567    1600061104724
02     7.730    9.996   -9.211 -142.850   46.249 -143.401    1600061104724
01    11.632    7.537   -7.746  -83.803   55.229   26.541    1600061104740
02     7.721    9.996   -9.214 -142.774   46.180 -143.401    1600061104740
01    11.630    7.534   -7.749  -83.870   55.222   26.473    1600061104755
02     7.724    9.992   -9.208 -142.774   46.204 -143.392    1600061104755
01    11.632    7.528   -7.746  -83.886   55.200   26.515    1600061104771
02     7.731    9.982   -9.205 -142.731   46.160 -143.303    1600061104771
01    11.626    7.526   -7.749  -83.982   55.166   26.462    1600061104787
02     7.724    9.978   -9.213 -142.578   45.968 -143.208    1600061104787
01    11.621    7.525   -7.751  -84.111   55.147   26.410    1600061104802
02     7.721    9.974   -9.216 -142.473   45.857 -143.100    1600061104802
01    11.621    7.522   -7.750  -84.148   55.164   26.493    1600061104818
02     7.722    9.974   -9.214 -142.515   45.898 -143.133    1600061104818
01    11.619    7.522   -7.752  -84.178   55.135   26.489    1600061104834
02     7.719    9.971   -9.223 -142.517   45.859 -143.180    1600061104834
01    11.620    7.521   -7.752  -84.159   55.169   26.527    1600061104849
02     7.716    9.972   -9.227 -142.617   45.928 -143.338    1600061104849
01    11.625    7.514   -7.752  -84.121   55.109   26.629    1600061104865
02     7.721    9.971   -9.229 -142.674   46.064 -143.374    1600061104865
01    11.628    7.511   -7.751  -84.129   55.106   26.642    1600061104880
02     7.723    9.971   -9.230 -142.639   46.135 -143.388    1600061104880
01    11.625    7.511   -7.759  -84.156   55.063   26.583    1600061104896
02     7.726    9.968   -9.230 -142.545   46.141 -143.344    1600061104896
01    11.625    7.511   -7.760  -84.130   55.056   26.587    1600061104927
02     7.732    9.962   -9.228 -142.472   46.128 -143.287    1600061104927
01    11.624    7.509   -7.760  -84.159   55.049   26.569    1600061104943
02     7.736    9.957   -9.227 -142.374   46.085 -143.250    1600061104943
01    11.619    7.498   -7.777  -84.303   54.997   26.469    1600061104959
02     7.731    9.945   -9.236 -142.307   45.971 -143.207    1600061104959
01    11.607    7.509   -7.777  -84.299   55.013   26.448    1600061104974
02     7.732    9.941   -9.241 -142.273   45.924 -143.155    1600061104974
01    11.604    7.502   -7.783  -84.406   54.971   26.420    1600061104990
02     7.736    9.942   -9.245 -142.290   45.917 -143.130    1600061104990
01    11.603    7.501   -7.784  -84.506   54.967   26.405    1600061105005
02     7.735    9.952   -9.245 -142.357   45.960 -143.192    1600061105005
01    11.604    7.502   -7.784  -84.508   54.959   26.431    1600061105021
02     7.733    9.951   -9.256 -142.381   45.964 -143.189    1600061105021
01    11.605    7.504   -7.791  -84.556   54.989   26.406    1600061105037
02     7.734    9.955   -9.261 -142.405   46.000 -143.206    1600061105037
01    11.611    7.501   -7.789  -84.537   54.942   26.461    1600061105052
02     7.730    9.959   -9.264 -142.378   46.004 -143.220    1600061105052
01    11.612    7.504   -7.793  -84.490   54.944   26.469    1600061105068
02     7.730    9.959   -9.264 -142.318   46.002 -143.199    1600061105068
01    11.612    7.499   -7.800  -84.561   54.906   26.401    1600061105084
02     7.737    9.951   -9.266 -142.251   45.987 -143.132    1600061105084
01    11.610    7.507   -7.794  -84.490   54.987   26.427    1600061105099
02     7.735    9.952   -9.261 -142.205   45.985 -143.144    1600061105099
01    11.609    7.507   -7.794  -84.519   54.982   26.382    1600061105115
02     7.736    9.945   -9.263 -142.085   45.908 -143.053    1600061105115
01    11.612    7.503   -7.786  -84.517   54.981   26.459    1600061105130
02     7.739    9.943   -9.258 -142.088   45.908 -143.057    1600061105130
01    11.611    7.499   -7.784  -84.584   54.941   26.443    1600061105146
02     7.740    9.940   -9.257 -142.096   45.875 -143.043    1600061105146
01    11.610    7.495   -7.786  -84.681   54.894   26.409    1600061105177
02     7.738    9.942   -9.258 -142.071   45.864 -143.036    1600061105177
01    11.609    7.494   -7.782  -84.715   54.899   26.440    1600061105193
02     7.740    9.943   -9.257 -142.106   45.901 -143.041    1600061105193
01    11.613    7.491   -7.777  -84.721   54.896   26.561    1600061105209
02     7.741    9.942   -9.258 -142.139   45.910 -143.056    1600061105209
01    11.610    7.491   -7.782  -84.874   54.869   26.403    1600061105224
02     7.744    9.940   -9.258 -142.147   45.899 -143.060    1600061105224
01    11.609    7.489   -7.784  -84.913   54.828   26.407    1600061105240
02     7.744    9.939   -9.260 -142.122   45.875 -143.056    1600061105240
01    11.613    7.486   -7.780  -84.863   54.802   26.544    1600061105255
02     7.762    9.927   -9.262 -142.085   45.885 -142.998    1600061105255
01    11.612    7.485   -7.783  -84.936   54.793   26.460    1600061105271
02     7.772    9.926   -9.255 -142.043   45.902 -142.971    1600061105271
01    11.606    7.487   -7.788  -85.009   54.763   26.367    1600061105287
02     7.768    9.920   -9.264 -141.981   45.839 -142.939    1600061105287
01    11.605    7.483   -7.786  -85.093   54.714   26.422    1600061105302
02     7.765    9.916   -9.265 -141.919   45.776 -142.898    1600061105302
01    11.601    7.484   -7.783  -85.202   54.747   26.454    1600061105318
02     7.763    9.916   -9.261 -141.902   45.756 -142.908    1600061105318
01    11.595    7.485   -7.782  -85.407   54.729   26.403    1600061105334
02     7.762    9.916   -9.262 -141.863   45.700 -142.873    1600061105334
01    11.589    7.479   -7.779  -85.544   54.639   26.514    1600061105349
02     7.764    9.919   -9.259 -141.809   45.694 -142.861    1600061105349
01    11.582    7.480   -7.772  -85.639   54.606   26.569    1600061105365
02     7.763    9.922   -9.259 -141.693   45.655 -142.841    1600061105365
01    11.576    7.475   -7.774  -85.998   54.527   26.472    1600061105380
02     7.765    9.919   -9.266 -141.573   45.569 -142.764    1600061105380
01    11.564    7.478   -7.777  -86.130   54.421   26.440    1600061105396
02     7.763    9.918   -9.274 -141.476   45.471 -142.725    1600061105396
01    11.550    7.482   -7.782  -86.366   54.407   26.341    1600061105427
02     7.766    9.920   -9.275 -141.421   45.550 -142.738    1600061105427
01    11.540    7.484   -7.778  -86.707   54.414   26.326    1600061105443
02     7.765    9.921   -9.276 -141.325   45.485 -142.750    1600061105443
01    11.519    7.485   -7.763  -87.185   54.419   26.409    1600061105459
02     7.769    9.921   -9.275 -141.244   45.516 -142.700    1600061105459
01    11.478    7.487   -7.743  -88.195   54.409   26.193    1600061105474
02     7.775    9.918   -9.282 -141.214   45.509 -142.623    1600061105474
01    11.403    7.506   -7.765  -89.703   54.418   25.300    1600061105490
02     7.777    9.922   -9.293 -141.227   45.521 -142.692    1600061105490
01    11.361    7.507   -7.761  -91.197   54.479   24.780    1600061105505
02     7.776    9.928   -9.320 -141.173   45.508 -142.700    1600061105505
01    11.305    7.507   -7.794  -92.436   54.340   24.199    1600061105521
02     7.795    9.937   -9.320 -141.211   45.707 -142.748    1600061105521
01    11.283    7.506   -7.774  -93.590   54.434   24.294    1600061105537
02     7.807    9.946   -9.316 -141.107   45.832 -142.834    1600061105537
01    11.210    7.505   -7.746  -96.251   54.733   23.972    1600061105552
02     7.848    9.967   -9.223 -139.921   46.304 -143.364    1600061105552
01    11.083    7.488   -7.734 -101.470   55.023   22.952    1600061105568
02     7.914    9.914   -9.073 -135.539   44.261 -142.305    1600061105568
01    10.847    7.489   -7.779 -109.830   55.241   20.414    1600061105584
02     8.001    9.826   -8.843 -128.943   40.462 -140.679    1600061105584
01    10.504    7.558   -7.888 -121.228   55.122   16.062    1600061105599
02     8.094    9.706   -8.573 -120.707   34.409 -138.806    1600061105599
01    10.014    7.814   -8.063 -135.273   54.003    8.022    1600061105615
02     8.165    9.595   -8.262 -109.962   24.327 -137.604    1600061105615
01     9.538    8.274   -8.160 -146.274   53.136   -0.920    1600061105630
02     7.970    9.192   -8.496  -98.195    4.413 -141.760    1600061105630
01     9.448    8.469   -8.071 -151.495   53.298   -4.547    1600061105646
02     8.332    8.977   -8.267 -100.623   -0.285 -139.685    1600061105646
01     9.424    8.534   -8.061 -153.612   52.524   -6.364    1600061105677
02     8.463    8.908   -8.182 -101.334   -2.802 -139.479    1600061105677
01     9.415    8.575   -8.105 -154.697   51.680   -7.606    1600061105693
02     8.544    8.890   -8.152 -101.313   -4.298 -139.339    1600061105693
01     9.454    8.599   -8.105 -155.512   51.540   -8.134    1600061105709
02     8.603    8.906   -8.150 -101.699   -4.994 -139.092    1600061105709
01     9.497    8.597   -8.112 -155.629   51.417   -7.952    1600061105724
02     8.663    8.899   -8.156 -102.270   -5.849 -138.483    1600061105724
01     9.528    8.598   -8.144 -155.195   51.458   -7.620    1600061105740
02     8.726    8.878   -8.171 -102.753   -6.391 -137.668    1600061105740
01     9.579    8.599   -8.159 -154.299   52.005   -7.343    1600061105755
02     8.776    8.860   -8.210 -102.852   -6.475 -136.775    1600061105755
01     9.642    8.569   -8.177 -151.985   52.472   -6.107    1600061105771
02     8.807    8.829   -8.249 -102.452   -6.600 -135.740    1600061105771
01     9.684    8.536   -8.207 -149.261   52.788   -4.724    1600061105787
02     8.845    8.779   -8.289 -101.980   -6.680 -134.436    1600061105787
01     9.724    8.497   -8.253 -146.779   53.184   -3.550    1600061105802
02     8.888    8.729   -8.331 -101.520   -6.290 -133.175    1600061105802
01     9.757    8.470   -8.299 -144.914   53.674   -2.847    1600061105818
02     8.956    8.667   -8.374 -101.275   -5.508 -132.155    1600061105818
01     9.773    8.478   -8.340 -143.960   54.164   -3.115    1600061105834
02     8.990    8.646   -8.418 -100.831   -4.364 -131.986    1600061105834
01     9.786    8.507   -8.394 -143.432   54.631   -4.198    1600061105849
02     9.034    8.607   -8.472 -100.047   -3.151 -132.890    1600061105849
01     9.807    8.568   -8.492 -140.344   55.436   -4.118    1600061105865
02     8.940    8.661   -8.603  -98.167   -1.947 -134.011    1600061105865
01    10.011    8.507   -8.549 -126.600   57.527    4.283    1600061105880
02     8.922    8.584   -8.795  -98.777    0.630 -133.529    1600061105880
01    10.376    8.306   -8.518 -109.861   57.068   16.903    1600061105896
02     8.707    8.622   -9.275 -103.356    7.562 -133.181    1600061105896
01    10.704    8.119   -8.428  -99.568   55.580   24.498    1600061105927
02     8.367    8.927   -9.766 -112.795   20.188 -134.339    1600061105927
01    10.905    8.013   -8.358  -95.160   54.695   27.088    1600061105943
02     8.167    9.312  -10.041 -122.170   32.405 -136.372    1600061105943
01    11.057    7.953   -8.376  -91.486   54.023   28.275    1600061105959
02     8.107    9.656  -10.138 -129.054   41.559 -138.064    1600061105959
01    11.232    7.918   -8.405  -87.782   53.804   29.203    1600061105974
02     8.093    9.950  -10.154 -135.196   47.877 -140.803    1600061105974
01    11.468    7.881   -8.421  -82.977   53.141   30.362    1600061105990
02     8.066   10.223  -10.139 -141.851   52.059 -145.031    1600061105990
01    11.746    7.852   -8.348  -77.566   52.459   32.797    1600061106005
02     8.036   10.459  -10.080 -149.165   54.731 -150.400    1600061106005
01    11.920    7.860   -8.304  -74.352   52.286   34.213    1600061106021
02     8.003   10.630  -10.045 -154.174   55.825 -154.283    1600061106021
01    12.030    7.860   -8.287  -72.771   52.341   35.067    1600061106037
02     7.968   10.742  -10.074 -157.175   56.210 -156.310    1600061106037
01    12.044    7.890   -8.287  -72.334   52.398   35.009    1600061106052
02     7.970   10.816  -10.108 -159.065   56.642 -157.249    1600061106052
01    12.106    7.876   -8.307  -71.848   52.130   34.848    1600061106068
02     7.998   10.891  -10.114 -160.690   57.593 -158.054    1600061106068
01    12.150    7.924   -8.318  -70.997   52.114   34.640    1600061106084
02     8.001   10.962  -10.144 -161.972   58.024 -158.899    1600061106084
01    12.183    7.967   -8.308  -70.486   52.204   34.660    1600061106099
02     7.998   11.037  -10.147 -163.475   58.222 -160.120    1600061106099
01    12.207    7.968   -8.281  -70.953   52.222   35.421    1600061106115
02     8.021   11.085  -10.137 -164.527   58.323 -161.044    1600061106115
01    12.142    7.988   -8.220  -73.135   52.769   36.523    1600061106130
02     8.033   11.134  -10.074 -164.037   58.073 -161.798    1600061106130
01    11.955    7.963   -8.181  -80.766   54.427   36.334    1600061106146
02     8.141   11.082   -9.831 -157.032   57.073 -159.199    1600061106146
01    11.553    7.970   -8.319  -95.348   56.438   30.900    1600061106177
02     8.381   10.999   -9.223 -140.541   53.928 -150.781    1600061106177
01    11.041    8.130   -8.497 -113.102   57.375   20.793    1600061106193
02     8.437   10.755   -8.798 -119.640   41.912 -140.623    1600061106193
01    10.477    8.375   -8.630 -128.958   56.187   11.102    1600061106209
02     8.382   10.302   -8.800 -103.941   20.351 -138.755    1600061106209
01    10.007    8.702   -8.693 -140.153   54.960    2.605    1600061106224
02     8.622    9.875   -8.704  -99.949    6.080 -136.972    1600061106224
01     9.800    8.946   -8.651 -144.139   54.951   -1.713    1600061106240
02     8.718    9.646   -8.652 -100.822    0.652 -138.122    1600061106240
01     9.764    9.012   -8.653 -145.372   54.727   -3.459    1600061106255
02     8.772    9.538   -8.611 -100.705   -1.921 -138.923    1600061106255
01     9.795    9.013   -8.637 -146.211   54.500   -4.357    1600061106271
02     8.815    9.485   -8.577 -100.569   -3.488 -139.263    1600061106271
01     9.829    8.999   -8.618 -146.662   54.030   -4.664    1600061106287
02     8.874    9.440   -8.550 -100.644   -4.923 -138.982    1600061106287
01     9.878    8.982   -8.600 -146.875   53.781   -4.655    1600061106302
02     8.937    9.395   -8.546 -100.861   -6.213 -138.411    1600061106302
01     9.917    8.952   -8.639 -146.672   53.527   -4.278    1600061106318
02     9.009    9.355   -8.554 -101.213   -6.928 -137.389    1600061106318
01     9.953    8.932   -8.690 -146.050   53.799   -3.641    1600061106334
02     9.078    9.312   -8.596 -101.758   -7.236 -135.986    1600061106334
01     9.994    8.916   -8.727 -145.734   54.399   -3.172    1600061106349
02     9.122    9.323   -8.612 -102.208   -6.921 -134.858    1600061106349
01    10.025    8.915   -8.724 -145.361   54.965   -2.574    1600061106365
02     9.145    9.336   -8.615 -102.664   -6.689 -134.152    1600061106365
01    10.037    8.912   -8.699 -144.814   55.189   -1.847    1600061106380
02     9.125    9.359   -8.606 -102.787   -6.728 -133.957    1600061106380
01    10.031    8.925   -8.628 -144.034   55.190   -1.314    1600061106396
02     9.068    9.387   -8.572 -102.359   -6.965 -134.119    1600061106396
01     9.999    8.942   -8.543 -142.244   54.670   -0.849    1600061106427
02     9.013    9.373   -8.507 -101.217   -7.527 -134.586    1600061106427
01     9.952    8.938   -8.513 -140.358   53.731   -1.117    1600061106443
02     8.996    9.304   -8.440  -99.677   -8.172 -135.577    1600061106443
01     9.918    8.926   -8.542 -138.857   53.187   -2.097    1600061106459
02     8.950    9.249   -8.418  -97.303   -9.074 -138.430    1600061106459
01     9.959    8.894   -8.591 -134.444   53.980   -0.572    1600061106474
02     8.943    9.166   -8.360  -93.962  -10.192 -141.030    1600061106474
01    10.054    8.840   -8.616 -124.692   54.995    5.820    1600061106490
02     8.927    9.143   -8.309  -92.718   -8.476 -140.996    1600061106490
01    10.213    8.759   -8.590 -111.060   54.868   15.803    1600061106505
02     8.865    9.125   -8.411  -95.753   -3.373 -139.994    1600061106505
01    10.474    8.651   -8.519 -100.512   53.823   22.608    1600061106521
02     8.661    9.159   -8.727 -101.392    3.551 -139.615    1600061106521
01    10.754    8.556   -8.454  -94.335   52.762   25.424    1600061106537
02     8.294    9.291   -9.290 -108.429   10.976 -139.623    1600061106537
01    11.021    8.462   -8.422  -90.295   52.058   27.088    1600061106552
02     7.953    9.643   -9.776 -117.492   21.310 -140.471    1600061106552
01    11.232    8.415   -8.386  -87.638   51.904   28.372    1600061106568
02     7.809   10.019  -10.028 -125.944   31.166 -141.869    1600061106568
01    11.376    8.389   -8.333  -86.053   51.778   29.584    1600061106584
02     7.795   10.348  -10.129 -133.758   39.234 -143.978    1600061106584
01    11.453    8.345   -8.271  -86.011   51.433   30.409    1600061106599
02     7.798   10.640  -10.165 -140.807   45.063 -147.255    1600061106599
01    11.420    8.345   -8.229  -87.197   51.348   30.584    1600061106615
02     7.828   10.865  -10.144 -145.981   48.620 -150.242    1600061106615
01    11.340    8.340   -8.215  -89.791   51.266   29.943    1600061106630
02     7.829   11.043  -10.181 -149.467   50.327 -152.164    1600061106630
01    11.221    8.333   -8.219  -93.746   51.446   28.774    1600061106646
02     7.861   11.188  -10.183 -152.534   52.126 -154.040    1600061106646
01    11.050    8.325   -8.264 -100.622   52.047   26.116    1600061106677
02     7.955   11.258  -10.072 -151.455   53.528 -153.754    1600061106677
01    10.789    8.365   -8.380 -110.774   52.653   21.184    1600061106693
02     8.112   11.253   -9.741 -143.457   52.699 -150.235    1600061106693
01    10.407    8.524   -8.534 -123.854   52.503   13.571    1600061106709
02     8.319   11.208   -9.122 -127.333   47.770 -142.845    1600061106709
01    10.025    8.750   -8.690 -139.095   51.083    4.398    1600061106724
02     8.328   11.015   -8.724 -107.619   30.021 -137.598    1600061106724
01     9.716    9.065   -8.720 -147.696   50.498   -1.725    1600061106740
02     8.546   10.435   -8.725 -102.805   11.959 -137.534    1600061106740
01     9.662    9.203   -8.640 -150.456   50.958   -3.642    1600061106755
02     8.639   10.126   -8.745 -101.219    3.288 -138.762    1600061106755
01     9.654    9.228   -8.618 -150.768   50.710   -3.532    1600061106771
02     8.741    9.943   -8.711 -100.835   -1.144 -139.098    1600061106771
01     9.671    9.246   -8.596 -150.876   50.653   -3.891    1600061106787
02     8.824    9.824   -8.684 -101.102   -3.449 -139.134    1600061106787
01     9.697    9.256   -8.589 -150.376   50.729   -4.295    1600061106802
02     8.886    9.738   -8.668 -101.262   -4.502 -138.984    1600061106802
01     9.727    9.260   -8.603 -149.636   50.901   -4.728    1600061106818
02     8.942    9.674   -8.675 -101.227   -4.856 -138.527    1600061106818
01     9.759    9.260   -8.622 -148.949   51.225   -5.106    1600061106834
02     8.980    9.641   -8.695 -101.104   -4.820 -137.862    1600061106834
01     9.791    9.239   -8.657 -148.605   51.393   -5.103    1600061106849
02     9.021    9.626   -8.711 -101.193   -4.646 -137.107    1600061106849
01     9.806    9.238   -8.681 -148.717   51.503   -5.251    1600061106865
02     9.043    9.625   -8.734 -101.380   -4.597 -136.574    1600061106865
01     9.823    9.242   -8.702 -149.081   51.659   -5.389    1600061106880
02     9.073    9.626   -8.752 -101.671   -4.571 -136.123    1600061106880
01     9.844    9.257   -8.711 -149.473   52.001   -5.548    1600061106896
02     9.084    9.644   -8.775 -101.831   -4.476 -135.752    1600061106896
01     9.872    9.266   -8.715 -149.464   52.336   -5.403    1600061106927
02     9.099    9.660   -8.791 -101.925   -4.438 -135.347    1600061106927
01     9.897    9.283   -8.709 -148.734   52.583   -5.066    1600061106943
02     9.108    9.663   -8.809 -101.706   -4.526 -134.966    1600061106943
01     9.910    9.308   -8.718 -147.381   52.732   -4.947    1600061106959
02     9.126    9.638   -8.827 -101.071   -4.668 -134.673    1600061106959
01     9.918    9.347   -8.747 -145.746   52.821   -5.454    1600061106974
02     9.177    9.585   -8.829  -99.931   -4.613 -134.878    1600061106974
01     9.936    9.344   -8.855 -143.688   53.040   -7.057    1600061106990
02     9.180    9.543   -8.858  -98.015   -4.730 -136.397    1600061106990
01    10.007    9.327   -9.011 -140.925   54.565   -6.564    1600061107005
02     9.140    9.536   -8.918  -95.361   -4.780 -137.758    1600061107005
01    10.179    9.279   -9.064 -134.182   57.007   -1.308    1600061107021
02     9.139    9.530   -8.962  -94.692   -3.580 -137.431    1600061107021
01    10.408    9.206   -9.069 -120.839   58.623    9.358    1600061107037
02     9.089    9.506   -9.168  -96.659   -0.128 -136.351    1600061107037
01    10.706    9.089   -9.019 -106.193   58.187   20.835    1600061107052
02     8.907    9.553   -9.659 -100.672    5.421 -135.177    1600061107052
01    10.979    8.963   -8.960  -97.422   56.860   26.737    1600061107068
02     8.600    9.733  -10.288 -107.947   14.401 -134.460    1600061107068
01    11.208    8.857   -8.866  -93.077   55.802   29.279    1600061107084
02     8.388   10.112  -10.602 -118.206   26.838 -135.693    1600061107084
01    11.354    8.762   -8.815  -91.364   54.831   30.183    1600061107099
02     8.269   10.526  -10.718 -128.495   37.868 -139.058    1600061107099
01    11.433    8.676   -8.771  -91.055   54.062   30.367    1600061107115
02     8.236   10.900  -10.686 -137.614   45.990 -143.694    1600061107115
01    11.470    8.610   -8.715  -91.280   53.431   30.636    1600061107130
02     8.235   11.143  -10.636 -143.948   50.439 -147.602    1600061107130
01    11.459    8.563   -8.705  -92.309   53.102   30.490    1600061107146
02     8.238   11.305  -10.614 -148.484   52.940 -150.551    1600061107146
01    11.386    8.590   -8.705  -93.460   53.288   29.720    1600061107177
02     8.222   11.448  -10.626 -152.594   54.471 -153.286    1600061107177
01    11.321    8.596   -8.742  -94.659   53.313   28.731    1600061107193
02     8.198   11.614  -10.611 -156.843   55.804 -156.397    1600061107193
01    11.265    8.615   -8.751  -95.624   53.308   28.061    1600061107209
02     8.164   11.754  -10.600 -160.530   56.584 -159.031    1600061107209
01    11.231    8.621   -8.727  -97.571   53.663   27.623    1600061107224
02     8.169   11.841  -10.457 -161.443   57.643 -161.026    1600061107224
01    11.117    8.655   -8.689 -102.764   54.362   25.477    1600061107240
02     8.278   11.788  -10.105 -152.055   57.064 -156.617    1600061107240
01    10.898    8.700   -8.720 -111.283   54.594   21.240    1600061107255
02     8.477   11.622   -9.544 -134.837   52.541 -147.429    1600061107255
01    10.565    8.828   -8.798 -125.440   54.076   12.969    1600061107271
02     8.512   11.339   -9.202 -116.735   39.900 -139.791    1600061107271
01    10.159    9.054   -8.903 -136.294   53.232    6.164    1600061107287
02     8.507   10.835   -9.318 -109.292   25.453 -139.266    1600061107287
01     9.867    9.300   -8.945 -142.895   53.145    1.117    1600061107302
02     8.515   10.572   -9.410 -106.994   19.314 -140.087    1600061107302
01     9.722    9.403   -8.984 -148.474   52.565   -2.292    1600061107318
02     8.564   10.563   -9.240 -105.029   16.970 -140.872    1600061107318
01     9.689    9.493   -8.923 -155.799   52.588   -6.467    1600061107334
02     8.749   10.389   -9.057 -102.443    9.655 -140.000    1600061107334
01     9.644    9.602   -8.783 -157.633   52.181   -7.695    1600061107349
02     8.715   10.315   -9.017 -102.346    5.002 -141.551    1600061107349
01     9.656    9.590   -8.704 -156.334   51.506   -6.465    1600061107365
02     8.760   10.206   -8.932 -102.204    1.451 -141.310    1600061107365
01     9.694    9.561   -8.645 -155.049   51.041   -5.840    1600061107380
02     8.821   10.079   -8.879 -102.178   -0.920 -140.763    1600061107380
01     9.735    9.526   -8.624 -153.090   50.771   -5.150    1600061107396
02     8.925    9.933   -8.854 -102.195   -2.181 -139.645    1600061107396
01     9.791    9.470   -8.664 -151.070   50.795   -4.569    1600061107427
02     9.046    9.797   -8.871 -102.216   -2.597 -138.191    1600061107427
01     9.847    9.420   -8.723 -149.839   51.187   -4.615    1600061107443
02     9.128    9.726   -8.906 -102.044   -2.178 -137.076    1600061107443
01     9.895    9.373   -8.761 -149.379   51.550   -4.699    1600061107459
02     9.162    9.710   -8.926 -101.925   -1.548 -136.434    1600061107459
01     9.889    9.352   -8.792 -149.563   51.538   -4.828    1600061107474
02     9.137    9.748   -8.919 -101.931   -1.008 -136.104    1600061107474
01     9.844    9.370   -8.799 -150.071   51.455   -5.136    1600061107490
02     9.095    9.788   -8.906 -102.214   -0.717 -135.876    1600061107490
01     9.792    9.415   -8.783 -150.857   51.603   -5.617    1600061107505
02     9.048    9.836   -8.894 -102.570   -0.454 -135.721    1600061107505
01     9.733    9.473   -8.780 -151.367   51.643   -6.139    1600061107521
02     8.997    9.868   -8.910 -102.754   -0.352 -135.713    1600061107521
01     9.705    9.528   -8.776 -151.202   51.920   -6.380    1600061107537
02     8.963    9.894   -8.930 -102.452   -0.173 -135.657    1600061107537
01     9.710    9.577   -8.769 -150.077   52.406   -6.415    1600061107552
02     8.970    9.895   -8.931 -101.610    0.185 -135.896    1600061107552
01     9.719    9.622   -8.783 -147.655   52.874   -6.526    1600061107568
02     8.893    9.915   -8.978  -99.493   -0.163 -136.996    1600061107568
01     9.817    9.572   -8.852 -141.187   54.848   -3.227    1600061107583
02     8.907    9.858   -8.972  -97.822   -1.030 -136.651    1600061107583
01     9.939    9.521   -8.881 -130.158   56.972    4.259    1600061107599
02     8.943    9.789   -8.990  -98.352    0.183 -135.811    1600061107599
01    10.171    9.375   -8.891 -116.546   57.154   14.498    1600061107615
02     8.913    9.732   -9.136 -100.917    3.587 -135.011    1600061107615
01    10.461    9.178   -8.880 -106.848   56.312   21.133    1600061107630
02     8.710    9.678   -9.641 -104.668    8.278 -134.238    1600061107630
01    10.743    9.024   -8.840 -100.170   55.854   24.999    1600061107646
02     8.514    9.754  -10.198 -110.743   17.648 -132.147    1600061107646
01    10.977    8.901   -8.781  -95.378   55.127   27.134    1600061107677
02     8.505    9.878  -10.594 -116.126   28.050 -128.860    1600061107677
01    11.197    8.761   -8.722  -91.473   53.920   28.958    1600061107693
02     8.513   10.183  -10.719 -120.854   39.071 -127.543    1600061107693
01    11.353    8.658   -8.680  -88.421   52.814   30.325    1600061107709
02     8.514   10.520  -10.676 -126.620   47.409 -129.898    1600061107709
01    11.505    8.565   -8.638  -85.627   52.031   32.225    1600061107724
02     8.480   10.797  -10.606 -133.925   52.437 -135.449    1600061107724
01    11.609    8.491   -8.623  -84.230   51.727   33.837    1600061107740
02     8.412   11.022  -10.557 -141.372   54.625 -142.081    1600061107740
01    11.646    8.490   -8.602  -83.885   52.330   35.166    1600061107755
02     8.356   11.178  -10.561 -147.586   55.458 -147.483    1600061107755
01    11.616    8.492   -8.609  -85.327   52.988   35.481    1600061107771
02     8.358   11.291  -10.605 -151.001   56.965 -149.919    1600061107771
01    11.504    8.530   -8.623  -88.447   53.870   35.068    1600061107787
02     8.401   11.408  -10.605 -152.105   58.652 -150.276    1600061107787
01    11.302    8.574   -8.648  -94.997   54.995   32.758    1600061107802
02     8.448   11.485  -10.490 -148.249   59.103 -147.802    1600061107802
01    11.013    8.637   -8.709 -105.122   55.672   27.857    1600061107818
02     8.509   11.501  -10.237 -140.185   56.876 -143.100    1600061107818
01    10.603    8.797   -8.858 -117.265   55.646   20.562    1600061107833
02     8.586   11.453   -9.842 -128.715   50.874 -137.793    1600061107833
01    10.215    9.025   -9.004 -130.353   55.169   12.019    1600061107849
02     8.652   11.371   -9.301 -116.626   41.003 -134.056    1600061107849
01     9.906    9.346   -9.043 -142.524   55.217    2.571    1600061107865
02     8.302   11.000   -9.436 -103.290   17.779 -136.131    1600061107865
01     9.864    9.463   -8.894 -147.838   55.259   -0.545    1600061107880
02     8.510   10.626   -9.257 -103.710    8.924 -135.873    1600061107880
01     9.826    9.494   -8.793 -147.710   54.079   -0.581    1600061107896
02     8.644   10.363   -9.117 -103.978    3.434 -136.340    1600061107896
01     9.806    9.484   -8.752 -147.196   53.022   -0.996    1600061107927
02     8.756   10.164   -9.003 -103.704    0.083 -136.692    1600061107927
01     9.817    9.465   -8.741 -146.814   52.511   -1.785    1600061107943
02     8.861    9.993   -8.933 -103.191   -1.655 -136.825    1600061107943
01     9.841    9.430   -8.761 -146.417   52.214   -2.181    1600061107958
02     8.954    9.864   -8.903 -102.982   -2.346 -136.408    1600061107958
01     9.879    9.406   -8.786 -146.188   52.488   -2.496    1600061107974
02     9.029    9.785   -8.917 -103.019   -2.413 -135.648    1600061107974
01     9.933    9.393   -8.789 -145.859   52.986   -2.588    1600061107990
02     9.092    9.748   -8.921 -102.897   -2.244 -135.070    1600061107990
01     9.981    9.366   -8.787 -145.317   53.009   -2.263    1600061108005
02     9.125    9.734   -8.917 -102.500   -2.386 -134.772    1600061108005
01    10.016    9.337   -8.800 -144.788   52.869   -1.661    1600061108021
02     9.175    9.693   -8.928 -102.528   -2.793 -134.251    1600061108021
01    10.026    9.334   -8.826 -144.680   52.898   -1.571    1600061108037
02     9.218    9.663   -8.953 -102.690   -2.961 -133.723    1600061108037
01    10.028    9.340   -8.875 -144.996   53.095   -1.812    1600061108052
02     9.252    9.651   -8.999 -102.784   -2.767 -133.293    1600061108052
01    10.027    9.371   -8.944 -145.448   53.691   -2.432    1600061108068
02     9.285    9.651   -9.080 -102.819   -2.224 -132.745    1600061108068
01    10.038    9.443   -9.031 -145.422   54.807   -3.036    1600061108083
02     9.308    9.666   -9.194 -102.610   -1.250 -132.173    1600061108083
01    10.074    9.560   -9.119 -144.459   56.224   -3.507    1600061108099
02     9.325    9.727   -9.268 -101.894    0.165 -131.854    1600061108099
01    10.143    9.621   -9.197 -141.327   57.545   -2.739    1600061108115
02     9.249    9.808   -9.359 -100.121    0.950 -131.728    1600061108115
01    10.296    9.596   -9.193 -133.718   59.328    2.156    1600061108130
02     9.234    9.774   -9.437  -99.792    1.997 -130.166    1600061108130
01    10.440    9.509   -9.159 -121.475   59.498   10.817    1600061108146
02     9.202    9.655   -9.708 -102.539    6.196 -128.026    1600061108146
01    10.612    9.351   -9.117 -109.232   57.911   19.793    1600061108177
02     9.011    9.750  -10.091 -107.941   15.697 -127.237    1600061108177
01    10.774    9.198   -9.062 -101.270   56.312   25.196    1600061108193
02     8.787    9.982  -10.420 -114.112   25.859 -128.195    1600061108193
01    10.945    9.041   -9.008  -97.119   55.602   27.621    1600061108208
02     8.597   10.250  -10.664 -120.400   34.644 -130.383    1600061108208
01    11.094    8.943   -8.962  -93.887   55.608   28.905    1600061108224
02     8.494   10.520  -10.818 -126.406   42.241 -132.878    1600061108224
01    11.201    8.905   -8.918  -90.957   55.449   29.232    1600061108240
02     8.418   10.855  -10.845 -132.746   49.125 -136.368    1600061108240
01    11.345    8.830   -8.860  -87.936   54.712   30.202    1600061108255
02     8.347   11.178  -10.777 -140.548   54.355 -141.558    1600061108255
01    11.461    8.767   -8.775  -85.792   54.015   31.442    1600061108271
02     8.271   11.439  -10.665 -148.827   56.715 -148.269    1600061108271
01    11.490    8.755   -8.729  -85.306   53.752   31.529    1600061108287
02     8.161   11.642  -10.582 -155.810   57.215 -154.668    1600061108287
01    11.501    8.757   -8.667  -84.994   53.805   31.967    1600061108302
02     8.085   11.791  -10.513 -161.151   57.096 -159.396    1600061108302
01    11.507    8.722   -8.651  -85.734   53.627   31.795    1600061108318
02     8.054   11.904  -10.468 -164.346   57.274 -162.154    1600061108318
01    11.489    8.720   -8.650  -86.317   53.665   31.605    1600061108333
02     8.018   12.004  -10.471 -166.594   57.509 -164.019    1600061108333
01    11.467    8.735   -8.648  -87.443   54.064   31.529    1600061108349
02     8.045   12.055  -10.414 -167.364   58.459 -165.245    1600061108349
01    11.424    8.742   -8.632  -91.515   55.148   30.712    1600061108365
02     8.189   11.996  -10.105 -160.289   58.424 -162.388    1600061108365
01    11.229    8.791   -8.706 -100.039   56.382   26.774    1600061108380
02     8.330   11.798   -9.727 -142.926   54.411 -152.675    1600061108380
01    10.931    8.897   -8.806 -112.249   57.196   19.946    1600061108396
02     8.414   11.543   -9.388 -125.476   45.821 -143.445    1600061108396
01    10.470    9.121   -8.980 -128.086   56.560    9.955    1600061108427
02     8.412   11.198   -9.343 -113.768   33.312 -138.933    1600061108427
01    10.031    9.406   -9.162 -140.444   55.528    2.031    1600061108443
02     8.503   10.947   -9.308 -108.204   24.178 -136.628    1600061108443
01     9.883    9.671   -9.120 -150.080   56.197   -5.184    1600061108458
02     8.766   10.610   -9.220 -106.286   14.493 -134.332    1600061108458
01     9.883    9.792   -9.011 -152.040   56.304   -6.897    1600061108474
02     8.826   10.435   -9.197 -105.187    8.730 -135.092    1600061108474
01     9.858    9.842   -9.008 -150.878   55.455   -6.965    1600061108490
02     8.907   10.277   -9.187 -104.261    5.078 -135.603    1600061108490
01     9.893    9.831   -9.039 -150.299   55.101   -7.022    1600061108505
02     9.001   10.175   -9.195 -103.814    3.459 -135.655    1600061108505
01     9.950    9.809   -9.075 -149.964   55.144   -7.108    1600061108521
02     9.076   10.128   -9.213 -103.532    2.966 -135.328    1600061108521
01     9.986    9.795   -9.129 -149.838   55.282   -7.336    1600061108537
02     9.142   10.072   -9.267 -103.657    2.711 -134.727    1600061108537
01    10.039    9.784   -9.166 -149.716   55.791   -7.480    1600061108552
02     9.189   10.063   -9.310 -103.575    3.041 -134.049    1600061108552
01    10.119    9.753   -9.162 -149.334   56.367   -7.107    1600061108568
02     9.229   10.071   -9.308 -103.250    3.397 -133.486    1600061108568
01    10.155    9.718   -9.159 -148.581   56.329   -6.256    1600061108583
02     9.244   10.063   -9.303 -102.885    3.183 -133.170    1600061108583
01    10.147    9.699   -9.171 -148.116   56.063   -5.562    1600061108599
02     9.252   10.051   -9.296 -102.909    2.986 -132.870    1600061108599
01    10.139    9.687   -9.183 -147.812   56.070   -4.925    1600061108615
02     9.253   10.028   -9.318 -103.120    2.915 -132.509    1600061108615
01    10.108    9.721   -9.206 -147.278   56.439   -4.891    1600061108630
02     9.268    9.989   -9.364 -103.326    3.210 -132.144    1600061108630
01    10.096    9.790   -9.232 -146.048   57.411   -5.533    1600061108646
02     9.305    9.975   -9.406 -102.925    4.055 -131.998    1600061108646
01    10.163    9.785   -9.313 -142.499   58.678   -4.465    1600061108677
02     9.258    9.992   -9.452 -101.622    4.232 -132.004    1600061108677
01    10.327    9.733   -9.339 -131.809   61.137    3.016    1600061108693
02     9.254    9.924   -9.524 -100.819    4.658 -130.959    1600061108693
01    10.602    9.601   -9.309 -116.150   61.839   15.219    1600061108708
02     9.275    9.750   -9.807 -102.826    7.614 -129.307    1600061108708
01    10.898    9.392   -9.212 -104.453   60.154   24.662    1600061108724
02     9.117    9.800  -10.200 -107.398   14.621 -128.486    1600061108724
01    11.075    9.218   -9.120 -100.341   58.623   27.705    1600061108740
02     8.937   10.024  -10.481 -113.524   24.901 -128.739    1600061108740
01    11.153    9.113   -9.086  -98.706   57.610   28.216    1600061108755
02     8.836   10.266  -10.695 -118.852   33.820 -129.159    1600061108755
01    11.259    9.028   -9.108  -95.230   56.926   29.522    1600061108771
02     8.774   10.512  -10.882 -123.415   41.064 -130.166    1600061108771
01    11.456    8.937   -9.093  -90.690   56.833   32.029    1600061108787
02     8.747   10.804  -10.948 -128.048   47.472 -132.372    1600061108787
01    11.590    8.899   -9.026  -87.548   56.617   33.639    1600061108802
02     8.697   11.102  -10.923 -134.353   52.362 -136.924    1600061108802
01    11.670    8.842   -8.900  -86.526   55.971   34.898    1600061108818
02     8.609   11.350  -10.891 -141.256   54.879 -142.309    1600061108818
01    11.643    8.778   -8.831  -88.448   55.313   34.710    1600061108833
02     8.591   11.489  -10.838 -145.494   56.663 -145.616    1600061108833
01    11.541    8.739   -8.791  -92.141   55.220   33.657    1600061108849
02     8.616   11.547  -10.779 -145.459   57.450 -145.445    1600061108849
01    11.385    8.722   -8.807  -97.530   55.345   31.336    1600061108865
02     8.652   11.522  -10.778 -143.415   57.086 -143.708    1600061108865
01    11.187    8.771   -8.864 -103.513   55.727   28.099    1600061108880
02     8.660   11.503  -10.805 -141.552   56.399 -142.128    1600061108880
01    10.993    8.849   -8.943 -108.999   56.110   25.001    1600061108896
02     8.674   11.547  -10.777 -141.434   56.525 -142.256    1600061108896
01    10.784    8.928   -9.061 -116.509   56.473   20.502    1600061108927
02     8.750   11.664  -10.447 -139.379   56.375 -143.332    1600061108927
01    10.496    9.107   -9.205 -130.246   56.566   11.363    1600061108943
02     8.995   11.834   -9.336 -128.119   52.635 -140.345    1600061108943
01     9.983    9.587   -9.355 -148.387   55.153   -2.858    1600061108958
02     8.276   11.570   -9.426 -106.258   27.995 -139.747    1600061108958
01     9.939    9.747   -9.262 -156.090   55.346   -7.079    1600061108974
02     8.664   10.942   -9.363 -104.607   14.538 -139.397    1600061108974
01     9.976    9.799   -9.164 -157.286   55.588   -7.049    1600061108990
02     8.903   10.615   -9.303 -104.631    6.734 -139.248    1600061108990
01    10.004    9.810   -9.126 -156.065   55.363   -6.044    1600061109005
02     9.052   10.424   -9.263 -104.925    2.377 -138.975    1600061109005
01    10.060    9.793   -9.095 -154.267   55.281   -5.243    1600061109021
02     9.152   10.297   -9.239 -104.770    0.269 -138.644    1600061109021
01    10.103    9.780   -9.104 -152.110   55.292   -4.900    1600061109037
02     9.232   10.196   -9.239 -104.161   -0.462 -137.970    1600061109037
01    10.136    9.737   -9.163 -150.592   55.223   -4.843    1600061109052
02     9.305   10.129   -9.247 -103.583   -0.326 -137.145    1600061109052
01    10.166    9.710   -9.202 -150.476   55.460   -5.308    1600061109068
02     9.333   10.112   -9.263 -103.208    0.195 -136.767    1600061109068
01    10.157    9.707   -9.226 -151.097   55.501   -5.855    1600061109083
02     9.321   10.143   -9.264 -103.121    0.635 -136.676    1600061109083
01    10.137    9.722   -9.218 -152.000   55.502   -6.161    1600061109099
02     9.303   10.179   -9.246 -103.464    0.710 -136.561    1600061109099
01    10.124    9.740   -9.175 -152.661   55.536   -6.073    1600061109115
02     9.265   10.220   -9.223 -103.792    0.511 -136.462    1600061109115
01    10.090    9.765   -9.138 -152.622   55.378   -5.635    1600061109130
02     9.237   10.236   -9.202 -104.189   -0.007 -136.103    1600061109130
01    10.069    9.785   -9.107 -152.067   55.323   -5.004    1600061109146
02     9.222   10.236   -9.188 -104.426   -0.531 -135.572    1600061109146
01    10.074    9.786   -9.084 -151.429   55.398   -4.360    1600061109177
02     9.232   10.226   -9.176 -104.585   -0.877 -134.923    1600061109177
01    10.079    9.784   -9.078 -150.630   55.457   -3.812    1600061109193
02     9.252   10.197   -9.176 -104.690   -1.204 -134.253    1600061109193
01    10.099    9.773   -9.079 -149.996   55.592   -3.427    1600061109208
02     9.274   10.176   -9.180 -104.588   -1.290 -133.688    1600061109208
01    10.123    9.760   -9.093 -149.657   55.748   -3.377    1600061109224
02     9.309   10.141   -9.197 -104.496   -1.271 -133.281    1600061109224
01    10.137    9.768   -9.119 -149.698   56.045   -3.958    1600061109240
02     9.353   10.113   -9.224 -104.219   -0.847 -133.186    1600061109240
01    10.147    9.803   -9.145 -150.171   56.494   -5.311    1600061109255
02     9.397   10.099   -9.260 -103.596   -0.135 -133.716    1600061109255
01    10.161    9.898   -9.179 -150.735   57.627   -9.768    1600061109271
02     9.422   10.130   -9.257 -102.264    0.692 -135.221    1600061109271
01    10.270    9.873   -9.246 -146.837   59.314   -8.589    1600061109287
02     9.383   10.123   -9.279  -99.452    0.162 -137.405    1600061109287
01    10.445    9.784   -9.276 -137.223   60.836   -0.938    1600061109302
02     9.369   10.097   -9.298  -98.129    0.711 -137.868    1600061109302
01    10.705    9.587   -9.241 -123.589   61.124   11.072    1600061109318
02     9.331   10.065   -9.389  -99.863    3.558 -137.459    1600061109318
01    10.922    9.394   -9.194 -111.151   59.612   21.515    1600061109333
02     9.172    9.997   -9.793 -103.423    7.682 -136.614    1600061109333
01    11.112    9.240   -9.146 -103.643   58.289   27.304    1600061109349
02     8.970   10.040  -10.325 -108.072   13.484 -135.637    1600061109349
01    11.268    9.143   -9.121  -98.915   57.495   29.802    1600061109365
02     8.823   10.235  -10.718 -114.969   22.782 -134.962    1600061109365
01    11.391    9.088   -9.109  -95.419   56.838   30.600    1600061109380
02     8.698   10.542  -10.948 -122.596   33.007 -135.932    1600061109380
01    11.553    9.003   -9.054  -92.219   55.994   31.875    1600061109396
02     8.610   10.927  -11.004 -131.120   42.319 -139.398    1600061109396
01    11.657    8.922   -8.991  -90.861   55.504   32.647    1600061109427
02     8.567   11.284  -10.933 -139.615   48.898 -144.557    1600061109427
01    11.680    8.869   -8.943  -91.085   55.189   33.049    1600061109443
02     8.545   11.542  -10.846 -145.737   52.765 -148.770    1600061109443
01    11.635    8.847   -8.936  -92.467   55.149   32.876    1600061109458
02     8.558   11.684  -10.774 -148.519   54.902 -150.689    1600061109458
01    11.539    8.882   -8.944  -95.432   55.905   31.892    1600061109474
02     8.604   11.754  -10.613 -146.241   55.521 -150.300    1600061109474
01    11.377    8.964   -8.974 -100.436   56.930   29.283    1600061109490
02     8.657   11.697  -10.502 -140.008   53.460 -146.471    1600061109490
01    11.187    9.056   -9.020 -106.405   57.595   25.771    1600061109505
02     8.653   11.642  -10.495 -136.412   50.820 -144.386    1600061109505
01    10.998    9.133   -9.095 -113.221   58.009   21.695    1600061109521
02     8.680   11.628  -10.440 -134.430   49.303 -143.714    1600061109521
01    10.752    9.256   -9.198 -122.965   58.198   15.353    1600061109537
02     8.791   11.708  -10.085 -130.623   48.272 -143.765    1600061109537
01    10.375    9.486   -9.355 -140.326   56.940    3.293    1600061109552
02     9.019   11.909   -9.002 -119.409   43.960 -141.285    1600061109552
01    10.267    9.722   -9.204 -157.709   56.478   -9.155    1600061109568
02     9.232   11.161   -8.936 -107.517   23.642 -137.808    1600061109568
01    10.128    9.886   -9.078 -160.334   54.802  -10.848    1600061109583
02     9.078   10.873   -9.058 -104.866   13.069 -140.555    1600061109583
01    10.068    9.901   -8.999 -158.617   53.539   -8.738    1600061109599
02     9.078   10.662   -9.055 -103.858    6.152 -141.306    1600061109599
01    10.045    9.903   -8.935 -156.974   52.964   -7.455    1600061109615
02     9.113   10.498   -9.048 -103.778    2.220 -141.313    1600061109615
01    10.050    9.885   -8.918 -155.050   52.788   -6.767    1600061109630
02     9.179   10.352   -9.055 -103.630    0.404 -140.669    1600061109630
01    10.075    9.852   -8.945 -153.038   52.846   -6.461    1600061109646
02     9.255   10.230   -9.078 -103.178   -0.168 -139.756    1600061109646
01    10.126    9.802   -8.976 -151.758   53.055   -6.533    1600061109677
02     9.317   10.153   -9.095 -102.539    0.018 -139.008    1600061109677
01    10.164    9.755   -9.005 -151.416   53.046   -6.810    1600061109693
02     9.348   10.128   -9.096 -101.994    0.519 -138.749    1600061109693
01    10.163    9.735   -9.032 -151.981   52.844   -7.222    1600061109708
02     9.352   10.145   -9.081 -101.936    1.009 -138.763    1600061109708
01    10.123    9.754   -9.046 -153.062   52.685   -7.794    1600061109724
02     9.325   10.176   -9.083 -102.270    1.166 -138.813    1600061109724
01    10.079    9.789   -9.047 -153.962   52.731   -8.129    1600061109740
02     9.294   10.216   -9.080 -102.818    1.287 -138.524    1600061109740
01    10.044    9.837   -9.031 -154.342   53.019   -8.191    1600061109755
02     9.270   10.249   -9.082 -103.285    1.307 -137.993    1600061109755
01    10.042    9.865   -9.008 -154.117   53.482   -7.834    1600061109771
02     9.251   10.260   -9.106 -103.442    0.996 -137.359    1600061109771
01    10.048    9.890   -8.999 -153.254   53.877   -7.369    1600061109787
02     9.253   10.249   -9.131 -103.270    0.676 -136.508    1600061109787
01    10.070    9.909   -9.005 -151.881   54.372   -7.047    1600061109802
02     9.281   10.213   -9.164 -102.729    0.478 -135.841    1600061109802
01    10.103    9.934   -9.025 -150.533   54.987   -7.673    1600061109818
02     9.329   10.174   -9.184 -101.522    0.488 -135.923    1600061109818
01    10.132    9.945   -9.109 -148.900   55.913   -9.309    1600061109833
02     9.353   10.136   -9.227  -99.450    0.287 -136.453    1600061109833
01    10.261    9.927   -9.184 -145.565   58.576   -8.570    1600061109849
02     9.398   10.053   -9.293  -98.502    0.978 -136.441    1600061109849
01    10.464    9.837   -9.229 -136.841   60.729   -2.658    1600061109865
02     9.371    9.987   -9.469  -99.705    3.658 -136.200    1600061109865
01    10.727    9.648   -9.211 -122.973   60.962    8.383    1600061109880
02     9.177   10.011   -9.817 -102.804    8.058 -136.009    1600061109880
01    10.997    9.407   -9.143 -110.026   59.321   18.934    1600061109896
02     8.909   10.126  -10.250 -108.904   16.036 -135.198    1600061109896
01    11.213    9.194   -9.056 -102.488   57.488   25.042    1600061109927
02     8.785   10.280  -10.572 -115.528   25.407 -133.572    1600061109927
01    11.338    9.067   -8.988  -99.091   56.472   27.470    1600061109943
02     8.748   10.475  -10.736 -120.922   34.040 -132.820    1600061109943
01    11.435    8.981   -8.936  -97.007   55.856   28.724    1600061109958
02     8.724   10.721  -10.795 -126.288   41.417 -134.294    1600061109958
01    11.540    8.894   -8.897  -95.054   55.267   29.978    1600061109974
02     8.702   10.968  -10.794 -131.759   46.813 -137.345    1600061109974
01    11.606    8.840   -8.900  -93.473   54.807   30.547    1600061109990
02     8.681   11.155  -10.801 -137.333   50.141 -140.977    1600061109990
01    11.649    8.806   -8.891  -92.361   54.537   31.005    1600061110005
02     8.634   11.328  -10.788 -142.422   52.389 -144.847    1600061110005
01    11.654    8.779   -8.903  -92.483   54.325   31.018    1600061110021
02     8.600   11.464  -10.747 -146.021   53.924 -147.985    1600061110021
01    11.641    8.771   -8.891  -93.436   54.617   31.112    1600061110037
02     8.611   11.529  -10.683 -146.583   54.739 -148.809    1600061110037
01    11.584    8.782   -8.875  -96.234   55.452   30.754    1600061110052
02     8.664   11.594  -10.456 -143.929   54.872 -148.804    1600061110052
01    11.401    8.826   -8.898 -103.865   56.680   27.464    1600061110068
02     8.768   11.591  -10.070 -135.525   51.811 -146.020    1600061110068
01    11.076    8.956   -8.954 -116.171   57.209   19.952    1600061110083
02     8.832   11.504   -9.641 -123.737   44.174 -142.231    1600061110083
01    10.718    9.120   -9.031 -127.802   56.323   12.258    1600061110099
02     8.798   11.300   -9.366 -113.248   32.354 -140.945    1600061110099
01    10.376    9.314   -9.097 -139.340   54.625    4.809    1600061110115
02     8.719   11.001   -9.333 -104.811   18.135 -142.351    1600061110115
01    10.084    9.555   -9.127 -147.073   53.735   -0.587    1600061110130
02     8.879   10.693   -9.239 -101.656    8.291 -140.968    1600061110130
01     9.997    9.693   -9.056 -151.094   53.800   -2.975    1600061110146
02     8.933   10.506   -9.195 -102.135    3.443 -140.883    1600061110146
01     9.995    9.762   -8.964 -151.816   53.914   -3.480    1600061110177
02     8.984   10.374   -9.164 -102.460    0.396 -140.158    1600061110177
01    10.027    9.747   -8.923 -151.222   53.412   -3.097    1600061110193
02     9.059   10.266   -9.109 -102.658   -1.526 -139.091    1600061110193
01    10.069    9.722   -8.880 -150.245   52.975   -2.734    1600061110208
02     9.131   10.184   -9.050 -102.550   -2.763 -138.188    1600061110208
01    10.112    9.681   -8.866 -149.190   52.513   -2.477    1600061110224
02     9.240   10.058   -9.019 -102.615   -3.787 -137.305    1600061110224
01    10.141    9.652   -8.888 -148.380   52.234   -2.532    1600061110240
02     9.329    9.964   -9.028 -102.498   -4.338 -136.486    1600061110240
01    10.191    9.607   -8.942 -147.872   52.321   -2.591    1600061110255
02     9.424    9.893   -9.055 -102.418   -4.329 -135.716    1600061110255
01    10.226    9.586   -9.007 -147.800   52.649   -3.018    1600061110271
02     9.489    9.861   -9.099 -102.202   -3.982 -135.315    1600061110271
01    10.266    9.589   -9.043 -148.239   53.161   -3.750    1600061110287
02     9.520    9.879   -9.121 -101.961   -3.294 -135.271    1600061110287
01    10.294    9.590   -9.066 -148.642   53.502   -4.152    1600061110302
02     9.515    9.925   -9.132 -101.694   -2.660 -135.398    1600061110302
01    10.299    9.609   -9.060 -148.797   53.708   -4.326    1600061110318
02     9.485    9.972   -9.131 -101.491   -2.162 -135.690    1600061110318
01    10.280    9.646   -9.031 -148.431   53.759   -4.587    1600061110333
02     9.437   10.006   -9.110 -101.103   -1.722 -136.263    1600061110333
01    10.221    9.718   -9.026 -147.192   53.722   -5.542    1600061110349
02     9.377   10.046   -9.075 -100.270   -1.483 -137.175    1600061110349
01    10.249    9.707   -9.056 -143.868   54.732   -4.808    1600061110365
02     9.312   10.033   -9.035  -99.157   -2.030 -137.846    1600061110365
01    10.329    9.661   -9.070 -138.020   56.409   -0.892    1600061110380
02     9.274    9.986   -9.022  -98.443   -2.117 -137.619    1600061110380
01    10.438    9.597   -9.053 -128.383   57.853    6.587    1600061110396
02     9.271    9.911   -9.060  -99.481   -0.624 -136.423    1600061110396
01    10.642    9.452   -8.988 -117.730   57.699   15.069    1600061110427
02     9.212    9.842   -9.257 -102.258    2.642 -135.146    1600061110427
01    10.861    9.278   -8.917 -110.065   56.676   20.523    1600061110443
02     9.030    9.827   -9.717 -108.657   10.637 -133.608    1600061110443
01    11.036    9.143   -8.880 -104.922   55.784   23.326    1600061110458
02     8.808    9.958  -10.262 -115.915   21.019 -132.616    1600061110458
01    11.218    9.019   -8.835 -101.107   55.097   25.218    1600061110474
02     8.727   10.197  -10.604 -121.413   31.074 -131.680    1600061110474
01    11.386    8.902   -8.787  -97.861   54.261   27.157    1600061110490
02     8.726   10.491  -10.701 -125.837   39.855 -131.824    1600061110490
01    11.503    8.789   -8.754  -95.712   53.333   28.602    1600061110505
02     8.724   10.758  -10.722 -130.675   45.692 -133.747    1600061110505
01    11.583    8.715   -8.711  -93.884   52.651   29.940    1600061110521
02     8.701   10.968  -10.735 -135.863   49.289 -136.656    1600061110521
01    11.640    8.665   -8.684  -92.487   52.196   31.095    1600061110537
02     8.679   11.157  -10.712 -140.906   52.179 -140.396    1600061110537
01    11.697    8.612   -8.667  -91.534   51.947   32.183    1600061110552
02     8.666   11.286  -10.725 -145.266   53.779 -143.625    1600061110552
01    11.712    8.580   -8.694  -91.443   51.920   32.674    1600061110568
02     8.658   11.388  -10.761 -147.860   55.096 -145.539    1600061110568
01    11.714    8.573   -8.681  -92.259   52.303   33.330    1600061110583
02     8.707   11.471  -10.740 -149.095   56.796 -146.759    1600061110583
01    11.644    8.566   -8.707  -95.980   53.243   32.962    1600061110599
02     8.805   11.554  -10.468 -145.609   57.534 -146.755    1600061110599
01    11.421    8.601   -8.813 -105.156   54.817   29.384    1600061110615
02     8.985   11.587   -9.854 -131.800   53.253 -141.074    1600061110615
01    11.007    8.784   -8.990 -118.912   55.693   21.396    1600061110630
02     9.018   11.464   -9.376 -115.441   39.410 -135.934    1600061110630
01    10.573    9.035   -9.128 -134.311   54.792   11.938    1600061110646
02     8.928   11.120   -9.272 -104.504   19.943 -137.311    1600061110646
01    10.295    9.291   -9.111 -144.874   53.990    4.802    1600061110677
02     9.092   10.674   -9.185 -103.424    7.130 -136.783    1600061110677
01    10.166    9.470   -9.032 -148.033   54.022    2.699    1600061110693
02     9.141   10.439   -9.158 -103.909    1.188 -136.560    1600061110693
01    10.128    9.548   -8.979 -148.209   53.962    2.587    1600061110708
02     9.179   10.273   -9.141 -104.698   -1.848 -135.970    1600061110708
01    10.130    9.594   -8.969 -147.848   54.042    2.373    1600061110724
02     9.241   10.152   -9.130 -105.055   -3.323 -135.109    1600061110724
01    10.151    9.629   -8.991 -147.606   54.289    1.497    1600061110740
02     9.310   10.070   -9.143 -105.044   -3.863 -134.324    1600061110740
01    10.197    9.643   -9.011 -147.758   54.599    0.310    1600061110755
02     9.373   10.042   -9.146 -104.679   -3.728 -133.728    1600061110755
01    10.260    9.618   -9.031 -147.864   54.627   -0.175    1600061110771
02     9.426   10.027   -9.147 -104.374   -3.584 -133.254    1600061110771
01    10.289    9.605   -9.037 -147.724   54.457   -0.197    1600061110787
02     9.445   10.032   -9.144 -104.104   -3.696 -132.902    1600061110787
01    10.297    9.602   -9.042 -147.529   54.313    0.029    1600061110802
02     9.472   10.023   -9.137 -104.147   -3.922 -132.389    1600061110802
01    10.299    9.608   -9.055 -147.474   54.464    0.169    1600061110818
02     9.493   10.023   -9.140 -104.274   -3.949 -131.793    1600061110818
01    10.296    9.633   -9.072 -147.392   54.867    0.210    1600061110833
02     9.521   10.015   -9.161 -104.526   -3.860 -131.130    1600061110833
01    10.300    9.663   -9.107 -147.136   55.448    0.288    1600061110849
02     9.541   10.016   -9.211 -104.630   -3.651 -130.390    1600061110849
01    10.320    9.707   -9.166 -146.560   56.280    0.418    1600061110865
02     9.573   10.015   -9.281 -104.694   -3.225 -129.527    1600061110865
01    10.372    9.789   -9.221 -145.641   57.376    0.246    1600061110880
02     9.613   10.030   -9.337 -104.354   -2.491 -128.853    1600061110880
01    10.412    9.939   -9.257 -143.751   58.776   -1.163    1600061110896
02     9.630   10.059   -9.382 -103.158   -1.827 -129.132    1600061110896
01    10.542    9.870   -9.382 -140.441   59.870   -0.882    1600061110927
02     9.626   10.059   -9.424 -101.650   -1.369 -129.307    1600061110927
01    10.703    9.791   -9.363 -134.436   61.313    3.062    1600061110943
02     9.646    9.983   -9.500 -101.708    0.248 -128.862    1600061110943
01    10.859    9.649   -9.282 -124.608   61.243   11.047    1600061110958
02     9.528    9.913   -9.820 -104.171    4.900 -128.590    1600061110958
01    10.996    9.471   -9.187 -113.807   59.455   19.927    1600061110974
02     9.268    9.985  -10.264 -109.802   14.017 -128.857    1600061110974
01    11.110    9.298   -9.084 -106.743   57.377   25.642    1600061110990
02     9.067   10.178  -10.579 -116.129   24.593 -129.349    1600061110990
01    11.195    9.153   -8.991 -103.791   56.270   27.706    1600061111005
02     8.966   10.414  -10.726 -121.314   33.725 -130.089    1600061111005
01    11.248    9.059   -8.928 -102.528   55.648   28.186    1600061111021
02     8.922   10.627  -10.828 -125.887   40.449 -131.309    1600061111021
01    11.278    8.995   -8.870 -101.500   55.045   28.343    1600061111037
02     8.865   10.872  -10.860 -130.771   45.739 -133.951    1600061111037
01    11.332    8.921   -8.818 -100.747   54.390   28.499    1600061111052
02     8.816   11.110  -10.842 -136.780   49.932 -137.809    1600061111052
01    11.370    8.857   -8.801 -100.072   53.617   28.645    1600061111068
02     8.756   11.330  -10.826 -142.577   52.556 -142.100    1600061111068
01    11.401    8.816   -8.797  -99.261   53.143   28.832    1600061111083
02     8.701   11.511  -10.825 -147.385   54.354 -145.859    1600061111083
01    11.432    8.795   -8.796  -98.230   52.978   29.107    1600061111099
02     8.680   11.634  -10.826 -150.935   55.763 -148.445    1600061111099
01    11.467    8.795   -8.818  -96.610   52.745   29.537    1600061111115
02     8.670   11.734  -10.831 -153.678   57.041 -150.707    1600061111115
01    11.554    8.766   -8.796  -94.176   52.168   30.838    1600061111130
02     8.681   11.828  -10.798 -155.861   58.204 -152.634    1600061111130
01    11.653    8.737   -8.760  -91.718   51.632   32.206    1600061111146
02     8.678   11.868  -10.809 -157.963   58.656 -154.043    1600061111146
01    11.739    8.695   -8.708  -90.090   51.083   33.234    1600061111177
02     8.672   11.903  -10.798 -159.913   59.049 -155.446    1600061111177
01    11.797    8.649   -8.699  -88.644   50.224   33.953    1600061111193
02     8.696   11.895  -10.774 -161.345   59.297 -156.373    1600061111193
01    11.881    8.583   -8.695  -87.049   49.685   35.201    1600061111208
02     8.700   11.877  -10.780 -161.523   59.229 -156.453    1600061111208
01    11.927    8.555   -8.718  -86.199   49.879   36.242    1600061111224
02     8.752   11.854  -10.767 -161.472   59.570 -156.309    1600061111224
01    11.959    8.551   -8.677  -86.521   50.621   37.284    1600061111240
02     8.751   11.877  -10.666 -160.527   59.360 -156.963    1600061111240
01    11.852    8.584   -8.654  -90.354   51.954   36.653    1600061111255
02     8.779   11.809  -10.444 -154.945   57.585 -154.807    1600061111255
01    11.645    8.600   -8.709  -97.746   52.992   33.824    1600061111271
02     8.841   11.659  -10.127 -144.816   53.907 -149.113    1600061111271
01    11.351    8.628   -8.808 -108.406   53.639   29.096    1600061111287
02     8.932   11.394   -9.554 -133.144   48.022 -143.246    1600061111287
01    10.890    8.831   -9.042 -124.004   53.893   19.878    1600061111302
02     9.053   11.247   -8.748 -115.418   36.231 -136.246    1600061111302
01    10.622    9.156   -9.061 -138.381   55.867    9.460    1600061111318
02     9.271   10.293   -9.039 -103.524    7.318 -134.836    1600061111318
01    10.461    9.369   -9.047 -144.736   55.976    4.218    1600061111333
02     9.319   10.106   -9.053 -105.078    0.420 -139.171    1600061111333
01    10.440    9.411   -8.988 -146.708   55.375    2.973    1600061111349
02     9.354   10.031   -8.977 -104.440   -4.776 -141.806    1600061111349
01    10.413    9.418   -8.969 -148.440   54.155    1.494    1600061111365
02     9.394    9.987   -8.876 -103.085   -8.393 -143.897    1600061111365
01    10.435    9.422   -8.912 -150.325   53.500   -0.667    1600061111380
02     9.443    9.942   -8.788 -101.661  -10.902 -145.214    1600061111380
01    10.434    9.416   -8.900 -151.380   52.657   -2.182    1600061111396
02     9.468    9.924   -8.719 -100.444  -12.023 -145.721    1600061111412
01    10.423    9.410   -8.913 -151.066   52.243   -2.446    1600061111427
02     9.504    9.894   -8.683 -100.458  -12.228 -144.929    1600061111427
01    10.418    9.415   -8.926 -149.725   52.619   -1.752    1600061111443
02     9.514    9.882   -8.693 -100.851  -12.079 -143.521    1600061111443
01    10.404    9.457   -8.939 -147.561   53.463   -0.611    1600061111458
02     9.495    9.898   -8.730 -101.276  -11.422 -141.690    1600061111458
01    10.389    9.496   -8.959 -144.817   54.337    1.147    1600061111474
02     9.478    9.920   -8.767 -101.855  -10.587 -139.788    1600061111474
01    10.374    9.519   -8.979 -142.893   54.868    2.636    1600061111490
02     9.448    9.960   -8.787 -102.368   -9.634 -138.502    1600061111490
01    10.319    9.586   -9.015 -142.074   55.385    3.030    1600061111505
02     9.430    9.991   -8.806 -103.051   -8.529 -137.973    1600061111505
01    10.255    9.717   -9.067 -141.676   56.091    2.323    1600061111521
02     9.413   10.032   -8.817 -103.062   -6.935 -138.398    1600061111521
01    10.285    9.790   -9.115 -140.958   57.153    1.389    1600061111537
02     9.422   10.048   -8.851 -102.450   -5.092 -139.708    1600061111537
01    10.413    9.811   -9.120 -137.959   58.703    2.238    1600061111552
02     9.404   10.079   -8.902 -101.281   -3.146 -141.317    1600061111552
01    10.633    9.707   -9.089 -127.896   60.129    8.998    1600061111568
02     9.349   10.058   -9.028 -101.098   -0.714 -141.302    1600061111568
01    10.870    9.514   -9.033 -114.498   59.119   19.117    1600061111583
02     9.201    9.995   -9.464 -104.615    3.999 -139.822    1600061111583
01    11.074    9.322   -8.955 -104.768   56.829   26.525    1600061111599
02     8.880   10.116  -10.041 -111.670   12.617 -138.803    1600061111599
01    11.213    9.155   -8.893 -101.131   54.984   29.181    1600061111615
02     8.641   10.340  -10.446 -119.359   22.274 -138.589    1600061111615
01    11.297    9.035   -8.838 -100.027   54.038   29.762    1600061111630
02     8.555   10.586  -10.673 -125.357   30.938 -138.146    1600061111630
01    11.350    8.947   -8.807  -99.508   53.532   30.061    1600061111646
02     8.585   10.810  -10.762 -129.801   38.194 -137.809    1600061111646
01    11.389    8.895   -8.780  -99.208   53.360   30.346    1600061111677
02     8.670   10.996  -10.768 -133.177   43.724 -137.675    1600061111677
01    11.400    8.858   -8.771  -98.903   53.009   30.643    1600061111693
02     8.689   11.183  -10.769 -137.410   47.673 -139.449    1600061111693
01    11.393    8.855   -8.752  -98.776   52.831   30.899    1600061111708
02     8.680   11.352  -10.761 -141.298   50.521 -141.613    1600061111708
01    11.395    8.827   -8.734  -99.452   52.741   31.309    1600061111724
02     8.724   11.452  -10.711 -143.096   52.480 -142.748    1600061111724
01    11.326    8.838   -8.783 -101.694   52.957   30.539    1600061111740
02     8.778   11.489  -10.667 -142.338   53.038 -142.393    1600061111740
01    11.234    8.875   -8.845 -105.251   53.673   28.940    1600061111755
02     8.795   11.468  -10.704 -139.946   52.406 -140.855    1600061111755
01    11.103    8.945   -8.932 -110.244   54.634   26.284    1600061111771
02     8.881   11.515  -10.565 -136.769   52.601 -139.451    1600061111771
01    10.915    9.049   -9.058 -117.873   55.543   21.723    1600061111787
02     9.056   11.646   -9.999 -129.982   50.971 -137.929    1600061111787
01    10.629    9.256   -9.189 -132.134   55.923   12.190    1600061111802
02     9.111   11.661   -9.290 -117.431   40.854 -135.350    1600061111802
01    10.218    9.663   -9.284 -146.461   55.031    1.065    1600061111818
02     8.632   11.262   -9.522 -104.171   17.277 -139.621    1600061111818
01    10.111    9.842   -9.234 -152.723   55.005   -2.478    1600061111833
02     8.908   10.832   -9.440 -104.514    7.884 -139.119    1600061111833
01    10.103    9.898   -9.237 -154.561   55.082   -2.817    1600061111849
02     9.102   10.605   -9.396 -105.342    3.052 -138.267    1600061111849
01    10.153    9.928   -9.208 -155.883   55.322   -3.313    1600061111865
02     9.240   10.494   -9.367 -106.035    0.425 -137.560    1600061111865
01    10.223    9.943   -9.173 -156.347   55.488   -3.692    1600061111880
02     9.342   10.434   -9.335 -106.339   -1.152 -136.872    1600061111880
01    10.293    9.934   -9.152 -155.927   55.451   -3.787    1600061111896
02     9.397   10.407   -9.316 -106.068   -2.166 -136.492    1600061111896
01    10.333    9.916   -9.142 -154.809   55.092   -3.787    1600061111927
02     9.435   10.374   -9.301 -105.491   -2.908 -136.031    1600061111927
01    10.312    9.900   -9.199 -153.778   54.372   -3.814    1600061111943
02     9.472   10.338   -9.290 -105.143   -3.233 -135.440    1600061111943
01    10.267    9.918   -9.245 -154.379   54.232   -4.678    1600061111958
02     9.495   10.340   -9.275 -105.141   -2.985 -134.941    1600061111958
01    10.227    9.955   -9.246 -155.599   54.464   -5.610    1600061111974
02     9.477   10.378   -9.261 -105.312   -2.628 -134.941    1600061111974
01    10.196    9.990   -9.213 -156.763   54.647   -6.229    1600061111990
02     9.454   10.415   -9.230 -105.695   -2.368 -134.982    1600061111990
01    10.176   10.024   -9.165 -157.723   54.708   -6.774    1600061112005
02     9.421   10.455   -9.193 -105.902   -2.222 -135.225    1600061112005
01    10.163   10.047   -9.126 -158.207   54.500   -7.296    1600061112021
02     9.393   10.475   -9.164 -105.697   -2.277 -135.720    1600061112021
01    10.170   10.062   -9.078 -158.229   54.353   -8.106    1600061112036
02     9.374   10.467   -9.143 -104.867   -2.462 -136.468    1600061112036
01    10.162   10.137   -9.016 -157.310   54.411   -9.777    1600061112052
02     9.383   10.438   -9.114 -103.630   -2.697 -137.530    1600061112052
01    10.226   10.078   -9.062 -154.762   54.960   -9.885    1600061112068
02     9.364   10.387   -9.085 -100.161   -4.667 -139.944    1600061112068
01    10.305   10.007   -9.119 -149.215   56.409   -7.308    1600061112083
02     9.354   10.306   -9.045  -97.003   -6.059 -140.673    1600061112083
01    10.454    9.906   -9.143 -136.617   59.080    1.268    1600061112099
02     9.367   10.217   -9.004  -97.075   -4.505 -140.408    1600061112099
01    10.665    9.744   -9.137 -119.759   59.771   13.781    1600061112115
02     9.325   10.157   -9.088  -99.802   -0.252 -139.714    1600061112115
01    10.957    9.519   -9.085 -106.810   58.574   23.077    1600061112130
02     9.184   10.147   -9.309 -103.678    4.927 -139.004    1600061112130
01    11.208    9.315   -9.024  -99.441   57.117   27.758    1600061112146
02     9.013   10.167   -9.600 -108.026   10.413 -138.001    1600061112146
01    11.391    9.172   -8.953  -95.107   55.945   30.061    1600061112177
02     8.825   10.246   -9.965 -112.536   16.267 -136.974    1600061112177
01    11.551    9.038   -8.909  -91.997   54.912   31.614    1600061112193
02     8.657   10.403  -10.286 -118.183   23.498 -136.617    1600061112193
01    11.680    8.940   -8.860  -89.689   54.204   32.651    1600061112208
02     8.547   10.603  -10.513 -123.824   30.612 -137.143    1600061112208
01    11.772    8.871   -8.815  -88.369   53.801   33.234    1600061112224
02     8.522   10.804  -10.603 -129.243   37.137 -138.435    1600061112224
01    11.821    8.801   -8.797  -88.001   53.400   33.477    1600061112240
02     8.510   10.969  -10.699 -134.054   41.894 -139.989    1600061112240
01    11.830    8.756   -8.805  -88.289   53.131   33.417    1600061112255
02     8.499   11.153  -10.763 -138.522   45.865 -141.938    1600061112255
01    11.815    8.739   -8.813  -88.599   53.090   33.374    1600061112271
02     8.531   11.321  -10.772 -142.677   49.459 -143.844    1600061112271
01    11.778    8.751   -8.828  -89.027   53.114   33.305    1600061112286
02     8.547   11.473  -10.760 -145.979   52.039 -145.854    1600061112286
01    11.771    8.746   -8.812  -89.679   53.277   33.997    1600061112302
02     8.588   11.610  -10.598 -147.156   53.849 -147.950    1600061112302
01    11.717    8.736   -8.791  -93.508   54.365   33.781    1600061112318
02     8.742   11.664  -10.127 -139.833   52.996 -146.258    1600061112318
01    11.489    8.787   -8.890 -101.484   55.718   30.611    1600061112333
02     8.863   11.580   -9.608 -124.549   44.897 -140.193    1600061112333
01    11.162    8.919   -8.969 -112.527   56.661   24.817    1600061112349
02     8.848   11.341   -9.349 -112.087   30.142 -138.556    1600061112349
01    10.794    9.090   -9.045 -127.140   56.009   16.297    1600061112365
02     8.832   10.984   -9.316 -104.251   14.487 -141.164    1600061112365
01    10.355    9.408   -9.083 -138.861   55.078    8.221    1600061112380
02     8.884   10.690   -9.284  -99.427    2.962 -142.307    1600061112380
01    10.154    9.618   -9.062 -145.733   54.737    3.706    1600061112396
02     9.000   10.519   -9.183 -100.424   -2.014 -142.559    1600061112396
01    10.073    9.759   -9.016 -149.272   54.528    0.745    1600061112427
02     9.034   10.435   -9.127 -100.897   -4.615 -142.573    1600061112427
01    10.048    9.835   -8.985 -150.237   54.165   -0.496    1600061112443
02     9.076   10.384   -9.088 -101.044   -6.271 -141.808    1600061112443
01    10.074    9.847   -8.958 -150.740   53.817   -1.072    1600061112458
02     9.134   10.354   -9.041 -101.402   -7.426 -140.510    1600061112458
01    10.085    9.845   -8.942 -150.383   53.428   -1.110    1600061112474
02     9.192   10.322   -9.004 -101.794   -8.514 -139.011    1600061112474
01    10.128    9.824   -8.918 -150.034   53.333   -0.999    1600061112490
02     9.251   10.277   -8.972 -102.221   -9.360 -137.629    1600061112490
01    10.175    9.797   -8.905 -149.394   53.454   -0.743    1600061112505
02     9.310   10.250   -8.931 -102.558   -9.727 -136.442    1600061112505
01    10.224    9.746   -8.897 -148.882   53.465   -0.321    1600061112521
02     9.381   10.186   -8.909 -102.999  -10.141 -135.471    1600061112521
01    10.260    9.690   -8.893 -148.390   53.275    0.205    1600061112536
02     9.390   10.153   -8.907 -103.074  -10.659 -134.952    1600061112536
01    10.274    9.667   -8.870 -148.062   53.194    0.433    1600061112552
02     9.430   10.104   -8.876 -103.229  -11.061 -134.549    1600061112552
01    10.280    9.641   -8.863 -148.010   53.008    0.479    1600061112568
02     9.449   10.078   -8.845 -103.193  -11.274 -134.421    1600061112568
01    10.265    9.642   -8.858 -148.181   52.826    0.169    1600061112583
02     9.448   10.080   -8.817 -103.006  -11.294 -134.501    1600061112583
01    10.251    9.666   -8.850 -148.534   52.850   -0.552    1600061112599
02     9.423   10.085   -8.814 -102.474  -11.278 -134.949    1600061112599
01    10.237    9.701   -8.838 -148.405   52.902   -1.530    1600061112615
02     9.383   10.094   -8.801 -101.323  -11.122 -135.886    1600061112615
01    10.196    9.751   -8.868 -147.183   52.911   -3.396    1600061112630
02     9.318   10.083   -8.810  -99.180  -11.484 -137.845    1600061112630
01    10.205    9.744   -8.916 -143.912   53.504   -3.045    1600061112646
02     9.260   10.047   -8.828  -95.473  -12.475 -139.579    1600061112646
01    10.286    9.703   -8.919 -138.698   55.374    0.313    1600061112677
02     9.296   10.002   -8.757  -95.004  -11.077 -138.482    1600061112677
01    10.393    9.636   -8.897 -128.991   56.677    7.244    1600061112693
02     9.310    9.924   -8.822  -97.939   -6.668 -136.535    1600061112693
01    10.593    9.478   -8.860 -117.529   56.313   15.649    1600061112708
02     9.207    9.874   -9.096 -102.406   -0.661 -135.073    1600061112708
01    10.849    9.273   -8.818 -109.209   55.246   21.365    1600061112724
02     8.993    9.906   -9.565 -107.706    6.774 -134.045    1600061112724
01    11.051    9.120   -8.772 -104.580   54.359   23.938    1600061112740
02     8.738   10.077  -10.041 -114.330   16.441 -133.671    1600061112740
01    11.176    9.045   -8.672 -101.874   53.711   24.968    1600061112755
02     8.561   10.329  -10.331 -120.725   25.621 -133.803    1600061112755
01    11.283    8.922   -8.570 -100.557   52.425   25.833    1600061112771
02     8.460   10.592  -10.439 -126.887   33.550 -134.965    1600061112771
01    11.334    8.821   -8.496 -100.145   51.293   26.598    1600061112786
02     8.431   10.826  -10.392 -131.029   39.368 -136.691    1600061112786
01    11.326    8.746   -8.471 -100.721   50.514   26.888    1600061112802
02     8.420   10.953  -10.337 -132.817   41.777 -137.890    1600061112802
01    11.294    8.720   -8.468 -101.879   50.254   26.894    1600061112818
02     8.428   10.971  -10.368 -133.543   42.490 -138.142    1600061112818
01    11.246    8.716   -8.480 -103.515   50.490   26.677    1600061112833
02     8.431   10.991  -10.473 -134.657   43.615 -138.334    1600061112833
01    11.175    8.735   -8.529 -105.857   50.923   25.919    1600061112849
02     8.472   11.055  -10.552 -136.093   46.011 -138.601    1600061112849
01    11.101    8.747   -8.605 -109.679   51.558   24.644    1600061112865
02     8.557   11.224  -10.419 -136.875   49.258 -140.132    1600061112865
01    10.922    8.827   -8.718 -117.605   52.377   20.588    1600061112880
02     8.702   11.356  -10.005 -130.868   48.360 -139.227    1600061112880
01    10.617    9.016   -8.880 -129.925   52.448   12.841    1600061112896
02     8.789   11.366   -9.557 -119.934   40.134 -136.896    1600061112896
01    10.257    9.294   -9.019 -144.843   51.309    3.527    1600061112927
02     8.769   11.226   -9.309 -108.732   25.192 -137.119    1600061112927
01    10.056    9.591   -8.991 -154.637   51.383   -2.510    1600061112943
02     8.944   10.823   -9.219 -103.848    9.304 -136.789    1600061112943
01     9.944    9.790   -8.939 -156.953   51.825   -3.390    1600061112958
02     9.017   10.620   -9.175 -104.834    3.969 -138.136    1600061112958
01     9.972    9.827   -8.845 -156.832   52.249   -2.266    1600061112974
02     9.053   10.499   -9.131 -105.348    1.190 -138.605    1600061112974
01     9.999    9.805   -8.793 -155.462   51.770   -0.561    1600061112990
02     9.094   10.385   -9.078 -105.619   -0.942 -138.559    1600061112990
01    10.019    9.771   -8.754 -154.209   51.316    0.645    1600061113005
02     9.145   10.268   -9.033 -105.799   -2.525 -138.071    1600061113005
01    10.044    9.739   -8.725 -152.778   51.022    1.438    1600061113021
02     9.196   10.159   -9.009 -105.740   -3.578 -137.243    1600061113021
01    10.058    9.691   -8.746 -151.593   50.656    1.860    1600061113036
02     9.264   10.065   -8.979 -105.641   -4.086 -136.271    1600061113036
01    10.069    9.675   -8.732 -151.089   50.742    1.478    1600061113052
02     9.285   10.032   -8.952 -105.364   -4.106 -135.650    1600061113052
01    10.083    9.646   -8.713 -151.111   50.689    1.122    1600061113068
02     9.298   10.019   -8.911 -105.196   -4.044 -135.329    1600061113068
01    10.063    9.636   -8.694 -151.294   50.311    0.817    1600061113083
02     9.279   10.016   -8.871 -105.184   -4.102 -135.352    1600061113083
01    10.032    9.645   -8.673 -151.658   49.951    0.449    1600061113099
02     9.261   10.021   -8.826 -105.304   -4.197 -135.582    1600061113099
01    10.002    9.666   -8.652 -152.223   49.754   -0.143    1600061113115
02     9.225   10.040   -8.804 -105.247   -4.264 -136.028    1600061113115
01     9.986    9.688   -8.635 -152.630   49.699   -0.653    1600061113130
02     9.211   10.044   -8.793 -105.153   -4.290 -136.396    1600061113130
01     9.987    9.705   -8.615 -152.899   49.844   -1.170    1600061113146
02     9.212   10.052   -8.782 -104.873   -4.214 -136.717    1600061113146
01     9.995    9.725   -8.600 -152.808   49.969   -1.794    1600061113177
02     9.214   10.049   -8.774 -104.233   -4.152 -137.152    1600061113177
01     9.992    9.762   -8.598 -152.192   50.047   -2.685    1600061113193
02     9.230   10.022   -8.768 -102.997   -4.131 -138.083    1600061113193
01     9.993    9.783   -8.630 -150.907   50.318   -5.219    1600061113208
02     9.219    9.990   -8.770 -100.059   -4.675 -141.034    1600061113208
01    10.004    9.791   -8.672 -148.828   51.039   -6.677    1600061113224
02     9.167    9.976   -8.801  -96.103   -5.742 -143.051    1600061113224
01    10.070    9.754   -8.697 -145.130   52.802   -4.659    1600061113240
02     9.170    9.952   -8.781  -95.597   -4.882 -142.186    1600061113240
01    10.146    9.707   -8.702 -139.760   54.058   -1.027    1600061113255
02     9.148    9.938   -8.812  -97.716   -1.584 -141.321    1600061113255
01    10.292    9.589   -8.696 -133.025   54.586    4.073    1600061113271
02     9.075    9.955   -8.911 -101.219    2.861 -140.759    1600061113271
01    10.455    9.447   -8.679 -126.118   54.470    9.367    1600061113286
02     8.872    9.996   -9.245 -105.478    7.395 -139.857    1600061113286
01    10.608    9.305   -8.650 -120.575   53.990   13.623    1600061113302
02     8.637   10.087   -9.674 -109.943   12.309 -138.666    1600061113302
01    10.714    9.196   -8.641 -116.340   53.202   16.280    1600061113318
02     8.490   10.227   -9.977 -114.462   18.293 -137.180    1600061113318
01    10.827    9.098   -8.626 -112.911   52.650   18.422    1600061113333
02     8.438   10.357  -10.178 -118.733   24.488 -135.848    1600061113333
01    10.965    8.985   -8.603 -110.288   52.412   20.466    1600061113349
02     8.427   10.537  -10.255 -122.669   30.571 -135.874    1600061113349
01    11.047    8.898   -8.619 -108.344   52.024   22.295    1600061113365
02     8.462   10.715  -10.232 -125.647   35.401 -136.782    1600061113365
01    11.093    8.838   -8.640 -108.194   52.055   23.532    1600061113380
02     8.504   10.843  -10.133 -126.875   37.983 -138.053    1600061113380
01    11.010    8.876   -8.716 -110.366   52.549   22.725    1600061113396
02     8.564   10.912   -9.934 -124.551   37.761 -138.167    1600061113396
01    10.929    8.942   -8.772 -112.672   53.201   21.794    1600061113427
02     8.587   10.850   -9.863 -121.254   34.302 -137.301    1600061113427
01    10.855    8.979   -8.823 -115.835   53.727   20.799    1600061113443
02     8.626   10.782   -9.821 -119.554   31.491 -137.190    1600061113443
01    10.700    9.051   -8.915 -122.063   54.228   17.891    1600061113458
02     8.742   10.912   -9.439 -116.275   29.845 -138.085    1600061113458
01    10.408    9.191   -9.094 -132.004   53.897   12.162    1600061113474
02     8.676   10.903   -9.238 -107.521   18.416 -140.694    1600061113474
01    10.174    9.436   -9.126 -143.095   53.809    4.783    1600061113490
02     9.022   10.531   -9.064 -104.459    5.769 -139.530    1600061113490
01    10.113    9.613   -9.017 -148.189   54.501    1.644    1600061113505
02     9.039   10.403   -9.067 -103.785   -0.769 -140.229    1600061113505
01    10.108    9.680   -8.932 -149.101   54.424    1.354    1600061113521
02     9.071   10.336   -9.034 -103.633   -4.411 -139.707    1600061113521
01    10.107    9.696   -8.887 -148.603   53.831    1.638    1600061113536
02     9.120   10.284   -8.976 -103.738   -6.645 -138.909    1600061113536
01    10.105    9.705   -8.857 -147.737   53.322    1.623    1600061113552
02     9.165   10.223   -8.932 -103.709   -8.085 -138.201    1600061113552
01    10.118    9.694   -8.857 -146.712   53.019    1.462    1600061113568
02     9.224   10.152   -8.897 -103.468   -8.739 -137.415    1600061113568
01    10.127    9.687   -8.886 -145.880   52.913    0.998    1600061113583
02     9.269   10.092   -8.901 -103.109   -8.862 -136.743    1600061113583
01    10.151    9.670   -8.914 -145.529   53.071    0.552    1600061113599
02     9.320   10.067   -8.889 -102.859   -8.512 -136.172    1600061113599
01    10.171    9.659   -8.921 -145.668   53.242    0.254    1600061113615
02     9.330   10.082   -8.888 -102.749   -8.215 -135.965    1600061113615
01    10.172    9.652   -8.921 -145.839   53.202    0.290    1600061113630
02     9.315   10.096   -8.886 -102.910   -8.182 -135.854    1600061113630
01    10.164    9.667   -8.900 -145.983   53.311    0.438    1600061113646
02     9.301   10.118   -8.875 -103.222   -8.215 -135.582    1600061113646
