01     5.035   -6.842   -0.705  -53.330  -10.692   92.286    1604997591893
02     6.706    5.256   -1.313  -99.062  -12.077  -44.835    1604997591893
01     5.036   -6.843   -0.705  -53.329  -10.703   92.285    1604997591909
02     6.705    5.258   -1.314  -99.026  -12.095  -44.863    1604997591909
01     5.036   -6.843   -0.705  -53.333  -10.703   92.283    1604997591924
02     6.705    5.258   -1.315  -99.012  -12.098  -44.868    1604997591924
01     5.036   -6.844   -0.704  -53.338  -10.710   92.286    1604997591940
02     6.704    5.259   -1.317  -98.995  -12.111  -44.888    1604997591940
01     5.036   -6.844   -0.704  -53.336  -10.711   92.288    1604997591955
02     6.704    5.260   -1.316  -98.988  -12.102  -44.875    1604997591955
01     5.036   -6.844   -0.704  -53.336  -10.716   92.285    1604997591987
02     6.704    5.259   -1.315  -99.000  -12.087  -44.860    1604997591987
01     5.036   -6.844   -0.704  -53.336  -10.718   92.283    1604997592002
02     6.704    5.260   -1.316  -98.990  -12.104  -44.879    1604997592002
01     5.036   -6.845   -0.704  -53.346  -10.716   92.284    1604997592018
02     6.704    5.259   -1.316  -98.999  -12.108  -44.878    1604997592018
01     5.036   -6.844   -0.704  -53.341  -10.718   92.283    1604997592034
02     6.704    5.259   -1.315  -99.008  -12.095  -44.868    1604997592034
01     5.036   -6.844   -0.704  -53.336  -10.716   92.282    1604997592049
02     6.704    5.260   -1.315  -99.001  -12.101  -44.879    1604997592049
01     5.036   -6.845   -0.704  -53.341  -10.717   92.285    1604997592065
02     6.705    5.259   -1.316  -99.010  -12.108  -44.878    1604997592065
01     5.036   -6.844   -0.704  -53.340  -10.716   92.285    1604997592080
02     6.704    5.259   -1.317  -99.002  -12.111  -44.883    1604997592080
01     5.036   -6.845   -0.705  -53.343  -10.713   92.287    1604997592096
02     6.705    5.259   -1.316  -99.008  -12.103  -44.875    1604997592096
01     5.036   -6.845   -0.705  -53.344  -10.713   92.284    1604997592112
02     6.704    5.260   -1.316  -98.999  -12.102  -44.876    1604997592112
01     5.036   -6.845   -0.705  -53.340  -10.711   92.285    1604997592127
02     6.705    5.259   -1.315  -99.006  -12.096  -44.868    1604997592127
01     5.036   -6.845   -0.704  -53.344  -10.713   92.284    1604997592143
02     6.705    5.259   -1.315  -99.008  -12.092  -44.868    1604997592143
01     5.036   -6.845   -0.705  -53.342  -10.709   92.284    1604997592159
02     6.705    5.259   -1.315  -99.013  -12.100  -44.870    1604997592159
01     5.036   -6.845   -0.705  -53.345  -10.711   92.284    1604997592174
02     6.705    5.259   -1.316  -99.008  -12.106  -44.874    1604997592174
01     5.036   -6.845   -0.705  -53.345  -10.712   92.285    1604997592190
02     6.705    5.259   -1.316  -99.005  -12.107  -44.876    1604997592190
01     5.036   -6.845   -0.705  -53.343  -10.712   92.285    1604997592205
02     6.704    5.260   -1.316  -98.998  -12.107  -44.874    1604997592205
01     5.036   -6.844   -0.705  -53.340  -10.711   92.287    1604997592237
02     6.704    5.260   -1.315  -98.989  -12.103  -44.872    1604997592237
01     5.036   -6.844   -0.704  -53.338  -10.717   92.287    1604997592252
02     6.704    5.260   -1.315  -98.993  -12.098  -44.871    1604997592252
01     5.036   -6.844   -0.704  -53.341  -10.717   92.286    1604997592268
02     6.704    5.260   -1.315  -98.995  -12.102  -44.875    1604997592268
01     5.036   -6.844   -0.704  -53.339  -10.717   92.287    1604997592284
02     6.704    5.260   -1.316  -98.990  -12.102  -44.878    1604997592284
01     5.036   -6.844   -0.705  -53.335  -10.714   92.287    1604997592299
02     6.704    5.260   -1.315  -98.988  -12.102  -44.875    1604997592299
01     5.037   -6.844   -0.704  -53.330  -10.715   92.285    1604997592315
02     6.704    5.260   -1.316  -98.992  -12.105  -44.877    1604997592315
01     5.036   -6.844   -0.705  -53.329  -10.713   92.281    1604997592330
02     6.704    5.260   -1.316  -98.994  -12.106  -44.880    1604997592330
01     5.036   -6.844   -0.705  -53.331  -10.711   92.282    1604997592346
02     6.704    5.260   -1.316  -98.991  -12.104  -44.884    1604997592346
01     5.036   -6.844   -0.705  -53.332  -10.713   92.281    1604997592362
02     6.704    5.260   -1.316  -98.990  -12.106  -44.888    1604997592362
01     5.036   -6.844   -0.705  -53.332  -10.715   92.282    1604997592377
02     6.704    5.260   -1.316  -98.993  -12.107  -44.884    1604997592377
01     5.036   -6.844   -0.704  -53.335  -10.717   92.282    1604997592393
02     6.704    5.260   -1.316  -98.994  -12.108  -44.884    1604997592393
01     5.036   -6.844   -0.705  -53.332  -10.716   92.283    1604997592409
02     6.704    5.260   -1.316  -98.998  -12.109  -44.886    1604997592409
01     5.036   -6.844   -0.704  -53.333  -10.718   92.282    1604997592424
02     6.705    5.259   -1.316  -99.002  -12.109  -44.885    1604997592424
01     5.036   -6.844   -0.704  -53.338  -10.716   92.282    1604997592440
02     6.705    5.259   -1.316  -99.004  -12.107  -44.884    1604997592440
01     5.036   -6.844   -0.704  -53.338  -10.720   92.283    1604997592455
02     6.705    5.259   -1.316  -99.006  -12.111  -44.886    1604997592455
01     5.036   -6.844   -0.704  -53.336  -10.719   92.280    1604997592487
02     6.704    5.259   -1.316  -99.002  -12.109  -44.885    1604997592487
01     5.036   -6.844   -0.704  -53.334  -10.721   92.278    1604997592502
02     6.705    5.259   -1.317  -99.004  -12.112  -44.890    1604997592502
01     5.036   -6.845   -0.704  -53.341  -10.718   92.278    1604997592518
02     6.705    5.259   -1.316  -99.008  -12.110  -44.888    1604997592518
01     5.036   -6.844   -0.704  -53.337  -10.717   92.280    1604997592534
02     6.705    5.259   -1.317  -99.005  -12.112  -44.893    1604997592534
01     5.036   -6.844   -0.704  -53.337  -10.718   92.283    1604997592549
02     6.704    5.259   -1.317  -98.999  -12.111  -44.895    1604997592549
01     5.036   -6.844   -0.704  -53.335  -10.718   92.281    1604997592565
02     6.704    5.260   -1.317  -98.997  -12.111  -44.896    1604997592565
01     5.036   -6.844   -0.704  -53.335  -10.716   92.281    1604997592580
02     6.704    5.259   -1.316  -98.999  -12.106  -44.892    1604997592580
01     5.036   -6.845   -0.705  -53.340  -10.717   92.280    1604997592596
02     6.704    5.259   -1.316  -99.002  -12.106  -44.886    1604997592596
01     5.036   -6.845   -0.704  -53.338  -10.719   92.281    1604997592612
02     6.704    5.259   -1.316  -99.001  -12.106  -44.887    1604997592612
01     5.036   -6.844   -0.705  -53.338  -10.716   92.281    1604997592627
02     6.704    5.260   -1.316  -98.999  -12.108  -44.888    1604997592627
01     5.036   -6.844   -0.704  -53.334  -10.717   92.279    1604997592643
02     6.704    5.259   -1.316  -99.002  -12.110  -44.890    1604997592643
01     5.036   -6.845   -0.704  -53.336  -10.720   92.281    1604997592659
02     6.704    5.259   -1.317  -99.004  -12.111  -44.889    1604997592659
01     5.036   -6.844   -0.704  -53.333  -10.720   92.281    1604997592674
02     6.704    5.259   -1.316  -99.002  -12.109  -44.886    1604997592674
01     5.036   -6.844   -0.704  -53.331  -10.724   92.278    1604997592690
02     6.705    5.259   -1.316  -99.006  -12.109  -44.887    1604997592690
01     5.036   -6.844   -0.704  -53.326  -10.720   92.279    1604997592705
02     6.705    5.259   -1.316  -99.007  -12.109  -44.888    1604997592705
01     5.037   -6.844   -0.705  -53.321  -10.713   92.282    1604997592737
02     6.705    5.259   -1.316  -99.007  -12.105  -44.889    1604997592737
01     5.037   -6.844   -0.705  -53.325  -10.715   92.286    1604997592752
02     6.705    5.259   -1.316  -99.007  -12.108  -44.892    1604997592752
01     5.037   -6.844   -0.705  -53.327  -10.714   92.283    1604997592768
02     6.705    5.259   -1.317  -99.007  -12.111  -44.894    1604997592768
01     5.037   -6.844   -0.705  -53.325  -10.715   92.284    1604997592784
02     6.705    5.259   -1.316  -99.011  -12.111  -44.890    1604997592784
01     5.036   -6.844   -0.705  -53.327  -10.713   92.282    1604997592799
02     6.705    5.259   -1.316  -99.009  -12.109  -44.890    1604997592799
01     5.036   -6.844   -0.705  -53.325  -10.713   92.281    1604997592815
02     6.705    5.259   -1.316  -99.007  -12.111  -44.893    1604997592815
01     5.036   -6.844   -0.705  -53.325  -10.716   92.280    1604997592830
02     6.705    5.259   -1.316  -99.006  -12.112  -44.894    1604997592830
01     5.036   -6.844   -0.705  -53.330  -10.715   92.279    1604997592846
02     6.705    5.259   -1.316  -99.008  -12.110  -44.890    1604997592846
01     5.036   -6.844   -0.705  -53.330  -10.720   92.278    1604997592862
02     6.705    5.259   -1.316  -99.005  -12.109  -44.890    1604997592862
01     5.036   -6.844   -0.704  -53.329  -10.724   92.278    1604997592877
02     6.704    5.259   -1.316  -99.002  -12.108  -44.890    1604997592877
01     5.036   -6.844   -0.705  -53.331  -10.722   92.278    1604997592893
02     6.705    5.259   -1.316  -99.003  -12.108  -44.890    1604997592893
01     5.036   -6.844   -0.704  -53.333  -10.725   92.277    1604997592909
02     6.704    5.259   -1.316  -99.002  -12.106  -44.889    1604997592909
01     5.036   -6.844   -0.704  -53.328  -10.725   92.275    1604997592924
02     6.704    5.260   -1.316  -98.995  -12.102  -44.887    1604997592924
01     5.036   -6.844   -0.705  -53.331  -10.719   92.274    1604997592940
02     6.704    5.260   -1.316  -98.996  -12.106  -44.890    1604997592940
01     5.036   -6.845   -0.705  -53.333  -10.715   92.274    1604997592955
02     6.704    5.260   -1.316  -98.999  -12.108  -44.894    1604997592955
01     5.036   -6.845   -0.705  -53.333  -10.718   92.273    1604997592987
02     6.704    5.259   -1.316  -99.002  -12.111  -44.893    1604997592987
01     5.036   -6.844   -0.705  -53.331  -10.717   92.275    1604997593002
02     6.705    5.259   -1.316  -99.006  -12.108  -44.892    1604997593002
01     5.036   -6.845   -0.705  -53.335  -10.721   92.276    1604997593018
02     6.705    5.259   -1.316  -99.007  -12.104  -44.893    1604997593018
01     5.036   -6.845   -0.705  -53.334  -10.714   92.274    1604997593034
02     6.705    5.259   -1.316  -99.011  -12.106  -44.892    1604997593034
01     5.036   -6.845   -0.706  -53.335  -10.713   92.271    1604997593049
02     6.705    5.259   -1.316  -99.009  -12.109  -44.892    1604997593049
01     5.035   -6.845   -0.705  -53.340  -10.718   92.271    1604997593065
02     6.705    5.259   -1.316  -99.007  -12.109  -44.894    1604997593065
01     5.036   -6.845   -0.705  -53.334  -10.718   92.271    1604997593080
02     6.705    5.259   -1.316  -99.005  -12.109  -44.896    1604997593080
01     5.036   -6.844   -0.705  -53.330  -10.716   92.273    1604997593096
02     6.705    5.259   -1.316  -99.007  -12.110  -44.898    1604997593096
01     5.036   -6.844   -0.705  -53.332  -10.718   92.272    1604997593112
02     6.705    5.259   -1.316  -99.007  -12.109  -44.897    1604997593112
01     5.036   -6.845   -0.705  -53.334  -10.719   92.270    1604997593127
02     6.705    5.259   -1.316  -99.005  -12.111  -44.899    1604997593127
01     5.035   -6.845   -0.705  -53.336  -10.718   92.268    1604997593143
02     6.705    5.259   -1.316  -99.006  -12.110  -44.898    1604997593143
01     5.036   -6.845   -0.705  -53.335  -10.717   92.269    1604997593159
02     6.705    5.259   -1.316  -99.003  -12.108  -44.897    1604997593159
01     5.036   -6.844   -0.706  -53.331  -10.712   92.270    1604997593174
02     6.705    5.259   -1.316  -99.005  -12.111  -44.896    1604997593174
01     5.036   -6.844   -0.706  -53.331  -10.712   92.267    1604997593190
02     6.705    5.259   -1.316  -99.008  -12.108  -44.895    1604997593190
01     5.036   -6.844   -0.705  -53.332  -10.717   92.267    1604997593205
02     6.705    5.259   -1.316  -99.008  -12.109  -44.897    1604997593205
01     5.036   -6.845   -0.705  -53.333  -10.719   92.267    1604997593237
02     6.704    5.259   -1.317  -99.001  -12.113  -44.901    1604997593237
01     5.035   -6.845   -0.705  -53.337  -10.717   92.267    1604997593252
02     6.704    5.259   -1.317  -99.000  -12.113  -44.903    1604997593252
01     5.035   -6.845   -0.706  -53.338  -10.712   92.267    1604997593268
02     6.704    5.259   -1.317  -98.998  -12.111  -44.902    1604997593268
01     5.035   -6.845   -0.705  -53.336  -10.717   92.267    1604997593284
02     6.705    5.259   -1.317  -99.002  -12.112  -44.904    1604997593284
01     5.036   -6.845   -0.705  -53.335  -10.718   92.268    1604997593299
02     6.704    5.259   -1.317  -98.997  -12.115  -44.905    1604997593299
01     5.036   -6.845   -0.705  -53.334  -10.717   92.267    1604997593315
02     6.704    5.260   -1.316  -98.995  -12.107  -44.901    1604997593315
01     5.035   -6.845   -0.705  -53.336  -10.721   92.269    1604997593330
02     6.704    5.259   -1.316  -99.000  -12.108  -44.899    1604997593330
01     5.036   -6.845   -0.705  -53.332  -10.723   92.267    1604997593346
02     6.704    5.259   -1.316  -99.000  -12.107  -44.899    1604997593346
01     5.036   -6.844   -0.705  -53.328  -10.721   92.269    1604997593362
02     6.705    5.259   -1.316  -99.001  -12.107  -44.899    1604997593362
