01    15.128   -3.166  -10.954   55.384   31.318 -165.563    1598610692040
02     8.636   -3.617  -11.893  154.494   33.668 -152.820    1598610692040
01    15.123   -3.171  -10.962   55.396   31.328 -165.522    1598610692055
02     8.632   -3.618  -11.895  154.473   33.632 -152.833    1598610692055
01    15.122   -3.173  -10.961   55.416   31.323 -165.504    1598610692071
02     8.635   -3.619  -11.894  154.491   33.665 -152.839    1598610692071
01    15.122   -3.169  -10.958   55.442   31.311 -165.493    1598610692087
02     8.636   -3.623  -11.892  154.496   33.677 -152.830    1598610692087
01    15.124   -3.167  -10.955   55.468   31.293 -165.493    1598610692093
02     8.636   -3.625  -11.891  154.513   33.684 -152.813    1598610692093
01    15.122   -3.160  -10.964   55.581   31.306 -165.395    1598610692109
02     8.640   -3.623  -11.889  154.520   33.700 -152.847    1598610692109
01    15.119   -3.162  -10.965   55.578   31.331 -165.356    1598610692140
02     8.642   -3.623  -11.886  154.525   33.709 -152.846    1598610692140
01    15.121   -3.161  -10.957   55.568   31.292 -165.418    1598610692156
02     8.643   -3.614  -11.887  154.545   33.681 -152.879    1598610692156
01    15.124   -3.157  -10.958   55.613   31.283 -165.409    1598610692171
02     8.642   -3.617  -11.888  154.515   33.676 -152.874    1598610692171
01    15.122   -3.162  -10.959   55.557   31.279 -165.410    1598610692187
02     8.647   -3.615  -11.884  154.511   33.707 -152.897    1598610692187
01    15.122   -3.156  -10.959   55.591   31.253 -165.395    1598610692193
02     8.647   -3.615  -11.883  154.498   33.697 -152.899    1598610692193
01    15.123   -3.153  -10.959   55.589   31.248 -165.391    1598610692209
02     8.644   -3.615  -11.885  154.493   33.658 -152.903    1598610692209
01    15.123   -3.159  -10.953   55.523   31.256 -165.426    1598610692240
02     8.645   -3.614  -11.883  154.487   33.665 -152.904    1598610692240
01    15.124   -3.161  -10.951   55.512   31.271 -165.431    1598610692256
02     8.645   -3.615  -11.882  154.499   33.659 -152.889    1598610692256
01    15.124   -3.166  -10.951   55.504   31.307 -165.419    1598610692272
02     8.643   -3.615  -11.881  154.503   33.643 -152.874    1598610692272
01    15.126   -3.164  -10.949   55.510   31.281 -165.422    1598610692287
02     8.640   -3.614  -11.881  154.500   33.622 -152.882    1598610692287
01    15.123   -3.169  -10.948   55.511   31.308 -165.417    1598610692294
02     8.639   -3.620  -11.878  154.505   33.631 -152.851    1598610692294
01    15.120   -3.164  -10.951   55.568   31.300 -165.378    1598610692309
02     8.640   -3.620  -11.875  154.512   33.631 -152.862    1598610692309
01    15.116   -3.162  -10.951   55.568   31.320 -165.347    1598610692325
02     8.636   -3.624  -11.871  154.526   33.622 -152.831    1598610692325
01    15.111   -3.159  -10.956   55.659   31.341 -165.254    1598610692356
02     8.632   -3.625  -11.864  154.541   33.597 -152.824    1598610692356
01    15.111   -3.154  -10.953   55.717   31.306 -165.247    1598610692372
02     8.630   -3.618  -11.861  154.543   33.575 -152.853    1598610692372
01    15.110   -3.150  -10.949   55.727   31.317 -165.252    1598610692388
02     8.633   -3.615  -11.854  154.534   33.571 -152.884    1598610692388
01    15.109   -3.141  -10.944   55.767   31.311 -165.225    1598610692394
02     8.630   -3.616  -11.848  154.540   33.553 -152.878    1598610692394
01    15.108   -3.144  -10.940   55.815   31.340 -165.195    1598610692410
02     8.627   -3.618  -11.844  154.561   33.527 -152.871    1598610692410
01    15.099   -3.147  -10.942   55.801   31.370 -165.159    1598610692425
02     8.635   -3.617  -11.835  154.559   33.560 -152.898    1598610692425
01    15.089   -3.144  -10.955   55.967   31.402 -164.853    1598610692457
02     8.632   -3.620  -11.833  154.554   33.544 -152.912    1598610692457
01    15.094   -3.150  -10.944   55.868   31.398 -165.056    1598610692472
02     8.626   -3.622  -11.833  154.541   33.517 -152.894    1598610692472
01    15.089   -3.160  -10.943   55.782   31.446 -165.041    1598610692488
02     8.630   -3.619  -11.829  154.554   33.540 -152.907    1598610692488
01    15.089   -3.167  -10.940   55.712   31.470 -165.084    1598610692494
02     8.623   -3.626  -11.831  154.577   33.521 -152.854    1598610692494
01    15.089   -3.157  -10.938   55.858   31.368 -165.011    1598610692510
02     8.622   -3.628  -11.830  154.596   33.530 -152.834    1598610692510
01    15.089   -3.162  -10.935   55.818   31.379 -165.051    1598610692526
02     8.626   -3.631  -11.827  154.588   33.560 -152.847    1598610692526
01    15.087   -3.162  -10.935   55.802   31.378 -165.077    1598610692557
02     8.621   -3.624  -11.832  154.599   33.514 -152.856    1598610692557
01    15.089   -3.162  -10.932   55.794   31.422 -165.143    1598610692573
02     8.617   -3.623  -11.836  154.614   33.495 -152.844    1598610692573
01    15.091   -3.159  -10.930   55.806   31.358 -165.158    1598610692588
02     8.616   -3.625  -11.837  154.613   33.494 -152.842    1598610692588
01    15.092   -3.152  -10.931   55.835   31.311 -165.151    1598610692595
02     8.615   -3.630  -11.839  154.611   33.501 -152.810    1598610692595
01    15.096   -3.157  -10.927   55.774   31.329 -165.221    1598610692610
02     8.613   -3.628  -11.843  154.608   33.507 -152.824    1598610692610
01    15.102   -3.150  -10.924   55.787   31.235 -165.252    1598610692626
02     8.615   -3.628  -11.845  154.607   33.529 -152.821    1598610692626
01    15.098   -3.156  -10.930   55.731   31.273 -165.224    1598610692657
02     8.615   -3.631  -11.847  154.629   33.550 -152.795    1598610692657
01    15.096   -3.152  -10.935   55.747   31.277 -165.216    1598610692673
02     8.618   -3.629  -11.851  154.625   33.559 -152.812    1598610692673
01    15.098   -3.149  -10.939   55.748   31.286 -165.229    1598610692688
02     8.612   -3.627  -11.867  154.633   33.534 -152.804    1598610692688
01    15.091   -3.156  -10.954   55.737   31.367 -165.170    1598610692695
02     8.616   -3.627  -11.872  154.659   33.560 -152.785    1598610692695
01    15.094   -3.161  -10.955   55.669   31.377 -165.239    1598610692711
02     8.617   -3.624  -11.882  154.657   33.571 -152.794    1598610692711
01    15.086   -3.165  -10.970   55.636   31.410 -165.234    1598610692726
02     8.613   -3.628  -11.891  154.649   33.580 -152.792    1598610692726
01    15.093   -3.170  -10.964   55.590   31.387 -165.303    1598610692758
02     8.625   -3.636  -11.884  154.671   33.696 -152.797    1598610692758
01    15.094   -3.169  -10.968   55.569   31.389 -165.323    1598610692773
02     8.624   -3.628  -11.893  154.685   33.700 -152.822    1598610692773
01    15.096   -3.164  -10.973   55.562   31.373 -165.332    1598610692789
02     8.625   -3.616  -11.898  154.671   33.682 -152.884    1598610692789
01    15.087   -3.170  -10.988   55.539   31.434 -165.334    1598610692795
02     8.624   -3.623  -11.900  154.686   33.709 -152.845    1598610692795
01    15.085   -3.166  -11.002   55.539   31.455 -165.316    1598610692811
02     8.616   -3.628  -11.906  154.686   33.695 -152.802    1598610692811
01    15.090   -3.184  -10.994   55.328   31.541 -165.487    1598610692827
02     8.619   -3.619  -11.910  154.697   33.702 -152.826    1598610692827
01    15.091   -3.184  -10.993   55.296   31.507 -165.542    1598610692842
02     8.623   -3.625  -11.909  154.665   33.734 -152.804    1598610692842
01    15.091   -3.175  -11.001   55.402   31.463 -165.456    1598610692873
02     8.619   -3.626  -11.915  154.636   33.713 -152.801    1598610692873
01    15.095   -3.175  -10.993   55.313   31.414 -165.545    1598610692889
02     8.624   -3.618  -11.916  154.608   33.735 -152.854    1598610692889
01    15.110   -3.165  -10.980   55.293   31.339 -165.706    1598610692896
02     8.625   -3.614  -11.919  154.599   33.724 -152.875    1598610692896
01    15.115   -3.188  -10.974   55.101   31.397 -165.820    1598610692911
02     8.625   -3.615  -11.922  154.594   33.724 -152.872    1598610692911
01    15.114   -3.177  -10.981   55.199   31.394 -165.740    1598610692927
02     8.622   -3.615  -11.927  154.602   33.721 -152.857    1598610692927
01    15.118   -3.168  -10.981   55.227   31.348 -165.773    1598610692942
02     8.624   -3.610  -11.929  154.615   33.717 -152.875    1598610692942
01    15.119   -3.166  -10.980   55.226   31.352 -165.808    1598610692974
02     8.623   -3.609  -11.931  154.612   33.719 -152.881    1598610692974
01    15.119   -3.160  -10.985   55.258   31.344 -165.789    1598610692989
02     8.624   -3.602  -11.933  154.610   33.716 -152.905    1598610692989
01    15.121   -3.153  -10.989   55.305   31.307 -165.758    1598610692996
02     8.625   -3.611  -11.931  154.618   33.739 -152.868    1598610692996
01    15.116   -3.160  -10.994   55.255   31.364 -165.734    1598610693011
02     8.626   -3.613  -11.930  154.622   33.756 -152.854    1598610693011
01    15.111   -3.158  -11.000   55.301   31.393 -165.677    1598610693027
02     8.621   -3.618  -11.931  154.620   33.750 -152.816    1598610693027
01    15.111   -3.156  -11.003   55.331   31.395 -165.654    1598610693043
02     8.619   -3.614  -11.933  154.634   33.738 -152.805    1598610693043
01    15.114   -3.156  -10.999   55.306   31.377 -165.706    1598610693074
02     8.622   -3.610  -11.930  154.626   33.747 -152.826    1598610693074
01    15.109   -3.163  -11.005   55.271   31.400 -165.672    1598610693090
02     8.622   -3.605  -11.933  154.612   33.739 -152.843    1598610693090
01    15.106   -3.162  -11.009   55.257   31.423 -165.653    1598610693096
02     8.618   -3.608  -11.935  154.598   33.726 -152.836    1598610693096
01    15.103   -3.158  -11.015   55.273   31.416 -165.617    1598610693112
02     8.621   -3.611  -11.932  154.603   33.757 -152.806    1598610693112
01    15.105   -3.168  -11.006   55.211   31.437 -165.694    1598610693127
02     8.620   -3.611  -11.932  154.614   33.773 -152.797    1598610693127
01    15.106   -3.156  -11.009   55.281   31.413 -165.657    1598610693143
02     8.619   -3.612  -11.932  154.618   33.775 -152.786    1598610693143
01    15.101   -3.159  -11.011   55.281   31.451 -165.644    1598610693174
02     8.619   -3.610  -11.933  154.610   33.770 -152.800    1598610693174
01    15.098   -3.166  -11.011   55.241   31.474 -165.654    1598610693190
02     8.614   -3.610  -11.935  154.610   33.735 -152.778    1598610693190
01    15.095   -3.170  -11.014   55.248   31.484 -165.617    1598610693196
02     8.613   -3.608  -11.934  154.610   33.726 -152.789    1598610693196
01    15.096   -3.160  -11.014   55.308   31.460 -165.604    1598610693212
02     8.613   -3.606  -11.933  154.610   33.719 -152.801    1598610693212
01    15.092   -3.159  -11.013   55.319   31.482 -165.593    1598610693228
02     8.616   -3.605  -11.928  154.609   33.751 -152.804    1598610693228
01    15.094   -3.163  -11.008   55.288   31.480 -165.621    1598610693243
02     8.617   -3.606  -11.924  154.596   33.768 -152.808    1598610693243
01    15.091   -3.169  -11.002   55.259   31.514 -165.632    1598610693259
02     8.613   -3.606  -11.924  154.605   33.745 -152.789    1598610693259
01    15.090   -3.163  -11.001   55.293   31.507 -165.612    1598610693290
02     8.611   -3.608  -11.921  154.629   33.746 -152.760    1598610693290
01    15.090   -3.158  -11.001   55.319   31.495 -165.620    1598610693297
02     8.607   -3.607  -11.922  154.609   33.722 -152.772    1598610693297
01    15.090   -3.154  -10.997   55.337   31.480 -165.629    1598610693312
02     8.605   -3.601  -11.924  154.625   33.700 -152.782    1598610693312
01    15.092   -3.144  -10.995   55.376   31.449 -165.622    1598610693328
02     8.602   -3.599  -11.923  154.618   33.695 -152.775    1598610693328
01    15.093   -3.143  -10.992   55.375   31.442 -165.627    1598610693344
02     8.601   -3.600  -11.923  154.604   33.694 -152.771    1598610693344
01    15.093   -3.144  -10.992   55.371   31.433 -165.615    1598610693359
02     8.601   -3.599  -11.922  154.614   33.692 -152.757    1598610693359
01    15.091   -3.146  -10.991   55.369   31.438 -165.604    1598610693390
02     8.602   -3.601  -11.919  154.608   33.709 -152.738    1598610693390
01    15.089   -3.147  -10.996   55.379   31.455 -165.582    1598610693397
02     8.604   -3.602  -11.917  154.611   33.715 -152.724    1598610693397
01    15.083   -3.154  -11.002   55.371   31.510 -165.536    1598610693413
02     8.604   -3.601  -11.915  154.594   33.722 -152.736    1598610693413
01    15.078   -3.147  -11.011   55.448   31.516 -165.451    1598610693428
02     8.601   -3.600  -11.917  154.593   33.704 -152.718    1598610693428
01    15.073   -3.148  -11.020   55.460   31.549 -165.390    1598610693444
02     8.600   -3.597  -11.918  154.580   33.691 -152.733    1598610693444
01    15.071   -3.151  -11.018   55.412   31.540 -165.410    1598610693459
02     8.600   -3.596  -11.919  154.571   33.690 -152.738    1598610693459
01    15.074   -3.147  -11.017   55.422   31.500 -165.438    1598610693491
02     8.596   -3.592  -11.922  154.578   33.669 -152.742    1598610693491
01    15.074   -3.152  -11.014   55.379   31.525 -165.454    1598610693498
02     8.598   -3.594  -11.920  154.571   33.692 -152.743    1598610693498
01    15.074   -3.149  -11.015   55.390   31.526 -165.455    1598610693514
02     8.601   -3.589  -11.918  154.573   33.710 -152.770    1598610693514
01    15.068   -3.154  -11.021   55.379   31.548 -165.409    1598610693529
02     8.600   -3.588  -11.920  154.555   33.700 -152.783    1598610693529
01    15.069   -3.153  -11.020   55.382   31.549 -165.422    1598610693545
02     8.599   -3.582  -11.922  154.554   33.686 -152.796    1598610693545
01    15.075   -3.150  -11.010   55.373   31.512 -165.496    1598610693560
02     8.599   -3.586  -11.921  154.540   33.694 -152.787    1598610693560
01    15.074   -3.145  -11.011   55.397   31.486 -165.467    1598610693576
02     8.594   -3.582  -11.926  154.529   33.650 -152.796    1598610693576
01    15.072   -3.141  -11.015   55.429   31.474 -165.411    1598610693598
02     8.597   -3.582  -11.924  154.513   33.674 -152.805    1598610693598
01    15.078   -3.124  -11.012   55.490   31.420 -165.419    1598610693614
02     8.598   -3.579  -11.925  154.502   33.674 -152.827    1598610693614
01    15.078   -3.124  -11.010   55.487   31.408 -165.428    1598610693629
02     8.597   -3.572  -11.930  154.474   33.655 -152.865    1598610693629
01    15.077   -3.121  -11.011   55.513   31.411 -165.422    1598610693645
02     8.598   -3.570  -11.930  154.409   33.660 -152.896    1598610693645
01    15.081   -3.110  -11.014   55.553   31.365 -165.397    1598610693660
02     8.599   -3.567  -11.928  154.405   33.669 -152.912    1598610693660
01    15.087   -3.106  -11.006   55.517   31.357 -165.479    1598610693676
02     8.596   -3.567  -11.928  154.415   33.659 -152.894    1598610693676
01    15.073   -3.124  -11.020   55.451   31.471 -165.428    1598610693698
02     8.592   -3.568  -11.929  154.424   33.630 -152.869    1598610693698
01    15.075   -3.123  -11.009   55.429   31.444 -165.476    1598610693714
02     8.594   -3.573  -11.923  154.449   33.665 -152.835    1598610693714
01    15.072   -3.123  -11.008   55.411   31.388 -165.472    1598610693730
02     8.589   -3.574  -11.923  154.470   33.646 -152.807    1598610693730
01    15.072   -3.122  -11.002   55.402   31.364 -165.487    1598610693745
02     8.587   -3.571  -11.921  154.476   33.636 -152.817    1598610693745
01    15.068   -3.109  -11.006   55.477   31.357 -165.452    1598610693761
02     8.586   -3.570  -11.918  154.486   33.628 -152.809    1598610693761
01    15.065   -3.096  -11.008   55.562   31.324 -165.391    1598610693776
02     8.585   -3.561  -11.915  154.494   33.624 -152.848    1598610693776
01    15.062   -3.097  -11.003   55.539   31.331 -165.392    1598610693799
02     8.578   -3.561  -11.912  154.516   33.591 -152.823    1598610693799
01    15.057   -3.099  -11.002   55.537   31.339 -165.374    1598610693814
02     8.578   -3.562  -11.903  154.495   33.594 -152.829    1598610693814
01    15.050   -3.110  -11.006   55.507   31.368 -165.335    1598610693830
02     8.572   -3.563  -11.900  154.482   33.570 -152.820    1598610693830
01    15.049   -3.101  -11.006   55.559   31.357 -165.306    1598610693845
02     8.565   -3.558  -11.901  154.491   33.510 -152.811    1598610693845
01    15.047   -3.103  -11.006   55.555   31.374 -165.302    1598610693861
02     8.558   -3.551  -11.906  154.462   33.436 -152.832    1598610693861
01    15.042   -3.110  -11.009   55.538   31.406 -165.285    1598610693877
02     8.550   -3.554  -11.912  154.441   33.388 -152.782    1598610693877
01    15.040   -3.107  -11.015   55.558   31.422 -165.275    1598610693899
02     8.556   -3.556  -11.910  154.482   33.448 -152.758    1598610693899
01    15.047   -3.096  -11.011   55.593   31.394 -165.332    1598610693914
02     8.556   -3.559  -11.911  154.453   33.476 -152.742    1598610693914
01    15.044   -3.101  -11.013   55.572   31.402 -165.317    1598610693930
02     8.556   -3.554  -11.915  154.427   33.450 -152.773    1598610693930
01    15.042   -3.102  -11.015   55.542   31.412 -165.298    1598610693946
02     8.558   -3.546  -11.918  154.410   33.446 -152.827    1598610693946
01    15.037   -3.101  -11.024   55.557   31.450 -165.254    1598610693961
02     8.557   -3.542  -11.922  154.383   33.437 -152.850    1598610693961
01    15.038   -3.103  -11.026   55.526   31.459 -165.265    1598610693977
02     8.560   -3.535  -11.923  154.385   33.438 -152.854    1598610693977
01    15.043   -3.088  -11.026   55.573   31.413 -165.259    1598610693999
02     8.560   -3.531  -11.924  154.386   33.457 -152.844    1598610693999
01    15.044   -3.086  -11.026   55.573   31.395 -165.253    1598610694015
02     8.565   -3.522  -11.925  154.387   33.466 -152.881    1598610694015
01    15.048   -3.088  -11.018   55.503   31.355 -165.331    1598610694030
02     8.564   -3.523  -11.926  154.385   33.457 -152.868    1598610694030
01    15.050   -3.080  -11.016   55.520   31.303 -165.329    1598610694046
02     8.568   -3.522  -11.924  154.362   33.475 -152.879    1598610694046
01    15.052   -3.087  -11.015   55.444   31.321 -165.351    1598610694062
02     8.562   -3.518  -11.929  154.344   33.430 -152.880    1598610694062
01    15.055   -3.085  -11.013   55.420   31.331 -165.380    1598610694077
02     8.569   -3.520  -11.923  154.297   33.459 -152.902    1598610694077
01    15.061   -3.088  -11.007   55.387   31.309 -165.416    1598610694099
02     8.573   -3.520  -11.920  154.309   33.487 -152.900    1598610694099
01    15.059   -3.090  -11.009   55.406   31.340 -165.387    1598610694115
02     8.568   -3.528  -11.922  154.318   33.475 -152.864    1598610694115
01    15.059   -3.094  -11.005   55.372   31.355 -165.415    1598610694131
02     8.570   -3.526  -11.922  154.326   33.475 -152.876    1598610694131
01    15.063   -3.092  -11.004   55.382   31.333 -165.437    1598610694146
02     8.574   -3.532  -11.918  154.350   33.497 -152.862    1598610694146
01    15.063   -3.093  -11.005   55.380   31.329 -165.434    1598610694162
02     8.573   -3.539  -11.918  154.352   33.503 -152.847    1598610694162
01    15.067   -3.092  -11.000   55.388   31.328 -165.464    1598610694178
02     8.574   -3.545  -11.917  154.359   33.522 -152.835    1598610694178
01    15.067   -3.088  -11.004   55.447   31.331 -165.440    1598610694200
02     8.583   -3.546  -11.911  154.374   33.572 -152.863    1598610694200
01    15.061   -3.101  -11.013   55.422   31.403 -165.415    1598610694215
02     8.582   -3.549  -11.914  154.417   33.559 -152.842    1598610694215
01    15.061   -3.106  -11.012   55.416   31.422 -165.422    1598610694231
02     8.587   -3.549  -11.912  154.471   33.615 -152.850    1598610694231
01    15.068   -3.096  -11.007   55.473   31.377 -165.441    1598610694247
02     8.584   -3.553  -11.915  154.488   33.581 -152.846    1598610694247
01    15.071   -3.097  -11.007   55.461   31.355 -165.438    1598610694262
02     8.588   -3.554  -11.912  154.506   33.624 -152.864    1598610694262
01    15.073   -3.097  -11.006   55.468   31.338 -165.444    1598610694278
02     8.586   -3.556  -11.915  154.509   33.596 -152.869    1598610694278
01    15.073   -3.104  -11.006   55.445   31.354 -165.455    1598610694300
02     8.584   -3.562  -11.917  154.535   33.595 -152.844    1598610694300
01    15.073   -3.110  -11.010   55.429   31.397 -165.463    1598610694316
02     8.580   -3.578  -11.921  154.622   33.587 -152.741    1598610694316
01    15.074   -3.134  -11.008   55.358   31.450 -165.515    1598610694331
02     8.581   -3.582  -11.922  154.759   33.614 -152.662    1598610694331
01    15.077   -3.122  -11.012   55.412   31.464 -165.528    1598610694347
02     8.589   -3.592  -11.917  154.846   33.674 -152.609    1598610694347
01    15.081   -3.114  -11.009   55.425   31.454 -165.549    1598610694362
02     8.590   -3.603  -11.913  154.877   33.713 -152.552    1598610694362
01    15.080   -3.118  -11.008   55.418   31.448 -165.550    1598610694378
02     8.590   -3.596  -11.915  154.836   33.670 -152.601    1598610694378
01    15.083   -3.125  -11.001   55.390   31.446 -165.588    1598610694400
02     8.591   -3.593  -11.912  154.863   33.651 -152.613    1598610694400
01    15.088   -3.138  -10.991   55.334   31.422 -165.639    1598610694416
02     8.588   -3.599  -11.909  154.827   33.625 -152.612    1598610694416
01    15.081   -3.142  -10.997   55.338   31.479 -165.619    1598610694431
02     8.585   -3.599  -11.910  154.819   33.562 -152.606    1598610694431
01    15.080   -3.135  -10.999   55.387   31.477 -165.592    1598610694447
02     8.591   -3.597  -11.904  154.821   33.574 -152.647    1598610694447
01    15.079   -3.147  -10.999   55.349   31.498 -165.601    1598610694463
02     8.586   -3.604  -11.907  154.854   33.548 -152.583    1598610694463
01    15.077   -3.143  -11.007   55.389   31.505 -165.576    1598610694478
02     8.590   -3.607  -11.903  154.858   33.600 -152.588    1598610694478
01    15.078   -3.140  -11.013   55.380   31.537 -165.595    1598610694500
02     8.590   -3.614  -11.901  154.896   33.615 -152.557    1598610694500
01    15.082   -3.142  -11.017   55.341   31.641 -165.684    1598610694516
02     8.592   -3.614  -11.903  154.913   33.605 -152.550    1598610694516
01    15.085   -3.144  -11.016   55.251   31.673 -165.839    1598610694532
02     8.590   -3.621  -11.904  154.931   33.600 -152.499    1598610694532
01    15.081   -3.144  -11.019   55.294   31.756 -165.811    1598610694547
02     8.587   -3.638  -11.905  154.933   33.612 -152.449    1598610694547
01    15.084   -3.138  -11.020   55.340   31.687 -165.882    1598610694563
02     8.579   -3.637  -11.920  154.990   33.590 -152.426    1598610694563
01    15.082   -3.148  -11.030   55.195   31.880 -166.070    1598610694579
02     8.582   -3.652  -11.932  155.247   33.700 -152.271    1598610694579
01    15.077   -3.171  -11.069   55.046   32.354 -166.454    1598610694601
02     8.580   -3.687  -11.957  155.714   33.877 -151.846    1598610694601
01    15.075   -3.216  -11.099   54.740   32.854 -166.929    1598610694616
02     8.586   -3.721  -11.994  156.117   34.092 -151.491    1598610694616
01    15.103   -3.236  -11.075   54.532   32.861 -167.497    1598610694632
02     8.595   -3.746  -12.020  156.309   34.321 -151.407    1598610694632
01    15.096   -3.249  -11.094   54.658   32.855 -167.432    1598610694648
02     8.603   -3.765  -12.045  156.327   34.439 -151.312    1598610694648
01    15.090   -3.245  -11.101   54.854   32.683 -167.352    1598610694663
02     8.629   -3.764  -12.057  156.224   34.604 -151.337    1598610694663
01    15.085   -3.217  -11.099   55.271   32.401 -167.309    1598610694679
02     8.643   -3.745  -12.084  155.905   34.670 -151.531    1598610694679
01    15.060   -3.177  -11.130   55.830   32.297 -167.117    1598610694701
02     8.661   -3.747  -12.108  155.529   34.806 -151.744    1598610694701
01    15.048   -3.161  -11.139   56.234   32.217 -167.223    1598610694717
02     8.688   -3.745  -12.120  155.076   35.019 -151.998    1598610694717
01    15.028   -3.152  -11.134   56.715   32.363 -167.432    1598610694732
02     8.710   -3.740  -12.133  154.674   35.183 -152.225    1598610694732
01    14.976   -3.096  -11.155   58.125   32.322 -167.122    1598610694748
02     8.735   -3.745  -12.151  154.067   35.356 -152.627    1598610694748
01    14.883   -3.052  -11.163   59.764   32.429 -166.909    1598610694764
02     8.767   -3.748  -12.168  153.480   35.477 -153.062    1598610694764
01    14.724   -3.014  -11.168   62.020   32.621 -166.483    1598610694779
02     8.797   -3.734  -12.237  152.096   35.585 -153.775    1598610694779
01    14.464   -2.933  -11.172   65.800   32.349 -165.247    1598610694801
02     8.902   -3.665  -12.355  148.696   36.187 -155.983    1598610694801
01    14.203   -2.800  -11.187   70.656   31.768 -163.931    1598610694817
02     9.126   -3.578  -12.385  143.831   37.424 -159.449    1598610694817
01    14.033   -2.696  -11.241   74.322   31.743 -163.683    1598610694833
02     9.353   -3.488  -12.357  138.903   38.110 -162.755    1598610694833
01    13.865   -2.763  -11.348   76.671   32.939 -163.443    1598610694848
02     9.635   -3.326  -12.277  132.640   37.647 -166.276    1598610694848
01    13.589   -3.036  -11.377   79.276   35.060 -162.953    1598610694864
02    10.251   -3.034  -12.024  118.706   35.083 -174.036    1598610694864
01    13.291   -3.258  -11.305   85.265   36.827 -161.740    1598610694879
02    11.125   -2.804  -11.565   97.135   25.644  174.807    1598610694879
01    12.984   -3.122  -11.387   95.263   36.342 -157.521    1598610694902
02    11.666   -2.671  -11.221   76.136    7.663  169.947    1598610694902
01    12.838   -3.017  -11.353  100.078   34.287 -158.357    1598610694917
02    11.724   -2.694  -11.250   79.270    7.771  165.952    1598610694917
01    12.727   -2.849  -11.459  103.082   32.311 -158.002    1598610694933
02    11.635   -2.736  -11.368   81.196    7.865  167.111    1598610694933
01    12.707   -2.841  -11.532  103.148   32.323 -158.692    1598610694948
02    11.656   -2.809  -11.404   81.821    7.943  168.482    1598610694948
01    12.727   -2.904  -11.563  102.506   32.949 -159.614    1598610694964
02    11.667   -2.878  -11.436   81.773    7.617  169.936    1598610694964
01    12.739   -2.975  -11.578  101.873   33.206 -160.720    1598610694980
02    11.655   -2.900  -11.484   82.020    7.096  170.975    1598610694980
01    12.748   -2.981  -11.599  101.784   32.980 -161.920    1598610695002
02    11.630   -2.906  -11.558   82.412    6.839  171.204    1598610695002
01    12.751   -2.994  -11.628  101.937   33.053 -162.729    1598610695017
02    11.637   -2.897  -11.616   82.949    7.033  170.675    1598610695017
01    12.752   -3.027  -11.664  102.209   33.688 -163.166    1598610695033
02    11.631   -2.933  -11.684   83.411    7.801  169.965    1598610695033
01    12.743   -3.065  -11.715  102.602   34.459 -163.088    1598610695049
02    11.605   -3.012  -11.760   83.774    8.866  169.465    1598610695049
01    12.727   -3.140  -11.788  102.973   35.626 -162.373    1598610695064
02    11.590   -3.076  -11.829   84.134    9.938  169.192    1598610695064
01    12.721   -3.206  -11.918  103.299   36.988 -160.962    1598610695080
02    11.571   -3.126  -11.922   84.389   11.154  169.384    1598610695080
01    12.765   -3.307  -12.086  103.141   38.946 -158.908    1598610695102
02    11.564   -3.207  -12.041   84.001   12.702  169.825    1598610695102
01    12.797   -3.551  -12.350  101.958   41.240 -156.743    1598610695118
02    11.589   -3.273  -12.226   82.720   14.293  169.776    1598610695118
01    13.041   -3.552  -12.486   98.440   43.158 -157.446    1598610695133
02    11.264   -3.364  -12.630   82.420   17.027  169.788    1598610695133
01    13.676   -3.452  -12.349   89.345   42.903 -163.459    1598610695149
02    10.336   -3.752  -13.287   92.703   27.778  174.519    1598610695149
01    14.473   -3.575  -11.976   72.924   39.392 -173.613    1598610695165
02     9.420   -4.608  -13.517  116.031   41.573 -171.388    1598610695165
01    15.110   -3.966  -11.633   54.664   33.849  177.663    1598610695180
02     8.735   -5.382  -13.450  145.979   45.025 -151.053    1598610695180
01    15.357   -4.413  -11.654   43.385   33.054  174.004    1598610695202
02     8.818   -5.371  -13.159  162.537   44.918 -142.237    1598610695202
01    15.435   -4.736  -11.764   37.458   34.646  171.989    1598610695218
02     8.709   -5.364  -12.997  166.968   41.859 -138.787    1598610695218
01    15.513   -4.849  -11.819   34.759   35.055  170.783    1598610695234
02     8.520   -5.495  -12.996  171.967   38.567 -134.572    1598610695234
01    15.588   -4.894  -11.851   33.174   34.895  169.692    1598610695249
02     8.480   -5.674  -13.044  176.013   38.401 -132.061    1598610695249
01    15.701   -4.884  -11.813   32.097   33.745  168.800    1598610695265
02     8.547   -5.741  -13.103  179.795   39.062 -130.693    1598610695265
01    15.775   -4.823  -11.813   32.016   32.799  169.150    1598610695281
02     8.668   -5.739  -13.119 -177.874   39.841 -129.782    1598610695281
01    15.839   -4.702  -11.805   32.891   31.864  170.227    1598610695303
02     8.740   -5.725  -13.134 -176.519   39.792 -129.000    1598610695303
01    15.804   -4.596  -11.868   34.388   31.743  171.822    1598610695318
02     8.760   -5.796  -13.128 -174.215   38.865 -127.103    1598610695318
01    15.803   -4.531  -11.886   35.303   31.464  172.134    1598610695334
02     8.766   -5.888  -13.136 -171.792   38.034 -125.354    1598610695334
01    15.821   -4.488  -11.882   35.618   31.335  171.711    1598610695350
02     8.773   -5.988  -13.155 -169.882   37.832 -123.657    1598610695350
01    15.798   -4.468  -11.905   35.884   31.312  171.662    1598610695365
02     8.809   -6.015  -13.182 -168.992   38.389 -123.101    1598610695365
01    15.766   -4.363  -11.908   37.304   30.845  172.403    1598610695381
02     8.884   -5.929  -13.230 -170.767   40.071 -124.344    1598610695381
01    15.639   -4.205  -11.909   40.528   30.649  175.027    1598610695403
02     9.016   -5.686  -13.326 -178.347   43.712 -129.511    1598610695403
01    15.381   -4.026  -11.875   46.280   30.963  179.188    1598610695419
02     9.330   -5.189  -13.386  166.158   48.503 -142.542    1598610695419
01    14.832   -3.835  -11.815   57.399   31.450 -173.255    1598610695434
02     9.904   -4.395  -13.202  147.225   48.763 -156.907    1598610695434
01    14.144   -3.750  -11.695   71.295   31.707 -164.969    1598610695450
02    10.463   -3.747  -12.855  128.024   44.051 -168.158    1598610695450
01    13.532   -3.720  -11.505   85.715   31.953 -158.276    1598610695465
02    11.193   -3.092  -12.499  101.995   31.168  179.608    1598610695465
01    12.862   -3.088  -11.919  102.516   29.013 -148.571    1598610695481
02    11.150   -2.739  -12.750   80.360   18.225  175.289    1598610695481
01    12.630   -3.004  -11.950  107.072   29.430 -148.810    1598610695503
02    11.373   -2.964  -12.501   79.392   18.378  173.386    1598610695503
01    12.563   -2.921  -11.916  108.335   29.365 -150.665    1598610695519
02    11.514   -2.966  -12.351   80.558   17.893  171.840    1598610695519
01    12.546   -2.902  -11.864  108.488   29.541 -152.312    1598610695535
02    11.554   -2.976  -12.293   81.322   17.690  170.866    1598610695535
01    12.517   -2.915  -11.842  108.664   29.724 -153.300    1598610695550
02    11.542   -3.006  -12.276   82.052   17.827  170.742    1598610695550
01    12.499   -2.947  -11.806  109.035   30.227 -154.148    1598610695566
02    11.535   -3.051  -12.247   82.830   18.149  170.642    1598610695566
01    12.478   -2.945  -11.781  109.368   30.395 -154.863    1598610695581
02    11.506   -3.079  -12.244   83.629   18.405  170.665    1598610695581
01    12.480   -2.914  -11.775  109.634   30.561 -155.301    1598610695604
02    11.478   -3.083  -12.261   84.297   18.752  170.741    1598610695604
01    12.463   -2.888  -11.808  109.728   30.859 -155.065    1598610695619
02    11.459   -3.046  -12.301   84.697   19.135  170.729    1598610695619
01    12.489   -2.814  -11.890  109.447   31.523 -154.255    1598610695635
02    11.438   -3.014  -12.412   84.292   20.181  170.751    1598610695635
01    12.569   -2.795  -12.016  107.879   32.944 -152.627    1598610695650
02    11.394   -3.063  -12.572   82.802   22.493  170.740    1598610695650
01    12.759   -2.673  -12.199  104.113   33.908 -152.405    1598610695666
02    11.087   -3.178  -12.890   85.654   27.684  172.523    1598610695666
01    13.294   -2.618  -12.125   94.589   33.888 -156.768    1598610695682
02    10.357   -3.642  -13.294   95.930   36.525  177.704    1598610695682
01    14.106   -2.804  -11.804   77.076   31.184 -165.293    1598610695704
02     9.549   -4.394  -13.351  119.435   46.212 -167.846    1598610695704
01    14.797   -3.243  -11.496   59.668   27.152 -172.671    1598610695719
02     9.118   -4.738  -13.160  147.386   46.751 -150.699    1598610695719
01    15.154   -3.634  -11.420   49.887   26.798 -176.648    1598610695735
02     8.898   -4.820  -12.956  158.988   43.740 -143.379    1598610695735
01    15.326   -3.892  -11.464   44.569   28.321 -179.267    1598610695751
02     8.535   -5.030  -12.965  165.928   40.193 -138.106    1598610695751
01    15.487   -3.983  -11.443   41.325   28.642  178.564    1598610695766
02     8.417   -5.260  -13.046  171.133   40.410 -135.688    1598610695766
01    15.586   -4.041  -11.423   39.270   28.268  177.264    1598610695782
02     8.508   -5.408  -13.063  175.796   42.068 -134.146    1598610695782
01    15.643   -4.081  -11.406   37.805   27.813  176.162    1598610695804
02     8.623   -5.485  -13.060  179.702   43.266 -132.783    1598610695804
01    15.701   -4.152  -11.413   36.330   27.635  175.068    1598610695820
02     8.696   -5.553  -13.043 -177.312   43.624 -131.351    1598610695820
01    15.743   -4.277  -11.439   34.641   28.208  173.888    1598610695835
02     8.742   -5.573  -13.005 -175.390   43.427 -130.303    1598610695835
01    15.774   -4.345  -11.473   33.523   28.923  173.192    1598610695856
02     8.743   -5.594  -12.960 -173.818   42.318 -129.120    1598610695856
01    15.732   -4.285  -11.551   34.073   29.527  173.733    1598610695872
02     8.731   -5.617  -12.942 -173.158   41.584 -128.480    1598610695872
01    15.631   -4.081  -11.568   37.229   29.226  175.830    1598610695888
02     8.782   -5.529  -12.958 -174.699   42.381 -130.120    1598610695888
01    15.451   -3.814  -11.508   42.613   28.514  179.763    1598610695904
02     8.871   -5.343  -12.985  179.480   44.243 -134.825    1598610695904
01    15.153   -3.572  -11.390   49.867   27.392 -174.725    1598610695920
02     9.017   -5.050  -12.958  170.710   45.631 -142.245    1598610695920
01    14.701   -3.449  -11.282   58.515   26.643 -168.314    1598610695936
02     9.399   -4.476  -12.736  158.225   46.047 -152.196    1598610695936
01    14.126   -3.481  -11.178   69.578   26.832 -161.753    1598610695951
02    10.004   -3.724  -12.339  137.240   41.872 -162.730    1598610695951
01    13.504   -3.507  -10.975   86.282   28.830 -154.348    1598610695967
02    10.731   -2.795  -12.244  107.054   27.173 -173.781    1598610695967
01    12.896   -2.969  -11.364  106.218   27.541 -144.668    1598610695982
02    11.054   -3.026  -12.235   87.160   24.108  178.119    1598610695982
01    12.525   -2.806  -11.595  112.376   27.138 -143.061    1598610696005
02    11.248   -2.890  -12.153   85.928   21.843  176.785    1598610696005
01    12.400   -2.731  -11.656  112.741   26.782 -145.364    1598610696020
02    11.354   -2.817  -12.110   85.887   20.869  175.024    1598610696020
01    12.408   -2.704  -11.625  112.065   26.949 -147.268    1598610696036
02    11.404   -2.789  -12.106   85.884   20.494  174.179    1598610696036
01    12.412   -2.735  -11.598  111.356   27.204 -148.254    1598610696051
02    11.438   -2.815  -12.069   85.754   20.613  173.750    1598610696051
01    12.404   -2.768  -11.562  111.174   27.545 -148.871    1598610696067
02    11.416   -2.833  -12.060   85.684   20.516  173.601    1598610696067
01    12.370   -2.788  -11.542  111.277   27.645 -149.093    1598610696083
02    11.391   -2.833  -12.041   85.814   20.411  173.357    1598610696083
01    12.329   -2.798  -11.525  111.578   27.790 -149.173    1598610696105
02    11.334   -2.833  -12.057   86.031   20.443  173.146    1598610696105
01    12.281   -2.789  -11.548  112.171   28.090 -148.791    1598610696120
02    11.282   -2.833  -12.107   86.080   20.813  172.684    1598610696120
01    12.273   -2.714  -11.633  112.489   28.630 -147.747    1598610696136
02    11.252   -2.843  -12.214   85.348   21.766  172.192    1598610696136
01    12.334   -2.679  -11.761  112.071   30.337 -145.702    1598610696152
02    11.144   -2.890  -12.464   84.758   24.308  172.556    1598610696152
01    12.461   -2.594  -11.983  109.330   31.678 -144.472    1598610696167
02    10.795   -3.124  -12.880   87.765   30.610  174.063    1598610696167
01    12.930   -2.510  -12.012  100.923   32.358 -147.609    1598610696183
02    10.074   -3.776  -13.348   98.834   40.830  178.810    1598610696183
01    13.608   -2.680  -11.843   84.750   31.586 -154.980    1598610696205
02     9.472   -4.471  -13.371  121.997   49.964 -167.820    1598610696205
01    14.350   -3.077  -11.567   66.346   28.795 -164.207    1598610696221
02     9.184   -4.737  -13.200  145.984   50.557 -152.623    1598610696221
01    14.882   -3.380  -11.421   55.617   27.091 -170.075    1598610696236
02     8.993   -4.826  -13.043  156.048   47.934 -145.867    1598610696236
01    15.176   -3.619  -11.365   49.367   27.061 -173.863    1598610696252
02     8.756   -4.994  -12.977  163.240   45.091 -140.423    1598610696252
01    15.417   -3.775  -11.283   44.950   26.558 -176.979    1598610696268
02     8.628   -5.154  -13.006  168.260   44.088 -137.620    1598610696268
01    15.588   -3.867  -11.217   41.732   25.482 -178.992    1598610696283
02     8.664   -5.239  -13.011  172.404   44.661 -136.063    1598610696283
01    15.664   -3.959  -11.235   39.491   25.318  179.944    1598610696305
02     8.699   -5.305  -12.988  176.117   44.685 -134.346    1598610696305
01    15.722   -3.984  -11.284   38.204   25.529  178.990    1598610696321
02     8.669   -5.411  -12.999  179.839   43.792 -131.827    1598610696321
01    15.785   -4.014  -11.293   37.006   25.754  177.770    1598610696337
02     8.674   -5.516  -13.054 -177.371   44.054 -130.061    1598610696337
01    15.778   -4.055  -11.320   36.300   26.016  176.903    1598610696352
02     8.737   -5.579  -13.090 -175.318   45.146 -129.143    1598610696352
01    15.706   -4.043  -11.380   36.825   26.265  177.211    1598610696368
02     8.782   -5.607  -13.110 -174.418   45.841 -128.896    1598610696368
01    15.610   -3.906  -11.400   39.126   26.210  178.659    1598610696384
02     8.829   -5.568  -13.092 -174.818   46.278 -129.677    1598610696384
01    15.377   -3.667  -11.426   44.133   26.353 -177.395    1598610696406
02     9.030   -5.224  -13.003  179.679   47.902 -135.109    1598610696406
01    14.917   -3.523  -11.428   52.078   27.314 -171.424    1598610696421
02     9.382   -4.624  -12.827  162.142   49.330 -148.232    1598610696421
01    14.361   -3.519  -11.319   62.461   28.629 -165.122    1598610696437
02     9.990   -3.842  -12.442  136.243   45.742 -163.292    1598610696437
01    13.829   -3.522  -11.108   75.872   29.985 -158.303    1598610696453
02    10.596   -3.068  -12.196  109.921   34.009 -173.858    1598610696453
01    13.121   -3.171  -11.237   95.108   28.895 -146.574    1598610696468
02    11.438   -2.718  -11.840   86.466   22.024  178.108    1598610696468
01    12.662   -2.847  -11.445  105.093   26.828 -142.388    1598610696484
02    11.552   -2.789  -11.813   81.900   21.026  174.628    1598610696484
01    12.405   -2.775  -11.537  109.432   26.759 -143.119    1598610696506
02    11.442   -2.797  -11.916   81.625   20.081  173.792    1598610696506
01    12.270   -2.770  -11.564  112.026   27.209 -145.052    1598610696522
02    11.357   -2.869  -11.985   82.693   20.031  173.013    1598610696522
01    12.195   -2.780  -11.565  113.438   27.720 -146.493    1598610696537
02    11.299   -2.916  -12.026   83.620   19.947  172.284    1598610696537
01    12.160   -2.833  -11.548  114.030   28.227 -147.450    1598610696553
02    11.249   -2.967  -12.057   84.092   19.950  171.701    1598610696553
01    12.097   -2.870  -11.561  114.634   28.527 -147.748    1598610696568
02    11.201   -3.025  -12.070   84.488   20.260  171.214    1598610696568
01    12.038   -2.911  -11.579  115.204   29.070 -147.793    1598610696584
02    11.152   -3.077  -12.081   85.216   20.886  171.026    1598610696584
01    11.993   -2.939  -11.612  115.504   29.751 -147.566    1598610696606
02    11.108   -3.123  -12.106   86.043   21.756  171.159    1598610696606
01    11.983   -2.905  -11.675  115.538   30.363 -146.999    1598610696622
02    11.084   -3.146  -12.141   86.530   22.761  171.612    1598610696622
01    12.060   -2.789  -11.749  114.833   31.132 -145.857    1598610696638
02    11.060   -3.141  -12.208   86.485   23.942  172.558    1598610696638
01    12.159   -2.635  -11.983  112.257   31.720 -144.328    1598610696653
02    11.117   -3.136  -12.215   84.676   24.618  172.104    1598610696653
01    12.610   -2.454  -12.027  104.332   32.008 -147.480    1598610696669
02    10.756   -3.146  -12.523   87.312   27.701  174.132    1598610696669
01    13.366   -2.448  -11.770   91.645   31.006 -154.169    1598610696684
02     9.945   -3.576  -12.898   97.925   35.486  179.609    1598610696684
01    14.173   -2.713  -11.412   72.097   27.444 -162.645    1598610696707
02     8.975   -4.332  -13.189  123.600   44.563 -165.270    1598610696707
01    14.773   -3.074  -11.198   57.632   24.862 -167.198    1598610696722
02     8.720   -4.685  -13.153  146.916   48.229 -152.898    1598610696722
01    15.079   -3.391  -11.153   49.307   25.024 -169.740    1598610696738
02     8.688   -4.755  -12.948  159.245   48.183 -146.447    1598610696738
01    15.186   -3.599  -11.229   44.953   26.495 -171.320    1598610696753
02     8.597   -4.816  -12.752  167.591   45.616 -141.085    1598610696753
01    15.259   -3.693  -11.291   42.939   27.845 -172.774    1598610696769
02     8.433   -4.949  -12.668  172.488   42.669 -136.701    1598610696769
01    15.299   -3.779  -11.300   41.231   28.622 -174.139    1598610696785
02     8.280   -5.159  -12.688  176.567   41.423 -133.520    1598610696785
01    15.331   -3.737  -11.287   40.790   28.547 -174.488    1598610696807
02     8.287   -5.281  -12.695 -179.891   42.322 -132.186    1598610696807
01    15.329   -3.702  -11.262   40.900   28.055 -174.200    1598610696822
02     8.297   -5.370  -12.673 -177.075   42.548 -130.858    1598610696822
01    15.268   -3.662  -11.275   41.729   28.035 -173.403    1598610696838
02     8.310   -5.421  -12.647 -174.936   42.398 -129.866    1598610696838
01    15.173   -3.585  -11.275   43.619   28.032 -172.235    1598610696854
02     8.340   -5.404  -12.633 -174.488   42.665 -130.330    1598610696854
01    15.020   -3.460  -11.280   47.050   28.104 -170.062    1598610696869
02     8.386   -5.326  -12.613 -176.846   43.328 -132.221    1598610696869
01    14.828   -3.311  -11.257   51.665   28.210 -167.485    1598610696885
02     8.600   -4.954  -12.530  176.303   45.212 -138.223    1598610696885
01    14.493   -3.253  -11.202   58.032   28.787 -163.290    1598610696907
02     8.992   -4.370  -12.352  157.004   46.456 -150.439    1598610696907
01    13.944   -3.439  -11.026   66.845   30.071 -158.023    1598610696923
02     9.519   -3.652  -12.172  129.478   40.893 -162.417    1598610696923
01    13.302   -3.566  -10.656   86.628   32.042 -148.426    1598610696939
02    10.462   -2.835  -11.973  102.319   30.007 -173.528    1598610696939
01    12.686   -2.997  -11.003  107.968   27.700 -137.256    1598610696954
02    10.844   -2.892  -11.892   87.848   26.895  179.453    1598610696954
01    12.208   -2.788  -11.355  116.048   26.231 -133.044    1598610696969
02    10.889   -2.771  -11.981   86.376   24.859  179.339    1598610696969
01    11.992   -2.747  -11.547  117.926   27.189 -133.770    1598610696985
02    10.912   -2.853  -12.043   85.934   25.532  178.434    1598610696985
01    11.930   -2.832  -11.608  118.118   28.734 -134.954    1598610697007
02    10.925   -2.935  -12.084   85.759   25.855  177.763    1598610697007
01    11.907   -2.891  -11.620  118.069   29.358 -136.128    1598610697023
02    10.941   -2.974  -12.105   85.696   25.755  177.188    1598610697023
01    11.899   -2.932  -11.609  117.613   29.489 -136.973    1598610697038
02    10.954   -2.982  -12.109   85.489   25.423  176.571    1598610697038
01    11.897   -2.934  -11.594  117.134   29.180 -137.474    1598610697054
02    10.937   -2.977  -12.122   85.352   25.177  176.300    1598610697054
01    11.888   -2.923  -11.593  117.098   29.180 -137.289    1598610697070
02    10.908   -2.973  -12.157   85.328   25.366  175.890    1598610697070
01    11.881   -2.911  -11.610  117.528   29.592 -136.329    1598610697085
02    10.869   -3.003  -12.203   85.261   26.190  175.398    1598610697085
01    11.872   -2.872  -11.707  117.881   30.335 -134.066    1598610697101
02    10.820   -3.019  -12.314   84.840   27.307  175.317    1598610697101
01    11.853   -2.674  -11.993  116.872   30.445 -131.705    1598610697123
02    10.589   -3.095  -12.602   86.823   30.883  176.293    1598610697123
01    12.253   -2.394  -12.120  108.985   30.866 -134.934    1598610697139
02     9.849   -3.575  -13.144   95.274   38.108  179.430    1598610697139
01    13.023   -2.439  -11.950   94.219   31.193 -142.287    1598610697154
02     9.162   -4.348  -13.273  116.584   48.068 -170.448    1598610697154
01    13.824   -2.793  -11.669   71.384   29.490 -153.731    1598610697170
02     8.716   -4.872  -13.144  148.201   50.023 -150.934    1598610697170
01    14.532   -3.215  -11.424   55.986   27.944 -161.684    1598610697186
02     8.631   -4.941  -12.928  162.399   48.101 -142.653    1598610697186
01    14.980   -3.526  -11.289   47.609   27.009 -166.444    1598610697201
02     8.469   -5.061  -12.846  169.430   45.001 -137.517    1598610697201
01    15.235   -3.694  -11.239   43.173   26.501 -168.950    1598610697223
02     8.379   -5.226  -12.840  174.579   43.973 -134.379    1598610697223
01    15.465   -3.815  -11.132   39.644   25.465 -171.167    1598610697239
02     8.391   -5.332  -12.840  178.960   44.215 -132.625    1598610697239
01    15.608   -3.878  -11.103   36.986   24.711 -171.984    1598610697255
02     8.441   -5.356  -12.817 -177.824   44.593 -131.451    1598610697255
01    15.643   -3.942  -11.150   35.389   25.180 -172.157    1598610697270
02     8.465   -5.375  -12.779 -175.253   44.199 -130.214    1598610697270
01    15.590   -3.935  -11.247   35.629   26.380 -171.743    1598610697286
02     8.469   -5.414  -12.744 -173.581   43.677 -129.510    1598610697286
01    15.497   -3.859  -11.350   36.892   27.457 -171.741    1598610697302
02     8.439   -5.519  -12.741 -172.340   43.053 -128.798    1598610697302
01    15.427   -3.725  -11.397   38.935   27.890 -171.931    1598610697324
02     8.466   -5.536  -12.767 -171.960   43.643 -129.432    1598610697324
01    15.271   -3.571  -11.413   42.289   28.209 -170.977    1598610697339
02     8.663   -5.231  -12.756 -177.239   46.397 -134.405    1598610697339
01    14.954   -3.401  -11.425   48.436   28.979 -167.734    1598610697355
02     8.930   -4.750  -12.726  166.377   48.831 -145.766    1598610697355
01    14.448   -3.395  -11.391   57.612   30.566 -162.712    1598610697371
02     9.430   -4.124  -12.564  142.444   47.958 -160.414    1598610697371
01    13.881   -3.503  -11.270   70.010   32.996 -156.703    1598610697386
02    10.061   -3.502  -12.371  119.178   41.469 -171.404    1598610697386
01    13.249   -3.563  -11.132   90.512   35.478 -145.648    1598610697402
02    10.964   -3.123  -12.052   95.578   31.420  178.076    1598610697402
01    12.595   -3.237  -11.415  110.408   32.848 -136.248    1598610697408
02    11.103   -3.238  -12.064   85.760   27.223  173.490    1598610697424
01    12.139   -3.032  -11.678  118.013   30.586 -133.811    1598610697440
02    11.129   -3.178  -12.079   84.079   24.579  173.386    1598610697440
01    11.958   -3.030  -11.759  118.631   30.732 -135.127    1598610697455
02    11.115   -3.215  -12.072   83.268   23.614  173.350    1598610697455
01    11.913   -3.027  -11.734  118.094   30.929 -136.962    1598610697471
02    11.086   -3.218  -12.076   83.174   22.660  173.440    1598610697471
01    11.918   -3.028  -11.650  117.326   31.131 -138.372    1598610697486
02    11.071   -3.207  -12.033   83.171   22.057  173.229    1598610697486
01    11.891   -3.039  -11.594  116.799   31.028 -138.876    1598610697502
02    11.029   -3.182  -12.009   83.371   21.718  173.353    1598610697502
01    11.842   -3.040  -11.574  116.742   30.763 -138.999    1598610697524
02    10.952   -3.160  -12.023   83.907   21.790  173.572    1598610697524
01    11.819   -2.985  -11.566  117.023   30.665 -138.950    1598610697540
02    10.918   -3.134  -12.036   84.339   22.324  173.122    1598610697540
01    11.832   -2.804  -11.673  116.919   30.509 -138.147    1598610697556
02    10.914   -3.085  -12.109   84.150   23.382  173.280    1598610697556
01    11.954   -2.727  -11.797  114.185   31.686 -136.838    1598610697571
02    10.995   -3.088  -12.153   81.578   25.131  172.714    1598610697571
01    12.203   -2.600  -11.943  108.861   32.663 -137.227    1598610697587
02    10.815   -3.033  -12.385   82.071   27.534  173.306    1598610697587
01    12.717   -2.564  -11.921   98.487   33.344 -141.640    1598610697602
02    10.320   -3.243  -12.661   92.358   35.352  177.608    1598610697602
01    13.312   -2.710  -11.773   83.575   33.200 -149.277    1598610697609
02     9.632   -3.747  -12.852  108.641   42.594 -173.946    1598610697609
01    13.967   -2.950  -11.563   69.616   32.179 -157.052    1598610697640
02     9.149   -4.177  -12.900  128.820   46.796 -162.215    1598610697640
01    14.433   -3.122  -11.441   61.394   31.395 -161.654    1598610697656
02     8.903   -4.402  -12.900  141.422   47.350 -155.371    1598610697656
01    14.772   -3.258  -11.351   55.904   30.659 -165.045    1598610697671
02     8.738   -4.616  -12.896  150.956   47.053 -150.253    1598610697671
01    15.027   -3.362  -11.287   51.650   29.880 -167.812    1598610697687
02     8.626   -4.853  -12.894  160.133   46.550 -145.028    1598610697687
01    15.196   -3.483  -11.300   48.147   29.987 -169.732    1598610697703
02     8.591   -5.024  -12.881  168.398   46.025 -140.770    1598610697703
01    15.297   -3.569  -11.310   45.898   30.131 -170.883    1598610697709
02     8.600   -5.105  -12.839  174.240   45.464 -137.716    1598610697709
01    15.303   -3.532  -11.346   45.604   30.317 -170.592    1598610697741
02     8.587   -5.167  -12.790  177.726   44.591 -135.576    1598610697741
01    15.259   -3.498  -11.365   46.424   30.353 -169.525    1598610697756
02     8.535   -5.243  -12.753  179.563   43.706 -134.251    1598610697756
01    15.204   -3.445  -11.379   47.404   30.106 -168.413    1598610697772
02     8.497   -5.271  -12.725 -179.320   43.188 -133.941    1598610697772
01    15.145   -3.394  -11.356   48.503   29.773 -167.401    1598610697788
02     8.458   -5.248  -12.699 -179.618   42.921 -134.444    1598610697788
01    15.006   -3.296  -11.331   51.002   29.351 -165.315    1598610697803
02     8.579   -4.988  -12.635  177.664   43.890 -137.352    1598610697803
01    14.737   -3.200  -11.244   56.194   29.353 -161.609    1598610697810
02     8.919   -4.411  -12.528  164.424   46.063 -146.473    1598610697810
01    14.261   -3.201  -11.138   64.304   29.872 -156.085    1598610697826
02     9.441   -3.784  -12.285  137.955   44.814 -161.979    1598610697826
01    13.723   -3.259  -10.907   74.828   30.030 -150.635    1598610697857
02    10.075   -3.027  -11.992  112.914   35.058 -172.324    1598610697857
01    13.124   -3.025  -10.717   92.831   28.329 -142.053    1598610697873
02    10.940   -2.412  -11.643   92.409   22.811 -178.054    1598610697873
01    12.658   -2.534  -10.939  105.561   23.897 -136.776    1598610697888
02    11.120   -2.375  -11.640   83.921   19.667  179.409    1598610697888
01    12.358   -2.336  -11.136  110.585   23.035 -135.850    1598610697904
02    11.202   -2.328  -11.640   82.153   18.649  178.462    1598610697904
01    12.236   -2.344  -11.199  112.600   24.165 -137.044    1598610697910
02    11.264   -2.383  -11.606   81.588   18.292  177.162    1598610697910
01    12.190   -2.321  -11.225  113.173   24.320 -138.792    1598610697926
02    11.293   -2.394  -11.593   81.448   17.265  176.428    1598610697926
01    12.215   -2.284  -11.189  112.772   24.417 -140.495    1598610697957
02    11.320   -2.353  -11.584   81.521   16.286  175.951    1598610697957
01    12.237   -2.275  -11.161  111.712   24.325 -141.373    1598610697973
02    11.361   -2.279  -11.556   81.295   15.528  175.531    1598610697973
01    12.238   -2.244  -11.179  111.140   24.508 -141.626    1598610697988
02    11.317   -2.234  -11.633   81.203   15.725  175.717    1598610697988
01    12.235   -2.231  -11.249  111.142   25.678 -141.000    1598610698004
02    11.278   -2.255  -11.751   81.075   17.212  175.782    1598610698004
01    12.231   -2.256  -11.383  110.975   27.655 -139.257    1598610698010
02    11.285   -2.364  -11.869   80.112   19.913  175.864    1598610698010
01    12.290   -2.353  -11.481  109.312   29.973 -137.712    1598610698026
02    11.361   -2.504  -11.908   77.673   22.081  175.660    1598610698026
01    12.384   -2.394  -11.585  106.343   31.370 -137.343    1598610698057
02    11.309   -2.483  -12.010   76.850   23.284  175.247    1598610698057
01    12.657   -2.314  -11.614  100.423   31.300 -139.852    1598610698073
02    10.821   -2.559  -12.281   82.534   27.734  177.697    1598610698073
01    13.087   -2.293  -11.543   91.619   30.551 -144.122    1598610698088
02     9.993   -2.945  -12.621   94.716   34.142 -176.542    1598610698088
01    13.748   -2.409  -11.337   78.507   28.630 -150.615    1598610698104
02     9.112   -3.698  -13.035  116.526   42.704 -166.584    1598610698104
01    14.363   -2.546  -11.047   67.217   25.765 -156.315    1598610698111
02     8.905   -4.199  -13.154  133.845   48.902 -160.806    1598610698111
01    14.789   -2.646  -10.820   59.922   23.194 -159.716    1598610698126
02     8.905   -4.380  -13.116  144.863   51.911 -157.560    1598610698126
01    15.013   -2.708  -10.790   55.395   22.105 -161.199    1598610698142
02     8.824   -4.528  -13.007  155.451   51.951 -152.088    1598610698142
01    15.174   -2.831  -10.820   51.699   22.730 -162.736    1598610698173
02     8.748   -4.634  -12.832  165.975   50.083 -145.838    1598610698173
01    15.271   -2.965  -10.888   49.052   24.377 -164.183    1598610698189
02     8.674   -4.682  -12.671  172.778   47.433 -141.782    1598610698189
01    15.304   -3.069  -10.939   47.390   25.594 -164.938    1598610698204
02     8.577   -4.729  -12.578  176.279   44.998 -139.313    1598610698204
01    15.256   -3.085  -10.991   47.052   26.320 -164.738    1598610698211
02     8.506   -4.775  -12.510  178.037   43.800 -137.828    1598610698211
01    15.195   -3.038  -11.026   47.882   26.501 -164.256    1598610698227
02     8.414   -4.894  -12.466 -179.875   42.758 -135.973    1598610698227
01    15.106   -2.989  -11.051   49.183   26.718 -163.686    1598610698242
02     8.376   -4.980  -12.447 -178.605   42.519 -135.103    1598610698242
01    14.966   -2.919  -11.045   51.371   26.804 -162.981    1598610698273
02     8.566   -4.730  -12.376  178.797   44.496 -138.098    1598610698273
01    14.690   -2.877  -11.010   55.623   27.077 -160.933    1598610698289
02     8.856   -4.286  -12.218  164.081   46.118 -146.425    1598610698289
01    14.218   -2.934  -10.945   62.908   28.189 -157.010    1598610698305
02     9.175   -3.820  -12.055  142.851   43.866 -156.571    1598610698305
01    13.592   -3.114  -10.743   73.721   30.067 -151.971    1598610698311
02     9.561   -3.331  -11.931  120.363   36.869 -165.481    1598610698311
01    12.907   -2.977  -10.576   96.698   31.664 -141.014    1598610698327
02    10.379   -2.842  -11.664   98.654   27.525 -174.235    1598610698327
01    12.232   -2.667  -10.958  112.580   28.122 -132.888    1598610698342
02    10.733   -2.762  -11.547   91.406   25.245 -179.333    1598610698342
01    11.850   -2.576  -11.205  118.385   27.035 -131.849    1598610698374
02    10.761   -2.687  -11.605   89.607   23.270  179.792    1598610698374
01    11.731   -2.577  -11.283  119.944   27.434 -133.480    1598610698389
02    10.794   -2.725  -11.617   88.502   22.198  179.018    1598610698389
01    11.743   -2.515  -11.308  119.679   27.326 -135.542    1598610698405
02    10.858   -2.703  -11.621   87.644   20.793  178.455    1598610698405
01    11.798   -2.530  -11.289  118.616   27.646 -137.046    1598610698411
02    10.913   -2.687  -11.625   86.771   19.811  177.980    1598610698411
01    11.832   -2.558  -11.272  117.944   27.963 -137.947    1598610698427
02    10.924   -2.644  -11.655   86.523   19.122  177.758    1598610698427
01    11.851   -2.572  -11.280  118.001   28.490 -138.155    1598610698443
02    10.935   -2.653  -11.690   86.620   19.566  177.508    1598610698443
01    11.866   -2.567  -11.316  118.399   29.116 -137.631    1598610698474
02    10.923   -2.692  -11.742   86.910   20.569  177.958    1598610698474
01    11.897   -2.531  -11.387  118.121   29.587 -136.902    1598610698490
02    10.959   -2.685  -11.786   86.698   21.405  178.492    1598610698490
01    12.001   -2.478  -11.437  116.490   30.237 -136.326    1598610698505
02    11.044   -2.708  -11.800   85.112   22.348  179.042    1598610698505
01    12.113   -2.435  -11.541  113.296   30.671 -135.184    1598610698512
02    11.200   -2.640  -11.763   82.708   22.121  179.212    1598610698512
01    12.301   -2.378  -11.635  108.173   30.946 -136.041    1598610698528
02    11.164   -2.494  -11.810   80.336   21.407 -179.980    1598610698528
01    12.669   -2.316  -11.638  100.980   31.051 -139.233    1598610698544
02    10.840   -2.547  -11.950   85.622   25.516 -177.525    1598610698544
01    13.264   -2.344  -11.528   89.786   30.611 -145.154    1598610698559
02    10.440   -2.672  -12.100   94.309   29.975 -173.779    1598610698559
01    13.877   -2.457  -11.339   78.310   29.436 -151.786    1598610698590
02     9.994   -2.883  -12.285  103.341   33.724 -169.628    1598610698590
01    14.374   -2.546  -11.119   69.740   27.420 -156.894    1598610698606
02     9.490   -3.226  -12.501  113.723   37.440 -165.165    1598610698606
01    14.740   -2.605  -10.959   64.150   25.473 -159.642    1598610698612
02     9.122   -3.580  -12.644  125.691   40.761 -160.498    1598610698612
01    14.982   -2.673  -10.922   59.992   24.434 -160.861    1598610698628
02     8.872   -3.915  -12.699  138.272   42.952 -154.881    1598610698628
01    15.164   -2.835  -10.965   55.905   24.824 -162.083    1598610698644
02     8.702   -4.205  -12.723  149.937   43.817 -149.123    1598610698644
01    15.313   -2.996  -10.992   52.290   25.600 -163.508    1598610698659
02     8.656   -4.393  -12.714  158.706   44.393 -144.817    1598610698659
01    15.363   -3.065  -11.038   50.448   26.233 -164.144    1598610698691
02     8.666   -4.497  -12.689  164.077   44.817 -142.230    1598610698691
01    15.355   -3.070  -11.062   50.015   26.338 -164.022    1598610698706
02     8.675   -4.549  -12.651  167.021   44.972 -140.712    1598610698706
01    15.290   -3.042  -11.054   50.798   26.268 -163.151    1598610698713
02     8.620   -4.618  -12.644  168.455   44.581 -139.914    1598610698713
01    15.169   -2.968  -11.034   52.956   25.849 -161.514    1598610698728
02     8.613   -4.680  -12.599  170.768   44.485 -139.171    1598610698728
01    14.944   -2.866  -11.009   56.916   25.809 -159.108    1598610698744
02     8.887   -4.392  -12.424  167.833   46.257 -143.162    1598610698744
01    14.534   -2.837  -10.915   63.489   26.421 -154.960    1598610698760
02     9.202   -3.880  -12.235  150.059   45.479 -153.829    1598610698760
01    14.010   -2.913  -10.731   72.541   27.085 -149.955    1598610698775
02     9.475   -3.412  -12.045  130.430   40.195 -162.466    1598610698775
01    13.434   -2.974  -10.441   84.069   27.465 -144.821    1598610698807
02     9.817   -2.927  -11.882  113.545   32.425 -168.587    1598610698807
01    12.750   -2.609  -10.586  103.573   25.118 -135.106    1598610698813
02    10.486   -2.499  -11.607   98.195   25.144 -174.398    1598610698813
01    12.209   -2.392  -10.946  114.038   23.805 -131.060    1598610698829
02    10.724   -2.420  -11.625   90.710   22.428 -177.094    1598610698829
01    11.951   -2.336  -11.162  117.447   24.281 -132.057    1598610698844
02    10.878   -2.417  -11.575   87.422   20.939 -178.270    1598610698844
01    11.925   -2.337  -11.210  117.307   25.074 -134.901    1598610698860
02    10.985   -2.449  -11.539   85.708   19.570 -179.100    1598610698860
01    11.998   -2.321  -11.174  116.512   25.533 -137.389    1598610698876
02    11.092   -2.404  -11.514   85.075   18.192 -179.721    1598610698876
01    12.058   -2.340  -11.140  115.460   25.703 -138.745    1598610698907
02    11.157   -2.382  -11.495   84.430   17.272 -179.976    1598610698907
01    12.090   -2.337  -11.128  115.183   25.749 -139.473    1598610698913
02    11.187   -2.358  -11.503   84.377   16.870  179.661    1598610698913
01    12.114   -2.336  -11.131  115.751   26.226 -139.525    1598610698929
02    11.173   -2.369  -11.558   84.849   17.410  179.444    1598610698929
01    12.133   -2.310  -11.178  116.539   26.876 -139.027    1598610698945
02    11.169   -2.376  -11.647   85.358   18.439  179.255    1598610698945
01    12.145   -2.318  -11.271  116.939   27.798 -138.014    1598610698961
02    11.182   -2.438  -11.750   85.265   20.090  179.044    1598610698961
01    12.194   -2.340  -11.362  116.629   29.078 -136.879    1598610698976
02    11.228   -2.484  -11.853   84.558   21.840  178.826    1598610698976
01    12.271   -2.399  -11.445  115.470   30.414 -135.405    1598610699007
02    11.302   -2.549  -11.924   83.031   23.483  178.503    1598610699007
01    12.334   -2.479  -11.536  113.860   31.535 -133.687    1598610699014
02    11.365   -2.569  -11.969   81.274   24.476  178.219    1598610699014
01    12.422   -2.498  -11.656  111.462   32.102 -133.154    1598610699029
02    11.175   -2.593  -12.156   82.203   26.480  178.752    1598610699029
01    12.625   -2.477  -11.713  107.282   32.394 -134.550    1598610699045
02    10.839   -2.748  -12.348   87.616   30.778 -179.211    1598610699045
01    12.919   -2.483  -11.701  100.572   32.503 -137.707    1598610699061
02    10.349   -3.047  -12.569   96.447   36.056 -175.599    1598610699061
01    13.252   -2.505  -11.608   92.719   31.956 -142.120    1598610699076
02     9.865   -3.431  -12.716  107.269   40.765 -170.512    1598610699076
01    13.537   -2.520  -11.519   86.339   30.990 -145.811    1598610699092
02     9.297   -3.867  -12.912  119.669   43.777 -163.797    1598610699092
01    13.795   -2.503  -11.473   81.198   30.217 -149.036    1598610699116
02     8.842   -4.422  -13.070  134.549   46.669 -156.141    1598610699116
01    14.070   -2.607  -11.443   76.007   30.540 -151.649    1598610699137
02     8.680   -4.886  -13.088  149.311   49.176 -149.392    1598610699137
01    14.286   -2.772  -11.464   71.022   31.547 -153.454    1598610699157
02     8.744   -5.053  -12.983  158.765   50.814 -145.932    1598610699157
01    14.496   -2.918  -11.349   66.443   31.498 -155.832    1598610699167
02     8.782   -5.036  -12.856  163.806   50.581 -143.828    1598610699167
01    14.563   -3.039  -11.282   63.569   30.946 -156.688    1598610699188
02     8.779   -4.941  -12.730  165.645   49.192 -142.708    1598610699188
01    14.535   -3.047  -11.280   63.422   30.578 -156.111    1598610699206
02     8.684   -4.951  -12.660  166.126   47.480 -141.167    1598610699206
01    14.458   -2.977  -11.271   64.845   30.257 -155.373    1598610699219
02     8.571   -5.045  -12.660  167.949   46.282 -139.269    1598610699219
01    14.378   -2.921  -11.299   66.104   30.277 -154.918    1598610699239
02     8.507   -5.200  -12.668  170.927   46.085 -137.098    1598610699239
01    14.392   -2.864  -11.288   66.269   30.130 -155.566    1598610699249
02     8.523   -5.280  -12.682  173.387   46.763 -135.884    1598610699249
01    14.449   -2.846  -11.236   65.264   29.603 -156.755    1598610699270
02     8.593   -5.237  -12.695  172.796   47.989 -136.703    1598610699270
01    14.480   -2.890  -11.188   64.232   29.290 -157.345    1598610699290
02     8.692   -5.069  -12.682  168.903   49.116 -139.664    1598610699290
01    14.426   -2.929  -11.142   64.556   29.053 -156.935    1598610699301
02     8.932   -4.731  -12.582  161.217   50.316 -144.886    1598610699301
01    14.198   -2.998  -11.083   67.945   29.490 -154.729    1598610699321
02     9.257   -4.293  -12.457  143.773   49.651 -154.680    1598610699321
01    13.873   -3.043  -10.983   74.401   30.096 -151.466    1598610699339
02     9.867   -3.655  -12.176  122.295   45.272 -166.129    1598610699339
01    13.366   -3.112  -10.790   83.854   30.873 -146.907    1598610699352
02    10.704   -3.113  -11.706   96.869   33.695 -177.289    1598610699352
01    12.750   -2.693  -11.087  101.946   28.087 -135.103    1598610699372
02    11.233   -2.151  -11.512   77.078   14.798  178.581    1598610699372
01    12.499   -2.562  -11.112  106.314   26.670 -134.068    1598610699390
02    11.357   -2.384  -11.324   75.569   14.360  178.462    1598610699390
01    12.356   -2.481  -11.114  107.531   25.663 -135.316    1598610699403
02    11.390   -2.406  -11.265   76.560   12.859  177.775    1598610699403
01    12.343   -2.389  -11.060  107.963   25.071 -137.594    1598610699423
02    11.406   -2.345  -11.256   77.535   11.463  177.002    1598610699423
01    12.345   -2.305  -11.051  108.554   24.816 -138.951    1598610699434
02    11.421   -2.281  -11.287   78.189   10.851  176.331    1598610699434
01    12.368   -2.284  -11.046  108.877   25.123 -139.690    1598610699454
02    11.432   -2.282  -11.337   78.399   11.293  175.770    1598610699454
01    12.382   -2.262  -11.083  109.121   25.328 -139.890    1598610699473
02    11.458   -2.284  -11.379   78.450   11.870  175.260    1598610699473
01    12.413   -2.255  -11.120  108.831   25.717 -139.852    1598610699485
02    11.477   -2.283  -11.447   78.279   12.658  174.965    1598610699485
01    12.446   -2.247  -11.187  108.267   26.127 -139.273    1598610699505
02    11.497   -2.292  -11.528   77.641   13.813  174.729    1598610699505
01    12.487   -2.231  -11.289  107.284   26.625 -138.253    1598610699524
02    11.534   -2.301  -11.630   76.479   15.205  174.665    1598610699524
01    12.571   -2.200  -11.432  105.111   27.227 -137.387    1598610699536
02    11.615   -2.291  -11.747   73.904   16.614  174.215    1598610699536
01    12.803   -2.127  -11.581  100.218   27.648 -138.574    1598610699557
02    11.386   -2.301  -12.057   74.613   20.771  174.124    1598610699557
01    13.326   -2.213  -11.538   89.938   27.950 -143.539    1598610699567
02    10.857   -2.494  -12.386   82.462   28.515  176.253    1598610699567
01    13.970   -2.493  -11.386   74.703   27.491 -150.945    1598610699587
02     9.983   -3.031  -12.750   98.412   38.106 -177.173    1598610699587
01    14.428   -2.796  -11.288   64.115   27.807 -155.864    1598610699606
02     9.432   -3.512  -13.075  115.999   45.623 -170.620    1598610699606
01    14.715   -2.998  -11.262   58.160   28.522 -158.455    1598610699618
02     9.244   -3.887  -13.242  126.080   50.527 -168.696    1598610699618
01    14.937   -3.176  -11.223   53.644   28.728 -160.382    1598610699638
02     9.075   -4.235  -13.323  137.713   53.905 -163.627    1598610699638
01    15.111   -3.301  -11.187   49.926   28.294 -161.659    1598610699657
02     9.008   -4.461  -13.270  151.098   55.703 -155.760    1598610699657
01    15.265   -3.374  -11.148   47.256   27.567 -162.482    1598610699669
02     8.970   -4.524  -13.130  161.071   54.850 -149.149    1598610699669
01    15.319   -3.410  -11.128   45.864   27.353 -162.704    1598610699689
02     8.932   -4.499  -12.945  166.113   52.469 -145.373    1598610699689
01    15.324   -3.345  -11.153   46.295   27.419 -162.138    1598610699700
02     8.838   -4.510  -12.821  168.763   49.682 -142.478    1598610699700
01    15.297   -3.279  -11.152   47.434   27.512 -161.286    1598610699720
02     8.750   -4.528  -12.788  170.139   47.963 -140.802    1598610699720
01    15.216   -3.151  -11.108   49.877   27.102 -159.618    1598610699740
02     8.801   -4.411  -12.771  169.691   48.096 -141.824    1598610699740
01    14.971   -3.026  -11.057   54.465   26.899 -155.983    1598610699751
02     9.085   -4.012  -12.644  160.498   49.364 -149.174    1598610699751
01    14.572   -2.950  -10.950   61.682   26.873 -151.218    1598610699771
02     9.517   -3.473  -12.408  141.648   47.723 -160.777    1598610699771
01    14.027   -2.966  -10.868   71.653   27.470 -145.724    1598610699789
02     9.964   -2.957  -12.211  120.157   40.804 -169.911    1598610699789
01    13.546   -2.927  -10.762   83.949   27.714 -139.396    1598610699802
02    10.660   -2.393  -11.993  102.762   32.586 -175.150    1598610699802
01    12.924   -2.425  -11.142  100.973   23.750 -130.172    1598610699822
02    11.470   -1.829  -11.657   82.845   22.067  179.115    1598610699822
01    12.659   -2.292  -11.306  105.514   23.754 -130.011    1598610699840
02    11.662   -2.065  -11.646   75.921   21.553  176.540    1598610699840
01    12.562   -2.264  -11.368  107.125   24.283 -131.140    1598610699853
02    11.679   -2.130  -11.689   73.558   20.273  176.931    1598610699853
01    12.547   -2.257  -11.379  107.092   24.389 -133.002    1598610699873
02    11.690   -2.141  -11.702   73.144   18.882  177.428    1598610699873
01    12.576   -2.240  -11.350  106.614   24.361 -134.953    1598610699884
02    11.703   -2.119  -11.706   73.433   17.896  177.543    1598610699884
01    12.591   -2.202  -11.341  106.264   24.234 -136.313    1598610699904
02    11.720   -2.074  -11.713   73.937   17.345  177.192    1598610699904
01    12.592   -2.204  -11.339  105.960   24.500 -137.273    1598610699923
02    11.707   -2.052  -11.752   74.399   17.353  176.665    1598610699923
01    12.597   -2.171  -11.345  106.129   24.882 -137.835    1598610699935
02    11.671   -2.044  -11.815   74.862   17.851  176.079    1598610699935
01    12.582   -2.153  -11.402  106.406   25.580 -137.565    1598610699955
02    11.635   -2.073  -11.908   74.996   19.133  175.323    1598610699955
01    12.575   -2.187  -11.477  106.284   26.771 -136.684    1598610699974
02    11.628   -2.124  -11.994   74.526   20.771  174.345    1598610699974
01    12.602   -2.245  -11.546  105.540   28.097 -135.598    1598610699986
02    11.632   -2.201  -12.081   73.475   22.584  173.053    1598610699986
01    12.624   -2.313  -11.633  104.492   29.197 -134.121    1598610700007
02    11.544   -2.245  -12.250   73.350   24.722  172.838    1598610700007
01    12.701   -2.309  -11.737  102.299   29.832 -133.895    1598610700017
02    11.151   -2.403  -12.589   77.662   29.923  173.963    1598610700017
01    12.879   -2.342  -11.788   98.186   30.534 -135.309    1598610700037
02    10.492   -2.852  -12.953   87.972   38.374  177.202    1598610700037
01    13.156   -2.458  -11.784   91.552   31.577 -138.321    1598610700056
02     9.948   -3.347  -13.135  103.168   46.635 -176.402    1598610700056
01    13.464   -2.615  -11.754   84.332   32.407 -141.987    1598610700068
02     9.606   -3.711  -13.154  116.831   50.913 -169.263    1598610700068
01    13.771   -2.697  -11.669   78.408   32.147 -145.870    1598610700089
02     9.376   -3.901  -13.102  127.066   51.890 -162.966    1598610700089
01    14.022   -2.748  -11.623   73.473   31.315 -149.018    1598610700107
02     9.075   -4.086  -13.064  135.406   51.029 -157.065    1598610700107
01    14.293   -2.817  -11.584   68.243   30.532 -152.235    1598610700119
02     8.681   -4.478  -13.012  148.432   49.650 -147.859    1598610700119
01    14.579   -2.959  -11.526   62.606   30.506 -155.713    1598610700140
02     8.482   -4.788  -12.953  161.260   48.225 -140.574    1598610700140
01    14.708   -3.106  -11.534   58.412   31.169 -157.737    1598610700148
02     8.466   -4.921  -12.918  167.926   48.111 -137.759    1598610700148
01    14.740   -3.211  -11.549   56.059   31.569 -159.030    1598610700171
02     8.514   -4.972  -12.869  171.479   48.342 -136.288    1598610700171
01    14.707   -3.209  -11.554   55.984   31.555 -159.340    1598610700189
02     8.535   -4.987  -12.843  172.834   48.237 -135.537    1598610700189
01    14.680   -3.119  -11.504   57.587   31.099 -159.047    1598610700201
02     8.561   -4.982  -12.827  172.684   48.173 -135.632    1598610700201
01    14.586   -3.049  -11.486   59.954   30.836 -157.795    1598610700221
02     8.582   -4.929  -12.814  171.062   48.077 -136.934    1598610700221
01    14.406   -3.004  -11.444   63.294   30.690 -155.465    1598610700240
02     8.884   -4.542  -12.667  165.255   49.456 -142.173    1598610700240
01    14.038   -3.097  -11.318   69.412   31.585 -151.113    1598610700252
02     9.385   -3.945  -12.459  143.435   49.049 -155.063    1598610700252
01    13.552   -3.332  -11.042   80.013   33.063 -145.152    1598610700273
02     9.975   -3.390  -12.253  114.860   41.956 -169.257    1598610700273
01    12.829   -3.027  -11.241  100.556   30.960 -132.422    1598610700283
02    11.049   -2.418  -11.852   92.771   29.457 -178.996    1598610700283
01    12.416   -2.717  -11.394  110.470   27.802 -128.596    1598610700303
02    11.242   -2.447  -11.760   86.767   26.479  179.200    1598610700303
01    12.232   -2.485  -11.480  112.702   26.023 -129.313    1598610700324
02    11.217   -2.357  -11.855   84.683   24.428  179.357    1598610700324
01    12.203   -2.416  -11.481  112.358   25.921 -131.077    1598610700332
02    11.221   -2.325  -11.910   83.410   23.498  178.807    1598610700332
01    12.216   -2.394  -11.471  112.056   26.216 -132.282    1598610700354
02    11.229   -2.346  -11.947   82.771   23.478  178.424    1598610700354
01    12.233   -2.411  -11.457  112.043   26.675 -132.897    1598610700373
02    11.242   -2.353  -11.967   82.543   23.500  178.213    1598610700373
01    12.251   -2.426  -11.436  111.963   26.811 -133.372    1598610700385
02    11.265   -2.375  -11.952   82.293   23.621  177.716    1598610700385
01    12.251   -2.418  -11.431  111.987   26.675 -133.421    1598610700406
02    11.283   -2.374  -11.937   82.237   23.576  177.419    1598610700406
01    12.262   -2.391  -11.421  111.751   26.404 -133.412    1598610700424
02    11.274   -2.348  -11.947   82.310   23.528  177.659    1598610700424
01    12.273   -2.340  -11.432  111.350   26.168 -133.033    1598610700436
02    11.282   -2.306  -11.960   82.036   23.666  177.657    1598610700436
01    12.303   -2.260  -11.486  110.477   26.070 -132.202    1598610700457
02    11.322   -2.278  -12.003   80.558   24.255  177.483    1598610700457
01    12.367   -2.203  -11.566  108.613   26.443 -131.226    1598610700467
02    11.315   -2.236  -12.120   78.365   25.177  176.920    1598610700467
01    12.531   -2.127  -11.620  104.786   26.689 -131.689    1598610700487
02    11.062   -2.241  -12.345   81.337   29.054  177.674    1598610700487
01    12.916   -2.072  -11.620   97.417   26.680 -134.248    1598610700506
02    10.643   -2.388  -12.533   89.256   34.408 -179.404    1598610700506
01    13.419   -2.156  -11.563   86.098   26.500 -138.822    1598610700518
02     9.934   -2.741  -12.763  100.929   39.600 -173.748    1598610700518
01    13.901   -2.331  -11.484   76.228   26.808 -143.459    1598610700539
02     9.369   -3.141  -12.898  116.971   44.349 -165.314    1598610700539
01    14.246   -2.552  -11.440   69.066   27.855 -146.802    1598610700557
02     9.109   -3.397  -12.946  128.548   46.810 -159.672    1598610700557
01    14.490   -2.731  -11.424   63.836   28.249 -149.427    1598610700570
02     8.959   -3.563  -12.968  135.061   48.025 -156.768    1598610700570
01    14.724   -2.879  -11.321   59.016   27.480 -152.324    1598610700590
02     8.791   -3.757  -12.977  141.726   48.659 -153.210    1598610700590
01    14.897   -2.975  -11.259   55.333   26.607 -154.396    1598610700601
02     8.653   -3.984  -12.913  150.174   48.870 -148.436    1598610700601
01    15.000   -2.981  -11.209   53.325   26.080 -155.499    1598610700621
02     8.586   -4.127  -12.804  157.519   48.232 -144.690    1598610700621
01    15.026   -3.025  -11.207   52.300   26.356 -155.765    1598610700639
02     8.527   -4.195  -12.704  161.740   47.088 -142.651    1598610700639
01    15.001   -3.041  -11.236   52.308   27.213 -155.467    1598610700651
02     8.484   -4.205  -12.605  163.879   45.870 -141.760    1598610700651
01    14.956   -3.034  -11.277   52.861   28.035 -154.772    1598610700672
02     8.418   -4.230  -12.530  165.033   44.601 -140.819    1598610700672
01    14.917   -3.037  -11.293   53.090   28.440 -154.581    1598610700690
02     8.330   -4.310  -12.484  167.097   43.475 -139.027    1598610700690
01    14.834   -2.999  -11.284   54.088   28.354 -154.231    1598610700703
02     8.442   -4.148  -12.461  165.044   44.365 -141.052    1598610700703
01    14.670   -2.930  -11.162   56.977   27.704 -153.153    1598610700723
02     8.857   -3.745  -12.319  150.627   46.366 -149.816    1598610700723
01    14.282   -2.931  -11.048   63.317   27.973 -149.752    1598610700733
02     9.304   -3.291  -12.189  127.901   43.299 -160.813    1598610700733
01    13.801   -2.966  -10.895   73.249   28.822 -145.085    1598610700754
02     9.805   -2.864  -12.046  107.395   36.263 -168.791    1598610700754
01    13.177   -2.886  -10.756   88.957   29.493 -137.693    1598610700772
02    10.552   -2.436  -11.784   91.948   28.427 -173.593    1598610700772
01    12.570   -2.482  -11.088  105.841   26.779 -128.175    1598610700785
02    10.831   -2.080  -11.818   80.550   22.036 -175.702    1598610700785
01    12.267   -2.362  -11.282  111.239   26.382 -126.351    1598610700805
02    10.989   -2.155  -11.785   80.264   22.273 -177.121    1598610700805
01    12.127   -2.432  -11.387  112.832   27.436 -127.009    1598610700824
02    11.061   -2.301  -11.787   80.532   23.019 -178.673    1598610700824
01    12.092   -2.493  -11.404  113.517   28.005 -128.503    1598610700836
02    11.110   -2.410  -11.778   80.879   23.177 -179.777    1598610700836
01    12.101   -2.517  -11.401  113.665   28.046 -129.755    1598610700856
02    11.154   -2.457  -11.768   81.096   22.784  179.617    1598610700856
01    12.129   -2.513  -11.380  113.155   27.724 -130.693    1598610700867
02    11.194   -2.462  -11.752   81.009   22.272  179.257    1598610700867
01    12.162   -2.499  -11.335  112.252   27.312 -131.472    1598610700887
02    11.211   -2.426  -11.739   80.827   21.706  179.118    1598610700887
01    12.172   -2.499  -11.306  111.670   27.234 -131.662    1598610700908
02    11.211   -2.423  -11.726   80.573   21.649  178.997    1598610700908
01    12.170   -2.511  -11.275  111.568   27.397 -131.456    1598610700918
02    11.199   -2.415  -11.715   80.631   21.861  178.900    1598610700918
01    12.152   -2.509  -11.273  111.998   27.536 -130.788    1598610700938
02    11.165   -2.417  -11.725   80.832   22.289  178.924    1598610700938
01    12.129   -2.478  -11.304  112.510   27.610 -129.877    1598610700957
02    11.147   -2.430  -11.742   80.922   22.894  178.819    1598610700957
01    12.126   -2.326  -11.437  112.284   27.151 -129.152    1598610700969
02    11.145   -2.379  -11.818   80.650   23.417  178.904    1598610700969
01    12.295   -2.166  -11.570  108.300   27.519 -130.387    1598610700989
02    10.968   -2.383  -12.030   82.033   25.880  178.637    1598610700989
01    12.642   -2.170  -11.633  100.990   28.931 -133.181    1598610700999
02    10.486   -2.632  -12.361   89.591   32.490 -179.848    1598610700999
01    13.137   -2.373  -11.638   88.655   31.933 -138.410    1598610701020
02     9.998   -3.016  -12.647  103.179   41.132 -175.984    1598610701020
01    13.597   -2.717  -11.664   78.400   35.816 -142.920    1598610701040
02     9.770   -3.286  -12.815  111.338   45.939 -174.504    1598610701040
01    13.912   -3.075  -11.698   72.588   39.826 -145.249    1598610701051
02     9.741   -3.417  -12.852  114.186   48.326 -175.490    1598610701051
01    14.079   -3.310  -11.735   70.296   42.523 -145.701    1598610701071
02     9.728   -3.451  -12.833  116.451   49.075 -175.183    1598610701071
01    14.212   -3.378  -11.678   69.437   42.759 -145.844    1598610701090
02     9.647   -3.525  -12.798  119.549   49.286 -172.353    1598610701090
01    14.316   -3.337  -11.601   68.967   41.283 -146.014    1598610701102
02     9.484   -3.595  -12.803  124.062   49.015 -168.531    1598610701102
01    14.373   -3.273  -11.561   68.572   39.573 -145.892    1598610701122
02     9.344   -3.694  -12.777  129.889   49.074 -164.399    1598610701122
01    14.409   -3.217  -11.551   68.300   38.374 -145.708    1598610701141
02     9.277   -3.742  -12.709  134.668   48.877 -161.211    1598610701141
01    14.436   -3.184  -11.524   68.187   37.844 -145.562    1598610701153
02     9.207   -3.746  -12.649  137.419   48.037 -158.858    1598610701153
01    14.420   -3.171  -11.520   68.594   37.870 -144.980    1598610701174
02     9.164   -3.734  -12.585  138.546   47.233 -157.513    1598610701174
01    14.395   -3.167  -11.496   69.403   38.059 -144.146    1598610701184
02     9.117   -3.713  -12.534  138.742   46.295 -156.662    1598610701184
01    14.350   -3.143  -11.524   70.532   38.255 -143.016    1598610701204
02     9.080   -3.694  -12.501  138.644   45.654 -156.133    1598610701204
01    14.363   -3.113  -11.518   70.428   37.916 -143.059    1598610701222
02     9.043   -3.677  -12.499  138.566   45.305 -155.840    1598610701222
01    14.392   -3.114  -11.479   69.753   37.559 -143.540    1598610701235
02     9.027   -3.666  -12.499  138.369   45.363 -155.976    1598610701235
01    14.407   -3.098  -11.463   69.402   37.194 -143.680    1598610701255
02     9.024   -3.642  -12.495  138.111   45.422 -156.305    1598610701255
01    14.410   -3.092  -11.438   69.202   36.868 -143.642    1598610701274
02     9.030   -3.622  -12.471  137.771   45.443 -156.611    1598610701274
01    14.400   -3.080  -11.411   69.358   36.677 -143.361    1598610701286
02     9.028   -3.597  -12.440  137.543   45.241 -156.759    1598610701286
01    14.369   -3.077  -11.391   69.834   36.593 -142.711    1598610701306
02     9.023   -3.574  -12.400  137.445   44.932 -156.816    1598610701306
01    14.343   -3.047  -11.349   70.667   36.456 -141.938    1598610701317
02     9.004   -3.538  -12.350  137.341   44.481 -156.860    1598610701317
01    14.289   -2.989  -11.320   71.968   36.220 -140.671    1598610701337
02     8.986   -3.492  -12.290  137.213   43.998 -156.930    1598610701337
01    14.221   -2.940  -11.289   73.500   35.822 -139.022    1598610701356
02     8.959   -3.425  -12.244  137.101   43.462 -157.050    1598610701356
01    14.160   -2.874  -11.242   75.048   35.256 -137.439    1598610701368
02     8.956   -3.365  -12.196  136.744   42.977 -157.359    1598610701368
01    14.096   -2.789  -11.227   76.606   34.608 -135.913    1598610701388
02     8.964   -3.297  -12.148  136.160   42.469 -157.859    1598610701388
01    14.089   -2.721  -11.215   77.245   34.088 -135.342    1598610701406
02     8.968   -3.232  -12.111  135.581   41.919 -158.359    1598610701406
01    14.087   -2.712  -11.221   76.997   33.969 -135.149    1598610701419
02     8.962   -3.213  -12.084  135.341   41.540 -158.463    1598610701419
01    14.102   -2.717  -11.191   76.590   34.027 -135.266    1598610701439
02     8.963   -3.166  -12.058  135.101   41.186 -158.632    1598610701439
01    14.110   -2.707  -11.182   76.597   33.999 -135.151    1598610701450
02     8.985   -3.143  -12.012  134.811   40.972 -158.825    1598610701450
01    14.110   -2.683  -11.166   76.814   33.917 -134.966    1598610701470
02     8.980   -3.109  -11.996  134.588   40.520 -158.891    1598610701470
01    14.115   -2.668  -11.121   77.009   33.708 -134.922    1598610701489
02     8.967   -3.106  -11.988  134.470   40.234 -158.777    1598610701489
01    14.118   -2.627  -11.091   77.252   33.334 -134.911    1598610701501
02     8.968   -3.107  -11.987  134.555   40.145 -158.760    1598610701501
01    14.111   -2.613  -11.088   77.348   32.912 -134.810    1598610701522
02     8.971   -3.108  -11.992  134.491   40.204 -158.884    1598610701522
01    14.111   -2.577  -11.087   77.518   32.509 -134.756    1598610701540
02     8.985   -3.105  -11.993  134.367   40.285 -159.013    1598610701540
01    14.094   -2.598  -11.106   77.606   32.595 -134.527    1598610701552
02     8.989   -3.104  -11.991  134.363   40.239 -158.883    1598610701552
01    14.100   -2.599  -11.097   77.779   32.636 -134.498    1598610701573
02     8.997   -3.103  -11.980  134.253   40.211 -158.824    1598610701573
01    14.100   -2.603  -11.095   77.955   32.702 -134.421    1598610701583
02     8.986   -3.104  -11.989  134.212   40.054 -158.651    1598610701591
01    14.099   -2.608  -11.103   78.077   32.821 -134.302    1598610701603
02     8.980   -3.121  -11.994  134.253   40.050 -158.435    1598610701603
01    14.090   -2.610  -11.118   78.231   32.922 -134.114    1598610701622
02     8.982   -3.121  -12.000  134.241   40.034 -158.393    1598610701624
01    14.086   -2.634  -11.125   78.255   33.070 -134.004    1598610701632
02     8.998   -3.110  -11.999  134.102   40.045 -158.539    1598610701632
01    14.079   -2.650  -11.135   78.358   33.192 -133.853    1598610701642
02     9.005   -3.104  -12.003  133.990   39.990 -158.583    1598610701642
01    14.072   -2.661  -11.133   78.578   33.281 -133.653    1598610701673
02     9.013   -3.097  -12.003  133.809   39.906 -158.673    1598610701673
01    14.058   -2.657  -11.148   79.055   33.347 -133.201    1598610701689
02     9.026   -3.094  -11.998  133.577   39.881 -158.779    1598610701689
