01     9.695   -9.216  -11.367  128.249   13.867 -117.332    1614148795533
02    11.955  -11.444  -14.572  124.428   83.064   63.618    1614148795533
01     9.707   -9.215  -11.370  128.125   13.918 -117.413    1614148795549
02    11.957  -11.450  -14.579  123.726   83.078   62.955    1614148795549
01     9.718   -9.224  -11.372  128.023   14.047 -117.420    1614148795565
02    11.976  -11.438  -14.583  122.834   83.134   61.961    1614148795565
01     9.737   -9.226  -11.375  128.010   14.132 -117.422    1614148795580
02    11.984  -11.431  -14.599  121.974   83.075   61.109    1614148795580
01     9.736   -9.234  -11.371  127.985   14.128 -117.394    1614148795587
02    12.020  -11.398  -14.593  120.075   83.062   58.963    1614148795587
01     9.744   -9.232  -11.350  128.027   14.141 -117.435    1614148795603
02    12.063  -11.389  -14.568  117.847   83.220   56.453    1614148795603
01     9.761   -9.214  -11.336  128.067   14.090 -117.542    1614148795618
02    12.065  -11.373  -14.578  117.742   83.145   56.205    1614148795618
01     9.764   -9.198  -11.335  128.089   13.964 -117.593    1614148795649
02    12.054  -11.401  -14.560  116.578   83.235   55.235    1614148795649
01     9.760   -9.186  -11.345  128.067   13.814 -117.594    1614148795665
02    12.053  -11.394  -14.561  116.712   83.244   55.324    1614148795665
01     9.767   -9.176  -11.347  128.023   13.699 -117.642    1614148795681
02    12.056  -11.358  -14.596  117.083   82.883   55.551    1614148795681
01     9.769   -9.170  -11.348  127.936   13.596 -117.681    1614148795687
02    12.056  -11.357  -14.593  115.960   82.892   54.605    1614148795687
01     9.766   -9.174  -11.344  127.837   13.522 -117.662    1614148795703
02    12.046  -11.366  -14.587  116.474   82.952   55.177    1614148795703
01     9.763   -9.167  -11.342  127.792   13.311 -117.678    1614148795718
02    12.040  -11.352  -14.597  116.658   82.810   55.360    1614148795718
01     9.763   -9.154  -11.341  127.607   13.104 -117.748    1614148795750
02    12.040  -11.340  -14.599  116.024   82.725   54.671    1614148795750
01     9.769   -9.156  -11.332  127.467   13.101 -117.808    1614148795765
02    12.042  -11.335  -14.603  115.807   82.692   54.464    1614148795765
01     9.775   -9.151  -11.333  127.451   13.013 -117.854    1614148795781
02    12.040  -11.322  -14.617  116.001   82.600   54.677    1614148795781
01     9.798   -9.124  -11.338  127.515   12.938 -117.991    1614148795787
02    12.033  -11.331  -14.626  116.474   82.587   55.242    1614148795787
01     9.803   -9.129  -11.340  127.482   12.942 -117.956    1614148795803
02    12.040  -11.349  -14.614  115.861   82.662   54.732    1614148795803
01     9.809   -9.124  -11.344  127.516   12.893 -117.932    1614148795819
02    12.037  -11.350  -14.622  115.963   82.640   54.894    1614148795819
01     9.801   -9.140  -11.337  127.461   12.883 -117.878    1614148795850
02    12.038  -11.342  -14.629  115.912   82.524   54.871    1614148795850
01     9.807   -9.142  -11.334  127.469   12.880 -117.934    1614148795866
02    12.044  -11.343  -14.625  115.744   82.562   54.711    1614148795866
01     9.814   -9.142  -11.332  127.476   12.886 -117.935    1614148795881
02    12.044  -11.340  -14.630  116.029   82.566   54.998    1614148795881
01     9.817   -9.136  -11.345  127.484   12.845 -117.959    1614148795887
02    12.062  -11.347  -14.617  116.026   82.648   54.967    1614148795887
01     9.816   -9.137  -11.358  127.490   12.834 -117.896    1614148795903
02    12.078  -11.342  -14.621  115.924   82.637   54.852    1614148795903
01     9.825   -9.142  -11.356  127.555   12.963 -117.857    1614148795919
02    12.100  -11.341  -14.617  115.663   82.671   54.612    1614148795919
01     9.835   -9.146  -11.349  127.592   13.028 -117.892    1614148795950
02    12.093  -11.338  -14.623  115.973   82.631   54.942    1614148795950
01     9.837   -9.146  -11.349  127.576   12.991 -117.943    1614148795966
02    12.102  -11.329  -14.626  115.741   82.587   54.695    1614148795966
01     9.849   -9.137  -11.350  127.609   12.956 -118.014    1614148795981
02    12.111  -11.337  -14.620  115.825   82.588   54.771    1614148795981
01     9.849   -9.134  -11.355  127.609   12.891 -118.039    1614148795988
02    12.136  -11.316  -14.616  115.805   82.545   54.703    1614148795988
01     9.861   -9.136  -11.352  127.628   12.923 -118.056    1614148796004
02    12.133  -11.316  -14.626  116.328   82.530   55.232    1614148796004
01     9.861   -9.135  -11.369  127.625   12.898 -118.062    1614148796019
02    12.134  -11.338  -14.631  116.717   82.543   55.674    1614148796019
01     9.872   -9.130  -11.388  127.693   12.921 -118.076    1614148796035
02    12.139  -11.355  -14.630  117.585   82.545   56.593    1614148796035
01     9.879   -9.144  -11.385  127.735   13.014 -118.074    1614148796066
02    12.140  -11.358  -14.633  118.583   82.522   57.625    1614148796066
01     9.883   -9.149  -11.382  127.792   13.067 -118.053    1614148796082
02    12.141  -11.354  -14.638  119.115   82.486   58.157    1614148796082
01     9.881   -9.152  -11.382  127.796   13.054 -118.038    1614148796088
02    12.137  -11.345  -14.647  119.479   82.307   58.530    1614148796088
01     9.872   -9.160  -11.381  127.743   13.025 -118.015    1614148796104
02    12.145  -11.348  -14.640  119.702   82.279   58.693    1614148796104
01     9.877   -9.155  -11.383  127.747   12.984 -118.036    1614148796119
02    12.164  -11.330  -14.635  118.980   82.283   57.904    1614148796119
01     9.887   -9.154  -11.382  127.774   13.003 -118.030    1614148796135
02    12.152  -11.347  -14.634  120.089   82.300   59.106    1614148796135
01     9.893   -9.147  -11.391  127.802   12.989 -118.061    1614148796166
02    12.163  -11.347  -14.627  119.733   82.314   58.777    1614148796166
01     9.905   -9.146  -11.388  127.877   13.067 -118.089    1614148796182
02    12.163  -11.343  -14.636  120.488   82.187   59.570    1614148796182
01     9.906   -9.145  -11.389  127.952   13.055 -118.070    1614148796188
02    12.162  -11.326  -14.646  120.366   81.995   59.397    1614148796188
01     9.903   -9.158  -11.376  127.955   13.110 -118.049    1614148796204
02    12.164  -11.329  -14.636  120.689   82.028   59.691    1614148796204
01     9.894   -9.164  -11.378  127.912   13.051 -118.028    1614148796220
02    12.160  -11.318  -14.642  120.631   81.887   59.586    1614148796220
01     9.895   -9.154  -11.381  127.899   12.961 -118.083    1614148796235
02    12.149  -11.324  -14.643  121.063   81.834   60.132    1614148796235
01     9.901   -9.152  -11.382  127.841   12.976 -118.128    1614148796267
02    12.151  -11.321  -14.649  120.987   81.810   60.042    1614148796267
01     9.909   -9.152  -11.381  127.810   13.010 -118.166    1614148796282
02    12.162  -11.315  -14.653  121.005   81.831   60.016    1614148796282
01     9.924   -9.147  -11.380  127.833   13.051 -118.227    1614148796289
02    12.155  -11.320  -14.660  121.341   81.744   60.416    1614148796289
01     9.924   -9.154  -11.378  127.839   13.083 -118.201    1614148796304
02    12.148  -11.323  -14.664  121.782   81.628   60.855    1614148796304
01     9.923   -9.155  -11.377  127.862   13.058 -118.184    1614148796320
02    12.131  -11.317  -14.682  122.316   81.387   61.475    1614148796320
01     9.919   -9.150  -11.378  127.877   12.994 -118.182    1614148796336
02    12.127  -11.321  -14.669  123.135   81.560   62.219    1614148796336
01     9.921   -9.146  -11.375  127.890   12.961 -118.202    1614148796367
02    12.135  -11.308  -14.665  122.866   81.502   61.789    1614148796367
01     9.920   -9.149  -11.372  127.870   12.957 -118.191    1614148796382
02    12.146  -11.308  -14.653  121.862   81.633   60.804    1614148796382
01     9.917   -9.149  -11.379  127.836   12.923 -118.177    1614148796389
02    12.134  -11.311  -14.665  122.953   81.472   62.002    1614148796389
01     9.919   -9.146  -11.383  127.841   12.942 -118.170    1614148796405
02    12.144  -11.315  -14.661  122.652   81.563   61.731    1614148796405
01     9.921   -9.149  -11.388  127.810   12.969 -118.169    1614148796420
02    12.142  -11.317  -14.664  122.342   81.505   61.456    1614148796420
01     9.926   -9.156  -11.385  127.786   13.044 -118.181    1614148796436
02    12.143  -11.325  -14.662  122.594   81.449   61.721    1614148796436
01     9.929   -9.155  -11.386  127.792   13.052 -118.212    1614148796467
02    12.144  -11.322  -14.665  122.755   81.377   61.841    1614148796467
01     9.929   -9.157  -11.387  127.773   13.036 -118.232    1614148796483
02    12.147  -11.311  -14.674  122.602   81.278   61.580    1614148796483
01     9.930   -9.156  -11.389  127.765   13.019 -118.274    1614148796489
02    12.148  -11.313  -14.672  122.414   81.328   61.344    1614148796489
01     9.929   -9.157  -11.396  127.762   13.027 -118.277    1614148796505
02    12.159  -11.312  -14.665  122.551   81.463   61.426    1614148796505
01     9.921   -9.159  -11.418  127.730   13.012 -118.277    1614148796521
02    12.159  -11.316  -14.671  122.814   81.452   61.730    1614148796521
01     9.926   -9.163  -11.437  127.737   13.034 -118.264    1614148796536
02    12.161  -11.315  -14.678  122.561   81.404   61.494    1614148796536
01     9.929   -9.182  -11.432  127.724   13.104 -118.256    1614148796552
02    12.168  -11.323  -14.677  122.827   81.420   61.720    1614148796552
01     9.924   -9.191  -11.429  127.722   13.151 -118.231    1614148796583
02    12.183  -11.298  -14.688  122.522   81.316   61.285    1614148796583
01     9.933   -9.173  -11.426  127.800   13.135 -118.271    1614148796590
02    12.166  -11.302  -14.690  122.940   81.229   61.730    1614148796590
01     9.930   -9.173  -11.420  127.815   13.127 -118.299    1614148796605
02    12.162  -11.298  -14.695  123.016   81.018   61.780    1614148796605
01     9.916   -9.181  -11.421  127.820   13.107 -118.265    1614148796621
02    12.154  -11.307  -14.693  123.654   80.953   62.533    1614148796621
01     9.913   -9.170  -11.436  127.844   13.066 -118.286    1614148796636
02    12.159  -11.317  -14.684  123.938   80.961   62.837    1614148796636
01     9.917   -9.173  -11.444  127.862   13.110 -118.310    1614148796652
02    12.156  -11.324  -14.685  125.087   80.800   64.039    1614148796652
01     9.913   -9.181  -11.459  127.874   13.162 -118.291    1614148796683
02    12.173  -11.320  -14.675  125.212   80.526   64.057    1614148796683
01     9.921   -9.176  -11.468  127.982   13.299 -118.354    1614148796690
02    12.168  -11.313  -14.666  129.371   78.918   68.038    1614148796690
01     9.929   -9.179  -11.473  128.199   13.629 -118.436    1614148796705
02    12.150  -11.301  -14.619  136.006   75.624   74.447    1614148796705
01     9.926   -9.181  -11.525  128.575   14.056 -118.564    1614148796721
02    12.006  -11.286  -14.448  141.265   69.800   80.396    1614148796721
01     9.899   -9.174  -11.700  129.482   15.040 -118.538    1614148796737
02    11.751  -11.224  -14.144  144.767   61.517   85.005    1614148796737
01     9.886   -9.262  -11.890  130.857   17.320 -118.246    1614148796752
02    11.472  -11.134  -13.700  147.278   51.538   89.107    1614148796752
01     9.890   -9.386  -12.080  132.663   20.188 -117.525    1614148796784
02    11.205  -10.987  -13.276  148.046   40.330   90.928    1614148796784
01     9.915   -9.516  -12.255  134.555   23.219 -116.788    1614148796790
02    10.832  -10.834  -13.003  147.509   26.130   91.829    1614148796790
01    10.039   -9.746  -12.194  135.748   26.539 -116.649    1614148796806
02    10.216  -10.578  -13.166  146.619   10.192   92.557    1614148796806
01    10.057   -9.914  -12.120  135.747   27.523 -116.575    1614148796821
02    10.064  -10.617  -13.110  146.680    5.445   93.647    1614148796821
01    10.076   -9.922  -12.112  135.345   27.061 -116.829    1614148796837
02    10.019  -10.606  -13.090  146.821    3.033   94.114    1614148796837
01    10.103   -9.951  -12.098  135.109   27.033 -116.656    1614148796853
02     9.985  -10.600  -13.092  146.743    1.496   94.150    1614148796853
01    10.108   -9.973  -12.118  135.025   26.917 -116.348    1614148796868
02     9.986  -10.639  -13.065  146.717    0.900   93.803    1614148796868
01    10.106   -9.982  -12.155  134.925   26.794 -116.235    1614148796890
02    10.002  -10.666  -13.064  146.809    0.574   93.189    1614148796890
01    10.126  -10.001  -12.167  134.805   27.000 -116.207    1614148796906
02    10.037  -10.646  -13.085  147.026    0.418   92.496    1614148796906
01    10.149  -10.023  -12.181  134.442   27.255 -116.410    1614148796922
02    10.032  -10.654  -13.115  146.795    0.597   91.963    1614148796922
01    10.190  -10.019  -12.189  134.126   27.609 -116.810    1614148796937
02    10.089  -10.649  -13.121  146.749    1.334   91.383    1614148796937
01    10.212  -10.016  -12.203  133.882   27.833 -117.118    1614148796953
02    10.088  -10.643  -13.162  146.503    1.574   91.171    1614148796953
01    10.210  -10.010  -12.235  133.531   27.931 -117.376    1614148796969
02    10.098  -10.669  -13.180  146.148    2.390   91.155    1614148796969
01    10.219  -10.016  -12.263  133.242   28.176 -117.585    1614148796991
02    10.115  -10.699  -13.199  145.824    3.570   91.434    1614148796991
01    10.219  -10.040  -12.291  132.801   28.554 -117.911    1614148797006
02    10.123  -10.718  -13.253  145.431    5.011   91.781    1614148797006
01    10.269  -10.103  -12.213  131.947   29.518 -118.601    1614148797022
02    10.107  -10.671  -13.433  145.540    7.695   91.618    1614148797022
01    10.312  -10.119  -12.072  130.397   28.611 -120.085    1614148797038
02    10.034  -10.668  -13.923  145.880   13.174   91.841    1614148797038
01    10.300  -10.050  -11.958  128.102   25.698 -121.871    1614148797053
02    10.122  -10.716  -14.464  146.808   23.294   92.383    1614148797053
01    10.280   -9.932  -11.840  125.730   22.016 -123.493    1614148797069
02    10.427  -10.834  -14.837  148.383   36.630   92.783    1614148797069
01    10.259   -9.756  -11.694  123.382   17.824 -124.646    1614148797091
02    10.813  -11.027  -15.067  149.538   49.691   92.340    1614148797091
01    10.227   -9.565  -11.598  121.798   14.288 -124.691    1614148797107
02    11.365  -11.267  -15.101  150.332   62.908   90.599    1614148797107
01    10.174   -9.430  -11.575  120.517   11.910 -124.080    1614148797122
02    11.977  -11.423  -14.984  145.741   74.621   84.000    1614148797122
01    10.179   -9.370  -11.520  119.214   10.572 -123.873    1614148797138
02    12.311  -11.584  -14.933  129.210   82.060   66.915    1614148797138
01    10.184   -9.325  -11.469  117.721    9.038 -124.068    1614148797154
02    12.517  -11.710  -14.904   89.095   85.785   26.720    1614148797154
01    10.202   -9.264  -11.425  116.565    7.227 -124.630    1614148797169
02    12.645  -11.842  -14.870   32.959   85.836  -28.793    1614148797169
01    10.236   -9.194  -11.379  115.782    5.547 -125.458    1614148797191
02    12.698  -11.953  -14.829    5.323   84.023  -55.909    1614148797191
01    10.241   -9.173  -11.345  115.013    4.252 -126.218    1614148797207
02    12.813  -11.954  -14.795   -2.031   82.067  -63.323    1614148797207
01    10.243   -9.142  -11.324  114.485    2.896 -127.014    1614148797223
02    12.823  -12.007  -14.804   -6.988   81.043  -67.940    1614148797223
01    10.272   -9.128  -11.296  113.710    1.965 -127.709    1614148797238
02    12.798  -12.072  -14.807  -12.379   80.261  -72.958    1614148797238
01    10.317   -9.135  -11.242  112.954    1.321 -128.337    1614148797254
02    12.822  -12.099  -14.792  -14.998   79.552  -75.146    1614148797254
01    10.347   -9.122  -11.214  112.310    0.583 -128.611    1614148797269
02    12.825  -12.132  -14.785  -17.329   79.364  -77.148    1614148797269
01    10.371   -9.089  -11.196  112.016   -0.084 -128.733    1614148797292
02    12.803  -12.107  -14.811  -16.801   79.662  -76.602    1614148797292
01    10.379   -9.076  -11.155  112.074   -0.335 -128.680    1614148797307
02    12.780  -12.066  -14.841  -15.435   79.880  -75.236    1614148797307
01    10.365   -9.070  -11.127  112.264   -0.386 -128.618    1614148797323
02    12.789  -12.050  -14.800  -13.610   79.684  -73.573    1614148797323
01    10.357   -9.058  -11.118  112.624   -0.374 -128.676    1614148797338
02    12.792  -12.025  -14.798  -11.016   79.651  -70.993    1614148797338
01    10.352   -9.046  -11.138  113.187   -0.115 -128.610    1614148797354
02    12.755  -12.017  -14.814  -10.487   80.047  -70.124    1614148797354
01    10.368   -9.025  -11.192  114.165    0.985 -128.451    1614148797370
02    12.694  -11.966  -14.849   -4.095   81.914  -63.406    1614148797370
01    10.398   -9.004  -11.321  116.025    3.385 -127.947    1614148797392
02    12.652  -11.872  -14.821   22.267   84.676  -36.936    1614148797392
01    10.406   -9.015  -11.547  119.125    7.044 -126.973    1614148797407
02    12.601  -11.796  -14.664  101.888   83.525   42.914    1614148797407
01    10.302   -9.133  -12.011  124.849   12.941 -124.405    1614148797423
02    12.399  -11.711  -14.142  137.961   68.732   79.959    1614148797423
01    10.203   -9.449  -12.417  129.623   19.567 -121.108    1614148797439
02    12.094  -11.425  -13.137  145.133   50.092   87.026    1614148797439
01    10.303   -9.868  -12.457  132.151   26.230 -119.669    1614148797454
02    11.254  -11.105  -13.089  145.638   22.671   88.631    1614148797454
01    10.447  -10.069  -12.402  132.458   28.894 -119.377    1614148797470
02    10.691  -10.973  -13.275  144.718   10.680   91.074    1614148797470
01    10.482  -10.158  -12.370  131.628   28.730 -118.769    1614148797492
02    10.477  -10.924  -13.324  143.712    6.477   92.794    1614148797492
01    10.494  -10.155  -12.383  131.014   27.978 -118.143    1614148797508
02    10.401  -10.898  -13.328  143.100    4.432   93.730    1614148797508
01    10.483  -10.169  -12.399  130.960   27.862 -117.434    1614148797523
02    10.380  -10.890  -13.307  143.080    3.505   94.225    1614148797523
01    10.466  -10.196  -12.399  131.164   28.043 -117.138    1614148797539
02    10.369  -10.866  -13.312  143.408    2.783   93.707    1614148797539
01    10.450  -10.198  -12.418  131.643   28.195 -117.006    1614148797555
02    10.356  -10.874  -13.316  143.886    2.524   93.197    1614148797555
01    10.431  -10.211  -12.425  132.023   28.482 -116.831    1614148797570
02    10.370  -10.845  -13.337  144.382    2.445   92.344    1614148797570
01    10.417  -10.219  -12.440  132.318   28.809 -116.614    1614148797592
02    10.346  -10.876  -13.355  144.235    2.710   92.241    1614148797592
01    10.403  -10.235  -12.459  132.413   29.097 -116.338    1614148797608
02    10.316  -10.931  -13.366  143.768    3.413   92.576    1614148797608
01    10.413  -10.253  -12.433  132.461   29.501 -116.248    1614148797624
02    10.263  -10.959  -13.412  143.008    4.653   93.266    1614148797624
01    10.401  -10.327  -12.335  131.629   29.467 -116.535    1614148797639
02    10.226  -10.920  -13.574  143.415    8.198   93.613    1614148797639
01    10.405  -10.313  -12.193  129.878   27.828 -118.249    1614148797655
02    10.163  -10.894  -13.930  144.511   14.431   94.488    1614148797655
01    10.391  -10.221  -12.067  127.447   24.833 -120.620    1614148797671
02    10.155  -10.938  -14.436  146.285   22.602   95.957    1614148797671
01    10.365  -10.050  -11.942  124.493   20.552 -123.348    1614148797693
02    10.333  -11.069  -14.801  148.887   33.325   97.754    1614148797693
01    10.365   -9.802  -11.843  122.199   16.310 -125.060    1614148797708
02    10.730  -11.251  -14.942  152.795   47.874   99.687    1614148797708
01    10.367   -9.624  -11.791  121.582   14.790 -124.817    1614148797724
02    11.209  -11.306  -15.019  153.572   60.450   98.041    1614148797724
01    10.351   -9.539  -11.779  121.774   14.558 -123.782    1614148797740
02    11.615  -11.416  -15.005  149.613   70.557   92.465    1614148797740
01    10.284   -9.536  -11.808  121.955   14.623 -122.562    1614148797755
02    11.978  -11.515  -14.965  140.586   77.572   82.288    1614148797755
01    10.251   -9.539  -11.825  121.989   14.699 -121.862    1614148797771
02    12.308  -11.613  -14.895  123.708   82.348   64.629    1614148797771
01    10.247   -9.543  -11.822  121.872   14.754 -121.665    1614148797793
02    12.497  -11.691  -14.925   99.070   84.492   39.519    1614148797793
01    10.256   -9.532  -11.821  121.480   14.534 -121.887    1614148797809
02    12.711  -11.698  -14.952   66.742   84.906    6.559    1614148797809
01    10.259   -9.516  -11.813  120.968   13.961 -122.426    1614148797824
02    12.834  -11.806  -14.926   39.040   84.792  -20.932    1614148797824
01    10.274   -9.498  -11.811  120.819   13.647 -122.802    1614148797840
02    12.824  -11.875  -14.950   25.324   85.039  -34.101    1614148797840
01    10.284   -9.492  -11.820  121.136   13.818 -122.813    1614148797855
02    12.797  -11.939  -14.908   20.698   85.471  -38.275    1614148797855
01    10.273   -9.510  -11.838  121.623   14.186 -122.534    1614148797884
02    12.774  -11.892  -14.938   28.052   85.674  -30.967    1614148797884
01    10.258   -9.521  -11.871  122.198   14.636 -122.230    1614148797893
02    12.764  -11.948  -14.886   26.876   86.162  -31.966    1614148797893
01    10.249   -9.530  -11.930  122.957   15.325 -121.941    1614148797909
02    12.668  -11.940  -14.865   70.034   86.902   11.601    1614148797909
01    10.246   -9.547  -12.057  124.176   16.461 -121.450    1614148797924
02    12.529  -11.947  -14.691  131.228   82.581   73.874    1614148797924
01    10.244   -9.611  -12.339  127.111   19.235 -120.146    1614148797940
02    12.382  -11.912  -14.280  143.264   72.091   87.479    1614148797940
01    10.222   -9.817  -12.603  130.730   23.584 -117.806    1614148797956
02    12.104  -11.810  -13.442  146.777   57.576   92.314    1614148797956
01    10.316  -10.135  -12.588  133.329   28.675 -116.216    1614148797971
02    11.478  -11.489  -13.197  145.937   28.547   92.657    1614148797971
01    10.392  -10.325  -12.522  134.289   31.107 -115.543    1614148797993
02    10.891  -11.287  -13.318  144.478   13.279   94.586    1614148797993
01    10.425  -10.378  -12.489  133.783   31.107 -115.448    1614148798009
02    10.612  -11.217  -13.336  143.711    9.216   96.063    1614148798009
01    10.449  -10.386  -12.479  132.974   30.669 -115.694    1614148798025
02    10.478  -11.148  -13.355  143.408    7.581   96.681    1614148798025
01    10.448  -10.407  -12.477  132.443   30.483 -115.955    1614148798040
02    10.451  -11.084  -13.373  143.653    6.986   96.279    1614148798040
01    10.448  -10.399  -12.495  132.330   30.410 -116.217    1614148798056
02    10.455  -11.049  -13.377  143.945    7.056   95.452    1614148798056
01    10.459  -10.406  -12.496  132.313   30.708 -116.423    1614148798071
02    10.469  -11.038  -13.383  144.101    7.199   94.737    1614148798071
01    10.454  -10.398  -12.513  132.414   30.802 -116.387    1614148798094
02    10.443  -11.058  -13.394  144.003    7.180   94.337    1614148798094
01    10.452  -10.380  -12.541  132.497   30.885 -116.174    1614148798109
02    10.408  -11.070  -13.429  143.714    7.171   94.196    1614148798109
01    10.442  -10.379  -12.565  132.576   31.352 -115.760    1614148798125
02    10.357  -11.091  -13.478  143.281    7.714   94.658    1614148798125
01    10.464  -10.452  -12.487  132.158   32.345 -115.596    1614148798141
02    10.353  -11.039  -13.626  143.689    9.838   94.693    1614148798141
01    10.480  -10.485  -12.354  130.418   31.597 -116.815    1614148798156
02    10.326  -11.028  -13.900  144.452   14.831   94.933    1614148798156
01    10.477  -10.436  -12.232  127.656   28.972 -119.140    1614148798172
02    10.360  -11.017  -14.399  145.169   22.115   94.347    1614148798172
01    10.448  -10.302  -12.112  124.064   24.250 -122.172    1614148798194
02    10.558  -11.047  -14.886  145.663   31.253   93.031    1614148798194
01    10.432  -10.075  -11.983  120.993   18.644 -124.918    1614148798210
02    10.970  -11.144  -15.115  145.973   46.099   90.721    1614148798210
01    10.425   -9.834  -11.849  119.109   14.421 -126.277    1614148798225
02    11.381  -11.347  -15.177  145.287   60.913   88.565    1614148798225
01    10.410   -9.648  -11.751  117.863   11.799 -126.591    1614148798241
02    11.757  -11.584  -15.166  144.035   72.853   86.227    1614148798241
01    10.416   -9.528  -11.700  117.328   10.591 -126.531    1614148798256
02    12.138  -11.768  -15.098  140.067   81.527   81.383    1614148798256
01    10.402   -9.471  -11.704  116.944    9.932 -126.165    1614148798272
02    12.426  -11.973  -15.036  120.793   87.157   62.069    1614148798272
01    10.404   -9.442  -11.727  116.608    9.409 -126.127    1614148798294
02    12.670  -12.113  -14.970    8.779   87.763  -49.947    1614148798294
01    10.419   -9.439  -11.724  116.070    8.896 -126.496    1614148798310
02    12.884  -12.208  -14.936  -12.286   84.977  -71.405    1614148798310
01    10.421   -9.422  -11.705  115.512    7.905 -126.851    1614148798325
02    12.966  -12.343  -14.885  -19.707   82.616  -78.378    1614148798325
01    10.443   -9.403  -11.650  114.894    7.076 -127.470    1614148798341
02    12.959  -12.343  -14.956  -20.065   81.844  -78.656    1614148798341
01    10.458   -9.375  -11.592  114.711    6.311 -127.848    1614148798357
02    13.031  -12.327  -14.909  -20.519   80.785  -79.489    1614148798357
01    10.470   -9.324  -11.577  115.000    5.953 -127.879    1614148798372
02    13.009  -12.341  -14.913  -21.470   80.556  -80.193    1614148798372
01    10.462   -9.289  -11.601  115.706    6.458 -127.441    1614148798394
02    12.951  -12.333  -14.933  -19.135   81.338  -77.465    1614148798394
01    10.441   -9.301  -11.654  116.518    7.520 -126.801    1614148798410
02    12.929  -12.255  -14.950  -12.086   81.865  -70.573    1614148798410
01    10.414   -9.334  -11.703  117.617    8.667 -126.219    1614148798426
02    12.961  -12.145  -14.993   -2.996   82.187  -61.937    1614148798426
01    10.401   -9.378  -11.755  118.770   10.017 -125.911    1614148798441
02    12.966  -12.097  -14.968    6.382   83.164  -52.453    1614148798441
01    10.411   -9.364  -11.883  120.760   11.698 -125.443    1614148798457
02    12.941  -12.017  -14.903   42.723   85.116  -16.232    1614148798457
01    10.401   -9.425  -12.051  123.258   14.403 -124.438    1614148798473
02    12.743  -11.955  -14.748  117.413   81.537   59.361    1614148798473
01    10.332   -9.538  -12.463  126.961   18.492 -122.334    1614148798495
02    12.504  -11.896  -14.148  139.380   69.355   82.858    1614148798495
01    10.293   -9.816  -12.856  130.123   24.198 -119.734    1614148798510
02    12.124  -11.730  -13.119  144.560   48.171   88.988    1614148798510
01    10.435  -10.184  -12.836  131.132   29.376 -118.794    1614148798526
02    11.197  -11.292  -13.479  143.385   23.297   89.834    1614148798526
01    10.630  -10.335  -12.728  130.676   31.649 -119.450    1614148798542
02    10.920  -11.196  -13.564  142.917   17.734   90.799    1614148798542
01    10.694  -10.415  -12.685  129.992   31.918 -119.386    1614148798557
02    10.833  -11.136  -13.589  142.501   15.782   91.177    1614148798557
01    10.721  -10.411  -12.679  129.627   31.585 -119.333    1614148798573
02    10.808  -11.074  -13.592  142.768   14.540   91.244    1614148798573
01    10.689  -10.403  -12.688  129.729   31.186 -119.200    1614148798595
02    10.796  -11.025  -13.581  143.209   13.803   90.777    1614148798595
01    10.660  -10.396  -12.671  130.206   31.081 -119.044    1614148798611
02    10.781  -10.983  -13.569  143.823   13.289   90.071    1614148798611
01    10.633  -10.385  -12.658  130.551   31.102 -118.846    1614148798626
02    10.758  -10.975  -13.542  144.133   12.979   89.731    1614148798626
01    10.624  -10.380  -12.629  130.677   31.274 -118.622    1614148798642
02    10.693  -10.985  -13.544  143.597   12.470   89.409    1614148798642
01    10.615  -10.376  -12.591  130.455   31.517 -118.322    1614148798658
02    10.615  -10.987  -13.553  142.695   11.973   89.536    1614148798658
01    10.610  -10.355  -12.557  130.081   31.544 -118.152    1614148798673
02    10.546  -10.959  -13.593  141.654   11.822   90.176    1614148798673
01    10.626  -10.386  -12.407  128.857   31.437 -118.706    1614148798695
02    10.530  -10.841  -13.747  141.858   13.586   90.296    1614148798695
01    10.621  -10.339  -12.216  126.610   29.417 -120.511    1614148798711
02    10.455  -10.804  -14.030  142.322   18.438   91.179    1614148798711
01    10.556  -10.173  -12.064  123.514   25.012 -122.969    1614148798727
02    10.458  -10.811  -14.380  143.159   25.573   92.078    1614148798727
01    10.512   -9.920  -11.944  119.645   18.329 -125.930    1614148798742
02    10.592  -10.853  -14.731  143.898   34.094   91.928    1614148798742
01    10.529   -9.666  -11.830  117.296   13.827 -127.344    1614148798758
02    10.902  -10.899  -14.946  143.180   44.322   89.551    1614148798758
01    10.552   -9.472  -11.806  116.586   11.783 -127.254    1614148798773
02    11.290  -10.978  -15.048  139.214   56.065   83.712    1614148798773
01    10.545   -9.414  -11.759  116.534   11.573 -126.621    1614148798796
02    11.726  -11.032  -15.102  131.649   65.792   74.227    1614148798796
01    10.532   -9.369  -11.721  117.003   11.484 -126.022    1614148798811
02    12.082  -11.157  -15.116  120.321   72.835   62.159    1614148798811
01    10.485   -9.366  -11.699  117.230   11.211 -125.501    1614148798827
02    12.398  -11.259  -15.087  104.631   77.704   46.080    1614148798827
01    10.447   -9.311  -11.712  117.149   10.496 -125.380    1614148798842
02    12.603  -11.390  -15.066   84.936   80.851   26.597    1614148798842
01    10.447   -9.262  -11.697  116.762    9.732 -125.640    1614148798858
02    12.760  -11.543  -15.024   61.336   82.917    3.242    1614148798858
01    10.447   -9.236  -11.693  116.170    8.966 -125.917    1614148798874
02    12.830  -11.737  -15.009   34.664   83.655  -22.461    1614148798874
01    10.495   -9.181  -11.695  115.771    8.226 -126.420    1614148798896
02    12.897  -11.886  -14.982   12.395   83.252  -44.297    1614148798896
01    10.510   -9.188  -11.685  115.121    7.769 -126.541    1614148798912
02    12.933  -12.027  -14.933   -3.380   82.278  -59.512    1614148798912
01    10.533   -9.171  -11.656  114.588    7.108 -126.737    1614148798927
02    12.960  -12.106  -14.929  -10.004   81.520  -65.908    1614148798927
01    10.546   -9.165  -11.622  114.176    6.506 -126.955    1614148798943
02    13.003  -12.073  -14.958  -10.387   80.844  -66.502    1614148798943
01    10.573   -9.117  -11.571  114.296    5.823 -127.220    1614148798958
02    13.015  -12.102  -14.938  -12.762   80.457  -68.883    1614148798958
01    10.571   -9.069  -11.542  114.931    5.361 -127.191    1614148798974
02    12.980  -12.069  -14.984   -9.110   80.787  -65.351    1614148798974
01    10.575   -9.028  -11.519  115.966    5.743 -126.828    1614148798996
02    12.955  -12.041  -14.955   -7.316   81.557  -63.676    1614148798996
01    10.516   -9.014  -11.617  117.555    6.972 -125.588    1614148799012
02    12.847  -11.961  -14.962    6.855   84.917  -49.487    1614148799012
01    10.463   -9.057  -11.771  119.908    9.369 -124.054    1614148799027
02    12.626  -11.872  -14.909  110.876   85.379   55.125    1614148799027
01    10.349   -9.144  -12.037  122.620   12.422 -122.262    1614148799043
02    12.374  -11.828  -14.600  139.970   74.878   86.511    1614148799043
01    10.272   -9.309  -12.311  125.827   17.164 -120.198    1614148799059
02    12.083  -11.641  -13.668  144.897   58.452   92.449    1614148799059
01    10.261   -9.607  -12.505  128.559   22.643 -118.404    1614148799074
02    11.494  -11.334  -12.950  143.515   33.134   92.262    1614148799074
01    10.345   -9.836  -12.509  130.043   26.889 -117.920    1614148799096
02    10.792  -10.894  -13.260  143.097   13.377   92.827    1614148799096
01    10.387   -9.995  -12.483  130.548   28.346 -117.349    1614148799112
02    10.410  -10.874  -13.373  142.528    7.430   94.316    1614148799112
01    10.410  -10.054  -12.474  130.437   28.184 -116.924    1614148799128
02    10.291  -10.882  -13.366  142.200    5.629   94.880    1614148799128
01    10.384  -10.098  -12.495  130.404   27.933 -116.292    1614148799143
02    10.243  -10.846  -13.387  142.152    4.428   95.015    1614148799143
01    10.369  -10.131  -12.500  130.670   28.116 -115.856    1614148799159
02    10.236  -10.831  -13.387  142.428    4.096   94.832    1614148799159
01    10.355  -10.149  -12.497  130.833   28.306 -115.754    1614148799175
02    10.194  -10.847  -13.398  142.386    3.857   94.890    1614148799175
01    10.344  -10.145  -12.499  131.014   28.600 -115.700    1614148799197
02    10.178  -10.836  -13.421  142.421    3.746   94.761    1614148799197
01    10.334  -10.152  -12.513  131.221   29.144 -115.443    1614148799212
02    10.149  -10.883  -13.409  142.064    4.234   95.296    1614148799212
01    10.345  -10.143  -12.518  131.352   29.612 -115.456    1614148799228
02    10.123  -10.907  -13.438  141.466    4.717   95.877    1614148799228
01    10.350  -10.207  -12.446  131.104   30.057 -115.182    1614148799244
02    10.124  -10.870  -13.525  141.201    6.129   96.040    1614148799244
01    10.361  -10.225  -12.315  129.281   28.861 -116.520    1614148799259
02    10.098  -10.844  -13.727  142.007   10.154   96.675    1614148799259
01    10.355  -10.156  -12.192  126.419   25.694 -118.874    1614148799275
02    10.088  -10.831  -14.068  143.255   16.606   97.452    1614148799275
01    10.333  -10.030  -12.080  123.644   21.720 -121.178    1614148799297
02    10.132  -10.896  -14.549  144.664   24.583   98.286    1614148799297
01    10.320   -9.818  -11.946  121.004   17.135 -123.460    1614148799313
02    10.350  -11.037  -14.930  146.778   33.951   99.047    1614148799313
01    10.337   -9.558  -11.829  119.466   13.261 -124.786    1614148799328
02    10.695  -11.254  -15.099  150.235   46.763  100.158    1614148799328
01    10.327   -9.387  -11.764  118.998   11.373 -124.904    1614148799344
02    11.095  -11.452  -15.157  154.088   58.683  101.465    1614148799344
01    10.310   -9.313  -11.738  118.877   10.678 -124.695    1614148799360
02    11.499  -11.609  -15.133  157.334   68.491  102.293    1614148799360
01    10.305   -9.293  -11.729  118.665   10.397 -124.401    1614148799375
02    11.876  -11.788  -15.081  158.765   75.827  102.610    1614148799375
01    10.293   -9.276  -11.736  118.111    9.981 -124.314    1614148799397
02    12.208  -11.879  -15.055  157.944   81.571  100.832    1614148799397
01    10.304   -9.274  -11.706  117.304    9.317 -124.695    1614148799413
02    12.514  -11.901  -15.035  141.194   86.463   83.476    1614148799413
01    10.335   -9.227  -11.668  116.744    8.168 -125.568    1614148799429
02    12.663  -11.956  -15.018   59.965   88.542    2.275    1614148799429
01    10.345   -9.174  -11.639  116.562    7.024 -126.292    1614148799444
02    12.755  -11.972  -15.009    8.401   87.122  -49.506    1614148799444
01    10.353   -9.161  -11.597  116.476    6.390 -126.790    1614148799460
02    12.759  -12.018  -15.037   -6.668   85.732  -64.091    1614148799460
01    10.347   -9.121  -11.606  116.343    5.727 -127.010    1614148799475
02    12.813  -12.081  -14.994  -14.083   83.982  -71.276    1614148799475
01    10.341   -9.122  -11.609  116.096    5.468 -126.979    1614148799498
02    12.818  -12.152  -14.975  -21.141   82.794  -77.938    1614148799498
01    10.373   -9.103  -11.594  115.955    5.356 -127.260    1614148799513
02    12.867  -12.121  -14.980  -19.353   81.961  -76.047    1614148799513
01    10.374   -9.102  -11.589  115.767    5.173 -127.278    1614148799529
02    12.911  -12.107  -14.970  -18.981   81.479  -75.678    1614148799529
01    10.420   -9.069  -11.571  116.466    5.660 -127.379    1614148799544
02    12.857  -12.102  -14.991  -18.424   82.270  -74.873    1614148799544
01    10.425   -9.049  -11.625  117.679    6.894 -126.873    1614148799560
02    12.771  -11.990  -15.026   -4.951   85.397  -61.221    1614148799560
01    10.415   -9.050  -11.748  120.028    9.188 -125.727    1614148799576
02    12.682  -11.850  -14.942   94.231   86.571   38.181    1614148799576
01    10.366   -9.069  -11.978  123.276   12.165 -124.105    1614148799598
02    12.468  -11.780  -14.644  134.180   76.440   80.143    1614148799598
01    10.251   -9.232  -12.385  126.719   16.834 -121.531    1614148799614
02    12.193  -11.581  -13.837  140.999   62.267   88.366    1614148799614
01    10.248   -9.560  -12.599  129.185   22.858 -119.128    1614148799629
02    11.694  -11.252  -12.954  142.122   37.870   89.837    1614148799629
01    10.381   -9.799  -12.560  130.132   27.320 -118.616    1614148799645
02    10.926  -10.825  -13.282  141.471   16.700   91.219    1614148799645
01    10.457   -9.935  -12.498  129.973   28.471 -118.317    1614148799660
02    10.579  -10.729  -13.395  140.948   10.768   92.650    1614148799660
01    10.481   -9.968  -12.486  129.646   28.024 -118.361    1614148799676
02    10.432  -10.672  -13.442  140.679    8.541   92.960    1614148799676
01    10.453   -9.985  -12.509  129.565   27.746 -118.247    1614148799698
02    10.422  -10.633  -13.441  141.060    8.102   92.500    1614148799698
01    10.435   -9.982  -12.544  129.757   27.685 -118.192    1614148799714
02    10.430  -10.635  -13.439  141.340    8.235   92.082    1614148799714
01    10.437   -9.983  -12.569  130.128   27.889 -117.949    1614148799729
02    10.410  -10.651  -13.456  141.382    8.045   92.275    1614148799729
01    10.432  -10.001  -12.573  130.239   28.292 -117.585    1614148799745
02    10.371  -10.667  -13.489  140.903    7.830   92.418    1614148799745
01    10.433  -10.019  -12.564  130.238   28.764 -117.185    1614148799761
02    10.339  -10.703  -13.490  140.611    7.912   92.983    1614148799761
01    10.436  -10.022  -12.542  130.246   29.043 -116.872    1614148799776
02    10.308  -10.692  -13.509  140.332    8.004   93.559    1614148799776
01    10.419  -10.039  -12.504  130.017   29.059 -116.600    1614148799798
02    10.289  -10.660  -13.568  140.196    9.287   93.862    1614148799798
01    10.410  -10.080  -12.391  128.723   28.595 -117.259    1614148799814
02    10.229  -10.617  -13.764  140.808   12.623   94.337    1614148799814
01    10.400  -10.051  -12.254  126.346   26.380 -119.163    1614148799830
02    10.175  -10.612  -14.123  141.790   18.414   95.446    1614148799830
01    10.376   -9.938  -12.139  123.688   22.843 -121.282    1614148799845
02    10.221  -10.712  -14.512  143.074   26.208   96.676    1614148799845
01    10.366   -9.750  -11.996  120.197   17.621 -123.760    1614148799861
02    10.466  -10.819  -14.821  144.371   35.629   96.881    1614148799861
01    10.401   -9.526  -11.849  117.454   13.249 -125.316    1614148799877
02    10.809  -10.963  -15.036  145.758   48.365   96.234    1614148799877
01    10.414   -9.348  -11.730  115.719   10.523 -125.543    1614148799899
02    11.211  -11.137  -15.133  146.630   60.665   94.352    1614148799899
01    10.397   -9.230  -11.677  114.872    8.993 -125.130    1614148799914
02    11.628  -11.311  -15.132  144.653   70.707   90.087    1614148799914
01    10.380   -9.159  -11.664  114.867    8.315 -124.657    1614148799930
02    11.924  -11.494  -15.142  140.144   77.313   84.538    1614148799930
01    10.358   -9.111  -11.698  114.713    7.856 -124.362    1614148799946
02    12.195  -11.670  -15.114  132.221   82.972   76.436    1614148799946
01    10.383   -9.109  -11.687  114.291    7.771 -124.483    1614148799961
02    12.401  -11.932  -15.009  109.874   87.900   54.464    1614148799961
01    10.411   -9.114  -11.674  113.566    7.279 -124.912    1614148799977
02    12.563  -12.029  -14.999   -2.490   87.958  -57.967    1614148799977
01    10.421   -9.107  -11.666  112.993    6.460 -125.249    1614148799999
02    12.621  -12.123  -15.011  -20.338   85.940  -75.639    1614148799999
01    10.431   -9.100  -11.642  112.700    5.808 -125.502    1614148800015
02    12.654  -12.110  -15.031  -23.432   84.686  -78.878    1614148800015
01    10.451   -9.083  -11.598  112.889    5.553 -125.662    1614148800030
02    12.697  -12.082  -15.027  -23.460   83.660  -79.170    1614148800030
01    10.452   -9.034  -11.596  113.497    5.722 -125.330    1614148800046
02    12.658  -12.125  -15.005  -27.989   83.610  -83.362    1614148800046
01    10.445   -9.008  -11.639  114.748    6.988 -124.585    1614148800061
02    12.616  -12.044  -15.001  -21.810   85.161  -77.074    1614148800061
01    10.436   -9.017  -11.730  117.197    9.179 -123.383    1614148800077
02    12.488  -11.893  -15.016   54.495   88.291   -0.478    1614148800077
01    10.354   -9.082  -11.897  120.397   11.816 -121.672    1614148800099
02    12.350  -11.735  -14.883  127.644   82.417   72.992    1614148800099
01    10.265   -9.185  -12.129  123.514   14.789 -120.234    1614148800115
02    12.122  -11.566  -14.538  137.699   71.945   84.025    1614148800115
01    10.193   -9.404  -12.425  126.691   19.016 -118.529    1614148800131
02    11.855  -11.478  -13.716  141.828   58.797   88.434    1614148800131
01    10.216   -9.711  -12.575  128.651   23.945 -117.041    1614148800146
02    11.302  -11.208  -13.171  142.400   36.239   89.582    1614148800146
01    10.282   -9.901  -12.609  129.036   26.798 -116.783    1614148800162
02    10.740  -10.840  -13.399  142.667   20.576   90.888    1614148800162
01    10.317  -10.007  -12.658  129.001   27.875 -116.581    1614148800177
02    10.501  -10.730  -13.523  142.488   16.476   90.785    1614148800177
01    10.370  -10.073  -12.686  128.961   28.781 -116.702    1614148800200
02    10.443  -10.726  -13.554  142.601   15.787   90.185    1614148800200
01    10.424  -10.126  -12.681  128.822   29.490 -117.006    1614148800215
02    10.424  -10.742  -13.576  142.712   15.569   89.693    1614148800215
01    10.472  -10.167  -12.652  128.588   29.941 -117.256    1614148800231
02    10.477  -10.728  -13.563  142.830   15.563   88.954    1614148800231
01    10.506  -10.168  -12.623  128.360   29.975 -117.442    1614148800246
02    10.469  -10.730  -13.560  142.503   15.029   88.623    1614148800246
01    10.518  -10.147  -12.585  128.351   29.812 -117.352    1614148800262
02    10.425  -10.721  -13.554  142.010   13.961   88.956    1614148800262
01    10.518  -10.109  -12.546  128.276   29.525 -117.116    1614148800278
02    10.359  -10.720  -13.533  141.412   12.956   90.060    1614148800278
01    10.485  -10.074  -12.520  128.059   29.207 -116.781    1614148800300
02    10.220  -10.732  -13.536  140.433   12.036   92.280    1614148800300
01    10.457  -10.115  -12.417  127.323   29.216 -116.600    1614148800315
02    10.194  -10.621  -13.607  140.617   12.388   92.978    1614148800315
01    10.425  -10.125  -12.261  125.045   27.482 -117.768    1614148800331
02    10.127  -10.554  -13.802  141.331   15.017   93.674    1614148800331
01    10.368  -10.036  -12.136  121.752   23.542 -119.784    1614148800347
02    10.073  -10.528  -14.076  141.962   19.881   93.783    1614148800347
01    10.333   -9.843  -11.983  117.028   16.657 -122.886    1614148800362
02    10.116  -10.543  -14.390  142.192   26.478   92.968    1614148800362
01    10.344   -9.569  -11.845  113.845   10.513 -124.822    1614148800378
02    10.273  -10.581  -14.751  142.024   34.042   91.541    1614148800378
01    10.417   -9.316  -11.718  112.381    7.287 -125.511    1614148800400
02    10.454  -10.763  -15.028  141.845   44.962   90.832    1614148800400
01    10.470   -9.171  -11.621  112.026    6.541 -124.882    1614148800416
02    10.767  -10.955  -15.135  142.840   57.320   91.453    1614148800416
01    10.462   -9.091  -11.616  112.704    6.785 -123.575    1614148800431
02    11.070  -11.167  -15.172  145.714   67.882   94.139    1614148800431
01    10.428   -9.067  -11.654  113.617    7.768 -122.117    1614148800447
02    11.401  -11.352  -15.128  148.515   75.963   96.417    1614148800447
01    10.415   -9.032  -11.800  114.647    9.346 -120.894    1614148800463
02    11.595  -11.471  -15.044  146.909   78.648   95.334    1614148800463
01    10.387   -9.059  -11.974  115.724   11.425 -120.088    1614148800478
02    11.617  -11.503  -14.998  145.277   76.965   94.471    1614148800478
01    10.370   -9.155  -12.141  117.243   14.159 -119.732    1614148800494
02    11.626  -11.461  -14.935  143.118   73.661   92.042    1614148800494
01    10.367   -9.281  -12.290  119.026   17.014 -119.633    1614148800516
02    11.651  -11.440  -14.855  142.680   70.922   91.206    1614148800516
01    10.367   -9.463  -12.372  120.272   19.562 -119.514    1614148800532
02    11.693  -11.431  -14.800  142.320   69.129   90.314    1614148800532
01    10.386   -9.592  -12.408  120.349   20.745 -120.048    1614148800547
02    11.683  -11.412  -14.839  142.031   67.600   89.871    1614148800547
01    10.446   -9.641  -12.403  119.700   20.891 -121.206    1614148800563
02    11.698  -11.436  -14.857  142.051   67.433   90.152    1614148800563
01    10.501   -9.657  -12.381  118.910   20.465 -122.389    1614148800578
02    11.686  -11.488  -14.896  143.179   67.763   91.867    1614148800578
01    10.551   -9.630  -12.351  118.430   19.792 -123.466    1614148800594
02    11.670  -11.582  -14.920  145.334   68.497   94.878    1614148800594
01    10.574   -9.554  -12.394  118.712   19.356 -123.703    1614148800616
02    11.742  -11.608  -14.906  146.240   69.498   95.908    1614148800616
01    10.580   -9.495  -12.518  120.158   20.132 -123.027    1614148800632
02    11.824  -11.615  -14.772  144.501   68.713   94.382    1614148800632
01    10.533   -9.522  -12.751  122.324   22.308 -121.580    1614148800648
02    11.866  -11.630  -14.384  143.214   64.225   93.489    1614148800648
01    10.513   -9.726  -13.019  125.479   27.449 -119.389    1614148800663
02    11.860  -11.673  -13.595  141.895   55.464   92.780    1614148800663
01    10.635  -10.005  -13.017  127.362   33.309 -118.494    1614148800679
02    11.350  -11.267  -13.748  140.893   32.631   91.922    1614148800679
01    10.767  -10.169  -12.922  127.744   35.798 -118.688    1614148800694
02    11.103  -11.209  -13.710  140.221   24.316   93.379    1614148800694
01    10.839  -10.230  -12.853  127.102   35.810 -118.559    1614148800717
02    10.906  -11.171  -13.689  139.489   19.514   95.523    1614148800717
01    10.811  -10.267  -12.843  126.986   35.028 -117.302    1614148800732
02    10.798  -11.096  -13.681  139.221   16.448   96.939    1614148800732
01    10.765  -10.283  -12.856  127.314   34.580 -116.292    1614148800748
02    10.738  -11.044  -13.665  139.606   14.834   97.655    1614148800748
01    10.709  -10.322  -12.870  127.754   34.659 -115.560    1614148800763
02    10.676  -11.035  -13.666  140.132   14.051   97.893    1614148800763
01    10.685  -10.344  -12.895  128.361   35.029 -115.270    1614148800779
02    10.654  -11.019  -13.699  140.555   13.852   97.293    1614148800779
01    10.683  -10.351  -12.929  128.808   35.486 -115.194    1614148800795
02    10.650  -11.035  -13.730  140.830   14.402   96.778    1614148800795
01    10.698  -10.373  -12.949  129.060   36.204 -115.162    1614148800817
02    10.659  -11.054  -13.765  140.829   15.013   96.112    1614148800817
01    10.734  -10.397  -12.931  128.840   36.808 -115.401    1614148800832
02    10.681  -11.071  -13.779  140.298   15.960   95.344    1614148800832
01    10.753  -10.429  -12.880  128.279   37.091 -115.571    1614148800848
02    10.715  -11.035  -13.802  139.718   16.734   94.403    1614148800848
01    10.787  -10.465  -12.731  126.652   36.669 -116.702    1614148800864
02    10.702  -10.939  -13.926  139.637   18.068   93.204    1614148800864
01    10.783  -10.424  -12.524  124.057   34.323 -118.665    1614148800879
02    10.637  -10.840  -14.248  140.194   22.049   93.207    1614148800879
01    10.756  -10.244  -12.394  120.394   28.951 -121.541    1614148800895
02    10.680  -10.815  -14.645  141.368   28.563   93.760    1614148800895
01    10.738   -9.983  -12.299  117.441   22.584 -123.241    1614148800917
02    10.825  -10.919  -14.926  142.204   37.758   93.640    1614148800917
01    10.695   -9.784  -12.215  115.814   19.116 -122.986    1614148800933
02    11.109  -11.000  -15.152  141.395   49.240   90.788    1614148800933
01    10.674   -9.634  -12.135  115.159   17.269 -122.514    1614148800948
02    11.449  -11.146  -15.256  138.210   60.389   85.491    1614148800948
01    10.617   -9.566  -12.084  115.040   16.259 -121.737    1614148800964
02    11.781  -11.320  -15.311  133.821   69.173   79.588    1614148800964
01    10.572   -9.522  -12.042  114.905   15.284 -121.186    1614148800980
02    12.085  -11.534  -15.280  128.294   76.430   73.463    1614148800980
01    10.557   -9.473  -11.978  114.508   13.999 -121.199    1614148800995
02    12.330  -11.729  -15.230  118.245   82.308   63.225    1614148800995
01    10.545   -9.439  -11.918  113.516   12.255 -121.613    1614148801002
02    12.544  -11.923  -15.173   89.935   86.585   35.078    1614148801002
01    10.539   -9.355  -11.890  112.703   10.179 -122.174    1614148801033
02    12.652  -12.118  -15.100    6.131   87.588  -48.199    1614148801033
01    10.577   -9.300  -11.823  112.093    9.172 -122.790    1614148801049
02    12.667  -12.239  -15.086  -30.611   85.916  -84.593    1614148801049
01    10.559   -9.270  -11.827  111.604    8.198 -122.963    1614148801064
02    12.664  -12.388  -15.056  -43.727   84.016  -97.223    1614148801064
01    10.556   -9.248  -11.803  111.288    7.597 -123.265    1614148801080
02    12.657  -12.410  -15.063  -46.667   83.035 -100.222    1614148801080
01    10.572   -9.210  -11.768  111.272    7.103 -123.733    1614148801096
02    12.622  -12.478  -15.048  -49.721   82.563 -102.941    1614148801096
01    10.571   -9.173  -11.774  111.554    6.957 -123.918    1614148801102
02    12.659  -12.425  -15.062  -46.588   83.055 -100.257    1614148801102
01    10.600   -9.119  -11.818  112.745    8.002 -123.834    1614148801133
02    12.603  -12.311  -15.075  -44.453   85.603  -97.901    1614148801133
01    10.597   -9.127  -11.939  114.757   10.299 -123.125    1614148801149
02    12.533  -12.127  -15.022  105.388   88.953   51.905    1614148801149
01    10.549   -9.163  -12.144  118.081   13.377 -122.023    1614148801165
02    12.374  -11.977  -14.798  134.897   79.271   82.808    1614148801165
01    10.455   -9.291  -12.413  121.567   17.140 -120.387    1614148801180
02    12.161  -11.790  -14.254  139.671   66.522   88.369    1614148801180
01    10.414   -9.532  -12.624  124.465   21.943 -118.848    1614148801196
02    11.700  -11.649  -13.242  141.033   48.636   90.983    1614148801196
01    10.448   -9.783  -12.666  125.721   25.973 -118.134    1614148801202
02    10.825  -11.205  -13.498  139.946   23.595   94.315    1614148801202
01    10.543   -9.906  -12.667  125.743   27.915 -118.353    1614148801218
02    10.589  -11.005  -13.547  139.619   16.275   96.484    1614148801234
01    10.581  -10.013  -12.640  125.236   28.458 -118.228    1614148801249
02    10.478  -10.940  -13.542  139.159   14.177   98.021    1614148801249
01    10.607  -10.044  -12.624  125.051   28.246 -118.271    1614148801265
02    10.445  -10.902  -13.526  139.268   13.346   98.913    1614148801265
01    10.604  -10.073  -12.586  124.966   27.927 -117.977    1614148801281
02    10.378  -10.872  -13.516  139.086   12.054   99.185    1614148801281
01    10.597  -10.070  -12.531  124.973   27.504 -117.654    1614148801296
02    10.336  -10.822  -13.472  138.777   10.864   99.131    1614148801296
01    10.582  -10.046  -12.470  124.915   26.925 -117.317    1614148801303
02    10.236  -10.796  -13.431  138.009    9.317   99.410    1614148801303
01    10.551  -10.039  -12.375  124.263   26.081 -117.090    1614148801318
02    10.180  -10.683  -13.445  137.928    7.925   98.447    1614148801318
01    10.506  -10.023  -12.241  122.451   24.290 -117.545    1614148801350
02    10.091  -10.570  -13.572  138.740    9.020   98.411    1614148801350
01    10.448   -9.941  -12.103  119.636   20.968 -118.698    1614148801365
02     9.973  -10.557  -13.772  139.752   12.730   99.280    1614148801365
01    10.405   -9.751  -11.947  114.936   14.969 -120.829    1614148801381
02     9.874  -10.561  -14.074  141.265   17.934  100.138    1614148801381
01    10.421   -9.498  -11.779  110.073    8.160 -122.654    1614148801396
02     9.864  -10.583  -14.419  142.974   24.529  100.379    1614148801396
01    10.522   -9.225  -11.605  106.704    3.257 -123.585    1614148801403
02     9.956  -10.693  -14.710  145.049   32.536  100.655    1614148801403
01    10.614   -9.027  -11.477  104.495    0.598 -123.565    1614148801419
02    10.144  -10.849  -14.965  146.971   40.993  100.569    1614148801419
01    10.680   -8.918  -11.384  103.152   -0.516 -123.278    1614148801450
02    10.453  -11.013  -15.088  149.036   51.120  100.307    1614148801450
01    10.729   -8.840  -11.322  103.060   -0.825 -123.301    1614148801465
02    10.777  -11.204  -15.138  151.906   61.255  101.240    1614148801465
01    10.757   -8.780  -11.338  103.496   -0.768 -123.652    1614148801481
02    11.073  -11.475  -15.154  154.808   69.523  103.788    1614148801481
01    10.764   -8.758  -11.408  103.799   -0.318 -124.105    1614148801497
02    11.443  -11.658  -15.153  158.106   76.349  106.056    1614148801497
01    10.785   -8.789  -11.446  103.734    0.113 -124.697    1614148801503
02    11.774  -11.870  -15.081  164.973   81.873  112.588    1614148801503
01    10.802   -8.832  -11.454  103.375    0.316 -125.292    1614148801519
02    11.985  -11.923  -15.127  165.794   85.262  113.236    1614148801519
01    10.827   -8.837  -11.460  103.314    0.295 -125.832    1614148801550
02    12.220  -11.936  -15.126  170.617   88.012  117.575    1614148801550
01    10.845   -8.844  -11.443  103.561    0.335 -126.222    1614148801566
02    12.302  -11.985  -15.098 -140.115   89.276  166.872    1614148801566
01    10.839   -8.846  -11.424  104.067    0.308 -126.559    1614148801581
02    12.353  -11.916  -15.150  -20.891   89.440  -74.373    1614148801581
01    10.807   -8.835  -11.418  104.862    0.310 -126.688    1614148801597
02    12.385  -11.890  -15.131  -15.055   88.599  -68.942    1614148801597
01    10.781   -8.830  -11.419  105.840    0.612 -126.837    1614148801604
02    12.428  -11.929  -15.108  -24.137   88.081  -78.220    1614148801604
01    10.777   -8.810  -11.435  107.437    1.427 -127.005    1614148801619
02    12.438  -11.964  -15.114  -26.997   87.844  -80.750    1614148801619
01    10.766   -8.797  -11.502  109.565    2.839 -126.885    1614148801635
02    12.457  -12.008  -15.084  -29.702   88.426  -83.290    1614148801635
01    10.745   -8.821  -11.595  113.040    5.788 -126.028    1614148801666
02    12.479  -12.021  -15.074  128.707   89.804   75.056    1614148801666
01    10.683   -8.877  -11.792  117.776    9.512 -123.727    1614148801682
02    12.405  -11.955  -15.025  141.564   85.082   88.036    1614148801682
01    10.512   -9.064  -12.107  122.943   13.749 -120.133    1614148801697
02    12.269  -11.846  -14.815  141.581   77.100   88.707    1614148801697
01    10.263   -9.318  -12.521  126.860   17.448 -116.879    1614148801704
02    12.035  -11.767  -14.226  144.752   65.795   93.482    1614148801704
01    10.168   -9.561  -12.868  129.989   22.069 -114.477    1614148801719
02    11.570  -11.683  -13.084  143.916   46.362   95.204    1614148801719
01    10.134   -9.949  -12.888  131.186   26.414 -113.130    1614148801735
02    10.777  -11.126  -13.400  142.281   20.976   94.684    1614148801735
01    10.355  -10.169  -12.686  131.483   29.765 -113.999    1614148801766
02    10.473  -10.979  -13.508  142.012   13.290   94.918    1614148801766
01    10.417  -10.185  -12.632  131.174   29.730 -114.498    1614148801782
02    10.352  -10.923  -13.516  141.762   10.180   95.242    1614148801782
01    10.429  -10.176  -12.608  131.086   29.311 -114.446    1614148801798
02    10.319  -10.843  -13.508  142.131    8.293   95.502    1614148801798
01    10.434  -10.170  -12.569  131.452   29.073 -114.188    1614148801804
02    10.292  -10.823  -13.467  142.568    7.256   95.886    1614148801804
01    10.394  -10.184  -12.528  131.929   28.713 -113.649    1614148801820
02    10.238  -10.829  -13.428  142.734    6.131   96.591    1614148801820
01    10.343  -10.176  -12.497  132.692   28.331 -112.768    1614148801835
02    10.124  -10.854  -13.404  142.521    4.542   97.957    1614148801835
01    10.288  -10.191  -12.452  133.278   28.166 -111.567    1614148801867
02     9.997  -10.881  -13.377  142.037    3.033   99.150    1614148801867
01    10.227  -10.194  -12.432  133.638   28.041 -110.579    1614148801882
02     9.902  -10.863  -13.364  141.480    1.944   99.478    1614148801882
01    10.201  -10.194  -12.368  133.766   27.969 -109.969    1614148801898
02     9.831  -10.840  -13.363  140.883    2.058   99.887    1614148801898
01    10.169  -10.227  -12.226  132.787   27.353 -110.129    1614148801905
02     9.795  -10.727  -13.509  141.779    3.612   99.155    1614148801905
01    10.144  -10.169  -12.069  130.402   25.074 -111.800    1614148801921
02     9.782  -10.675  -13.716  142.827    7.936   98.440    1614148801921
01    10.104  -10.025  -11.910  127.308   21.624 -113.993    1614148801936
02     9.747  -10.641  -14.031  143.678   13.461   97.774    1614148801936
01    10.084   -9.795  -11.770  122.812   15.580 -116.994    1614148801967
02     9.790  -10.648  -14.409  144.972   20.531   97.271    1614148801967
01    10.089   -9.544  -11.676  118.964    9.856 -118.836    1614148801983
02     9.921  -10.803  -14.800  147.020   28.708   97.550    1614148801983
01    10.134   -9.332  -11.627  116.656    6.665 -119.251    1614148801999
02    10.150  -11.068  -15.059  150.250   38.996   99.075    1614148801999
01    10.195   -9.213  -11.606  115.588    5.740 -118.855    1614148802005
02    10.465  -11.388  -15.143  155.224   50.676  102.492    1614148802005
01    10.242   -9.178  -11.582  115.370    5.649 -118.223    1614148802021
02    10.798  -11.660  -15.203  160.410   60.491  106.626    1614148802021
01    10.233   -9.170  -11.589  115.003    5.207 -117.734    1614148802036
02    11.180  -11.855  -15.197  165.492   68.839  110.587    1614148802036
01    10.220   -9.186  -11.577  114.188    4.786 -117.756    1614148802052
02    11.533  -12.021  -15.152  170.433   75.693  115.074    1614148802052
01    10.246   -9.160  -11.548  113.413    4.009 -118.664    1614148802083
02    11.812  -12.025  -15.168  171.272   80.672  115.138    1614148802083
01    10.254   -9.136  -11.536  112.448    3.083 -119.642    1614148802099
02    11.997  -12.056  -15.162  176.050   84.583  119.690    1614148802099
01    10.291   -9.111  -11.514  111.616    2.235 -120.760    1614148802105
02    12.120  -12.138  -15.117 -160.134   87.288  143.547    1614148802105
01    10.344   -9.081  -11.472  110.588    1.240 -121.777    1614148802121
02    12.171  -12.204  -15.099 -106.804   87.769 -162.665    1614148802121
01    10.378   -9.044  -11.455  109.270    0.124 -122.487    1614148802137
02    12.244  -12.238  -15.059  -75.162   86.709 -130.787    1614148802137
01    10.441   -9.019  -11.397  108.285   -0.593 -123.282    1614148802152
02    12.242  -12.238  -15.075  -66.720   85.928 -121.945    1614148802152
01    10.484   -8.988  -11.352  107.490   -1.326 -123.967    1614148802184
02    12.212  -12.204  -15.141  -63.741   85.796 -118.664    1614148802184
01    10.490   -8.955  -11.355  107.232   -1.891 -124.328    1614148802199
02    12.263  -12.199  -15.101  -54.391   84.961 -109.539    1614148802199
01    10.516   -8.941  -11.318  107.301   -1.959 -124.902    1614148802206
02    12.286  -12.186  -15.093  -50.102   84.641 -105.137    1614148802206
01    10.519   -8.940  -11.325  107.591   -1.710 -125.112    1614148802221
02    12.293  -12.169  -15.100  -50.333   84.576 -105.552    1614148802221
01    10.545   -8.909  -11.351  108.580   -0.975 -125.331    1614148802237
02    12.222  -12.221  -15.104  -63.692   85.423 -118.068    1614148802237
01    10.583   -8.879  -11.438  110.606    1.180 -125.240    1614148802253
02    12.173  -12.188  -15.075 -106.967   87.041 -160.780    1614148802253
01    10.566   -8.895  -11.640  114.041    4.772 -124.370    1614148802268
02    12.050  -12.121  -14.985  170.632   83.672  117.872    1614148802268
01    10.468   -8.961  -11.982  119.615    9.626 -122.396    1614148802299
02    11.893  -12.058  -14.702  153.937   73.859  103.536    1614148802299
01    10.226   -9.270  -12.487  125.894   16.293 -118.420    1614148802306
02    11.696  -11.752  -13.842  148.610   59.722   98.998    1614148802306
01    10.114   -9.671  -12.854  129.341   22.758 -115.622    1614148802322
02    11.301  -11.466  -13.118  144.201   38.810   95.528    1614148802322
01    10.257   -9.979  -12.859  130.099   27.697 -115.214    1614148802337
02    10.659  -11.088  -13.468  142.620   21.162   96.219    1614148802337
01    10.440  -10.133  -12.769  129.969   30.200 -115.494    1614148802353
02    10.454  -11.054  -13.542  141.936   16.126   97.510    1614148802353
01    10.498  -10.189  -12.739  129.625   30.509 -115.244    1614148802368
02    10.359  -11.019  -13.599  141.617   13.917   98.488    1614148802368
01    10.458  -10.256  -12.757  129.639   30.560 -114.385    1614148802400
02    10.338  -10.998  -13.612  141.722   13.107   99.019    1614148802400
01    10.423  -10.268  -12.795  130.191   30.570 -113.876    1614148802406
02    10.305  -11.038  -13.603  141.889   12.844   99.564    1614148802406
01    10.405  -10.311  -12.784  130.868   31.112 -113.461    1614148802422
02    10.312  -11.065  -13.585  142.354   12.838   99.943    1614148802422
01    10.389  -10.336  -12.778  131.512   31.604 -113.080    1614148802437
02    10.305  -11.064  -13.592  142.650   12.382  100.146    1614148802437
01    10.411  -10.341  -12.734  132.418   32.089 -112.758    1614148802453
02    10.214  -11.107  -13.623  141.894   11.460  100.655    1614148802453
01    10.392  -10.333  -12.686  133.184   31.730 -111.933    1614148802469
02    10.178  -11.088  -13.638  141.192   10.767  100.898    1614148802469
01    10.394  -10.361  -12.547  132.624   31.236 -111.885    1614148802500
02    10.160  -10.985  -13.768  142.135   11.641  100.804    1614148802500
01    10.371  -10.333  -12.392  130.417   28.948 -113.160    1614148802506
02    10.112  -10.947  -13.976  143.664   15.939  101.281    1614148802506
01    10.313  -10.238  -12.264  127.797   25.386 -114.698    1614148802522
02    10.002  -10.966  -14.348  145.474   21.672  102.593    1614148802522
01    10.249  -10.080  -12.136  125.337   21.576 -116.195    1614148802538
02     9.988  -11.109  -14.699  148.056   29.031  104.457    1614148802538
01    10.201   -9.866  -12.018  123.021   17.617 -117.546    1614148802553
02    10.107  -11.320  -14.974  151.833   37.029  107.001    1614148802553
01    10.169   -9.670  -11.922  121.118   13.807 -118.320    1614148802569
02    10.343  -11.595  -15.104  157.219   46.632  110.584    1614148802569
01    10.151   -9.532  -11.827  119.692   11.029 -118.621    1614148802600
02    10.677  -11.788  -15.168  163.697   56.574  114.379    1614148802600
01    10.161   -9.414  -11.741  118.680    8.939 -118.892    1614148802607
02    10.974  -11.965  -15.177  169.860   65.229  118.632    1614148802607
01    10.141   -9.313  -11.697  117.688    6.981 -119.213    1614148802622
02    11.330  -12.016  -15.194  174.676   72.260  121.341    1614148802622
01    10.143   -9.260  -11.632  116.757    5.744 -119.635    1614148802638
02    11.635  -12.043  -15.183  177.954   78.269  123.289    1614148802638
01    10.174   -9.187  -11.583  116.178    4.822 -120.358    1614148802654
02    11.944  -11.988  -15.190  176.383   83.268  120.598    1614148802654
01    10.192   -9.157  -11.566  115.795    4.513 -120.822    1614148802669
02    12.127  -12.033  -15.167 -179.094   86.575  125.135    1614148802669
01    10.213   -9.127  -11.582  115.548    4.256 -121.220    1614148802685
02    12.227  -12.123  -15.144 -138.262   88.376  166.166    1614148802685
01    10.261   -9.098  -11.572  115.420    4.143 -121.653    1614148802707
02    12.287  -12.155  -15.136  -83.324   87.720 -138.710    1614148802707
01    10.266   -9.072  -11.595  115.274    3.911 -121.670    1614148802723
02    12.350  -12.149  -15.148  -62.094   87.094 -117.470    1614148802723
01    10.280   -9.064  -11.594  115.580    4.357 -121.631    1614148802738
02    12.290  -12.124  -15.193  -71.698   87.373 -126.830    1614148802738
01    10.279   -9.049  -11.633  116.653    5.412 -121.186    1614148802754
02    12.217  -12.046  -15.183 -127.314   88.583  177.797    1614148802754
01    10.263   -9.050  -11.715  118.597    7.195 -120.396    1614148802770
02    12.110  -11.878  -15.110  154.267   84.877   99.648    1614148802770
01    10.193   -9.071  -11.894  121.620    9.665 -119.304    1614148802785
02    12.020  -11.705  -14.811  142.409   76.684   88.725    1614148802785
01    10.049   -9.174  -12.232  124.882   13.030 -117.847    1614148802807
02    11.802  -11.589  -14.293  141.620   64.493   89.649    1614148802807
01     9.994   -9.384  -12.616  128.618   18.600 -116.031    1614148802823
02    11.460  -11.390  -13.485  142.682   48.817   92.135    1614148802823
01    10.134   -9.595  -12.705  130.827   24.070 -115.594    1614148802839
02    10.586  -10.908  -13.606  140.791   19.088   92.547    1614148802839
01    10.226   -9.841  -12.674  131.101   27.328 -114.943    1614148802854
02    10.352  -10.787  -13.602  141.138   13.406   94.128    1614148802854
01    10.309   -9.954  -12.623  130.913   28.241 -114.674    1614148802870
02    10.270  -10.741  -13.567  140.949   11.792   95.038    1614148802870
01    10.308   -9.993  -12.619  130.802   28.075 -114.291    1614148802886
02    10.210  -10.690  -13.572  140.987   10.684   95.602    1614148802886
01    10.287  -10.029  -12.609  131.100   27.951 -113.694    1614148802908
02    10.163  -10.721  -13.537  141.032   10.439   96.284    1614148802908
01    10.263  -10.042  -12.600  131.364   27.876 -113.240    1614148802923
02    10.097  -10.734  -13.527  141.072    9.705   97.062    1614148802923
01    10.239  -10.039  -12.586  131.444   27.694 -112.838    1614148802939
02    10.008  -10.718  -13.544  140.570    8.686   97.860    1614148802939
01    10.234  -10.030  -12.531  131.346   27.607 -112.575    1614148802955
02     9.943  -10.701  -13.526  139.739    8.046   98.385    1614148802955
01    10.234  -10.050  -12.417  130.701   27.320 -112.624    1614148802970
02     9.930  -10.599  -13.594  139.798    8.038   98.137    1614148802970
01    10.220  -10.020  -12.288  129.140   25.661 -113.577    1614148802986
02     9.924  -10.477  -13.772  141.025   10.452   98.110    1614148802986
01    10.206   -9.915  -12.175  127.065   22.818 -115.165    1614148803008
02     9.888  -10.468  -14.012  142.229   15.036   98.471    1614148803008
01    10.178   -9.774  -12.068  124.688   19.446 -116.712    1614148803024
02     9.889  -10.478  -14.304  143.218   20.954   98.193    1614148803024
01    10.159   -9.584  -11.967  121.897   14.923 -118.417    1614148803039
02     9.985  -10.520  -14.614  143.834   28.033   97.099    1614148803039
01    10.158   -9.402  -11.886  119.787   11.451 -119.362    1614148803055
02    10.186  -10.655  -14.913  144.259   36.036   95.939    1614148803055
01    10.171   -9.278  -11.837  118.657    9.741 -119.320    1614148803070
02    10.518  -10.849  -15.090  144.706   46.676   94.508    1614148803070
01    10.172   -9.198  -11.837  118.251    8.897 -118.841    1614148803086
02    10.839  -11.068  -15.252  145.520   56.485   93.744    1614148803086
01    10.196   -9.176  -11.796  118.267    8.808 -118.478    1614148803108
02    11.181  -11.294  -15.316  147.562   65.338   94.288    1614148803108
01    10.174   -9.163  -11.796  118.190    8.598 -118.241    1614148803124
02    11.491  -11.525  -15.312  150.365   72.692   96.734    1614148803124
01    10.188   -9.150  -11.802  118.220    8.655 -118.280    1614148803139
02    11.805  -11.708  -15.260  153.263   78.792   99.230    1614148803139
01    10.166   -9.173  -11.833  117.556    8.477 -118.188    1614148803155
02    11.969  -11.895  -15.248  158.305   83.394  104.591    1614148803155
01    10.185   -9.160  -11.843  116.718    7.699 -118.771    1614148803171
02    12.190  -11.997  -15.200  168.053   87.349  114.072    1614148803171
01    10.228   -9.152  -11.814  115.799    6.961 -119.545    1614148803186
02    12.263  -12.114  -15.179 -118.595   88.800 -172.253    1614148803186
01    10.261   -9.138  -11.784  115.096    6.155 -120.081    1614148803208
02    12.292  -12.177  -15.194  -69.476   87.577 -123.053    1614148803208
01    10.287   -9.114  -11.753  114.973    5.584 -120.508    1614148803224
02    12.309  -12.202  -15.197  -58.726   86.698 -112.180    1614148803224
