01    19.280   11.511   -0.733 -130.061   14.916 -111.103    1607395217274
02    19.345   12.313   -2.456 -126.987   -7.776  145.257    1607395217274
01    19.281   11.517   -0.724 -130.028   14.936 -111.084    1607395217290
02    19.341   12.325   -2.458 -126.940   -7.752  145.257    1607395217290
01    19.265   11.550   -0.688 -129.854   15.109 -111.035    1607395217300
02    19.346   12.322   -2.458 -126.938   -7.762  145.258    1607395217300
01    19.266   11.547   -0.679 -129.851   15.094 -110.980    1607395217315
02    19.353   12.320   -2.448 -126.938   -7.695  145.275    1607395217315
01    19.266   11.551   -0.688 -129.856   15.085 -110.985    1607395217341
02    19.353   12.317   -2.444 -126.950   -7.657  145.247    1607395217341
01    19.271   11.537   -0.689 -129.894   15.070 -110.959    1607395217351
02    19.351   12.328   -2.430 -126.895   -7.623  145.268    1607395217351
01    19.274   11.539   -0.688 -129.867   15.083 -110.962    1607395217367
02    19.350   12.333   -2.441 -126.872   -7.676  145.272    1607395217367
01    19.280   11.528   -0.689 -129.917   15.077 -111.000    1607395217377
02    19.351   12.334   -2.438 -126.882   -7.665  145.307    1607395217377
01    19.275   11.540   -0.703 -129.904   15.012 -111.034    1607395217402
02    19.363   12.316   -2.443 -126.983   -7.707  145.290    1607395217402
01    19.279   11.529   -0.695 -129.941   15.049 -111.044    1607395217418
02    19.353   12.333   -2.435 -126.887   -7.634  145.261    1607395217418
01    19.271   11.541   -0.694 -129.885   15.061 -111.052    1607395217428
02    19.344   12.342   -2.435 -126.860   -7.645  145.258    1607395217428
01    19.275   11.535   -0.700 -129.896   15.013 -111.046    1607395217454
02    19.337   12.361   -2.426 -126.782   -7.593  145.273    1607395217454
01    19.280   11.523   -0.695 -129.928   15.017 -111.004    1607395217469
02    19.330   12.364   -2.422 -126.774   -7.591  145.268    1607395217469
01    19.283   11.517   -0.703 -129.961   15.005 -111.044    1607395217479
02    19.318   12.373   -2.435 -126.698   -7.623  145.253    1607395217479
01    19.279   11.529   -0.690 -129.895   15.084 -111.004    1607395217505
02    19.324   12.369   -2.425 -126.722   -7.579  145.270    1607395217505
01    19.283   11.512   -0.700 -129.986   15.018 -111.006    1607395217521
02    19.316   12.378   -2.456 -126.678   -7.683  145.176    1607395217521
01    19.285   11.513   -0.707 -129.979   15.003 -111.002    1607395217531
02    19.325   12.371   -2.456 -126.707   -7.695  145.221    1607395217531
01    19.280   11.527   -0.704 -129.906   15.026 -111.012    1607395217556
02    19.315   12.380   -2.460 -126.651   -7.741  145.235    1607395217556
01    19.296   11.496   -0.723 -130.088   14.929 -111.037    1607395217572
02    19.333   12.353   -2.461 -126.791   -7.746  145.175    1607395217572
01    19.294   11.501   -0.729 -130.107   14.959 -111.075    1607395217582
02    19.339   12.341   -2.462 -126.885   -7.771  145.198    1607395217582
01    19.295   11.494   -0.732 -130.120   14.907 -111.069    1607395217608
02    19.346   12.341   -2.435 -126.876   -7.630  145.273    1607395217608
01    19.275   11.535   -0.706 -129.911   15.052 -111.031    1607395217623
02    19.336   12.353   -2.431 -126.834   -7.625  145.276    1607395217623
01    19.269   11.545   -0.694 -129.879   15.070 -111.003    1607395217633
02    19.338   12.354   -2.418 -126.791   -7.564  145.274    1607395217633
01    19.270   11.546   -0.695 -129.882   15.063 -111.022    1607395217649
02    19.350   12.338   -2.417 -126.869   -7.571  145.278    1607395217649
01    19.270   11.554   -0.693 -129.831   15.063 -110.988    1607395217675
02    19.354   12.335   -2.432 -126.891   -7.667  145.289    1607395217675
01    19.272   11.548   -0.710 -129.869   15.008 -111.030    1607395217684
02    19.361   12.323   -2.424 -126.922   -7.629  145.321    1607395217684
01    19.275   11.552   -0.695 -129.845   15.098 -111.000    1607395217700
02    19.360   12.326   -2.433 -126.943   -7.691  145.355    1607395217700
01    19.277   11.550   -0.696 -129.851   15.093 -110.998    1607395217710
02    19.352   12.339   -2.432 -126.872   -7.650  145.379    1607395217710
01    19.274   11.552   -0.699 -129.823   15.106 -111.014    1607395217735
02    19.347   12.340   -2.436 -126.866   -7.676  145.362    1607395217735
01    19.279   11.536   -0.723 -129.901   14.977 -111.012    1607395217751
02    19.355   12.324   -2.433 -126.955   -7.679  145.409    1607395217751
01    19.270   11.547   -0.735 -129.855   14.953 -111.058    1607395217761
02    19.353   12.326   -2.436 -126.932   -7.653  145.373    1607395217761
01    19.275   11.540   -0.733 -129.887   14.934 -111.026    1607395217787
02    19.366   12.307   -2.459 -127.025   -7.750  145.328    1607395217787
01    19.278   11.540   -0.710 -129.856   15.033 -110.992    1607395217802
02    19.365   12.305   -2.450 -127.026   -7.693  145.331    1607395217802
01    19.274   11.543   -0.703 -129.866   15.031 -110.969    1607395217812
02    19.367   12.298   -2.465 -127.061   -7.759  145.311    1607395217812
01    19.272   11.548   -0.706 -129.843   15.015 -110.984    1607395217838
02    19.363   12.299   -2.484 -127.064   -7.830  145.338    1607395217838
01    19.275   11.537   -0.699 -129.864   15.033 -110.990    1607395217854
02    19.366   12.291   -2.489 -127.081   -7.862  145.327    1607395217854
01    19.269   11.555   -0.708 -129.779   14.996 -110.986    1607395217864
02    19.360   12.302   -2.519 -127.020   -8.000  145.283    1607395217864
01    19.268   11.554   -0.708 -129.784   14.982 -110.967    1607395217890
02    19.374   12.280   -2.481 -127.128   -7.878  145.337    1607395217890
01    19.276   11.545   -0.685 -129.802   15.059 -110.906    1607395217905
02    19.362   12.310   -2.456 -126.991   -7.779  145.326    1607395217905
01    19.277   11.538   -0.683 -129.865   15.085 -110.943    1607395217915
02    19.375   12.284   -2.459 -127.094   -7.841  145.292    1607395217915
01    19.278   11.535   -0.699 -129.889   15.011 -110.968    1607395217941
02    19.371   12.306   -2.438 -127.058   -7.751  145.324    1607395217941
01    19.281   11.529   -0.701 -129.897   14.997 -110.984    1607395217957
02    19.360   12.329   -2.398 -126.979   -7.593  145.375    1607395217957
01    19.278   11.533   -0.696 -129.876   15.029 -110.975    1607395217967
02    19.356   12.334   -2.403 -126.947   -7.622  145.352    1607395217967
01    19.276   11.534   -0.714 -129.899   14.982 -111.023    1607395217983
02    19.359   12.331   -2.391 -126.939   -7.556  145.389    1607395217983
01    19.286   11.520   -0.719 -129.957   14.935 -111.048    1607395218008
02    19.366   12.327   -2.381 -126.992   -7.522  145.435    1607395218008
01    19.280   11.530   -0.724 -129.908   14.939 -111.007    1607395218018
02    19.370   12.316   -2.403 -127.018   -7.631  145.423    1607395218018
01    19.279   11.533   -0.725 -129.913   14.964 -111.011    1607395218034
02    19.364   12.322   -2.412 -127.009   -7.644  145.426    1607395218034
01    19.288   11.523   -0.715 -129.951   14.995 -110.980    1607395218044
02    19.363   12.329   -2.394 -126.979   -7.560  145.463    1607395218044
01    19.283   11.530   -0.718 -129.914   15.003 -110.978    1607395218069
02    19.362   12.326   -2.408 -126.998   -7.629  145.401    1607395218069
01    19.283   11.535   -0.721 -129.927   15.005 -110.992    1607395218085
02    19.357   12.329   -2.433 -126.974   -7.722  145.390    1607395218085
01    19.285   11.532   -0.715 -129.932   15.012 -110.989    1607395218095
02    19.356   12.320   -2.467 -126.979   -7.856  145.347    1607395218095
01    19.288   11.523   -0.716 -129.986   14.978 -110.964    1607395218120
02    19.358   12.314   -2.460 -126.977   -7.806  145.338    1607395218120
01    19.275   11.540   -0.720 -129.896   14.975 -110.992    1607395218136
02    19.345   12.338   -2.477 -126.867   -7.884  145.292    1607395218136
01    19.276   11.539   -0.712 -129.896   14.991 -110.952    1607395218145
02    19.343   12.351   -2.453 -126.814   -7.764  145.284    1607395218145
01    19.276   11.538   -0.693 -129.884   15.055 -110.903    1607395218171
02    19.344   12.347   -2.461 -126.850   -7.834  145.306    1607395218171
01    19.272   11.540   -0.700 -129.886   15.015 -110.933    1607395218187
02    19.336   12.355   -2.442 -126.801   -7.709  145.335    1607395218187
01    19.281   11.529   -0.717 -129.966   14.908 -110.930    1607395218197
02    19.343   12.345   -2.458 -126.878   -7.789  145.296    1607395218197
01    19.282   11.529   -0.688 -129.940   15.066 -110.952    1607395218223
02    19.345   12.348   -2.435 -126.824   -7.654  145.346    1607395218223
01    19.276   11.542   -0.677 -129.861   15.101 -110.929    1607395218239
02    19.353   12.338   -2.419 -126.868   -7.599  145.324    1607395218239
01    19.278   11.538   -0.681 -129.890   15.085 -110.946    1607395218248
02    19.352   12.335   -2.422 -126.903   -7.614  145.352    1607395218248
01    19.280   11.535   -0.680 -129.907   15.116 -110.949    1607395218274
02    19.357   12.332   -2.417 -126.932   -7.588  145.388    1607395218274
01    19.276   11.543   -0.675 -129.836   15.155 -110.950    1607395218290
02    19.358   12.337   -2.398 -126.911   -7.513  145.433    1607395218290
01    19.285   11.531   -0.690 -129.934   15.059 -110.985    1607395218300
02    19.358   12.340   -2.402 -126.915   -7.542  145.427    1607395218300
01    19.297   11.508   -0.679 -130.007   15.098 -110.970    1607395218325
02    19.357   12.331   -2.421 -126.932   -7.625  145.397    1607395218325
01    19.292   11.516   -0.684 -129.958   15.099 -110.942    1607395218341
02    19.354   12.328   -2.436 -126.924   -7.661  145.360    1607395218341
01    19.296   11.510   -0.703 -130.023   15.022 -110.978    1607395218351
02    19.342   12.348   -2.446 -126.845   -7.718  145.336    1607395218351
01    19.290   11.526   -0.681 -129.929   15.118 -110.910    1607395218367
02    19.335   12.360   -2.418 -126.777   -7.587  145.343    1607395218367
01    19.285   11.532   -0.692 -129.912   15.059 -110.944    1607395218376
02    19.333   12.368   -2.408 -126.747   -7.567  145.344    1607395218376
01    19.282   11.540   -0.668 -129.876   15.183 -110.937    1607395218402
02    19.336   12.357   -2.414 -126.784   -7.616  145.324    1607395218402
01    19.275   11.547   -0.674 -129.857   15.136 -110.933    1607395218417
02    19.333   12.358   -2.406 -126.769   -7.564  145.360    1607395218417
01    19.269   11.552   -0.687 -129.856   15.117 -110.962    1607395218427
02    19.327   12.362   -2.419 -126.762   -7.612  145.354    1607395218427
01    19.274   11.549   -0.701 -129.876   15.037 -110.978    1607395218453
02    19.330   12.359   -2.416 -126.756   -7.565  145.338    1607395218453
01    19.270   11.551   -0.701 -129.857   15.052 -110.984    1607395218469
02    19.324   12.375   -2.404 -126.708   -7.491  145.358    1607395218469
01    19.272   11.547   -0.710 -129.900   14.989 -111.018    1607395218479
02    19.343   12.348   -2.407 -126.828   -7.530  145.388    1607395218479
01    19.282   11.530   -0.713 -129.946   14.977 -111.000    1607395218505
02    19.349   12.340   -2.426 -126.890   -7.612  145.360    1607395218505
01    19.276   11.542   -0.714 -129.875   14.979 -110.973    1607395218520
02    19.335   12.353   -2.447 -126.827   -7.664  145.336    1607395218520
01    19.276   11.539   -0.730 -129.906   14.911 -111.017    1607395218530
02    19.334   12.360   -2.447 -126.781   -7.633  145.314    1607395218530
