01   17.547    3.075   -6.193  -90.438   20.189   79.111    1608706311360
02   15.825    7.007  -10.114 -148.556   71.895 -151.370    1608706311360
01   17.546    3.080   -6.194  -90.396   20.215   79.118    1608706311375
02   15.827    7.007  -10.111 -148.571   71.891 -151.445    1608706311375
01   17.548    3.081   -6.190  -90.387   20.230   79.210    1608706311391
02   15.834    7.007  -10.099 -148.494   71.905 -151.379    1608706311391
01   17.547    3.082   -6.188  -90.396   20.285   79.247    1608706311406
02   15.824    7.020  -10.107 -148.716   71.854 -151.703    1608706311406
01   17.545    3.087   -6.189  -90.408   20.302   79.247    1608706311422
02   15.833    7.013  -10.102 -148.503   71.891 -151.380    1608706311422
01   17.547    3.089   -6.180  -90.397   20.385   79.406    1608706311438
02   15.834    7.003  -10.112 -148.664   71.831 -151.468    1608706311438
01   17.549    3.086   -6.180  -90.519   20.410   79.463    1608706311460
02   15.834    7.004  -10.120 -148.660   71.753 -151.444    1608706311460
01   17.548    3.096   -6.182  -90.472   20.484   79.469    1608706311475
02   15.833    7.026  -10.123 -148.772   71.832 -151.676    1608706311475
01   17.547    3.104   -6.189  -90.505   20.447   79.366    1608706311491
02   15.832    7.039  -10.127 -148.725   71.833 -151.681    1608706311491
01   17.549    3.105   -6.190  -90.556   20.438   79.420    1608706311507
02   15.839    7.037  -10.130 -148.620   71.849 -151.528    1608706311507
01   17.551    3.103   -6.197  -90.654   20.462   79.405    1608706311522
02   15.847    7.038  -10.130 -148.567   71.926 -151.434    1608706311522
01   17.554    3.093   -6.198  -90.770   20.386   79.458    1608706311538
02   15.856    7.034  -10.133 -148.425   71.919 -151.262    1608706311538
01   17.559    3.093   -6.197  -90.808   20.406   79.532    1608706311560
02   15.865    7.032  -10.140 -148.265   71.902 -151.089    1608706311560
01   17.559    3.097   -6.202  -90.769   20.417   79.508    1608706311576
02   15.875    7.019  -10.134 -148.185   71.920 -150.915    1608706311576
01   17.564    3.099   -6.195  -90.774   20.439   79.614    1608706311592
02   15.875    7.025  -10.141 -148.167   71.886 -150.943    1608706311592
01   17.566    3.110   -6.188  -90.673   20.475   79.655    1608706311607
02   15.877    7.020  -10.143 -148.110   71.882 -150.877    1608706311607
01   17.565    3.117   -6.189  -90.635   20.431   79.585    1608706311623
02   15.882    7.029  -10.130 -148.161   71.985 -150.951    1608706311623
01   17.560    3.124   -6.206  -90.632   20.387   79.405    1608706311639
02   15.878    7.032  -10.128 -148.221   71.969 -151.039    1608706311639
01   17.560    3.110   -6.203  -90.719   20.347   79.422    1608706311660
02   15.877    7.038  -10.120 -148.300   71.981 -151.160    1608706311660
01   17.562    3.110   -6.200  -90.729   20.390   79.425    1608706311676
02   15.877    7.032  -10.118 -148.258   71.965 -151.111    1608706311676
01   17.567    3.097   -6.188  -90.787   20.402   79.538    1608706311692
02   15.875    7.031  -10.117 -148.203   71.952 -151.090    1608706311692
01   17.570    3.095   -6.181  -90.774   20.418   79.545    1608706311707
02   15.875    7.040  -10.111 -148.275   71.966 -151.263    1608706311707
01   17.569    3.090   -6.184  -90.790   20.403   79.499    1608706311723
02   15.875    7.040  -10.108 -148.413   71.983 -151.425    1608706311723
01   17.573    3.075   -6.188  -90.839   20.393   79.486    1608706311739
02   15.868    7.036  -10.124 -148.414   71.878 -151.461    1608706311739
01   17.573    3.079   -6.185  -90.791   20.431   79.492    1608706311760
02   15.866    7.038  -10.129 -148.416   71.857 -151.485    1608706311760
01   17.573    3.086   -6.183  -90.735   20.427   79.501    1608706311776
02   15.859    7.047  -10.134 -148.610   71.823 -151.897    1608706311776
01   17.573    3.084   -6.196  -90.721   20.427   79.448    1608706311791
02   15.865    7.034  -10.139 -148.505   71.801 -151.667    1608706311791
01   17.574    3.090   -6.199  -90.655   20.463   79.468    1608706311807
02   15.878    7.019  -10.136 -148.378   71.875 -151.366    1608706311807
01   17.580    3.088   -6.201  -90.630   20.480   79.505    1608706311823
02   15.887    7.019  -10.124 -148.507   72.059 -151.506    1608706311823
01   17.583    3.086   -6.206  -90.638   20.511   79.503    1608706311838
02   15.887    7.028  -10.124 -148.651   72.028 -151.795    1608706311838
01   17.585    3.097   -6.202  -90.491   20.586   79.545    1608706311860
02   15.888    7.037  -10.124 -148.558   72.041 -151.815    1608706311860
01   17.592    3.096   -6.194  -90.475   20.601   79.636    1608706311876
02   15.897    7.029  -10.115 -148.561   72.076 -151.673    1608706311876
01   17.595    3.096   -6.190  -90.492   20.641   79.651    1608706311892
02   15.893    7.041  -10.113 -148.854   72.016 -152.068    1608706311892
01   17.597    3.089   -6.186  -90.582   20.650   79.643    1608706311907
02   15.891    7.040  -10.114 -149.017   71.902 -152.187    1608706311907
01   17.597    3.094   -6.180  -90.565   20.701   79.619    1608706311923
02   15.890    7.038  -10.109 -149.095   71.859 -152.238    1608706311923
01   17.594    3.091   -6.189  -90.693   20.712   79.451    1608706311939
02   15.878    7.066  -10.098 -149.328   71.877 -152.600    1608706311939
01   17.594    3.099   -6.178  -90.687   20.783   79.457    1608706311961
02   15.878    7.077  -10.080 -149.573   71.887 -152.826    1608706311961
01   17.593    3.098   -6.177  -90.793   20.824   79.383    1608706311976
02   15.865    7.100  -10.081 -150.017   71.844 -153.341    1608706311976
01   17.589    3.100   -6.182  -90.853   20.837   79.228    1608706311992
02   15.867    7.091  -10.087 -150.065   71.809 -153.315    1608706311992
01   17.589    3.105   -6.176  -90.826   20.950   79.261    1608706312008
02   15.881    7.100  -10.056 -149.971   72.008 -153.217    1608706312008
01   17.594    3.106   -6.166  -90.818   20.992   79.311    1608706312024
02   15.873    7.088  -10.075 -150.040   71.930 -153.244    1608706312024
01   17.595    3.124   -6.141  -90.734   21.056   79.399    1608706312039
02   15.868    7.105  -10.059 -150.106   72.019 -153.421    1608706312039
01   17.589    3.116   -6.164  -90.814   21.056   79.270    1608706312061
02   15.869    7.103  -10.062 -150.122   72.005 -153.437    1608706312061
01   17.583    3.128   -6.168  -90.762   21.144   79.201    1608706312077
02   15.865    7.090  -10.063 -150.109   72.017 -153.365    1608706312077
01   17.582    3.115   -6.156  -90.782   21.125   79.256    1608706312092
02   15.848    7.097  -10.079 -150.271   71.987 -153.596    1608706312092
01   17.578    3.124   -6.157  -90.759   21.148   79.195    1608706312108
02   15.836    7.111  -10.072 -150.296   72.027 -153.728    1608706312108
01   17.571    3.131   -6.158  -90.703   21.178   79.139    1608706312124
02   15.827    7.120  -10.077 -150.671   72.030 -154.177    1608706312124
01   17.566    3.127   -6.166  -90.738   21.172   79.027    1608706312139
02   15.824    7.116  -10.071 -150.666   72.049 -154.152    1608706312139
01   17.565    3.131   -6.151  -90.695   21.215   79.053    1608706312155
02   15.815    7.129  -10.049 -150.674   72.125 -154.240    1608706312155
01   17.558    3.139   -6.153  -90.690   21.220   78.971    1608706312177
02   15.795    7.141  -10.055 -150.897   72.036 -154.521    1608706312177
01   17.553    3.141   -6.151  -90.704   21.206   78.901    1608706312193
02   15.800    7.138  -10.031 -150.748   72.122 -154.285    1608706312193
01   17.542    3.171   -6.139  -90.583   21.228   78.911    1608706312208
02   15.786    7.151  -10.036 -150.907   72.096 -154.454    1608706312208
01   17.531    3.192   -6.137  -90.522   21.288   78.892    1608706312224
02   15.792    7.147  -10.024 -150.983   72.167 -154.430    1608706312224
01   17.531    3.171   -6.133  -90.628   21.301   78.947    1608706312240
02   15.782    7.155  -10.030 -151.224   72.177 -154.677    1608706312240
01   17.538    3.189   -6.113  -90.535   21.387   79.106    1608706312255
02   15.766    7.181  -10.033 -151.289   72.233 -154.793    1608706312255
01   17.532    3.195   -6.134  -90.574   21.400   79.024    1608706312277
02   15.772    7.183  -10.036 -151.390   72.249 -154.849    1608706312277
01   17.533    3.182   -6.140  -90.707   21.425   79.002    1608706312293
02   15.775    7.197  -10.028 -151.524   72.321 -154.976    1608706312293
01   17.522    3.183   -6.163  -90.845   21.445   78.886    1608706312308
02   15.765    7.205  -10.049 -151.683   72.198 -155.098    1608706312308
01   17.516    3.188   -6.174  -90.898   21.487   78.843    1608706312324
02   15.767    7.194  -10.057 -151.811   72.179 -155.106    1608706312324
01   17.517    3.194   -6.173  -90.929   21.516   78.869    1608706312339
02   15.755    7.218  -10.075 -152.072   72.119 -155.420    1608706312339
01   17.514    3.189   -6.189  -91.092   21.553   78.719    1608706312361
02   15.760    7.225  -10.070 -152.167   72.152 -155.492    1608706312361
01   17.512    3.200   -6.188  -91.044   21.651   78.757    1608706312377
02   15.764    7.239  -10.058 -152.290   72.238 -155.611    1608706312377
01   17.515    3.205   -6.188  -91.074   21.727   78.782    1608706312392
02   15.764    7.245  -10.064 -152.390   72.235 -155.713    1608706312392
01   17.512    3.219   -6.187  -90.987   21.793   78.796    1608706312408
02   15.773    7.255  -10.051 -152.678   72.363 -155.966    1608706312408
01   17.514    3.205   -6.193  -91.109   21.745   78.758    1608706312424
02   15.758    7.292  -10.058 -152.965   72.311 -156.420    1608706312424
01   17.508    3.223   -6.216  -91.104   21.739   78.571    1608706312440
02   15.763    7.289  -10.053 -152.771   72.282 -156.176    1608706312440
01   17.511    3.236   -6.198  -91.038   21.826   78.713    1608706312455
02   15.759    7.268  -10.081 -152.852   72.125 -156.202    1608706312455
01   17.510    3.245   -6.200  -91.008   21.825   78.729    1608706312477
02   15.772    7.270  -10.071 -152.773   72.172 -156.144    1608706312477
01   17.513    3.239   -6.194  -91.032   21.839   78.791    1608706312493
02   15.776    7.271  -10.067 -152.739   72.225 -156.097    1608706312493
01   17.511    3.242   -6.203  -91.070   21.838   78.744    1608706312508
02   15.789    7.276  -10.055 -152.845   72.346 -156.162    1608706312508
01   17.513    3.252   -6.189  -91.050   21.880   78.836    1608706312524
02   15.791    7.283  -10.051 -152.966   72.402 -156.273    1608706312524
01   17.514    3.250   -6.184  -91.062   21.853   78.873    1608706312540
02   15.798    7.268  -10.048 -152.801   72.424 -156.024    1608706312540
01   17.512    3.259   -6.185  -91.048   21.871   78.860    1608706312555
02   15.805    7.269  -10.043 -152.865   72.438 -156.051    1608706312555
01   17.512    3.259   -6.187  -91.068   21.857   78.865    1608706312577
02   15.803    7.272  -10.045 -152.950   72.434 -156.141    1608706312577
01   17.511    3.255   -6.190  -91.105   21.844   78.871    1608706312593
02   15.808    7.266  -10.041 -152.974   72.496 -156.089    1608706312593
01   17.510    3.261   -6.193  -91.100   21.865   78.885    1608706312609
02   15.814    7.275  -10.034 -153.161   72.650 -156.282    1608706312609
01   17.513    3.252   -6.198  -91.148   21.860   78.877    1608706312624
02   15.806    7.281  -10.050 -153.213   72.532 -156.458    1608706312624
01   17.512    3.254   -6.210  -91.170   21.871   78.788    1608706312640
02   15.809    7.280  -10.047 -153.014   72.574 -156.233    1608706312640
01   17.515    3.247   -6.211  -91.190   21.856   78.809    1608706312655
02   15.813    7.270  -10.050 -152.840   72.515 -155.992    1608706312655
01   17.514    3.253   -6.216  -91.149   21.861   78.793    1608706312662
02   15.806    7.276  -10.059 -152.939   72.439 -156.174    1608706312662
01   17.516    3.245   -6.219  -91.156   21.828   78.789    1608706312693
02   15.803    7.275  -10.065 -153.044   72.403 -156.291    1608706312693
01   17.522    3.231   -6.215  -91.211   21.799   78.822    1608706312709
02   15.801    7.280  -10.066 -153.232   72.366 -156.508    1608706312709
01   17.520    3.238   -6.216  -91.147   21.798   78.803    1608706312724
02   15.797    7.285  -10.067 -153.181   72.390 -156.507    1608706312724
01   17.522    3.235   -6.212  -91.137   21.805   78.835    1608706312740
02   15.795    7.282  -10.071 -153.171   72.376 -156.474    1608706312740
01   17.525    3.227   -6.212  -91.194   21.779   78.821    1608706312756
02   15.790    7.283  -10.074 -153.137   72.336 -156.434    1608706312756
01   17.526    3.231   -6.205  -91.137   21.800   78.854    1608706312762
02   15.795    7.281  -10.068 -153.185   72.384 -156.470    1608706312762
01   17.526    3.224   -6.201  -91.146   21.789   78.879    1608706312793
02   15.786    7.283  -10.075 -153.291   72.332 -156.631    1608706312793
01   17.523    3.222   -6.205  -91.164   21.818   78.827    1608706312809
02   15.784    7.286  -10.068 -153.331   72.365 -156.697    1608706312809
01   17.522    3.222   -6.202  -91.134   21.802   78.843    1608706312825
02   15.786    7.280  -10.066 -153.346   72.386 -156.699    1608706312825
01   17.522    3.223   -6.201  -91.109   21.809   78.824    1608706312841
02   15.776    7.278  -10.075 -153.388   72.292 -156.786    1608706312841
01   17.521    3.222   -6.198  -91.078   21.794   78.833    1608706312856
02   15.772    7.282  -10.069 -153.341   72.315 -156.774    1608706312856
01   17.522    3.230   -6.186  -91.014   21.829   78.895    1608706312863
02   15.767    7.287  -10.070 -153.670   72.323 -157.191    1608706312863
01   17.521    3.221   -6.191  -91.039   21.812   78.862    1608706312894
02   15.768    7.275  -10.071 -153.683   72.281 -157.150    1608706312894
01   17.521    3.213   -6.190  -91.046   21.798   78.869    1608706312910
02   15.774    7.271  -10.059 -153.500   72.359 -156.967    1608706312910
01   17.519    3.215   -6.196  -91.038   21.825   78.842    1608706312926
02   15.770    7.273  -10.058 -153.517   72.348 -156.998    1608706312926
01   17.516    3.226   -6.190  -90.970   21.869   78.853    1608706312941
02   15.767    7.268  -10.061 -153.543   72.309 -157.028    1608706312941
01   17.514    3.222   -6.197  -91.015   21.872   78.777    1608706312957
02   15.763    7.280  -10.053 -153.548   72.336 -157.136    1608706312957
01   17.512    3.224   -6.194  -91.002   21.889   78.782    1608706312963
02   15.763    7.270  -10.054 -153.502   72.295 -157.022    1608706312963
01   17.509    3.223   -6.191  -91.001   21.909   78.779    1608706312979
02   15.753    7.270  -10.055 -153.681   72.265 -157.206    1608706312979
01   17.503    3.228   -6.191  -91.015   21.967   78.672    1608706313010
02   15.750    7.256  -10.056 -153.697   72.227 -157.158    1608706313010
01   17.499    3.227   -6.186  -91.055   22.001   78.641    1608706313026
02   15.742    7.261  -10.049 -153.883   72.236 -157.388    1608706313026
01   17.492    3.230   -6.173  -91.013   22.021   78.635    1608706313041
02   15.735    7.256  -10.037 -153.927   72.211 -157.415    1608706313041
01   17.482    3.239   -6.176  -90.983   22.074   78.496    1608706313057
02   15.727    7.255  -10.024 -154.071   72.203 -157.571    1608706313057
01   17.480    3.246   -6.152  -90.910   22.103   78.611    1608706313064
02   15.709    7.289  -10.015 -154.270   72.205 -157.980    1608706313064
01   17.470    3.233   -6.169  -91.094   22.061   78.434    1608706313080
02   15.721    7.264  -10.007 -154.278   72.222 -157.869    1608706313080
01   17.462    3.227   -6.174  -91.173   22.049   78.384    1608706313111
02   15.724    7.247  -10.006 -154.243   72.250 -157.765    1608706313111
01   17.461    3.219   -6.180  -91.283   21.999   78.311    1608706313127
02   15.719    7.259  -10.010 -154.201   72.276 -157.814    1608706313127
01   17.458    3.221   -6.181  -91.290   21.993   78.276    1608706313142
02   15.713    7.267  -10.013 -154.183   72.292 -157.844    1608706313142
01   17.458    3.223   -6.169  -91.330   22.043   78.367    1608706313158
02   15.708    7.274  -10.018 -154.371   72.296 -158.043    1608706313158
01   17.453    3.242   -6.167  -91.253   22.091   78.424    1608706313164
02   15.701    7.294  -10.020 -154.676   72.364 -158.478    1608706313164
01   17.451    3.240   -6.171  -91.330   22.076   78.415    1608706313180
02   15.705    7.289  -10.018 -154.594   72.387 -158.331    1608706313180
01   17.449    3.245   -6.168  -91.334   22.098   78.481    1608706313211
02   15.709    7.295  -10.012 -154.742   72.473 -158.490    1608706313211
01   17.451    3.231   -6.170  -91.464   22.064   78.527    1608706313227
02   15.706    7.300  -10.013 -154.809   72.453 -158.593    1608706313227
01   17.446    3.226   -6.180  -91.564   22.061   78.487    1608706313242
02   15.705    7.307  -10.015 -154.897   72.451 -158.710    1608706313242
01   17.442    3.228   -6.190  -91.706   22.083   78.411    1608706313258
02   15.701    7.312  -10.020 -154.945   72.430 -158.757    1608706313258
01   17.440    3.237   -6.189  -91.683   22.103   78.498    1608706313264
02   15.700    7.300  -10.036 -154.845   72.352 -158.623    1608706313264
01   17.443    3.234   -6.174  -91.746   22.116   78.792    1608706313280
02   15.705    7.301  -10.031 -154.856   72.344 -158.632    1608706313280
01   17.440    3.237   -6.167  -91.842   22.185   79.014    1608706313296
02   15.705    7.301  -10.027 -154.901   72.290 -158.716    1608706313296
01   17.429    3.249   -6.164  -92.197   22.327   79.255    1608706313327
02   15.697    7.303  -10.026 -154.719   71.825 -158.821    1608706313327
01   17.397    3.289   -6.134  -93.048   22.589   79.847    1608706313343
02   15.708    7.299   -9.999 -154.057   71.281 -158.531    1608706313343
01   17.333    3.313   -6.114  -95.105   22.894   80.024    1608706313358
02   15.750    7.273   -9.871 -151.775   70.026 -157.084    1608706313358
01   17.221    3.382   -6.111  -97.784   23.712   80.340    1608706313365
02   15.892    7.201   -9.395 -147.932   67.752 -154.493    1608706313365
01   17.079    3.432   -6.180 -101.935   25.482   80.542    1608706313381
02   15.952    7.127   -8.888 -141.943   61.938 -150.697    1608706313381
01   16.919    3.472   -6.354 -107.727   27.989   80.604    1608706313396
02   15.959    7.031   -8.242 -137.406   53.934 -148.543    1608706313396
01   16.677    3.632   -6.669 -114.980   31.872   79.145    1608706313427
02   15.675    6.940   -7.982 -134.561   40.811 -149.467    1608706313427
01   16.425    3.955   -6.931 -122.995   35.848   76.157    1608706313443
02   15.200    6.599   -8.375 -132.322   23.249 -150.298    1608706313443
01   16.227    4.227   -7.154 -131.405   38.535   72.227    1608706313459
02   15.074    6.133   -8.552 -130.414   10.362 -148.923    1608706313459
01   16.055    4.485   -7.422 -138.210   39.940   67.762    1608706313465
02   15.052    5.789   -8.560 -130.162    0.061 -150.346    1608706313465
01   16.008    4.661   -7.585 -143.224   41.569   64.123    1608706313481
02   14.973    5.639   -8.487 -128.111   -9.699 -154.265    1608706313481
01   16.007    4.829   -7.554 -145.927   43.165   61.972    1608706313497
02   15.063    5.556   -8.284 -128.459  -12.774 -157.394    1608706313497
01   15.981    4.927   -7.548 -147.735   43.499   61.015    1608706313528
02   15.086    5.566   -8.184 -128.449  -14.686 -159.392    1608706313528
01   15.948    5.009   -7.573 -148.994   43.525   60.698    1608706313544
02   15.104    5.626   -8.097 -128.749  -15.558 -159.398    1608706313544
01   15.955    5.010   -7.548 -150.058   43.821   61.064    1608706313559
02   15.139    5.649   -8.038 -129.662  -15.953 -158.286    1608706313559
01   15.952    5.030   -7.544 -150.621   43.733   61.488    1608706313566
02   15.162    5.677   -7.992 -130.216  -16.079 -157.151    1608706313566
01   15.984    4.995   -7.510 -151.061   44.017   61.941    1608706313582
02   15.197    5.658   -7.954 -130.971  -15.931 -155.719    1608706313582
01   15.997    4.984   -7.494 -151.358   44.041   61.761    1608706313597
02   15.213    5.639   -7.950 -131.332  -15.858 -154.995    1608706313597
01   16.018    4.961   -7.477 -151.265   43.989   61.727    1608706313628
02   15.225    5.611   -7.945 -131.554  -15.993 -154.597    1608706313628
01   16.052    4.915   -7.399 -150.719   44.181   62.377    1608706313644
02   15.221    5.570   -7.959 -131.613  -16.609 -154.758    1608706313644
01   16.048    4.890   -7.395 -150.165   43.662   62.824    1608706313659
02   15.223    5.548   -7.930 -131.646  -16.891 -154.744    1608706313659
01   16.039    4.877   -7.404 -149.837   43.412   63.152    1608706313666
02   15.234    5.528   -7.890 -131.738  -16.953 -154.620    1608706313666
01   16.038    4.851   -7.414 -149.692   43.310   63.429    1608706313682
02   15.256    5.500   -7.845 -131.764  -16.823 -154.467    1608706313682
01   16.032    4.842   -7.442 -149.560   43.331   63.438    1608706313698
02   15.260    5.484   -7.841 -131.629  -16.608 -154.432    1608706313698
01   16.032    4.850   -7.461 -149.294   43.630   63.379    1608706313713
02   15.288    5.489   -7.816 -131.374  -15.918 -153.971    1608706313713
01   16.033    4.842   -7.503 -148.939   43.933   63.525    1608706313744
02   15.320    5.496   -7.818 -131.153  -14.987 -153.224    1608706313744
01   16.044    4.850   -7.536 -148.283   44.422   63.764    1608706313760
02   15.354    5.518   -7.834 -130.797  -13.659 -152.320    1608706313760
01   16.067    4.860   -7.549 -147.160   44.936   64.276    1608706313767
02   15.397    5.539   -7.848 -130.419  -10.883 -150.612    1608706313767
01   16.131    4.857   -7.471 -144.873   45.574   65.007    1608706313782
02   15.468    5.440   -7.929 -131.993   -2.803 -147.480    1608706313782
01   16.201    4.793   -7.386 -138.618   44.498   68.086    1608706313798
02   15.411    5.250   -8.704 -134.846    7.875 -144.941    1608706313798
01   16.319    4.652   -7.266 -128.422   41.185   72.942    1608706313813
02   15.278    5.251   -9.950 -136.624   18.793 -143.345    1608706313813
01   16.459    4.434   -7.184 -118.121   35.952   76.670    1608706313829
02   15.335    5.546  -10.734 -137.660   31.481 -142.245    1608706313829
01   16.649    4.124   -7.081 -108.288   29.915   78.825    1608706313860
02   15.480    6.081  -11.131 -139.460   45.135 -143.314    1608706313860
01   16.872    3.811   -6.816 -100.244   24.152   81.180    1608706313867
02   15.758    6.736  -11.104 -143.024   59.837 -146.584    1608706313867
01   17.036    3.579   -6.637  -95.872   20.429   82.197    1608706313882
02   16.019    7.220  -10.877 -147.287   71.603 -151.106    1608706313882
01   17.110    3.543   -6.460  -93.397   18.138   82.946    1608706313898
02   16.117    7.501  -10.729 -154.939   77.679 -158.607    1608706313898
01   17.166    3.494   -6.290  -91.827   16.123   83.667    1608706313914
02   16.136    7.704  -10.708 -169.220   80.945 -172.530    1608706313914
01   17.191    3.486   -6.174  -90.824   14.537   83.948    1608706313929
02   16.217    7.863  -10.652  170.832   84.111  168.028    1608706313929
01   17.196    3.508   -6.136  -89.698   12.918   83.920    1608706313961
02   16.296    7.949  -10.600  137.883   85.672  135.652    1608706313961
01   17.242    3.487   -6.059  -88.998   11.398   84.098    1608706313967
02   16.395    7.966  -10.547  101.315   86.320   99.541    1608706313967
01   17.279    3.470   -5.995  -88.497   10.306   84.448    1608706313983
02   16.449    7.995  -10.532   80.869   86.022   78.935    1608706313983
01   17.312    3.449   -5.962  -88.101    9.445   84.838    1608706313998
02   16.487    8.000  -10.564   69.268   86.206   67.261    1608706313998
01   17.355    3.422   -5.931  -87.897    8.828   85.552    1608706314014
02   16.565    7.957  -10.537   51.208   86.069   49.366    1608706314014
01   17.372    3.397   -5.911  -88.133    8.429   86.301    1608706314030
02   16.611    7.913  -10.561   45.083   86.557   43.212    1608706314030
01   17.359    3.432   -5.937  -88.357    8.501   87.041    1608706314061
02   16.662    7.865  -10.548   28.353   87.021   26.246    1608706314061
01   17.346    3.472   -5.972  -89.017    8.984   87.618    1608706314067
02   16.694    7.823  -10.562   -5.538   87.595   -7.840    1608706314067
01   17.312    3.509   -6.053  -89.820    9.318   87.723    1608706314083
02   16.733    7.771  -10.565  -37.768   87.051  -40.035    1608706314083
01   17.304    3.515   -6.050  -91.012    9.923   88.416    1608706314099
02   16.760    7.700  -10.545  -63.996   86.072  -66.472    1608706314099
01   17.250    3.611   -6.033  -93.336   11.822   89.431    1608706314114
02   16.810    7.578  -10.347  -91.422   83.045  -94.543    1608706314114
01   17.128    3.739   -6.054  -98.157   15.221   90.222    1608706314130
02   16.981    7.549   -9.112 -103.285   75.777 -108.223    1608706314130
01   16.945    3.841   -6.265 -108.695   20.941   89.322    1608706314161
02   16.990    7.662   -6.961 -110.207   60.510 -118.250    1608706314161
01   16.704    3.999   -6.590 -119.824   27.031   85.232    1608706314168
02   16.049    7.259   -7.422 -121.707   32.251 -134.632    1608706314168
01   16.388    4.267   -6.997 -129.677   30.602   80.235    1608706314183
02   15.289    6.015   -8.427 -130.584   -2.161 -143.351    1608706314183
01   16.234    4.478   -7.226 -135.636   33.075   75.837    1608706314199
02   15.236    5.431   -8.435 -132.456  -16.148 -147.771    1608706314199
01   16.217    4.664   -7.218 -139.271   35.018   71.021    1608706314215
02   15.264    5.314   -8.189 -130.634  -22.940 -153.453    1608706314215
01   16.209    4.714   -7.251 -141.030   34.849   68.175    1608706314230
02   15.243    5.333   -8.044 -128.103  -26.605 -157.469    1608706314230
01   16.200    4.750   -7.247 -142.089   34.954   66.528    1608706314246
02   15.267    5.361   -7.904 -126.875  -27.862 -158.877    1608706314246
01   16.188    4.811   -7.240 -142.839   35.467   65.818    1608706314268
02   15.299    5.433   -7.785 -126.458  -27.701 -158.283    1608706314268
01   16.185    4.816   -7.244 -143.712   35.806   65.642    1608706314283
02   15.331    5.460   -7.721 -126.916  -27.226 -156.871    1608706314283
01   16.201    4.830   -7.193 -144.151   36.241   65.361    1608706314299
02   15.347    5.481   -7.687 -127.128  -26.945 -155.540    1608706314299
01   16.226    4.826   -7.142 -144.039   36.138   65.126    1608706314315
02   15.340    5.494   -7.682 -126.653  -27.043 -154.986    1608706314315
01   16.247    4.814   -7.084 -143.634   35.803   64.828    1608706314330
02   15.333    5.474   -7.661 -126.139  -27.226 -154.530    1608706314330
01   16.241    4.791   -7.105 -143.456   35.399   64.473    1608706314346
02   15.354    5.430   -7.615 -126.083  -26.871 -153.755    1608706314346
01   16.233    4.775   -7.146 -143.003   35.471   64.518    1608706314368
02   15.406    5.415   -7.525 -126.332  -25.124 -152.438    1608706314368
01   16.265    4.754   -7.136 -141.686   36.072   65.371    1608706314383
02   15.485    5.400   -7.398 -126.796  -21.525 -150.423    1608706314383
01   16.329    4.802   -6.982 -138.588   36.299   66.386    1608706314399
02   15.595    5.330   -7.281 -128.769  -13.089 -146.494    1608706314399
01   16.388    4.789   -6.844 -131.806   33.642   68.926    1608706314415
02   15.495    5.077   -7.875 -131.985   -2.588 -143.070    1608706314415
01   16.443    4.626   -6.818 -121.702   26.982   71.315    1608706314430
02   15.308    4.951   -8.884 -136.420   12.676 -141.200    1608706314430
01   16.661    4.190   -6.768 -111.735   20.698   73.659    1608706314446
02   15.301    5.250   -9.720 -138.461   29.804 -142.260    1608706314446
01   17.039    3.759   -6.543 -103.087   17.898   76.442    1608706314468
02   15.394    5.713  -10.321 -139.791   43.548 -144.512    1608706314468
01   17.278    3.625   -6.269  -97.475   16.547   79.253    1608706314484
02   15.612    6.218  -10.547 -140.623   55.838 -146.110    1608706314484
01   17.394    3.571   -6.076  -94.811   15.417   81.575    1608706314499
02   15.860    6.691  -10.612 -140.982   66.056 -146.848    1608706314499
01   17.439    3.551   -5.994  -93.486   13.793   82.939    1608706314515
02   16.091    7.058  -10.587 -140.394   73.988 -146.310    1608706314515
01   17.479    3.535   -5.976  -92.336   12.335   83.554    1608706314530
02   16.278    7.332  -10.575 -141.255   79.291 -146.850    1608706314530
01   17.526    3.547   -5.943  -91.039   11.270   84.084    1608706314546
02   16.420    7.569  -10.597 -145.113   83.273 -150.766    1608706314546
01   17.566    3.534   -5.941  -90.128   10.530   84.050    1608706314568
02   16.522    7.774  -10.584 -156.129   86.471 -161.641    1608706314568
01   17.599    3.485   -5.947  -89.620    9.709   83.887    1608706314584
02   16.588    7.876  -10.581  175.653   88.098  170.469    1608706314584
01   17.628    3.486   -5.901  -88.995    9.187   84.262    1608706314599
02   16.633    7.903  -10.604  155.449   88.432  150.629    1608706314599
01   17.635    3.475   -5.898  -88.847    8.896   84.651    1608706314615
02   16.659    7.867  -10.592  166.440   89.082  161.568    1608706314615
01   17.605    3.496   -5.892  -89.061    9.245   85.013    1608706314631
02   16.647    7.820  -10.581 -141.952   88.331 -147.373    1608706314631
01   17.559    3.540   -5.888  -90.092   10.355   85.388    1608706314646
02   16.656    7.679  -10.454 -118.454   85.225 -124.327    1608706314646
01   17.476    3.638   -5.889  -92.116   12.001   85.662    1608706314668
02   16.658    7.496  -10.158 -118.845   79.930 -124.841    1608706314668
01   17.364    3.757   -5.843  -95.643   14.031   86.530    1608706314684
02   16.651    7.328   -9.730 -120.746   72.641 -127.596    1608706314684
01   17.212    3.835   -5.865 -101.488   16.568   87.291    1608706314700
02   16.678    7.167   -9.083 -121.531   64.143 -129.557    1608706314700
01   17.010    3.876   -6.064 -111.496   21.004   86.913    1608706314715
02   16.682    7.285   -7.910 -120.023   53.754 -130.915    1608706314715
01   16.717    3.973   -6.611 -123.771   26.542   82.281    1608706314731
02   16.059    7.092   -8.167 -121.887   28.825 -139.401    1608706314731
01   16.463    4.176   -7.250 -134.199   31.767   75.487    1608706314747
02   15.197    6.144   -9.123 -124.580  -11.029 -152.954    1608706314747
01   16.373    4.499   -7.470 -138.969   35.356   69.541    1608706314769
02   15.291    5.715   -8.633 -125.550  -19.364 -155.059    1608706314769
01   16.368    4.689   -7.516 -141.516   37.670   65.887    1608706314784
02   15.412    5.552   -8.301 -125.407  -21.532 -156.046    1608706314784
01   16.376    4.799   -7.509 -142.650   38.913   64.488    1608706314800
02   15.479    5.504   -8.128 -125.121  -22.482 -156.283    1608706314800
01   16.410    4.841   -7.480 -143.411   39.728   64.017    1608706314816
02   15.515    5.501   -8.054 -124.735  -23.088 -155.930    1608706314816
01   16.454    4.828   -7.445 -143.614   40.264   64.225    1608706314831
02   15.557    5.512   -7.993 -124.447  -23.363 -155.075    1608706314831
01   16.474    4.847   -7.455 -143.497   40.303   64.160    1608706314847
02   15.595    5.465   -7.986 -124.560  -24.264 -154.165    1608706314847
01   16.513    4.826   -7.408 -143.395   40.457   64.404    1608706314869
02   15.629    5.438   -7.958 -124.417  -24.652 -153.590    1608706314869
01   16.558    4.782   -7.364 -143.071   40.270   64.620    1608706314885
02   15.650    5.396   -7.944 -124.140  -25.107 -153.277    1608706314885
01   16.573    4.753   -7.337 -142.744   39.853   64.504    1608706314901
02   15.669    5.367   -7.912 -123.676  -24.948 -153.025    1608706314901
01   16.585    4.716   -7.315 -142.296   39.549   64.608    1608706314916
02   15.691    5.352   -7.863 -123.335  -24.131 -152.576    1608706314916
01   16.585    4.696   -7.316 -141.596   39.379   64.709    1608706314932
02   15.723    5.334   -7.793 -123.080  -22.392 -151.870    1608706314932
01   16.606    4.677   -7.278 -140.139   39.464   65.494    1608706314947
02   15.766    5.321   -7.706 -122.942  -19.567 -150.827    1608706314947
01   16.650    4.681   -7.160 -137.204   39.154   66.592    1608706314969
02   15.891    5.233   -7.495 -124.362  -12.930 -148.058    1608706314969
01   16.679    4.673   -7.051 -131.532   36.767   68.720    1608706314986
02   15.833    5.082   -7.793 -127.235   -4.569 -146.363    1608706314986
01   16.752    4.535   -6.917 -120.897   30.553   72.570    1608706315001
02   15.582    4.972   -8.651 -130.745    5.864 -145.691    1608706315001
01   16.874    4.227   -6.846 -111.349   23.139   74.153    1608706315016
02   15.389    5.092   -9.617 -134.230   18.998 -145.787    1608706315016
01   17.153    3.741   -6.669 -103.585   18.534   75.885    1608706315032
02   15.355    5.622  -10.432 -137.042   34.297 -147.531    1608706315032
01   17.431    3.501   -6.412  -97.169   16.685   78.024    1608706315048
02   15.504    6.242  -10.806 -138.539   48.460 -148.481    1608706315048
01   17.544    3.508   -6.201  -93.784   15.502   79.782    1608706315070
02   15.738    6.778  -10.797 -138.641   60.766 -148.032    1608706315070
01   17.605    3.456   -6.063  -92.297   14.280   80.606    1608706315085
02   15.894    7.118  -10.739 -140.109   68.362 -148.565    1608706315085
01   17.607    3.486   -5.995  -91.143   12.827   80.806    1608706315101
02   16.009    7.348  -10.726 -141.722   73.573 -149.494    1608706315101
01   17.615    3.498   -5.929  -90.076   11.552   80.967    1608706315117
02   16.155    7.481  -10.637 -139.861   78.515 -146.599    1608706315117
01   17.623    3.466   -5.920  -89.516   10.340   80.754    1608706315132
02   16.247    7.564  -10.610 -138.580   81.435 -144.876    1608706315132
01   17.628    3.454   -5.894  -89.026    9.550   80.954    1608706315148
02   16.300    7.668  -10.590 -142.017   83.537 -148.401    1608706315148
01   17.648    3.429   -5.833  -88.616    9.044   81.658    1608706315170
02   16.347    7.720  -10.573 -145.630   84.901 -151.967    1608706315170
01   17.643    3.412   -5.851  -88.600    8.712   82.119    1608706315186
02   16.381    7.708  -10.577 -143.617   85.204 -149.892    1608706315186
01   17.623    3.435   -5.835  -88.778    8.792   82.596    1608706315202
02   16.405    7.697  -10.544 -141.627   85.412 -148.081    1608706315202
01   17.587    3.475   -5.827  -89.607    9.553   82.902    1608706315217
02   16.412    7.634  -10.496 -133.197   83.957 -140.028    1608706315217
01   17.529    3.498   -5.802  -91.582   10.795   83.284    1608706315233
02   16.421    7.519  -10.332 -126.271   80.551 -133.567    1608706315233
01   17.417    3.644   -5.769  -94.695   12.783   83.529    1608706315249
02   16.446    7.363   -9.989 -123.123   74.639 -131.075    1608706315249
01   17.279    3.793   -5.720 -100.097   15.187   83.706    1608706315271
02   16.509    7.190   -8.908 -120.106   66.594 -129.839    1608706315271
01   17.089    3.883   -5.806 -108.757   17.905   82.421    1608706315286
02   16.370    7.150   -7.668 -119.450   53.965 -132.543    1608706315286
01   16.891    3.932   -6.020 -118.980   21.220   79.365    1608706315302
02   15.630    6.827   -8.068 -122.070   28.972 -142.265    1608706315302
01   16.665    3.986   -6.422 -127.455   24.837   75.453    1608706315318
02   14.735    5.975   -9.095 -121.767  -10.037 -156.204    1608706315318
01   16.517    4.203   -6.715 -134.612   30.381   68.831    1608706315333
02   15.018    5.420   -8.348 -120.890  -25.455 -157.588    1608706315333
01   16.352    4.471   -6.975 -139.945   32.467   64.103    1608706315349
02   15.139    5.281   -7.998 -120.352  -30.671 -162.159    1608706315349
01   16.318    4.643   -6.959 -142.086   33.692   62.291    1608706315371
02   15.174    5.268   -7.834 -120.096  -33.541 -162.626    1608706315371
01   16.273    4.771   -6.929 -143.049   33.461   61.695    1608706315387
02   15.211    5.266   -7.690 -121.211  -34.680 -160.759    1608706315387
01   16.247    4.826   -6.916 -143.145   32.748   61.714    1608706315403
02   15.230    5.270   -7.588 -121.891  -35.385 -159.261    1608706315403
01   16.257    4.828   -6.892 -142.907   32.253   61.834    1608706315418
02   15.250    5.239   -7.527 -121.860  -36.102 -158.436    1608706315418
01   16.288    4.768   -6.872 -142.573   31.923   62.242    1608706315434
02   15.280    5.207   -7.478 -121.472  -36.422 -157.833    1608706315434
01   16.313    4.699   -6.901 -142.465   31.752   62.375    1608706315450
02   15.320    5.209   -7.423 -120.883  -35.898 -157.330    1608706315450
01   16.363    4.637   -6.906 -141.935   32.305   62.650    1608706315471
02   15.374    5.192   -7.374 -120.586  -34.654 -156.738    1608706315471
01   16.398    4.584   -6.962 -141.167   32.811   62.883    1608706315487
02   15.441    5.189   -7.318 -120.507  -32.283 -155.501    1608706315487
01   16.443    4.544   -7.007 -139.644   33.461   63.519    1608706315503
02   15.509    5.165   -7.301 -120.473  -29.271 -154.024    1608706315503
01   16.504    4.536   -6.988 -136.826   33.963   64.552    1608706315519
02   15.630    5.113   -7.219 -120.804  -24.687 -151.671    1608706315519
01   16.574    4.530   -6.901 -132.109   32.949   65.970    1608706315534
02   15.737    4.984   -7.193 -123.272  -15.116 -147.800    1608706315534
01   16.636    4.464   -6.854 -124.555   29.186   67.848    1608706315550
02   15.615    4.765   -7.818 -127.140   -3.338 -145.272    1608706315550
01   16.762    4.214   -6.814 -114.232   22.633   69.427    1608706315572
02   15.362    4.651   -8.902 -131.063    9.555 -144.321    1608706315572
01   17.084    3.686   -6.608 -104.735   17.443   71.228    1608706315588
02   15.228    4.920  -10.190 -133.453   24.847 -143.853    1608706315588
01   17.416    3.432   -6.213  -96.847   15.090   74.224    1608706315604
02   15.403    5.591  -10.683 -133.644   42.085 -143.015    1608706315604
01   17.557    3.387   -5.964  -93.280   13.043   75.629    1608706315619
02   15.628    6.282  -10.675 -134.705   57.149 -143.737    1608706315619
01   17.612    3.325   -5.853  -91.861   11.795   75.979    1608706315635
02   15.725    6.757  -10.631 -139.775   65.828 -148.313    1608706315635
01   17.623    3.345   -5.753  -90.863   11.146   76.723    1608706315650
02   15.788    7.129  -10.616 -148.420   71.858 -156.445    1608706315650
01   17.618    3.344   -5.698  -90.508   10.760   77.518    1608706315672
02   15.906    7.384  -10.565 -155.924   77.338 -163.148    1608706315672
01   17.603    3.324   -5.739  -90.377   10.333   77.843    1608706315689
02   15.991    7.607  -10.548 -165.680   80.691 -172.661    1608706315689
01   17.605    3.359   -5.729  -89.674   10.023   78.720    1608706315704
02   16.086    7.769  -10.527 -178.629   83.182  174.675    1608706315704
01   17.614    3.369   -5.758  -89.259    9.416   78.982    1608706315720
02   16.185    7.875  -10.483  168.665   84.908  162.174    1608706315720
01   17.634    3.349   -5.744  -88.958    8.909   79.499    1608706315735
02   16.255    7.875  -10.471  167.286   85.704  161.027    1608706315735
01   17.645    3.345   -5.754  -88.583    8.411   79.711    1608706315751
02   16.279    7.851  -10.480  177.530   85.712  171.018    1608706315751
01   17.660    3.357   -5.748  -88.263    8.167   80.294    1608706315773
02   16.323    7.768  -10.456 -162.197   85.773 -168.812    1608706315773
01   17.661    3.355   -5.766  -88.543    8.201   80.498    1608706315788
02   16.356    7.670  -10.406 -141.116   84.485 -148.046    1608706315788
01   17.648    3.408   -5.721  -89.401    8.924   81.312    1608706315804
02   16.400    7.514  -10.263 -128.890   81.096 -136.280    1608706315804
01   17.604    3.493   -5.656  -92.180   10.509   82.427    1608706315820
02   16.469    7.326   -9.863 -122.239   75.306 -130.577    1608706315820
01   17.505    3.587   -5.561  -97.846   13.207   83.788    1608706315835
02   16.581    7.152   -8.633 -117.540   65.783 -128.685    1608706315835
01   17.345    3.604   -5.684 -108.014   17.157   82.882    1608706315851
02   16.282    7.262   -7.495 -115.385   50.151 -131.893    1608706315851
01   17.154    3.667   -5.917 -119.130   22.497   79.377    1608706315873
02   15.289    6.571   -8.435 -120.292   13.612 -146.462    1608706315873
01   16.820    3.845   -6.403 -128.927   26.553   74.913    1608706315888
02   14.882    5.470   -8.955 -120.804  -22.483 -154.888    1608706315888
01   16.608    4.173   -6.730 -133.546   29.735   69.983    1608706315904
02   15.060    5.125   -8.491 -120.030  -30.017 -159.971    1608706315904
01   16.519    4.404   -6.831 -135.962   30.884   66.243    1608706315920
02   15.162    5.088   -8.106 -117.673  -32.931 -163.717    1608706315920
01   16.486    4.483   -6.851 -137.018   31.027   64.925    1608706315935
02   15.261    5.081   -7.822 -117.012  -34.138 -163.764    1608706315935
01   16.473    4.501   -6.885 -138.337   31.595   64.670    1608706315951
02   15.354    5.101   -7.625 -117.905  -33.747 -161.865    1608706315951
01   16.479    4.523   -6.952 -139.196   32.252   64.722    1608706315973
02   15.424    5.133   -7.538 -118.878  -33.244 -159.854    1608706315973
01   16.526    4.519   -6.933 -139.496   33.011   65.132    1608706315989
02   15.475    5.119   -7.522 -119.773  -33.164 -158.427    1608706315989
01   16.556    4.542   -6.938 -139.274   33.190   65.059    1608706316004
02   15.523    5.099   -7.501 -120.253  -32.845 -157.130    1608706316004
01   16.618    4.502   -6.913 -138.661   33.205   65.205    1608706316020
02   15.556    5.105   -7.492 -119.718  -32.304 -156.542    1608706316020
01   16.661    4.434   -6.946 -138.056   32.984   65.384    1608706316036
02   15.608    5.086   -7.445 -119.642  -30.799 -155.387    1608706316036
01   16.689    4.394   -6.978 -137.011   33.248   65.953    1608706316051
02   15.674    5.065   -7.396 -119.884  -28.248 -153.928    1608706316051
01   16.745    4.373   -6.954 -134.774   33.499   67.249    1608706316073
02   15.797    5.047   -7.248 -120.613  -23.435 -151.311    1608706316073
01   16.809    4.385   -6.838 -130.211   32.343   68.600    1608706316089
02   15.892    4.937   -7.223 -123.388  -14.564 -147.272    1608706316089
01   16.852    4.270   -6.848 -123.039   27.851   70.081    1608706316104
02   15.779    4.719   -7.774 -126.870   -4.261 -144.327    1608706316104
01   16.999    3.976   -6.811 -110.728   19.913   71.959    1608706316120
02   15.578    4.594   -8.725 -130.537    8.441 -142.666    1608706316120
01   17.432    3.435   -6.386  -99.828   14.753   76.237    1608706316136
02   15.523    4.855   -9.784 -132.902   24.311 -142.659    1608706316136
01   17.668    3.298   -6.068  -94.387   13.508   78.807    1608706316151
02   15.647    5.478  -10.233 -132.325   40.019 -142.980    1608706316151
01   17.753    3.245   -5.921  -92.115   13.075   80.346    1608706316173
02   15.794    6.080  -10.370 -133.483   52.002 -144.523    1608706316173
01   17.760    3.270   -5.891  -91.159   12.658   81.183    1608706316189
02   15.902    6.483  -10.435 -136.090   58.928 -146.492    1608706316189
01   17.758    3.316   -5.841  -90.661   12.350   81.908    1608706316204
02   15.990    6.810  -10.552 -139.678   64.042 -149.145    1608706316204
01   17.748    3.303   -5.874  -90.601   11.619   82.098    1608706316220
02   16.123    7.107  -10.593 -140.132   69.493 -149.033    1608706316220
01   17.760    3.266   -5.895  -90.619   11.288   82.437    1608706316236
02   16.259    7.318  -10.631 -140.524   73.815 -149.054    1608706316236
01   17.776    3.250   -5.945  -90.490   11.150   82.444    1608706316251
02   16.371    7.450  -10.624 -141.828   76.830 -150.232    1608706316251
01   17.785    3.264   -5.977  -90.168   11.326   82.690    1608706316273
02   16.452    7.538  -10.607 -142.492   78.617 -150.869    1608706316273
01   17.781    3.282   -6.014  -90.176   11.438   82.801    1608706316289
02   16.483    7.583  -10.630 -140.439   79.120 -149.119    1608706316289
01   17.763    3.327   -6.024  -90.413   11.826   82.915    1608706316304
02   16.541    7.551  -10.614 -133.559   79.307 -142.221    1608706316304
01   17.740    3.361   -6.023  -91.166   12.125   83.025    1608706316320
02   16.568    7.511  -10.620 -128.921   78.849 -137.603    1608706316320
01   17.700    3.386   -6.043  -92.283   12.351   82.926    1608706316335
02   16.596    7.437  -10.564 -124.171   77.983 -133.009    1608706316335
01   17.668    3.420   -6.017  -93.628   13.066   83.406    1608706316351
02   16.671    7.338  -10.368 -118.945   76.108 -127.973    1608706316351
01   17.609    3.492   -5.977  -96.083   14.420   84.164    1608706316373
02   16.766    7.232   -9.984 -114.530   71.167 -124.333    1608706316373
01   17.513    3.565   -5.954 -101.436   17.090   84.725    1608706316389
02   16.870    7.158   -9.226 -112.008   63.022 -123.302    1608706316389
01   17.336    3.666   -6.043 -110.448   20.940   83.141    1608706316404
02   16.783    7.332   -7.747 -110.318   51.399 -124.873    1608706316404
01   17.121    3.749   -6.284 -120.460   24.338   78.646    1608706316420
02   15.895    7.004   -8.103 -114.934   25.426 -137.873    1608706316420
01   16.902    3.862   -6.566 -127.936   27.405   73.879    1608706316436
02   14.941    5.535   -9.217 -120.403  -21.669 -156.516    1608706316436
01   16.711    4.086   -6.765 -132.698   29.970   70.418    1608706316451
02   15.176    5.181   -8.397 -120.047  -29.515 -155.921    1608706316451
01   16.653    4.261   -6.922 -136.040   32.191   66.431    1608706316473
02   15.325    5.042   -7.989 -119.133  -32.444 -159.763    1608706316473
01   16.608    4.427   -6.917 -137.641   32.959   64.469    1608706316489
02   15.370    5.018   -7.803 -118.446  -34.753 -161.467    1608706316489
01   16.591    4.508   -6.859 -138.248   32.744   64.039    1608706316505
02   15.394    5.027   -7.657 -118.406  -36.179 -161.167    1608706316505
01   16.584    4.488   -6.833 -138.805   32.105   63.974    1608706316521
02   15.418    5.066   -7.513 -118.480  -36.506 -159.863    1608706316521
01   16.587    4.483   -6.786 -139.198   32.064   63.840    1608706316536
02   15.439    5.055   -7.428 -118.947  -36.572 -158.629    1608706316536
01   16.570    4.473   -6.793 -139.776   31.807   63.321    1608706316552
02   15.457    5.061   -7.354 -119.258  -35.995 -157.333    1608706316552
01   16.560    4.462   -6.814 -139.876   31.986   62.803    1608706316574
02   15.475    5.055   -7.317 -119.405  -35.214 -156.542    1608706316574
01   16.574    4.447   -6.826 -139.703   32.370   62.368    1608706316590
02   15.492    5.057   -7.292 -119.144  -34.368 -156.068    1608706316590
01   16.591    4.436   -6.844 -139.078   32.855   61.943    1608706316606
02   15.510    5.037   -7.294 -118.435  -33.529 -156.119    1608706316606
01   16.613    4.392   -6.885 -138.068   33.269   61.807    1608706316621
02   15.540    5.022   -7.272 -117.730  -31.866 -156.276    1608706316621
01   16.638    4.360   -6.929 -136.508   33.707   62.287    1608706316637
02   15.578    5.017   -7.243 -117.405  -29.417 -155.888    1608706316637
01   16.694    4.365   -6.898 -133.508   33.980   63.265    1608706316652
02   15.685    5.062   -7.017 -118.745  -23.889 -152.803    1608706316652
01   16.741    4.350   -6.843 -127.925   32.184   65.110    1608706316674
02   15.706    4.973   -7.070 -122.320  -15.157 -148.955    1608706316674
01   16.822    4.235   -6.757 -119.534   27.897   68.194    1608706316690
02   15.605    4.795   -7.556 -126.335   -3.121 -144.555    1608706316690
01   16.999    3.909   -6.654 -111.208   22.274   69.874    1608706316705
02   15.449    4.551   -8.485 -129.929    8.964 -140.841    1608706316705
01   17.299    3.459   -6.482 -102.854   17.686   71.305    1608706316721
02   15.314    4.717   -9.738 -134.436   25.042 -142.682    1608706316721
01   17.620    3.245   -6.136  -95.873   15.508   74.412    1608706316737
02   15.309    5.459  -10.368 -139.108   41.426 -149.169    1608706316737
01   17.771    3.121   -5.982  -92.742   14.319   75.648    1608706316752
02   15.410    6.245  -10.522 -144.417   54.595 -155.664    1608706316752
01   17.815    3.196   -5.840  -90.623   14.081   77.062    1608706316774
02   15.517    6.794  -10.499 -151.147   62.906 -162.387    1608706316774
01   17.790    3.247   -5.797  -89.909   13.116   77.623    1608706316790
02   15.586    7.140  -10.551 -157.853   67.566 -168.447    1608706316790
01   17.747    3.333   -5.755  -89.444   12.276   78.004    1608706316806
02   15.734    7.330  -10.538 -162.759   72.747 -171.782    1608706316806
01   17.724    3.335   -5.726  -89.617   11.226   78.175    1608706316822
02   15.859    7.517  -10.509 -164.889   76.620 -173.441    1608706316822
01   17.714    3.336   -5.729  -89.711   10.541   78.335    1608706316837
02   15.989    7.587  -10.474 -163.877   79.425 -171.672    1608706316837
01   17.706    3.328   -5.739  -89.753   10.147   78.666    1608706316853
02   16.088    7.628  -10.455 -161.685   80.878 -169.382    1608706316853
01   17.709    3.347   -5.735  -89.760   10.207   79.494    1608706316875
02   16.191    7.603  -10.403 -155.084   81.528 -162.778    1608706316875
01   17.701    3.355   -5.710  -90.490   10.747   80.607    1608706316891
02   16.298    7.502  -10.287 -141.344   80.491 -149.455    1608706316891
01   17.657    3.433   -5.686  -92.167   11.916   81.897    1608706316906
02   16.405    7.357  -10.002 -127.118   75.757 -136.323    1608706316906
01   17.564    3.585   -5.637  -95.457   13.684   83.057    1608706316922
02   16.521    7.273   -9.345 -117.716   67.348 -129.273    1608706316922
01   17.433    3.681   -5.661 -101.471   15.574   83.079    1608706316938
02   16.465    7.154   -8.320 -116.192   53.419 -130.999    1608706316938
01   17.254    3.758   -5.749 -110.220   18.284   82.029    1608706316953
02   16.086    6.828   -8.120 -120.007   35.215 -139.154    1608706316953
01   17.026    3.803   -5.983 -120.974   21.877   80.061    1608706316975
02   15.495    6.364   -8.587 -122.124   10.917 -148.646    1608706316975
01   16.729    3.886   -6.539 -131.539   25.829   75.641    1608706316991
02   15.110    5.585   -9.064 -121.206  -20.601 -156.879    1608706316991
01   16.573    4.225   -6.780 -137.504   29.102   69.216    1608706317006
02   15.144    5.324   -8.741 -120.430  -28.499 -162.577    1608706317006
01   16.514    4.507   -6.761 -139.264   29.981   65.782    1608706317022
02   15.225    5.228   -8.383 -118.244  -32.721 -163.913    1608706317022
01   16.493    4.571   -6.710 -140.069   29.321   64.728    1608706317038
02   15.295    5.194   -8.077 -116.607  -34.450 -164.082    1608706317038
01   16.435    4.570   -6.790 -141.194   28.567   64.085    1608706317053
02   15.368    5.199   -7.827 -116.891  -34.046 -162.234    1608706317053
01   16.421    4.616   -6.817 -141.560   29.198   63.800    1608706317076
02   15.435    5.185   -7.670 -117.717  -33.082 -160.358    1608706317076
01   16.439    4.606   -6.850 -141.638   29.687   63.638    1608706317091
02   15.491    5.190   -7.549 -118.001  -31.568 -159.065    1608706317091
01   16.461    4.605   -6.856 -141.237   30.160   63.397    1608706317107
02   15.531    5.156   -7.506 -118.266  -30.144 -158.589    1608706317107
01   16.508    4.565   -6.871 -140.638   30.308   63.102    1608706317123
02   15.543    5.116   -7.522 -117.793  -29.356 -159.179    1608706317123
01   16.560    4.503   -6.882 -139.771   30.356   62.637    1608706317138
02   15.551    5.087   -7.539 -116.817  -28.769 -160.014    1608706317138
01   16.618    4.454   -6.862 -138.386   30.654   62.638    1608706317154
02   15.559    5.063   -7.556 -115.770  -28.080 -160.673    1608706317154
01   16.672    4.410   -6.854 -136.704   30.881   63.116    1608706317176
02   15.575    5.058   -7.550 -115.162  -26.824 -160.508    1608706317176
01   16.714    4.393   -6.863 -134.107   30.772   63.974    1608706317192
02   15.612    5.066   -7.508 -115.430  -24.788 -158.732    1608706317192
01   16.788    4.319   -6.837 -129.933   29.959   65.799    1608706317207
02   15.703    5.045   -7.353 -117.728  -19.632 -154.831    1608706317207
01   16.889    4.200   -6.784 -122.902   27.486   68.480    1608706317223
02   15.718    4.911   -7.523 -121.237  -11.277 -150.172    1608706317223
01   17.074    3.907   -6.697 -115.034   23.673   70.993    1608706317239
02   15.644    4.727   -8.075 -125.233    0.648 -145.834    1608706317239
01   17.290    3.597   -6.627 -107.359   20.007   72.161    1608706317254
02   15.476    4.636   -9.119 -128.563   13.447 -144.091    1608706317254
01   17.594    3.234   -6.412 -100.229   17.322   74.215    1608706317276
02   15.403    5.048  -10.108 -131.955   28.958 -145.708    1608706317276
01   17.791    3.193   -6.156  -94.824   16.193   76.697    1608706317292
02   15.458    5.719  -10.652 -134.931   43.825 -149.078    1608706317292
01   17.879    3.134   -6.078  -92.414   15.549   77.649    1608706317308
02   15.637    6.371  -10.761 -137.583   56.773 -151.812    1608706317308
01   17.907    3.142   -6.059  -90.916   14.997   78.249    1608706317323
02   15.787    6.838  -10.734 -141.444   65.185 -155.465    1608706317323
01   17.911    3.168   -6.009  -89.854   14.253   78.704    1608706317339
02   15.866    7.157  -10.741 -147.096   70.365 -160.664    1608706317339
01   17.899    3.176   -5.972  -89.516   13.493   79.021    1608706317355
02   15.933    7.436  -10.738 -155.912   74.549 -168.960    1608706317355
01   17.887    3.177   -5.973  -89.175   12.960   79.319    1608706317377
02   16.021    7.625  -10.725 -164.364   78.057 -176.576    1608706317377
01   17.882    3.200   -5.961  -88.659   12.619   79.665    1608706317392
02   16.131    7.758  -10.671 -176.222   80.828  172.336    1608706317392
01   17.882    3.211   -5.955  -88.259   11.978   79.897    1608706317408
02   16.171    7.889  -10.661  172.372   81.727  160.927    1608706317408
01   17.882    3.214   -5.963  -87.910   11.533   80.081    1608706317424
02   16.203    7.946  -10.643  166.895   82.224  155.535    1608706317424
01   17.886    3.220   -5.960  -87.531   11.200   80.587    1608706317439
02   16.218    7.932  -10.653  169.885   82.179  158.346    1608706317439
01   17.888    3.236   -5.932  -87.843   11.707   81.974    1608706317455
02   16.305    7.819  -10.500 -174.355   82.457  173.683    1608706317455
01   17.839    3.321   -5.918  -89.638   13.583   83.450    1608706317477
02   16.418    7.624  -10.182 -143.527   79.177 -156.629    1608706317477
01   17.731    3.462   -5.903  -93.779   16.324   84.574    1608706317493
02   16.582    7.424   -9.435 -124.974   71.171 -139.302    1608706317493
01   17.522    3.658   -5.953 -101.007   19.338   84.074    1608706317509
02   16.596    7.367   -7.944 -117.845   58.473 -136.606    1608706317509
01   17.317    3.755   -6.098 -109.216   21.994   81.450    1608706317524
02   15.987    6.994   -7.982 -120.347   36.141 -144.602    1608706317524
01   17.092    3.813   -6.321 -119.621   24.921   78.137    1608706317540
02   15.217    6.325   -8.777 -120.379    4.321 -154.845    1608706317540
01   16.888    3.869   -6.779 -129.628   27.984   72.507    1608706317556
02   15.025    5.407   -9.047 -115.683  -25.927 -163.366    1608706317556
01   16.747    4.171   -6.900 -135.192   31.289   68.018    1608706317578
02   15.128    5.148   -8.758 -114.015  -32.458 -168.177    1608706317578
01   16.672    4.390   -6.889 -137.703   32.439   65.557    1608706317593
02   15.263    5.113   -8.397 -113.003  -35.365 -168.462    1608706317593
01   16.614    4.502   -6.888 -138.932   31.903   64.293    1608706317609
02   15.356    5.150   -8.104 -112.527  -36.584 -167.521    1608706317609
01   16.588    4.519   -6.931 -139.379   31.212   63.674    1608706317624
02   15.429    5.192   -7.885 -112.500  -36.610 -165.758    1608706317624
01   16.581    4.542   -6.974 -139.130   30.659   63.140    1608706317640
02   15.505    5.171   -7.728 -113.105  -35.849 -163.570    1608706317640
01   16.621    4.515   -6.944 -138.696   30.641   63.063    1608706317656
02   15.551    5.115   -7.677 -113.430  -35.214 -162.291    1608706317656
01   16.666    4.467   -6.919 -138.105   30.614   63.156    1608706317672
02   15.581    5.071   -7.658 -113.267  -34.876 -161.848    1608706317672
01   16.716    4.378   -6.906 -137.616   30.440   63.466    1608706317693
02   15.611    5.017   -7.644 -113.204  -34.738 -161.682    1608706317693
01   16.750    4.321   -6.915 -136.991   30.472   63.568    1608706317709
02   15.649    4.991   -7.608 -113.045  -34.044 -161.410    1608706317709
01   16.798    4.255   -6.935 -136.010   30.786   64.048    1608706317725
02   15.712    4.986   -7.531 -113.472  -32.170 -160.292    1608706317725
01   16.844    4.219   -6.964 -134.306   31.150   64.863    1608706317741
02   15.773    4.956   -7.490 -114.283  -29.868 -158.851    1608706317741
01   16.898    4.202   -7.001 -130.946   30.904   65.885    1608706317756
02   15.877    4.981   -7.321 -116.288  -25.651 -154.982    1608706317756
01   16.996    4.129   -6.960 -124.950   29.312   68.294    1608706317772
02   15.963    4.892   -7.239 -120.163  -17.902 -150.250    1608706317772
01   17.163    3.930   -6.856 -115.604   25.162   72.197    1608706317793
02   15.895    4.681   -7.696 -124.956   -5.752 -146.036    1608706317793
01   17.395    3.581   -6.733 -107.987   20.221   73.937    1608706317809
02   15.719    4.509   -8.550 -128.765    6.815 -143.928    1608706317809
01   17.668    3.206   -6.544 -101.121   16.393   74.635    1608706317825
02   15.579    4.655   -9.463 -132.959   21.615 -145.160    1608706317825
01   17.887    3.107   -6.275  -95.458   14.453   76.449    1608706317841
02   15.487    5.319  -10.094 -138.326   37.269 -152.257    1608706317841
01   18.021    3.040   -6.082  -92.510   13.699   77.536    1608706317856
02   15.477    6.045  -10.404 -143.871   48.672 -159.349    1608706317856
01   18.054    3.090   -5.972  -90.571   13.504   78.524    1608706317872
02   15.538    6.640  -10.481 -148.160   56.590 -163.824    1608706317872
01   18.030    3.150   -5.976  -89.940   13.158   78.731    1608706317894
02   15.626    6.976  -10.596 -152.046   61.412 -166.065    1608706317894
01   17.998    3.239   -5.938  -89.214   12.710   79.286    1608706317910
02   15.737    7.268  -10.633 -155.630   66.549 -168.855    1608706317910
01   17.970    3.255   -5.948  -89.078   12.072   79.357    1608706317925
02   15.861    7.478  -10.684 -157.462   71.016 -170.034    1608706317925
01   17.955    3.271   -5.967  -88.788   11.790   79.239    1608706317941
02   16.009    7.607  -10.679 -158.529   75.077 -170.311    1608706317941
01   17.966    3.268   -5.941  -88.504   11.474   79.640    1608706317956
02   16.138    7.649  -10.611 -159.395   77.825 -170.580    1608706317956
01   17.988    3.272   -5.935  -88.233   11.159   80.170    1608706317972
02   16.218    7.616  -10.524 -157.879   78.458 -169.292    1608706317972
01   18.011    3.222   -5.907  -88.651   11.343   81.230    1608706317994
02   16.304    7.481  -10.347 -148.557   76.968 -160.681    1608706317994
01   17.990    3.258   -5.894  -89.855   12.696   82.193    1608706318010
02   16.393    7.313  -10.007 -136.863   72.881 -150.078    1608706318010
01   17.916    3.411   -5.832  -92.522   14.954   83.656    1608706318026
02   16.482    7.138   -9.350 -128.133   66.160 -142.883    1608706318026
01   17.789    3.536   -5.842  -98.342   17.552   83.601    1608706318041
02   16.405    7.035   -8.537 -124.563   54.855 -142.228    1608706318041
01   17.608    3.635   -5.904 -105.907   20.119   82.100    1608706318057
02   16.110    6.647   -8.441 -126.100   38.150 -145.428    1608706318057
01   17.377    3.711   -6.075 -115.270   22.805   79.306    1608706318072
02   15.860    6.314   -8.521 -125.152   23.974 -147.537    1608706318072
01   17.160    3.767   -6.401 -123.999   25.456   75.362    1608706318079
02   15.492    6.018   -8.865 -121.126    1.719 -153.207    1608706318079
01   17.007    3.908   -6.775 -130.387   27.811   69.897    1608706318110
02   15.262    5.469   -9.060 -116.164  -24.714 -163.985    1608706318110
01   16.923    4.112   -6.840 -132.508   29.186   67.537    1608706318126
02   15.302    5.252   -8.777 -113.070  -29.664 -165.996    1608706318126
01   16.874    4.220   -6.859 -133.813   29.524   65.884    1608706318141
02   15.385    5.148   -8.460 -112.273  -30.763 -166.044    1608706318141
01   16.837    4.301   -6.822 -134.578   29.657   65.363    1608706318157
02   15.432    5.114   -8.221 -111.919  -31.190 -166.338    1608706318157
01   16.800    4.332   -6.801 -135.551   29.710   65.054    1608706318172
02   15.473    5.086   -8.003 -113.241  -31.304 -164.622    1608706318172
01   16.759    4.368   -6.814 -136.574   29.683   64.059    1608706318179
02   15.496    5.070   -7.847 -114.220  -31.325 -163.081    1608706318179
01   16.746    4.380   -6.802 -137.145   29.917   63.339    1608706318210
02   15.517    5.039   -7.735 -114.983  -31.325 -161.532    1608706318210
01   16.757    4.332   -6.796 -137.622   30.093   63.013    1608706318226
02   15.551    5.003   -7.640 -115.385  -31.127 -160.141    1608706318226
01   16.769    4.296   -6.814 -137.803   30.487   62.665    1608706318241
02   15.604    4.951   -7.568 -115.834  -30.468 -158.891    1608706318241
01   16.785    4.260   -6.860 -137.663   31.318   62.534    1608706318257
02   15.662    4.927   -7.520 -116.166  -29.172 -157.562    1608706318257
01   16.812    4.224   -6.900 -137.115   32.349   62.794    1608706318273
02   15.738    4.903   -7.469 -116.735  -27.020 -155.906    1608706318273
01   16.851    4.188   -6.952 -135.904   33.134   62.953    1608706318279
02   15.856    4.838   -7.380 -117.499  -23.574 -154.133    1608706318279
01   16.904    4.206   -6.952 -133.114   33.440   62.714    1608706318310
02   15.976    4.750   -7.304 -119.492  -16.622 -151.253    1608706318310
01   16.962    4.190   -6.956 -127.931   32.064   63.160    1608706318326
02   15.941    4.601   -7.648 -122.452   -7.687 -149.622    1608706318326
01   17.059    4.052   -6.980 -120.656   29.216   64.757    1608706318342
02   15.759    4.488   -8.387 -127.184    4.092 -149.828    1608706318342
01   17.295    3.725   -6.928 -110.726   25.419   67.059    1608706318357
02   15.484    4.747   -9.297 -132.347   17.306 -153.727    1608706318357
01   17.642    3.318   -6.712 -101.921   22.762   70.479    1608706318373
02   15.321    5.327  -10.026 -137.007   31.142 -157.925    1608706318373
01   17.897    3.147   -6.504  -95.941   21.630   73.243    1608706318379
02   15.340    5.965  -10.403 -138.120   42.067 -158.980    1608706318379
01   18.032    3.174   -6.295  -91.773   20.597   75.771    1608706318411
02   15.453    6.440  -10.518 -138.683   50.355 -158.444    1608706318411
01   18.087    3.146   -6.224  -90.226   18.761   76.478    1608706318426
02   15.554    6.823  -10.559 -141.205   56.357 -159.621    1608706318426
01   18.112    3.152   -6.190  -88.816   17.337   76.736    1608706318442
02   15.642    7.054  -10.613 -143.989   60.903 -160.891    1608706318442
01   18.146    3.137   -6.155  -87.897   16.168   76.964    1608706318457
02   15.719    7.249  -10.674 -146.877   64.876 -162.841    1608706318457
01   18.177    3.128   -6.136  -86.955   15.393   77.158    1608706318473
02   15.828    7.396  -10.656 -150.737   68.927 -166.072    1608706318473
01   18.213    3.086   -6.102  -86.330   14.816   77.660    1608706318480
02   15.943    7.418  -10.613 -153.002   71.608 -167.831    1608706318480
01   18.244    3.100   -6.058  -85.521   14.572   78.440    1608706318495
02   16.045    7.415  -10.525 -151.906   73.108 -166.719    1608706318495
01   18.253    3.079   -6.057  -85.598   14.434   79.148    1608706318526
02   16.116    7.348  -10.481 -147.926   72.887 -162.741    1608706318526
01   18.244    3.064   -6.044  -86.261   14.435   80.019    1608706318542
02   16.204    7.276  -10.325 -140.785   71.771 -155.899    1608706318542
01   18.202    3.120   -6.051  -87.259   14.818   80.468    1608706318558
02   16.275    7.138  -10.134 -134.516   68.447 -150.043    1608706318558
01   18.154    3.199   -6.018  -88.892   15.435   81.051    1608706318573
02   16.349    7.003   -9.787 -129.244   64.142 -145.607    1608706318573
01   18.075    3.279   -5.983  -91.944   16.595   81.344    1608706318580
02   16.394    6.848   -9.270 -125.069   57.543 -143.155    1608706318580
01   17.958    3.387   -5.947  -96.839   18.439   81.362    1608706318595
02   16.306    6.728   -8.558 -122.072   47.676 -143.489    1608706318611
01   17.807    3.450   -6.003 -104.214   20.764   79.958    1608706318627
02   15.932    6.568   -8.444 -120.181   32.012 -147.049    1608706318627
01   17.640    3.512   -6.146 -112.863   23.386   76.956    1608706318643
02   15.420    6.108   -8.837 -117.641    4.789 -153.842    1608706318643
01   17.448    3.588   -6.370 -120.311   25.786   73.665    1608706318658
02   15.199    5.342   -9.063 -114.432  -22.278 -159.991    1608706318658
01   17.288    3.798   -6.489 -125.148   27.952   70.340    1608706318674
02   15.400    5.034   -8.502 -110.639  -32.610 -160.942    1608706318674
01   17.159    3.939   -6.636 -128.049   28.090   68.656    1608706318680
02   15.518    4.831   -8.172 -109.706  -35.865 -163.308    1608706318680
01   17.115    3.993   -6.644 -129.752   28.227   66.895    1608706318696
02   15.592    4.765   -7.915 -108.719  -36.828 -163.864    1608706318696
01   17.069    3.995   -6.686 -131.518   28.128   65.392    1608706318727
02   15.648    4.757   -7.718 -108.431  -36.817 -163.096    1608706318727
01   17.031    4.020   -6.719 -132.721   28.636   64.453    1608706318743
02   15.690    4.737   -7.602 -109.145  -36.445 -162.090    1608706318743
01   17.008    4.060   -6.765 -133.692   29.177   63.627    1608706318758
02   15.701    4.735   -7.571 -109.529  -36.208 -161.787    1608706318758
01   17.001    4.100   -6.769 -134.307   29.850   62.983    1608706318774
02   15.708    4.741   -7.563 -109.805  -35.849 -161.655    1608706318774
01   16.985    4.097   -6.828 -134.668   30.174   62.419    1608706318780
02   15.714    4.766   -7.542 -109.864  -35.129 -161.384    1608706318780
01   16.977    4.091   -6.891 -134.732   30.593   62.007    1608706318796
02   15.729    4.787   -7.530 -109.893  -34.085 -160.790    1608706318796
01   16.986    4.109   -6.935 -134.100   31.381   61.844    1608706318827
02   15.749    4.844   -7.495 -109.887  -32.078 -159.548    1608706318827
01   17.011    4.071   -6.986 -133.505   32.205   61.724    1608706318843
02   15.843    4.821   -7.372 -111.431  -28.008 -157.493    1608706318843
01   17.037    4.087   -7.000 -132.358   32.642   60.992    1608706318859
02   15.955    4.756   -7.294 -114.828  -20.091 -153.831    1608706318859
01   17.087    4.077   -6.990 -128.982   32.157   61.069    1608706318874
02   15.945    4.657   -7.524 -119.238  -10.391 -151.673    1608706318874
01   17.189    3.964   -6.942 -124.143   30.930   62.119    1608706318881
02   15.813    4.609   -8.056 -124.513    1.847 -151.237    1608706318881
01   17.303    3.827   -6.887 -118.265   29.053   63.451    1608706318897
02   15.624    4.726   -8.705 -128.646   13.592 -152.516    1608706318897
01   17.478    3.563   -6.807 -111.688   26.444   65.250    1608706318912
02   15.412    5.116   -9.482 -131.399   24.366 -154.011    1608706318912
01   17.693    3.309   -6.659 -105.776   24.579   67.407    1608706318943
02   15.350    5.515  -10.018 -132.911   32.888 -153.930    1608706318943
01   17.851    3.211   -6.519 -101.106   23.670   69.516    1608706318959
02   15.385    5.927  -10.329 -133.657   40.335 -153.843    1608706318959
01   17.960    3.175   -6.351  -97.721   22.362   72.075    1608706318975
02   15.475    6.264  -10.506 -134.709   46.947 -153.541    1608706318975
01   18.004    3.120   -6.287  -95.734   20.829   73.366    1608706318981
02   15.607    6.497  -10.587 -135.771   52.880 -152.969    1608706318981
01   18.032    3.083   -6.272  -94.123   19.660   74.166    1608706318997
02   15.732    6.720  -10.574 -136.672   58.224 -152.973    1608706318997
01   18.064    3.092   -6.221  -92.711   18.998   74.943    1608706319012
02   15.837    6.837  -10.556 -137.813   61.954 -153.032    1608706319012
01   18.068    3.086   -6.235  -91.783   18.545   75.136    1608706319044
02   15.903    6.917  -10.521 -139.450   64.426 -154.339    1608706319044
01   18.081    3.061   -6.235  -91.259   18.348   75.823    1608706319059
02   15.929    7.002  -10.492 -140.604   65.816 -155.803    1608706319059
01   18.070    3.058   -6.247  -91.227   18.483   76.236    1608706319075
02   15.964    7.071  -10.472 -139.715   66.846 -155.214    1608706319075
01   18.057    3.064   -6.233  -91.599   18.755   77.009    1608706319081
02   16.037    7.053  -10.427 -136.761   67.297 -151.830    1608706319081
01   18.002    3.134   -6.228  -92.589   19.629   77.763    1608706319097
02   16.161    6.988  -10.254 -131.838   66.400 -146.877    1608706319097
01   17.920    3.212   -6.221  -94.714   20.792   78.332    1608706319112
02   16.260    6.931   -9.962 -127.066   63.195 -142.966    1608706319112
01   17.810    3.322   -6.194  -98.038   22.223   79.024    1608706319144
02   16.341    6.916   -9.477 -122.461   57.540 -140.367    1608706319144
01   17.665    3.463   -6.198 -102.844   24.031   79.304    1608706319159
02   16.337    6.946   -8.619 -119.492   48.219 -140.619    1608706319159
01   17.473    3.537   -6.357 -110.359   26.187   77.842    1608706319175
02   16.010    6.807   -8.395 -119.599   32.851 -146.152    1608706319175
01   17.241    3.643   -6.673 -119.201   28.820   74.664    1608706319182
02   15.385    6.402   -8.859 -119.405    8.757 -155.408    1608706319182
01   17.006    3.853   -7.003 -127.472   31.915   70.198    1608706319197
02   15.106    5.698   -9.137 -115.940  -18.268 -161.431    1608706319197
01   16.875    4.121   -7.168 -132.829   34.069   65.526    1608706319213
02   15.305    5.365   -8.676 -114.910  -24.771 -161.152    1608706319213
01   16.825    4.321   -7.199 -135.967   35.198   62.126    1608706319244
02   15.412    5.257   -8.379 -113.075  -27.331 -162.601    1608706319244
01   16.797    4.418   -7.217 -137.727   35.061   60.209    1608706319260
02   15.477    5.176   -8.214 -112.409  -29.140 -162.913    1608706319260
01   16.768    4.456   -7.219 -138.942   34.787   59.314    1608706319275
02   15.524    5.145   -8.080 -112.248  -29.733 -162.341    1608706319275
01   16.747    4.446   -7.243 -139.911   34.901   59.194    1608706319282
02   15.568    5.133   -7.988 -112.863  -29.623 -161.078    1608706319282
01   16.745    4.477   -7.225 -140.317   35.441   59.316    1608706319298
02   15.589    5.149   -7.938 -113.209  -29.327 -160.255    1608706319298
01   16.764    4.478   -7.217 -140.413   35.810   59.432    1608706319313
02   15.615    5.155   -7.898 -113.582  -28.903 -159.610    1608706319313
01   16.778    4.480   -7.232 -140.051   35.834   59.351    1608706319329
02   15.642    5.122   -7.874 -113.859  -28.428 -159.321    1608706319329
01   16.797    4.468   -7.233 -139.222   35.718   59.368    1608706319360
02   15.654    5.102   -7.869 -113.427  -27.881 -159.497    1608706319360
01   16.830    4.419   -7.213 -138.223   35.607   59.659    1608706319376
02   15.673    5.075   -7.848 -113.009  -27.007 -159.508    1608706319376
01   16.879    4.351   -7.167 -136.897   35.678   60.440    1608706319382
02   15.694    5.042   -7.829 -112.645  -25.661 -159.291    1608706319382
