01     6.820   -0.469   -7.214  119.041   35.370  -13.323    1598968627674
02     6.888   -2.894  -10.452  166.596   42.125 -171.769    1598968627674
01     6.822   -0.466   -7.221  119.027   35.373  -13.332    1598968627689
02     6.891   -2.890  -10.456  166.567   42.106 -171.801    1598968627689
01     6.826   -0.465   -7.226  119.010   35.408  -13.352    1598968627705
02     6.890   -2.887  -10.463  166.539   42.071 -171.825    1598968627705
01     6.829   -0.466   -7.230  118.993   35.454  -13.377    1598968627721
02     6.895   -2.893  -10.464  166.516   42.110 -171.810    1598968627721
01     6.831   -0.468   -7.234  118.991   35.487  -13.378    1598968627743
02     6.894   -2.886  -10.470  166.539   42.061 -171.818    1598968627743
01     6.832   -0.470   -7.237  118.996   35.500  -13.354    1598968627758
02     6.890   -2.885  -10.476  166.506   41.990 -171.819    1598968627758
01     6.832   -0.470   -7.239  119.005   35.509  -13.340    1598968627774
02     6.893   -2.885  -10.474  166.510   41.998 -171.815    1598968627774
01     6.832   -0.467   -7.241  119.028   35.491  -13.335    1598968627790
02     6.895   -2.882  -10.475  166.483   42.006 -171.854    1598968627790
01     6.831   -0.466   -7.243  119.019   35.475  -13.315    1598968627805
02     6.899   -2.877  -10.472  166.469   42.022 -171.887    1598968627805
01     6.832   -0.464   -7.245  119.007   35.462  -13.310    1598968627821
02     6.898   -2.871  -10.474  166.427   41.988 -171.935    1598968627821
01     6.837   -0.461   -7.244  118.984   35.475  -13.338    1598968627843
02     6.895   -2.870  -10.477  166.392   41.944 -171.948    1598968627843
01     6.841   -0.461   -7.244  118.947   35.500  -13.365    1598968627859
02     6.899   -2.869  -10.476  166.370   41.975 -171.964    1598968627859
01     6.845   -0.461   -7.244  118.919   35.516  -13.403    1598968627874
02     6.904   -2.872  -10.476  166.368   42.020 -171.941    1598968627874
01     6.847   -0.461   -7.246  118.911   35.528  -13.426    1598968627890
02     6.907   -2.867  -10.480  166.343   42.010 -171.993    1598968627890
01     6.849   -0.463   -7.250  118.905   35.540  -13.446    1598968627906
02     6.911   -2.867  -10.485  166.340   42.021 -172.001    1598968627906
01     6.849   -0.466   -7.254  118.915   35.542  -13.449    1598968627921
02     6.921   -2.867  -10.486  166.346   42.065 -172.028    1598968627921
01     6.852   -0.465   -7.259  118.925   35.526  -13.472    1598968627943
02     6.922   -2.870  -10.493  166.335   42.066 -172.022    1598968627943
01     6.854   -0.466   -7.264  118.927   35.528  -13.480    1598968627959
02     6.926   -2.873  -10.496  166.324   42.092 -172.023    1598968627959
01     6.856   -0.468   -7.269  118.924   35.528  -13.493    1598968627975
02     6.930   -2.873  -10.502  166.317   42.114 -172.036    1598968627975
01     6.858   -0.468   -7.272  118.921   35.525  -13.508    1598968627998
02     6.936   -2.878  -10.506  166.312   42.167 -172.030    1598968627998
01     6.860   -0.468   -7.277  118.903   35.517  -13.522    1598968628002
02     6.936   -2.878  -10.515  166.314   42.176 -172.034    1598968628002
01     6.864   -0.468   -7.277  118.870   35.530  -13.580    1598968628018
02     6.941   -2.878  -10.518  166.288   42.230 -172.062    1598968628018
01     6.864   -0.471   -7.282  118.865   35.523  -13.578    1598968628043
02     6.941   -2.877  -10.523  166.250   42.234 -172.098    1598968628043
01     6.863   -0.470   -7.285  118.866   35.514  -13.587    1598968628059
02     6.947   -2.874  -10.524  166.268   42.268 -172.143    1598968628059
01     6.863   -0.473   -7.288  118.868   35.509  -13.572    1598968628075
02     6.953   -2.879  -10.524  166.265   42.330 -172.136    1598968628075
01     6.864   -0.473   -7.289  118.866   35.495  -13.588    1598968628090
02     6.949   -2.881  -10.529  166.258   42.306 -172.117    1598968628090
01     6.866   -0.471   -7.288  118.860   35.481  -13.615    1598968628106
02     6.955   -2.877  -10.529  166.269   42.330 -172.159    1598968628106
01     6.868   -0.471   -7.288  118.834   35.442  -13.634    1598968628122
02     6.958   -2.872  -10.531  166.211   42.341 -172.227    1598968628122
01     6.870   -0.469   -7.288  118.823   35.394  -13.663    1598968628144
02     6.959   -2.873  -10.532  166.182   42.340 -172.235    1598968628144
01     6.872   -0.467   -7.288  118.808   35.368  -13.692    1598968628160
02     6.956   -2.867  -10.538  166.150   42.283 -172.288    1598968628160
01     6.874   -0.466   -7.288  118.786   35.349  -13.727    1598968628175
02     6.962   -2.866  -10.536  166.109   42.333 -172.322    1598968628175
01     6.878   -0.462   -7.288  118.763   35.312  -13.763    1598968628191
02     6.965   -2.860  -10.538  166.070   42.331 -172.381    1598968628191
01     6.881   -0.460   -7.289  118.745   35.318  -13.759    1598968628206
02     6.970   -2.856  -10.538  166.018   42.345 -172.420    1598968628206
01     6.884   -0.458   -7.289  118.727   35.310  -13.765    1598968628222
02     6.972   -2.854  -10.538  165.989   42.347 -172.423    1598968628222
01     6.886   -0.453   -7.288  118.712   35.284  -13.800    1598968628244
02     6.979   -2.848  -10.539  165.929   42.374 -172.477    1598968628244
01     6.886   -0.454   -7.290  118.679   35.267  -13.793    1598968628260
02     6.979   -2.844  -10.541  165.890   42.380 -172.519    1598968628260
01     6.887   -0.453   -7.289  118.674   35.266  -13.817    1598968628275
02     6.978   -2.847  -10.542  165.889   42.369 -172.484    1598968628275
01     6.888   -0.451   -7.291  118.678   35.271  -13.812    1598968628291
02     6.975   -2.846  -10.544  165.852   42.334 -172.506    1598968628291
01     6.888   -0.454   -7.292  118.665   35.293  -13.806    1598968628306
02     6.972   -2.845  -10.547  165.866   42.318 -172.501    1598968628306
01     6.887   -0.454   -7.293  118.667   35.307  -13.805    1598968628322
02     6.970   -2.847  -10.547  165.862   42.297 -172.484    1598968628322
01     6.886   -0.455   -7.294  118.655   35.308  -13.819    1598968628344
02     6.968   -2.842  -10.549  165.842   42.266 -172.531    1598968628344
01     6.885   -0.456   -7.295  118.653   35.320  -13.826    1598968628360
02     6.972   -2.841  -10.547  165.839   42.301 -172.546    1598968628360
01     6.886   -0.456   -7.295  118.664   35.332  -13.832    1598968628375
02     6.974   -2.846  -10.544  165.842   42.328 -172.507    1598968628375
01     6.884   -0.454   -7.298  118.688   35.321  -13.807    1598968628391
02     6.973   -2.841  -10.545  165.820   42.311 -172.542    1598968628391
01     6.883   -0.454   -7.299  118.689   35.324  -13.781    1598968628406
02     6.969   -2.840  -10.549  165.817   42.268 -172.532    1598968628406
01     6.884   -0.453   -7.298  118.675   35.344  -13.781    1598968628422
02     6.971   -2.840  -10.546  165.813   42.294 -172.520    1598968628422
01     6.883   -0.451   -7.296  118.680   35.351  -13.775    1598968628444
02     6.969   -2.840  -10.545  165.804   42.281 -172.507    1598968628444
01     6.880   -0.449   -7.296  118.697   35.338  -13.745    1598968628460
02     6.966   -2.836  -10.544  165.786   42.253 -172.524    1598968628460
01     6.878   -0.445   -7.293  118.720   35.321  -13.717    1598968628475
02     6.964   -2.829  -10.539  165.759   42.237 -172.555    1598968628475
01     6.875   -0.439   -7.289  118.734   35.293  -13.689    1598968628491
02     6.965   -2.826  -10.531  165.746   42.239 -172.556    1598968628491
01     6.873   -0.435   -7.285  118.765   35.272  -13.653    1598968628507
02     6.959   -2.819  -10.526  165.697   42.181 -172.586    1598968628507
01     6.873   -0.436   -7.279  118.745   35.285  -13.653    1598968628522
02     6.952   -2.813  -10.522  165.671   42.122 -172.611    1598968628522
01     6.871   -0.435   -7.277  118.763   35.287  -13.620    1598968628544
02     6.946   -2.811  -10.520  165.600   42.050 -172.652    1598968628544
01     6.868   -0.433   -7.274  118.773   35.282  -13.604    1598968628560
02     6.940   -2.803  -10.519  165.557   42.000 -172.724    1598968628560
01     6.865   -0.433   -7.274  118.808   35.280  -13.555    1598968628576
02     6.940   -2.801  -10.514  165.589   42.018 -172.723    1598968628576
01     6.864   -0.432   -7.270  118.821   35.301  -13.562    1598968628591
02     6.940   -2.798  -10.513  165.541   42.009 -172.790    1598968628591
01     6.862   -0.433   -7.268  118.848   35.321  -13.541    1598968628607
02     6.944   -2.804  -10.505  165.589   42.089 -172.719    1598968628607
01     6.860   -0.435   -7.267  118.859   35.332  -13.533    1598968628623
02     6.940   -2.806  -10.506  165.595   42.093 -172.700    1598968628623
01     6.858   -0.433   -7.266  118.862   35.330  -13.531    1598968628645
02     6.937   -2.807  -10.507  165.616   42.083 -172.680    1598968628645
01     6.859   -0.433   -7.264  118.860   35.344  -13.556    1598968628660
02     6.934   -2.812  -10.507  165.633   42.073 -172.625    1598968628660
01     6.859   -0.436   -7.264  118.857   35.366  -13.561    1598968628676
02     6.934   -2.810  -10.507  165.651   42.069 -172.635    1598968628676
01     6.857   -0.437   -7.267  118.867   35.381  -13.551    1598968628692
02     6.929   -2.816  -10.510  165.627   42.045 -172.611    1598968628692
01     6.855   -0.439   -7.270  118.877   35.410  -13.527    1598968628707
02     6.931   -2.821  -10.510  165.653   42.090 -172.560    1598968628707
01     6.854   -0.442   -7.273  118.893   35.460  -13.486    1598968628723
02     6.933   -2.820  -10.511  165.642   42.111 -172.570    1598968628723
01     6.853   -0.443   -7.274  118.900   35.484  -13.497    1598968628745
02     6.933   -2.820  -10.513  165.654   42.116 -172.561    1598968628745
01     6.852   -0.444   -7.276  118.892   35.509  -13.494    1598968628761
02     6.933   -2.825  -10.512  165.701   42.152 -172.499    1598968628761
01     6.852   -0.443   -7.276  118.879   35.509  -13.518    1598968628777
02     6.931   -2.830  -10.513  165.730   42.160 -172.414    1598968628777
01     6.852   -0.444   -7.276  118.867   35.545  -13.521    1598968628792
02     6.934   -2.828  -10.513  165.729   42.211 -172.445    1598968628792
01     6.849   -0.442   -7.279  118.882   35.526  -13.506    1598968628808
02     6.935   -2.828  -10.513  165.727   42.251 -172.452    1598968628808
01     6.846   -0.445   -7.280  118.883   35.539  -13.498    1598968628823
02     6.934   -2.830  -10.514  165.705   42.259 -172.446    1598968628823
01     6.845   -0.445   -7.280  118.900   35.544  -13.520    1598968628845
02     6.934   -2.832  -10.515  165.710   42.266 -172.443    1598968628845
01     6.842   -0.449   -7.282  118.912   35.560  -13.515    1598968628861
02     6.935   -2.837  -10.515  165.764   42.331 -172.374    1598968628861
01     6.842   -0.452   -7.284  118.904   35.575  -13.518    1598968628876
02     6.934   -2.840  -10.517  165.781   42.324 -172.357    1598968628876
01     6.840   -0.451   -7.287  118.922   35.578  -13.524    1598968628892
02     6.930   -2.849  -10.522  165.786   42.313 -172.325    1598968628892
01     6.840   -0.455   -7.290  118.927   35.600  -13.541    1598968628908
02     6.935   -2.850  -10.523  165.809   42.369 -172.334    1598968628908
01     6.840   -0.458   -7.292  118.917   35.617  -13.575    1598968628923
02     6.938   -2.852  -10.527  165.824   42.401 -172.335    1598968628923
01     6.836   -0.464   -7.298  118.937   35.622  -13.564    1598968628945
02     6.932   -2.856  -10.536  165.841   42.367 -172.328    1598968628945
01     6.837   -0.468   -7.298  118.939   35.641  -13.601    1598968628961
02     6.935   -2.862  -10.536  165.881   42.415 -172.299    1598968628961
01     6.834   -0.473   -7.302  118.954   35.643  -13.583    1598968628976
02     6.938   -2.867  -10.537  165.911   42.449 -172.290    1598968628976
01     6.833   -0.479   -7.303  118.955   35.651  -13.590    1598968628992
02     6.939   -2.873  -10.537  165.907   42.468 -172.297    1598968628992
01     6.833   -0.480   -7.303  118.967   35.660  -13.609    1598968629008
02     6.940   -2.874  -10.539  165.929   42.518 -172.305    1598968629008
01     6.832   -0.481   -7.306  118.974   35.641  -13.620    1598968629023
02     6.940   -2.882  -10.542  165.946   42.520 -172.281    1598968629023
01     6.832   -0.486   -7.307  118.974   35.649  -13.622    1598968629045
02     6.938   -2.882  -10.548  165.992   42.520 -172.273    1598968629045
01     6.830   -0.489   -7.310  118.983   35.632  -13.630    1598968629061
02     6.938   -2.893  -10.551  165.997   42.542 -172.240    1598968629061
01     6.830   -0.496   -7.311  118.982   35.637  -13.633    1598968629077
02     6.942   -2.901  -10.554  166.075   42.608 -172.174    1598968629077
01     6.830   -0.494   -7.312  118.985   35.606  -13.649    1598968629092
02     6.944   -2.905  -10.558  166.088   42.637 -172.164    1598968629092
01     6.831   -0.500   -7.312  118.981   35.609  -13.640    1598968629108
02     6.952   -2.912  -10.553  166.096   42.752 -172.141    1598968629108
01     6.829   -0.502   -7.313  118.987   35.584  -13.625    1598968629124
02     6.952   -2.915  -10.555  166.087   42.757 -172.148    1598968629124
01     6.828   -0.505   -7.312  118.990   35.569  -13.610    1598968629146
02     6.948   -2.923  -10.553  166.153   42.729 -172.072    1598968629146
01     6.827   -0.504   -7.311  118.997   35.527  -13.606    1598968629162
02     6.943   -2.927  -10.554  166.209   42.688 -172.010    1598968629162
01     6.827   -0.509   -7.309  118.982   35.521  -13.605    1598968629177
02     6.947   -2.927  -10.551  166.240   42.727 -172.024    1598968629177
01     6.827   -0.512   -7.306  118.978   35.515  -13.613    1598968629193
02     6.938   -2.933  -10.556  166.242   42.666 -172.010    1598968629193
01     6.825   -0.513   -7.307  118.998   35.488  -13.605    1598968629209
02     6.939   -2.930  -10.557  166.301   42.652 -172.017    1598968629209
01     6.826   -0.516   -7.306  119.008   35.476  -13.601    1598968629224
02     6.945   -2.937  -10.553  166.320   42.709 -171.982    1598968629224
01     6.827   -0.516   -7.306  119.010   35.461  -13.613    1598968629246
02     6.943   -2.942  -10.554  166.339   42.696 -171.966    1598968629246
01     6.829   -0.520   -7.307  119.003   35.475  -13.596    1598968629262
02     6.948   -2.946  -10.553  166.349   42.746 -171.947    1598968629262
01     6.832   -0.521   -7.308  119.003   35.475  -13.608    1598968629278
02     6.949   -2.952  -10.554  166.394   42.746 -171.895    1598968629278
01     6.835   -0.524   -7.309  118.986   35.481  -13.614    1598968629293
02     6.954   -2.954  -10.556  166.409   42.769 -171.897    1598968629293
01     6.840   -0.524   -7.310  118.984   35.483  -13.654    1598968629309
02     6.954   -2.957  -10.560  166.414   42.757 -171.894    1598968629309
01     6.843   -0.526   -7.312  118.981   35.485  -13.659    1598968629325
02     6.956   -2.957  -10.563  166.441   42.749 -171.886    1598968629325
01     6.844   -0.529   -7.315  118.988   35.483  -13.652    1598968629347
02     6.963   -2.964  -10.563  166.456   42.775 -171.869    1598968629347
01     6.845   -0.531   -7.319  118.997   35.479  -13.628    1598968629362
02     6.975   -2.970  -10.558  166.484   42.871 -171.842    1598968629362
01     6.848   -0.533   -7.319  119.002   35.479  -13.620    1598968629378
02     6.974   -2.973  -10.562  166.493   42.842 -171.820    1598968629378
01     6.849   -0.532   -7.319  119.011   35.459  -13.616    1598968629394
02     6.974   -2.971  -10.564  166.483   42.833 -171.845    1598968629394
01     6.850   -0.532   -7.319  119.020   35.446  -13.599    1598968629409
02     6.977   -2.968  -10.564  166.472   42.843 -171.879    1598968629409
01     6.854   -0.529   -7.316  119.017   35.437  -13.631    1598968629425
02     6.979   -2.966  -10.564  166.496   42.839 -171.889    1598968629425
01     6.854   -0.528   -7.317  119.018   35.432  -13.637    1598968629447
02     6.977   -2.967  -10.567  166.497   42.827 -171.891    1598968629447
01     6.857   -0.529   -7.317  119.013   35.435  -13.642    1598968629462
02     6.979   -2.971  -10.567  166.511   42.840 -171.863    1598968629462
01     6.857   -0.533   -7.320  119.005   35.449  -13.635    1598968629478
02     6.980   -2.974  -10.569  166.520   42.854 -171.836    1598968629478
01     6.859   -0.532   -7.322  119.010   35.449  -13.639    1598968629494
02     6.987   -2.973  -10.569  166.517   42.891 -171.854    1598968629494
01     6.862   -0.533   -7.325  119.007   35.465  -13.645    1598968629509
02     6.988   -2.972  -10.572  166.520   42.902 -171.848    1598968629509
01     6.865   -0.534   -7.329  119.001   35.482  -13.647    1598968629525
02     6.990   -2.973  -10.576  166.525   42.913 -171.827    1598968629525
01     6.865   -0.531   -7.335  119.002   35.489  -13.644    1598968629547
02     6.994   -2.974  -10.579  166.514   42.940 -171.813    1598968629547
01     6.866   -0.532   -7.339  118.990   35.518  -13.633    1598968629563
02     6.994   -2.973  -10.586  166.496   42.944 -171.805    1598968629563
01     6.868   -0.529   -7.341  118.976   35.544  -13.640    1598968629578
02     6.994   -2.970  -10.590  166.520   42.938 -171.788    1598968629578
01     6.869   -0.526   -7.344  118.971   35.558  -13.626    1598968629594
02     6.999   -2.969  -10.590  166.494   42.979 -171.796    1598968629594
01     6.869   -0.524   -7.347  118.950   35.576  -13.614    1598968629610
02     6.998   -2.970  -10.592  166.496   42.995 -171.750    1598968629610
01     6.867   -0.521   -7.352  118.947   35.576  -13.579    1598968629625
02     6.997   -2.968  -10.594  166.479   42.989 -171.746    1598968629625
01     6.869   -0.517   -7.354  118.947   35.591  -13.598    1598968629647
02     6.991   -2.963  -10.600  166.448   42.933 -171.770    1598968629647
01     6.869   -0.514   -7.356  118.944   35.598  -13.611    1598968629663
02     6.992   -2.959  -10.601  166.429   42.943 -171.788    1598968629663
01     6.871   -0.512   -7.358  118.943   35.620  -13.632    1598968629679
02     6.994   -2.959  -10.601  166.435   42.957 -171.759    1598968629679
01     6.871   -0.511   -7.362  118.937   35.635  -13.631    1598968629694
02     6.994   -2.957  -10.605  166.439   42.949 -171.740    1598968629694
01     6.873   -0.509   -7.369  118.917   35.652  -13.633    1598968629710
02     6.996   -2.956  -10.609  166.416   42.962 -171.725    1598968629710
01     6.875   -0.510   -7.372  118.879   35.710  -13.633    1598968629726
02     6.999   -2.952  -10.613  166.386   42.969 -171.724    1598968629726
01     6.877   -0.508   -7.376  118.855   35.766  -13.638    1598968629748
02     7.002   -2.955  -10.613  166.384   43.004 -171.657    1598968629748
01     6.878   -0.510   -7.380  118.851   35.851  -13.595    1598968629763
02     7.005   -2.958  -10.611  166.324   43.051 -171.632    1598968629763
01     6.877   -0.511   -7.384  118.849   35.889  -13.543    1598968629779
02     7.005   -2.953  -10.613  166.294   43.029 -171.641    1598968629779
01     6.878   -0.507   -7.388  118.847   35.931  -13.521    1598968629795
02     7.003   -2.955  -10.612  166.281   43.015 -171.548    1598968629795
01     6.880   -0.508   -7.391  118.827   36.004  -13.457    1598968629810
02     6.998   -2.956  -10.613  166.223   42.942 -171.485    1598968629810
01     6.882   -0.510   -7.393  118.806   36.112  -13.449    1598968629826
02     6.995   -2.957  -10.613  166.200   42.929 -171.400    1598968629826
01     6.882   -0.509   -7.397  118.860   36.120  -13.409    1598968629848
02     6.993   -2.957  -10.613  166.116   42.868 -171.411    1598968629848
01     6.880   -0.511   -7.403  118.884   36.155  -13.344    1598968629863
02     6.991   -2.961  -10.611  166.124   42.862 -171.324    1598968629863
01     6.882   -0.511   -7.407  118.861   36.162  -13.349    1598968629879
02     6.988   -2.954  -10.613  166.043   42.743 -171.440    1598968629879
01     6.885   -0.516   -7.409  118.810   36.232  -13.358    1598968629895
02     6.989   -2.951  -10.613  165.904   42.719 -171.537    1598968629895
01     6.887   -0.518   -7.413  118.823   36.272  -13.354    1598968629910
02     6.991   -2.949  -10.612  165.831   42.760 -171.571    1598968629910
01     6.888   -0.524   -7.418  118.823   36.329  -13.324    1598968629926
02     6.992   -2.952  -10.611  165.766   42.753 -171.565    1598968629926
01     6.888   -0.526   -7.423  118.868   36.365  -13.283    1598968629948
02     6.990   -2.953  -10.613  165.666   42.685 -171.605    1598968629948
01     6.888   -0.532   -7.427  118.900   36.443  -13.236    1598968629964
02     6.988   -2.952  -10.614  165.474   42.636 -171.732    1598968629964
01     6.890   -0.537   -7.429  118.937   36.529  -13.231    1598968629979
02     6.986   -2.952  -10.614  165.349   42.572 -171.788    1598968629979
01     6.884   -0.545   -7.438  119.045   36.601  -13.083    1598968629995
02     6.985   -2.953  -10.612  165.135   42.536 -171.870    1598968629995
01     6.884   -0.551   -7.440  119.097   36.687  -13.055    1598968630010
02     6.984   -2.952  -10.609  165.008   42.473 -171.995    1598968630010
01     6.882   -0.558   -7.445  119.139   36.766  -13.013    1598968630026
02     6.981   -2.948  -10.607  164.792   42.378 -172.174    1598968630026
01     6.887   -0.561   -7.447  119.165   36.858  -13.054    1598968630048
02     6.986   -2.940  -10.600  164.550   42.413 -172.395    1598968630048
01     6.892   -0.569   -7.455  119.239   37.075  -13.055    1598968630064
02     6.996   -2.919  -10.590  163.848   42.361 -172.978    1598968630064
01     6.900   -0.582   -7.467  119.324   37.360  -13.130    1598968630080
02     7.018   -2.865  -10.577  162.874   42.253 -173.982    1598968630080
01     6.910   -0.604   -7.482  119.536   37.797  -13.213    1598968630095
02     7.048   -2.793  -10.540  161.690   41.977 -175.186    1598968630095
01     6.916   -0.632   -7.509  119.997   38.385  -13.207    1598968630111
02     7.063   -2.702  -10.478  159.960   41.157 -176.738    1598968630111
01     6.922   -0.666   -7.536  120.493   39.014  -13.195    1598968630126
02     7.112   -2.628  -10.312  158.251   40.175 -177.828    1598968630126
01     6.924   -0.703   -7.577  121.267   39.721  -13.064    1598968630142
02     7.101   -2.516  -10.102  156.038   36.813 -179.158    1598968630142
01     6.923   -0.753   -7.617  122.199   40.593  -12.977    1598968630164
02     7.055   -2.413   -9.888  154.036   32.188 -179.890    1598968630164
01     6.922   -0.807   -7.668  123.333   41.576  -12.839    1598968630180
02     7.093   -2.343   -9.560  151.715   27.626  179.565    1598968630180
01     6.917   -0.870   -7.725  124.772   42.674  -12.590    1598968630198
02     7.159   -2.342   -9.092  148.279   21.189  179.074    1598968630198
01     6.918   -0.938   -7.785  126.281   43.894  -12.331    1598968630205
02     7.044   -2.373   -8.679  143.502    9.473  179.189    1598968630205
01     6.930   -0.980   -7.822  127.752   44.815  -11.375    1598968630220
02     6.649   -1.629   -8.639  144.888  -11.024  178.718    1598968630220
01     6.866   -1.038   -7.861  128.879   44.573   -9.646    1598968630236
02     6.498   -1.605   -8.623  145.726  -15.278  179.734    1598968630236
01     6.856   -1.049   -7.879  129.158   44.226   -8.425    1598968630264
02     6.456   -1.594   -8.607  146.441  -16.121  179.945    1598968630264
01     6.875   -1.042   -7.881  129.015   44.004   -7.745    1598968630280
02     6.440   -1.588   -8.601  146.631  -16.300 -179.437    1598968630280
01     6.893   -1.040   -7.883  128.818   43.865   -7.398    1598968630295
02     6.436   -1.586   -8.599  146.793  -16.248 -178.799    1598968630295
01     6.905   -1.034   -7.886  128.668   43.734   -7.321    1598968630311
02     6.439   -1.582   -8.597  147.014  -16.202 -178.427    1598968630311
01     6.916   -1.032   -7.889  128.592   43.687   -7.471    1598968630327
02     6.438   -1.591   -8.601  147.064  -16.175 -178.038    1598968630327
01     6.924   -1.025   -7.900  128.615   43.715   -7.761    1598968630342
02     6.438   -1.585   -8.617  147.123  -16.257 -177.820    1598968630342
01     6.936   -1.023   -7.924  128.701   44.014   -8.012    1598968630365
02     6.439   -1.591   -8.645  146.928  -16.187 -177.337    1598968630365
01     6.954   -1.016   -7.960  128.499   44.374   -8.352    1598968630380
02     6.447   -1.596   -8.683  146.456  -15.837 -176.909    1598968630380
01     6.997   -1.003   -8.009  127.835   44.887   -8.902    1598968630396
02     6.466   -1.584   -8.737  145.836  -15.181 -176.635    1598968630396
01     7.053   -0.999   -8.052  126.788   45.468   -9.614    1598968630412
02     6.481   -1.571   -8.804  145.037  -14.132 -176.234    1598968630412
01     7.079   -0.998   -8.076  125.328   45.854  -10.528    1598968630427
02     6.440   -1.502   -8.950  144.958  -12.449 -176.272    1598968630427
01     7.095   -0.951   -8.044  123.469   45.302  -11.504    1598968630443
02     6.277   -1.423   -9.391  145.894   -9.101 -176.209    1598968630443
01     7.110   -0.903   -8.000  121.398   44.271  -12.411    1598968630464
02     6.265   -1.585   -9.733  147.146   -1.958 -175.392    1598968630464
01     7.117   -0.860   -7.964  119.689   43.139  -12.857    1598968630480
02     6.301   -1.800   -9.954  149.234    6.741 -173.713    1598968630480
01     7.120   -0.826   -7.924  118.488   42.173  -12.988    1598968630496
02     6.374   -1.998  -10.083  151.048   13.597 -172.366    1598968630496
01     7.118   -0.798   -7.887  117.843   41.371  -12.890    1598968630511
02     6.434   -2.156  -10.187  152.369   17.966 -171.663    1598968630511
01     7.117   -0.768   -7.855  117.439   40.693  -12.653    1598968630527
02     6.494   -2.281  -10.278  153.536   21.207 -171.140    1598968630527
01     7.124   -0.736   -7.825  117.069   40.216  -12.415    1598968630543
02     6.562   -2.389  -10.342  154.431   24.043 -170.681    1598968630543
01     7.134   -0.712   -7.801  116.779   39.961  -12.220    1598968630565
02     6.630   -2.470  -10.393  155.137   26.349 -170.464    1598968630565
01     7.150   -0.700   -7.779  116.579   39.937  -12.242    1598968630580
02     6.713   -2.539  -10.420  155.658   28.442 -170.237    1598968630580
01     7.162   -0.701   -7.774  116.581   40.108  -12.288    1598968630596
02     6.788   -2.587  -10.425  155.877   29.928 -170.121    1598968630596
01     7.171   -0.712   -7.782  116.847   40.480  -12.316    1598968630612
02     6.849   -2.611  -10.415  155.867   30.649 -170.063    1598968630612
01     7.180   -0.738   -7.799  117.313   41.039  -12.300    1598968630627
02     6.907   -2.629  -10.383  155.613   30.967 -169.962    1598968630627
01     7.185   -0.771   -7.825  118.087   41.721  -12.183    1598968630643
02     6.969   -2.624  -10.322  155.083   30.692 -169.985    1598968630643
01     7.185   -0.813   -7.863  119.226   42.517  -11.793    1598968630649
02     7.020   -2.605  -10.228  154.062   29.633 -170.098    1598968630649
01     7.188   -0.852   -7.907  120.461   43.299  -11.319    1598968630681
02     7.051   -2.571  -10.105  152.499   27.467 -170.498    1598968630681
01     7.195   -0.900   -7.954  121.561   44.113  -10.954    1598968630696
02     7.064   -2.522   -9.971  150.787   24.421 -170.950    1598968630696
01     7.203   -0.969   -8.017  123.024   45.245  -10.484    1598968630712
02     7.100   -2.481   -9.773  148.559   21.107 -171.583    1598968630712
01     7.201   -1.055   -8.087  124.884   46.505   -9.691    1598968630728
02     7.161   -2.443   -9.412  145.429   16.501 -172.513    1598968630728
01     7.188   -1.143   -8.159  127.008   47.706   -8.613    1598968630743
02     7.127   -2.380   -9.043  141.164    7.212 -173.251    1598968630743
01     7.184   -1.179   -8.178  128.346   48.148   -7.886    1598968630750
02     6.868   -1.986   -9.019  141.524   -4.753 -172.827    1598968630750
01     7.158   -1.201   -8.206  128.848   47.923   -7.311    1598968630781
02     6.767   -1.870   -9.019  142.544   -7.882 -173.490    1598968630781
01     7.150   -1.221   -8.219  128.890   47.749   -6.959    1598968630797
02     6.751   -1.835   -9.007  143.467   -8.207 -174.006    1598968630797
01     7.161   -1.221   -8.215  128.614   47.490   -7.037    1598968630812
02     6.749   -1.820   -8.997  143.983   -8.298 -174.035    1598968630812
01     7.171   -1.220   -8.213  128.217   47.156   -7.289    1598968630828
02     6.749   -1.810   -8.990  144.229   -8.473 -173.801    1598968630828
01     7.185   -1.219   -8.211  127.872   46.922   -7.639    1598968630844
02     6.752   -1.803   -8.988  144.350   -8.659 -173.637    1598968630844
01     7.198   -1.209   -8.211  127.681   46.715   -8.024    1598968630850
02     6.762   -1.794   -8.987  144.498   -8.721 -173.662    1598968630850
01     7.214   -1.203   -8.216  127.504   46.633   -8.447    1598968630881
02     6.769   -1.784   -8.997  144.638   -8.789 -173.639    1598968630881
01     7.233   -1.198   -8.235  127.458   46.790   -8.784    1598968630897
02     6.778   -1.775   -9.019  144.707   -8.736 -173.559    1598968630897
01     7.255   -1.193   -8.269  127.338   47.174   -8.950    1598968630912
02     6.793   -1.772   -9.053  144.488   -8.438 -173.228    1598968630912
01     7.306   -1.179   -8.319  126.769   47.707   -9.123    1598968630928
02     6.815   -1.767   -9.097  143.830   -7.982 -172.721    1598968630928
01     7.382   -1.164   -8.368  125.661   48.340   -9.485    1598968630943
02     6.841   -1.756   -9.149  142.815   -7.397 -171.963    1598968630943
01     7.449   -1.149   -8.395  123.832   49.081  -10.621    1598968630950
02     6.855   -1.716   -9.227  142.012   -6.648 -171.863    1598968630950
01     7.469   -1.098   -8.381  121.536   48.741  -11.794    1598968630981
02     6.694   -1.552   -9.585  142.776   -5.542 -171.878    1598968630981
01     7.473   -1.017   -8.329  119.113   47.378  -12.771    1598968630997
02     6.521   -1.688  -10.094  144.384   -0.616 -170.710    1598968630997
01     7.477   -0.926   -8.260  116.648   45.423  -13.432    1598968631013
02     6.491   -2.016  -10.490  148.492   10.231 -167.986    1598968631013
01     7.486   -0.852   -8.189  114.498   43.592  -13.749    1598968631028
02     6.617   -2.410  -10.708  153.073   21.681 -164.575    1598968631028
01     7.492   -0.798   -8.129  113.157   42.382  -13.683    1598968631044
02     6.804   -2.717  -10.821  156.325   29.873 -162.709    1598968631044
01     7.490   -0.760   -8.074  112.466   41.626  -13.477    1598968631051
02     6.998   -2.916  -10.870  158.493   35.733 -162.060    1598968631051
01     7.484   -0.725   -8.021  112.252   41.041  -13.250    1598968631066
02     7.153   -3.062  -10.888  160.157   39.671 -161.455    1598968631066
01     7.477   -0.697   -7.983  112.228   40.603  -12.985    1598968631098
02     7.259   -3.165  -10.909  161.481   42.111 -160.857    1598968631098
01     7.476   -0.687   -7.956  112.239   40.443  -12.759    1598968631113
02     7.343   -3.251  -10.924  162.594   44.110 -160.184    1598968631113
01     7.476   -0.677   -7.944  112.447   40.429  -12.554    1598968631129
02     7.420   -3.302  -10.923  163.373   45.574 -159.818    1598968631129
01     7.478   -0.684   -7.941  112.817   40.642  -12.408    1598968631144
02     7.481   -3.323  -10.915  163.625   46.386 -159.814    1598968631144
01     7.475   -0.697   -7.948  113.435   40.966  -12.243    1598968631151
02     7.522   -3.309  -10.913  163.145   46.672 -160.457    1598968631151
01     7.468   -0.728   -7.959  114.352   41.483  -12.062    1598968631167
02     7.567   -3.280  -10.891  162.326   46.808 -161.255    1598968631167
01     7.456   -0.758   -7.986  115.611   42.064  -11.799    1598968631198
02     7.584   -3.238  -10.864  161.119   46.169 -162.343    1598968631198
01     7.447   -0.789   -8.017  116.659   42.613  -11.702    1598968631213
02     7.595   -3.184  -10.860  159.771   45.481 -163.669    1598968631213
01     7.451   -0.816   -8.051  117.496   43.206  -11.785    1598968631229
02     7.641   -3.124  -10.812  158.535   45.200 -164.862    1598968631229
01     7.457   -0.862   -8.096  118.435   44.138  -11.727    1598968631245
02     7.686   -3.030  -10.703  156.593   43.812 -166.530    1598968631245
01     7.455   -0.937   -8.158  120.017   45.446  -11.223    1598968631251
02     7.690   -2.930  -10.559  154.235   40.847 -167.922    1598968631251
01     7.427   -1.043   -8.229  122.411   46.689   -9.997    1598968631267
02     7.626   -2.806  -10.447  152.311   36.732 -168.803    1598968631267
01     7.397   -1.119   -8.296  125.323   47.649   -8.512    1598968631298
02     7.656   -2.673  -10.158  150.230   33.864 -169.626    1598968631298
01     7.396   -1.189   -8.372  127.363   48.733   -7.369    1598968631314
02     7.820   -2.668   -9.550  145.526   29.429 -171.170    1598968631314
01     7.334   -1.312   -8.489  129.325   49.535   -4.422    1598968631329
02     7.541   -2.642   -9.231  137.984   13.185 -170.510    1598968631329
01     7.353   -1.311   -8.478  129.060   49.449   -5.005    1598968631345
02     7.247   -2.182   -9.261  140.929    2.248 -170.222    1598968631345
01     7.361   -1.314   -8.453  128.454   49.003   -5.602    1598968631351
02     7.109   -2.028   -9.264  142.330   -0.615 -169.765    1598968631351
01     7.369   -1.311   -8.437  127.821   48.474   -6.192    1598968631367
02     7.037   -1.969   -9.263  143.011   -1.703 -169.562    1598968631367
01     7.378   -1.305   -8.429  127.261   48.049   -6.746    1598968631398
02     7.002   -1.934   -9.264  143.490   -2.136 -169.630    1598968631398
01     7.390   -1.303   -8.425  126.706   47.808   -7.316    1598968631414
02     6.991   -1.914   -9.269  143.898   -2.198 -169.807    1598968631414
01     7.407   -1.292   -8.424  126.308   47.694   -7.980    1598968631429
02     6.994   -1.900   -9.275  144.214   -2.107 -170.133    1598968631429
01     7.427   -1.286   -8.433  125.970   47.796   -8.689    1598968631445
02     6.999   -1.885   -9.297  144.486   -2.027 -170.478    1598968631445
01     7.453   -1.284   -8.460  125.687   48.216   -9.269    1598968631451
02     7.012   -1.878   -9.333  144.546   -1.739 -170.703    1598968631451
01     7.486   -1.290   -8.504  125.311   48.910   -9.622    1598968631467
02     7.036   -1.882   -9.379  144.128   -1.283 -170.627    1598968631467
01     7.547   -1.298   -8.571  124.750   49.856   -9.757    1598968631483
02     7.069   -1.890   -9.431  143.157   -0.788 -170.267    1598968631498
01     7.631   -1.309   -8.638  123.857   51.056   -9.894    1598968631514
02     7.097   -1.886   -9.498  142.109   -0.363 -169.767    1598968631514
01     7.669   -1.301   -8.685  122.410   52.003  -10.098    1598968631529
02     7.028   -1.845   -9.688  141.891    0.040 -169.343    1598968631529
01     7.679   -1.220   -8.654  119.951   51.252  -11.050    1598968631545
02     6.712   -1.835  -10.361  143.463    2.507 -168.170    1598968631545
01     7.689   -1.129   -8.592  117.230   49.719  -12.185    1598968631552
02     6.689   -2.242  -10.817  146.697   10.656 -165.757    1598968631552
01     7.685   -1.067   -8.532  114.834   48.054  -12.883    1598968631567
02     6.843   -2.745  -11.053  152.660   23.891 -161.342    1598968631567
01     7.670   -1.013   -8.476  112.851   46.273  -13.181    1598968631583
02     7.061   -3.132  -11.174  158.386   34.744 -157.853    1598968631583
01     7.645   -0.975   -8.425  111.565   44.777  -13.065    1598968631614
02     7.277   -3.428  -11.220  162.967   42.285 -155.103    1598968631614
01     7.620   -0.943   -8.371  110.728   43.499  -12.821    1598968631630
02     7.436   -3.656  -11.243  166.796   46.935 -152.644    1598968631630
01     7.599   -0.909   -8.318  110.148   42.375  -12.640    1598968631645
02     7.566   -3.812  -11.232  170.210   50.329 -150.283    1598968631645
01     7.584   -0.882   -8.266  109.687   41.600  -12.377    1598968631651
02     7.630   -3.949  -11.224  173.355   52.366 -147.553    1598968631651
01     7.572   -0.861   -8.217  109.428   41.009  -12.093    1598968631667
02     7.684   -4.050  -11.202  175.978   53.964 -145.226    1598968631667
01     7.568   -0.843   -8.180  109.376   40.633  -11.851    1598968631683
02     7.725   -4.121  -11.184  178.183   55.011 -143.234    1598968631683
01     7.572   -0.835   -8.152  109.340   40.503  -11.800    1598968631714
02     7.763   -4.177  -11.175  179.975   55.854 -141.628    1598968631714
01     7.582   -0.828   -8.136  109.327   40.439  -11.892    1598968631730
02     7.809   -4.233  -11.172 -178.471   56.671 -140.224    1598968631730
01     7.595   -0.827   -8.132  109.325   40.483  -11.985    1598968631745
02     7.866   -4.266  -11.178 -177.350   57.562 -139.344    1598968631745
01     7.609   -0.830   -8.137  109.344   40.607  -12.133    1598968631752
02     7.929   -4.316  -11.173 -176.095   58.364 -138.154    1598968631752
01     7.624   -0.837   -8.148  109.333   40.751  -12.189    1598968631767
02     7.996   -4.359  -11.171 -174.825   59.165 -137.000    1598968631767
01     7.636   -0.848   -8.162  109.348   40.883  -12.195    1598968631783
02     8.042   -4.394  -11.171 -173.859   59.624 -136.042    1598968631783
01     7.646   -0.863   -8.179  109.492   41.109  -12.148    1598968631814
02     8.063   -4.404  -11.176 -173.566   59.759 -135.743    1598968631814
01     7.650   -0.890   -8.196  109.768   41.416  -12.044    1598968631830
02     8.061   -4.395  -11.174 -174.318   59.485 -136.303    1598968631830
01     7.655   -0.909   -8.213  110.130   41.710  -12.080    1598968631846
02     8.058   -4.395  -11.190 -175.105   59.181 -136.868    1598968631846
01     7.660   -0.934   -8.235  110.573   42.134  -12.136    1598968631852
02     8.089   -4.374  -11.188 -175.843   59.295 -137.520    1598968631852
01     7.659   -0.970   -8.265  111.247   42.725  -12.078    1598968631868
02     8.107   -4.336  -11.185 -177.483   59.096 -138.887    1598968631868
01     7.651   -1.036   -8.313  112.908   43.909  -11.620    1598968631884
02     8.114   -4.227  -11.164  179.315   58.423 -141.889    1598968631884
01     7.616   -1.154   -8.371  115.902   45.646  -10.109    1598968631915
02     8.097   -4.014  -11.094  173.601   56.590 -147.327    1598968631915
01     7.552   -1.276   -8.424  120.501   47.116   -7.673    1598968631930
02     8.051   -3.647  -10.865  165.854   52.462 -154.270    1598968631930
01     7.489   -1.355   -8.480  124.907   47.986   -5.565    1598968631946
02     8.066   -3.277  -10.311  156.560   45.149 -161.170    1598968631946
01     7.445   -1.416   -8.534  128.149   48.635   -4.093    1598968631952
02     8.020   -3.087   -9.682  148.193   35.301 -165.202    1598968631952
01     7.408   -1.479   -8.588  130.683   49.322   -2.813    1598968631968
02     7.849   -3.037   -9.166  139.772   22.144 -167.675    1598968631968
01     7.376   -1.516   -8.591  131.878   49.501   -2.019    1598968631983
02     7.261   -2.306   -9.359  140.513    2.780 -166.795    1598968631983
01     7.335   -1.518   -8.594  132.411   48.962   -1.324    1598968632015
02     7.057   -2.190   -9.385  141.290   -0.933 -165.583    1598968632015
01     7.326   -1.506   -8.573  132.001   48.450   -1.542    1598968632030
02     6.982   -2.152   -9.369  142.032   -2.068 -165.033    1598968632030
01     7.329   -1.493   -8.556  131.570   48.154   -2.144    1598968632046
02     6.943   -2.132   -9.362  142.660   -2.617 -165.101    1598968632046
01     7.333   -1.487   -8.547  131.215   48.048   -2.668    1598968632052
02     6.933   -2.119   -9.357  143.226   -2.713 -165.510    1598968632052
01     7.343   -1.488   -8.541  130.921   48.050   -3.074    1598968632068
02     6.936   -2.116   -9.354  143.579   -2.688 -165.989    1598968632068
01     7.348   -1.494   -8.536  130.737   48.092   -3.308    1598968632084
02     6.947   -2.111   -9.348  143.841   -2.616 -166.529    1598968632084
01     7.352   -1.494   -8.533  130.672   48.123   -3.590    1598968632100
02     6.955   -2.109   -9.345  144.084   -2.559 -167.071    1598968632100
01     7.357   -1.492   -8.537  130.688   48.230   -3.886    1598968632131
02     6.953   -2.104   -9.357  144.324   -2.562 -167.539    1598968632131
01     7.371   -1.497   -8.557  130.573   48.636   -4.232    1598968632147
02     6.952   -2.098   -9.392  144.432   -2.421 -167.897    1598968632147
01     7.400   -1.501   -8.595  130.212   49.368   -4.583    1598968632153
02     6.960   -2.108   -9.444  144.067   -1.924 -168.032    1598968632153
01     7.456   -1.521   -8.663  129.505   50.414   -4.641    1598968632168
02     6.992   -2.122   -9.502  142.956   -1.185 -168.098    1598968632168
01     7.533   -1.545   -8.744  128.463   51.826   -4.188    1598968632184
02     7.042   -2.137   -9.556  141.345   -0.447 -168.029    1598968632184
01     7.579   -1.548   -8.803  127.072   52.957   -3.430    1598968632200
02     7.016   -2.085   -9.682  140.281   -0.467 -167.595    1598968632200
01     7.597   -1.434   -8.775  123.814   51.923   -4.358    1598968632231
02     6.683   -1.947  -10.294  141.347    0.634 -166.890    1598968632231
01     7.609   -1.297   -8.688  119.804   49.637   -5.669    1598968632247
02     6.485   -2.364  -10.835  144.258    6.798 -164.488    1598968632247
01     7.620   -1.175   -8.591  115.880   46.858   -6.313    1598968632253
02     6.509   -2.979  -11.131  151.713   19.555 -158.544    1598968632253
01     7.633   -1.104   -8.498  112.645   44.606   -6.514    1598968632269
02     6.703   -3.511  -11.213  160.442   32.179 -151.678    1598968632269
01     7.638   -1.061   -8.422  110.763   43.254   -6.427    1598968632285
02     6.895   -3.854  -11.216  166.965   39.897 -146.973    1598968632285
01     7.634   -1.028   -8.353  109.696   42.170   -6.445    1598968632300
02     7.056   -4.080  -11.203  171.420   44.521 -143.965    1598968632300
01     7.637   -0.994   -8.289  108.893   41.261   -6.490    1598968632332
02     7.178   -4.242  -11.180  174.677   47.560 -141.621    1598968632332
01     7.653   -0.964   -8.232  108.121   40.531   -6.445    1598968632347
02     7.262   -4.365  -11.153  177.302   49.404 -139.514    1598968632347
01     7.674   -0.947   -8.190  107.424   40.080   -6.429    1598968632354
02     7.321   -4.453  -11.128  179.588   50.537 -137.552    1598968632354
01     7.700   -0.943   -8.162  106.885   39.934   -6.646    1598968632369
02     7.375   -4.524  -11.105 -178.691   51.455 -136.014    1598968632369
01     7.717   -0.947   -8.152  106.663   40.078   -6.913    1598968632385
02     7.432   -4.593  -11.088 -177.273   52.256 -134.725    1598968632385
01     7.728   -0.955   -8.150  106.584   40.259   -7.075    1598968632401
02     7.486   -4.634  -11.081 -176.212   52.965 -133.993    1598968632401
01     7.739   -0.965   -8.148  106.476   40.356   -7.093    1598968632416
02     7.531   -4.674  -11.072 -175.125   53.537 -133.075    1598968632416
01     7.743   -0.977   -8.150  106.527   40.442   -7.012    1598968632447
02     7.547   -4.724  -11.064 -174.161   53.649 -132.088    1598968632447
01     7.742   -0.997   -8.150  106.720   40.571   -6.897    1598968632454
02     7.571   -4.753  -11.053 -173.595   53.817 -131.597    1598968632454
01     7.740   -1.009   -8.152  106.986   40.660   -6.913    1598968632470
02     7.585   -4.785  -11.051 -173.139   53.897 -131.190    1598968632470
01     7.745   -1.020   -8.157  107.088   40.814   -7.117    1598968632485
02     7.612   -4.826  -11.048 -172.483   54.172 -130.512    1598968632485
01     7.751   -1.034   -8.166  107.159   41.050   -7.338    1598968632501
02     7.659   -4.838  -11.041 -172.030   54.668 -130.197    1598968632501
01     7.757   -1.055   -8.178  107.214   41.385   -7.592    1598968632517
02     7.688   -4.843  -11.044 -171.982   54.864 -130.165    1598968632517
01     7.761   -1.079   -8.195  107.479   41.823   -7.743    1598968632548
02     7.714   -4.839  -11.047 -172.531   54.998 -130.645    1598968632548
01     7.753   -1.130   -8.218  108.026   42.406   -7.736    1598968632554
02     7.738   -4.812  -11.044 -173.533   55.081 -131.653    1598968632554
01     7.711   -1.223   -8.247  109.766   43.434   -7.077    1598968632570
02     7.751   -4.740  -11.038 -175.621   54.935 -133.779    1598968632570
01     7.622   -1.347   -8.275  113.797   44.762   -4.932    1598968632586
02     7.749   -4.581  -11.013 -179.617   54.233 -137.883    1598968632586
01     7.509   -1.477   -8.290  119.791   45.925   -1.655    1598968632601
02     7.730   -4.345  -10.915  174.224   52.507 -143.885    1598968632601
01     7.402   -1.540   -8.316  125.173   46.178    0.806    1598968632617
02     7.612   -4.043  -10.781  167.153   48.161 -150.397    1598968632617
01     7.336   -1.571   -8.352  128.985   46.434    2.144    1598968632648
02     7.512   -3.774  -10.638  162.337   43.748 -154.089    1598968632648
01     7.309   -1.638   -8.403  131.683   47.468    3.345    1598968632655
02     7.597   -3.543  -10.298  157.555   40.553 -157.282    1598968632655
01     7.298   -1.740   -8.450  134.234   48.852    4.764    1598968632670
02     7.780   -3.403   -9.688  150.676   36.022 -160.584    1598968632670
01     7.283   -1.827   -8.513  136.938   49.952    6.198    1598968632686
02     7.841   -3.569   -8.933  138.204   26.140 -164.695    1598968632686
01     7.254   -1.884   -8.513  137.442   50.656    5.783    1598968632702
02     7.271   -2.864   -9.154  139.865    5.797 -163.198    1598968632702
01     7.246   -1.879   -8.515  137.026   50.489    5.165    1598968632717
02     7.015   -2.623   -9.254  141.195    0.929 -162.393    1598968632717
01     7.265   -1.882   -8.512  136.451   50.617    4.813    1598968632733
02     6.916   -2.555   -9.287  141.720   -0.015 -162.328    1598968632733
01     7.275   -1.900   -8.516  136.121   50.878    4.780    1598968632755
02     6.893   -2.534   -9.290  141.994   -0.224 -162.744    1598968632755
01     7.289   -1.909   -8.510  135.753   51.083    4.642    1598968632771
02     6.893   -2.517   -9.285  142.143   -0.431 -163.136    1598968632771
01     7.303   -1.914   -8.504  135.542   51.290    4.478    1598968632786
02     6.895   -2.523   -9.275  142.086   -0.449 -163.385    1598968632786
01     7.312   -1.914   -8.506  135.452   51.476    4.297    1598968632802
02     6.898   -2.505   -9.281  142.254   -0.670 -163.799    1598968632802
01     7.327   -1.915   -8.523  135.422   51.888    4.134    1598968632817
02     6.900   -2.502   -9.301  142.163   -0.708 -163.665    1598968632817
01     7.348   -1.925   -8.556  135.461   52.624    4.233    1598968632833
02     6.905   -2.513   -9.332  141.600   -0.644 -163.012    1598968632833
01     7.379   -1.946   -8.598  135.395   53.689    4.603    1598968632855
02     6.919   -2.533   -9.367  140.395   -0.529 -162.153    1598968632855
01     7.403   -1.949   -8.642  134.886   54.463    4.917    1598968632871
02     6.934   -2.546   -9.397  138.954   -0.604 -161.282    1598968632871
01     7.414   -1.904   -8.663  133.164   54.515    4.336    1598968632886
02     6.884   -2.504   -9.487  138.484   -1.154 -161.601    1598968632886
01     7.423   -1.790   -8.629  129.512   53.314    2.115    1598968632902
02     6.608   -2.416   -9.918  140.251    0.179 -161.266    1598968632902
01     7.442   -1.665   -8.559  124.675   51.325   -0.791    1598968632917
02     6.411   -2.683  -10.379  143.583    5.925 -159.685    1598968632917
01     7.461   -1.557   -8.482  119.541   48.923   -3.457    1598968632933
02     6.346   -3.124  -10.694  148.106   13.459 -156.850    1598968632933
01     7.476   -1.461   -8.391  116.108   47.126   -5.048    1598968632955
02     6.472   -3.538  -10.835  154.906   24.221 -152.821    1598968632955
01     7.482   -1.411   -8.317  114.353   46.222   -5.804    1598968632971
02     6.635   -3.846  -10.900  161.247   32.473 -149.335    1598968632971
01     7.482   -1.380   -8.259  113.499   45.707   -6.378    1598968632986
02     6.817   -4.087  -10.911  165.934   38.601 -146.614    1598968632986
01     7.485   -1.359   -8.226  113.076   45.414   -6.811    1598968633002
02     6.984   -4.277  -10.922  169.418   42.599 -144.642    1598968633002
01     7.503   -1.346   -8.212  112.773   45.458   -7.160    1598968633018
02     7.141   -4.437  -10.929  172.303   45.729 -142.768    1598968633018
01     7.529   -1.337   -8.221  112.406   45.649   -7.295    1598968633033
02     7.281   -4.578  -10.925  175.192   48.097 -140.624    1598968633033
01     7.553   -1.347   -8.231  112.038   45.981   -7.272    1598968633055
02     7.388   -4.705  -10.918  177.919   49.734 -138.304    1598968633055
01     7.572   -1.367   -8.238  111.895   46.334   -7.278    1598968633071
02     7.475   -4.799  -10.906 -179.924   50.884 -136.413    1598968633071
01     7.581   -1.391   -8.249  112.155   46.722   -7.155    1598968633087
02     7.537   -4.858  -10.899 -178.738   51.619 -135.395    1598968633087
01     7.578   -1.427   -8.265  112.759   47.250   -6.855    1598968633103
02     7.604   -4.853  -10.883 -178.789   52.325 -135.705    1598968633103
01     7.567   -1.477   -8.284  113.877   47.964   -6.275    1598968633118
02     7.650   -4.773  -10.863  179.022   52.537 -138.041    1598968633118
01     7.546   -1.540   -8.301  115.698   48.784   -5.382    1598968633134
02     7.681   -4.626  -10.824  175.073   52.036 -142.044    1598968633134
01     7.517   -1.586   -8.326  117.951   49.398   -4.416    1598968633156
02     7.660   -4.465  -10.764  170.448   50.166 -146.271    1598968633156
01     7.499   -1.627   -8.352  119.928   49.995   -3.765    1598968633171
02     7.629   -4.295  -10.702  166.689   47.798 -149.461    1598968633171
01     7.482   -1.711   -8.399  122.448   51.144   -2.694    1598968633187
02     7.678   -4.100  -10.514  162.442   45.841 -152.713    1598968633187
01     7.470   -1.828   -8.465  125.662   52.713   -0.878    1598968633203
02     7.789   -3.853  -10.128  156.437   42.462 -156.889    1598968633203
01     7.448   -1.966   -8.532  129.593   54.268    1.806    1598968633218
02     7.946   -3.741   -9.354  147.600   36.510 -161.340    1598968633218
01     7.428   -2.030   -8.579  132.777   54.810    4.685    1598968633234
02     7.397   -3.015   -9.357  140.608   10.383 -164.648    1598968633234
01     7.370   -2.026   -8.578  133.626   53.900    4.806    1598968633256
02     7.130   -2.821   -9.334  140.901    3.769 -163.178    1598968633256
01     7.352   -2.015   -8.573  133.119   53.215    4.530    1598968633271
02     7.019   -2.752   -9.308  141.617    2.201 -162.389    1598968633271
01     7.368   -2.007   -8.563  132.153   53.027    3.970    1598968633287
02     6.965   -2.716   -9.299  142.013    1.538 -162.157    1598968633287
01     7.380   -2.003   -8.562  131.493   52.972    3.711    1598968633303
02     6.946   -2.699   -9.290  142.300    1.372 -162.055    1598968633303
01     7.389   -2.004   -8.557  131.105   52.971    3.483    1598968633318
02     6.943   -2.691   -9.279  142.510    1.292 -162.172    1598968633318
01     7.396   -2.000   -8.554  130.984   52.974    3.287    1598968633334
02     6.942   -2.682   -9.273  142.747    1.138 -162.307    1598968633334
01     7.410   -1.999   -8.556  130.943   53.148    2.995    1598968633356
02     6.936   -2.672   -9.286  142.954    0.926 -162.412    1598968633356
01     7.429   -2.008   -8.575  130.952   53.602    2.776    1598968633372
02     6.936   -2.677   -9.313  142.928    0.972 -162.303    1598968633372
01     7.453   -2.028   -8.608  131.056   54.383    2.815    1598968633387
02     6.947   -2.695   -9.347  142.499    1.186 -161.916    1598968633387
01     7.477   -2.053   -8.653  131.070   55.224    3.129    1598968633403
02     6.967   -2.721   -9.375  141.537    1.533 -161.348    1598968633403
01     7.496   -2.064   -8.696  130.825   55.835    3.433    1598968633418
02     6.981   -2.733   -9.401  140.346    1.626 -160.659    1598968633418
01     7.504   -2.038   -8.715  129.840   56.141    2.936    1598968633434
02     6.923   -2.709   -9.489  140.010    1.475 -160.509    1598968633434
01     7.513   -1.948   -8.690  127.317   55.554    1.234    1598968633456
02     6.651   -2.633   -9.896  141.404    1.991 -160.035    1598968633456
01     7.531   -1.834   -8.635  123.397   54.141   -1.335    1598968633471
02     6.455   -2.874  -10.381  144.022    6.744 -158.826    1598968633471
01     7.544   -1.738   -8.571  118.725   52.032   -3.917    1598968633487
02     6.441   -3.282  -10.681  148.709   15.012 -156.195    1598968633487
01     7.548   -1.649   -8.496  115.421   50.067   -5.342    1598968633503
02     6.553   -3.700  -10.848  155.714   25.654 -152.057    1598968633503
01     7.554   -1.581   -8.418  113.579   48.838   -6.039    1598968633518
02     6.758   -4.043  -10.895  162.270   34.786 -147.998    1598968633518
01     7.559   -1.539   -8.364  112.862   48.224   -6.293    1598968633534
02     6.943   -4.302  -10.912  167.299   40.351 -144.605    1598968633534
01     7.572   -1.511   -8.333  112.467   48.071   -6.601    1598968633556
02     7.115   -4.489  -10.909  170.896   44.205 -142.193    1598968633556
01     7.593   -1.505   -8.327  112.205   48.315   -6.798    1598968633572
02     7.270   -4.608  -10.899  173.011   47.036 -140.884    1598968633572
01     7.609   -1.506   -8.334  112.140   48.606   -6.868    1598968633587
02     7.397   -4.690  -10.894  174.711   48.864 -139.740    1598968633587
01     7.625   -1.520   -8.342  112.287   49.021   -6.900    1598968633603
02     7.505   -4.742  -10.894  176.123   50.318 -138.750    1598968633603
01     7.623   -1.547   -8.359  113.044   49.512   -6.501    1598968633619
02     7.603   -4.765  -10.887  176.823   51.477 -138.303    1598968633619
01     7.615   -1.589   -8.375  114.388   50.145   -5.802    1598968633634
02     7.679   -4.718  -10.872  175.902   51.985 -139.441    1598968633634
01     7.596   -1.644   -8.397  116.520   50.918   -4.663    1598968633656
02     7.741   -4.583  -10.830  172.420   51.692 -143.049    1598968633656
01     7.583   -1.694   -8.426  118.824   51.707   -3.643    1598968633672
02     7.788   -4.388  -10.724  167.222   50.197 -147.766    1598968633672
01     7.577   -1.754   -8.466  120.946   52.621   -2.553    1598968633688
02     7.851   -4.140  -10.494  161.021   47.363 -152.743    1598968633688
01     7.569   -1.847   -8.526  123.814   53.964   -0.793    1598968633703
02     7.922   -3.913  -10.106  153.682   42.359 -157.474    1598968633703
01     7.548   -1.986   -8.601  127.570   55.553    1.855    1598968633719
02     7.941   -3.774   -9.466  144.838   34.364 -161.848    1598968633719
01     7.536   -2.044   -8.651  130.359   56.164    4.104    1598968633735
02     7.488   -3.070   -9.468  140.729   12.689 -164.178    1598968633735
01     7.484   -2.065   -8.667  131.662   55.763    4.983    1598968633756
02     7.246   -2.897   -9.441  140.505    6.151 -162.761    1598968633756
01     7.451   -2.077   -8.665  131.846   55.302    5.229    1598968633772
02     7.138   -2.836   -9.403  141.155    4.368 -161.736    1598968633772
01     7.448   -2.076   -8.652  131.507   55.027    4.899    1598968633788
02     7.074   -2.799   -9.385  141.901    3.545 -161.317    1598968633788
01     7.455   -2.074   -8.642  131.162   54.906    4.559    1598968633803
02     7.039   -2.779   -9.371  142.548    3.295 -161.119    1598968633803
01     7.463   -2.075   -8.637  130.887   54.848    4.266    1598968633819
02     7.025   -2.769   -9.366  143.077    3.270 -161.102    1598968633819
01     7.473   -2.073   -8.634  130.723   54.828    3.973    1598968633835
02     7.027   -2.766   -9.360  143.465    3.295 -161.231    1598968633835
01     7.483   -2.077   -8.631  130.659   54.856    3.713    1598968633857
02     7.029   -2.767   -9.359  143.802    3.249 -161.373    1598968633857
01     7.492   -2.083   -8.633  130.676   54.918    3.486    1598968633873
02     7.032   -2.770   -9.367  144.108    3.213 -161.509    1598968633873
01     7.507   -2.091   -8.643  130.683   55.167    3.220    1598968633888
02     7.040   -2.779   -9.382  144.312    3.342 -161.652    1598968633888
01     7.527   -2.105   -8.665  130.618   55.633    2.979    1598968633904
02     7.048   -2.796   -9.413  144.328    3.608 -161.719    1598968633904
01     7.571   -2.132   -8.708  130.233   56.330    2.662    1598968633919
02     7.065   -2.821   -9.451  144.013    4.063 -161.727    1598968633919
01     7.632   -2.158   -8.764  129.434   57.360    2.314    1598968633935
02     7.101   -2.845   -9.487  143.298    4.645 -161.755    1598968633935
01     7.678   -2.185   -8.811  128.322   58.426    2.165    1598968633957
02     7.130   -2.873   -9.523  142.159    5.054 -161.795    1598968633957
01     7.691   -2.150   -8.841  126.748   58.750    1.696    1598968633973
02     7.098   -2.834   -9.625  141.098    4.742 -162.036    1598968633973
01     7.704   -2.022   -8.807  123.200   57.667   -0.411    1598968633989
02     6.828   -2.733  -10.121  141.525    5.155 -161.666    1598968633989
01     7.726   -1.893   -8.735  118.710   55.813   -3.002    1598968634004
02     6.657   -3.059  -10.592  143.364    8.948 -159.982    1598968634004
01     7.738   -1.802   -8.669  114.311   53.702   -5.014    1598968634020
02     6.648   -3.555  -10.860  149.545   19.389 -154.602    1598968634020
01     7.745   -1.733   -8.602  111.405   52.073   -6.148    1598968634035
02     6.789   -4.033  -10.952  157.737   30.713 -148.026    1598968634035
01     7.748   -1.681   -8.547  109.728   50.931   -6.632    1598968634058
02     6.948   -4.417  -10.984  165.062   38.415 -142.347    1598968634058
01     7.751   -1.624   -8.490  108.654   49.844   -6.818    1598968634073
02     7.119   -4.704  -10.979  171.157   43.677 -137.855    1598968634073
01     7.756   -1.589   -8.434  107.906   49.127   -6.975    1598968634089
02     7.277   -4.906  -10.956  176.099   47.253 -134.223    1598968634089
01     7.764   -1.562   -8.395  107.511   48.684   -7.078    1598968634105
02     7.398   -5.030  -10.929  179.915   49.421 -131.382    1598968634105
01     7.781   -1.547   -8.377  107.086   48.585   -7.320    1598968634120
02     7.496   -5.139  -10.900 -176.714   50.766 -128.449    1598968634120
01     7.803   -1.545   -8.373  106.817   48.832   -7.671    1598968634136
02     7.585   -5.205  -10.873 -174.362   51.777 -126.429    1598968634136
01     7.814   -1.569   -8.379  107.022   49.489   -7.854    1598968634158
02     7.668   -5.230  -10.854 -173.336   52.634 -125.590    1598968634158
01     7.812   -1.611   -8.394  107.751   50.218   -7.779    1598968634174
02     7.742   -5.214  -10.839 -173.574   53.343 -126.066    1598968634174
01     7.793   -1.679   -8.413  109.434   51.221   -7.106    1598968634189
02     7.807   -5.136  -10.821 -175.535   53.548 -128.291    1598968634189
01     7.756   -1.766   -8.444  112.503   52.430   -5.504    1598968634205
02     7.848   -4.976  -10.789  179.777   53.123 -133.020    1598968634205
01     7.719   -1.848   -8.485  116.182   53.560   -3.561    1598968634220
02     7.879   -4.718  -10.692  172.417   51.609 -140.081    1598968634220
01     7.690   -1.933   -8.530  119.656   54.689   -1.635    1598968634236
02     7.949   -4.402  -10.441  164.089   48.687 -147.401    1598968634236
01     7.651   -2.055   -8.601  124.098   56.021    1.160    1598968634258
02     8.031   -4.082   -9.923  155.216   43.185 -153.348    1598968634258
01     7.613   -2.190   -8.671  128.620   57.365    4.340    1598968634274
02     8.052   -3.992   -9.177  143.877   34.595 -159.258    1598968634274
01     7.556   -2.259   -8.697  131.372   57.491    6.317    1598968634290
02     7.530   -3.385   -9.305  140.983   15.240 -159.904    1598968634290
01     7.534   -2.257   -8.701  132.238   57.151    6.656    1598968634305
02     7.273   -3.122   -9.378  141.794    8.497 -159.169    1598968634305
01     7.527   -2.259   -8.700  132.252   56.851    6.809    1598968634321
02     7.148   -3.030   -9.403  142.537    6.355 -158.270    1598968634321
01     7.532   -2.263   -8.698  132.023   56.750    6.695    1598968634336
02     7.091   -2.993   -9.412  143.201    5.670 -157.787    1598968634336
01     7.539   -2.269   -8.700  131.825   56.731    6.578    1598968634358
02     7.065   -2.984   -9.415  143.673    5.539 -157.514    1598968634358
01     7.550   -2.284   -8.700  131.633   56.855    6.445    1598968634374
02     7.057   -2.989   -9.416  144.055    5.599 -157.372    1598968634374
01     7.564   -2.303   -8.700  131.510   57.074    6.262    1598968634390
02     7.059   -3.001   -9.419  144.328    5.697 -157.364    1598968634390
01     7.575   -2.313   -8.706  131.487   57.245    6.046    1598968634405
02     7.063   -3.014   -9.425  144.532    5.786 -157.439    1598968634405
01     7.588   -2.332   -8.714  131.506   57.495    5.896    1598968634421
02     7.072   -3.030   -9.434  144.660    5.934 -157.511    1598968634421
01     7.601   -2.347   -8.736  131.529   57.798    5.775    1598968634436
02     7.084   -3.045   -9.448  144.665    6.107 -157.553    1598968634436
01     7.638   -2.362   -8.756  131.347   58.402    5.440    1598968634458
02     7.095   -3.067   -9.472  144.490    6.336 -157.415    1598968634458
01     7.685   -2.391   -8.796  130.961   59.418    5.102    1598968634474
02     7.114   -3.091   -9.503  143.986    6.664 -157.346    1598968634474
01     7.736   -2.413   -8.846  130.272   60.560    4.861    1598968634490
02     7.145   -3.117   -9.535  143.039    7.084 -157.402    1598968634490
01     7.765   -2.407   -8.886  129.296   61.185    4.800    1598968634505
02     7.173   -3.132   -9.570  141.941    7.402 -157.708    1598968634505
01     7.793   -2.316   -8.896  126.376   60.765    3.083    1598968634521
02     7.112   -3.070   -9.715  141.262    6.724 -158.385    1598968634521
01     7.816   -2.174   -8.856  121.723   59.223    0.043    1598968634537
02     6.844   -3.103  -10.233  141.987    8.054 -157.546    1598968634537
01     7.842   -2.053   -8.797  116.355   57.117   -2.921    1598968634559
02     6.670   -3.486  -10.681  144.418   12.064 -155.432    1598968634559
01     7.860   -1.949   -8.738  111.816   54.971   -4.838    1598968634574
02     6.670   -4.025  -10.887  151.922   22.358 -148.995    1598968634574
01     7.878   -1.870   -8.678  108.844   53.477   -5.783    1598968634590
02     6.810   -4.504  -10.926  160.913   32.629 -141.627    1598968634590
01     7.892   -1.810   -8.615  107.072   52.491   -6.238    1598968634606
02     6.972   -4.847  -10.918  168.692   39.533 -135.624    1598968634606
01     7.902   -1.769   -8.566  105.971   51.736   -6.433    1598968634621
02     7.127   -5.096  -10.897  174.539   43.922 -131.234    1598968634621
01     7.912   -1.731   -8.531  105.225   51.136   -6.538    1598968634637
02     7.262   -5.266  -10.874  178.914   46.795 -128.020    1598968634637
01     7.929   -1.703   -8.504  104.580   50.728   -6.628    1598968634659
02     7.365   -5.387  -10.849 -177.612   48.632 -125.374    1598968634659
01     7.946   -1.687   -8.486  104.130   50.577   -6.802    1598968634675
02     7.447   -5.468  -10.832 -174.926   49.856 -123.206    1598968634675
01     7.957   -1.701   -8.476  104.003   50.915   -6.977    1598968634690
02     7.536   -5.495  -10.806 -173.171   50.953 -121.941    1598968634690
01     7.953   -1.723   -8.483  104.658   51.410   -6.818    1598968634706
02     7.599   -5.489  -10.804 -173.060   51.679 -122.097    1598968634706
01     7.922   -1.783   -8.499  106.150   52.202   -6.059    1598968634722
02     7.655   -5.430  -10.805 -174.721   52.310 -124.031    1598968634722
01     7.868   -1.853   -8.522  109.134   53.095   -4.418    1598968634737
02     7.716   -5.306  -10.801 -178.028   52.716 -127.725    1598968634737
01     7.813   -1.920   -8.543  112.984   53.951   -2.388    1598968634759
02     7.760   -5.143  -10.776  177.475   52.440 -132.299    1598968634759
01     7.758   -1.994   -8.570  116.933   54.756   -0.163    1598968634775
02     7.774   -4.940  -10.733  171.943   51.085 -137.653    1598968634775
01     7.707   -2.079   -8.601  120.849   55.603    2.146    1598968634791
02     7.809   -4.676  -10.605  165.868   49.012 -143.348    1598968634791
01     7.648   -2.196   -8.650  125.898   56.719    5.317    1598968634806
02     7.934   -4.315  -10.183  158.611   45.727 -149.152    1598968634806
01     7.591   -2.325   -8.712  131.376   57.802    9.214    1598968634822
02     8.081   -4.160   -9.381  148.703   40.108 -154.837    1598968634822
01     7.571   -2.351   -8.756  133.790   58.228   10.714    1598968634838
02     7.526   -3.386   -9.452  141.245   14.659 -158.291    1598968634838
01     7.530   -2.363   -8.758  133.976   57.898   10.623    1598968634859
02     7.250   -3.210   -9.449  140.891    8.345 -156.157    1598968634859
01     7.515   -2.362   -8.748  133.368   57.647   10.240    1598968634875
02     7.131   -3.138   -9.425  141.446    6.460 -155.117    1598968634875
01     7.508   -2.362   -8.732  132.838   57.494    9.951    1598968634891
02     7.073   -3.101   -9.404  142.041    5.756 -154.636    1598968634891
01     7.505   -2.362   -8.715  132.552   57.412    9.829    1598968634906
02     7.035   -3.089   -9.383  142.453    5.375 -154.257    1598968634906
01     7.498   -2.367   -8.702  132.554   57.348    9.909    1598968634922
02     7.014   -3.082   -9.363  142.719    5.119 -154.208    1598968634922
01     7.490   -2.372   -8.688  132.682   57.284    9.924    1598968634937
02     6.999   -3.073   -9.344  143.009    4.867 -154.333    1598968634937
01     7.487   -2.372   -8.673  132.862   57.293    9.779    1598968634959
02     6.983   -3.071   -9.335  143.270    4.636 -154.480    1598968634959
01     7.484   -2.377   -8.668  133.081   57.365    9.700    1598968634975
02     6.967   -3.070   -9.339  143.497    4.383 -154.634    1598968634975
01     7.490   -2.381   -8.674  133.209   57.595    9.543    1598968634990
02     6.963   -3.073   -9.352  143.609    4.366 -154.723    1598968634990
01     7.506   -2.391   -8.689  133.278   58.087    9.414    1598968635006
02     6.966   -3.087   -9.375  143.555    4.568 -154.595    1598968635006
01     7.533   -2.409   -8.711  133.194   58.803    9.341    1598968635022
02     6.980   -3.110   -9.404  143.161    4.944 -154.218    1598968635022
01     7.561   -2.422   -8.743  132.996   59.493    9.545    1598968635037
02     7.006   -3.135   -9.426  142.252    5.402 -153.682    1598968635037
01     7.592   -2.421   -8.777  132.398   59.965    9.651    1598968635059
02     7.019   -3.147   -9.449  141.034    5.571 -153.071    1598968635059
01     7.612   -2.356   -8.805  130.492   59.841    8.467    1598968635075
02     6.967   -3.111   -9.533  140.220    5.147 -153.704    1598968635075
01     7.635   -2.248   -8.786  126.481   58.791    5.772    1598968635091
02     6.634   -3.063   -9.992  141.523    5.463 -152.955    1598968635091
01     7.658   -2.116   -8.738  120.126   56.525    1.930    1598968635106
02     6.409   -3.403  -10.422  144.493    9.503 -151.018    1598968635106
01     7.673   -1.975   -8.669  114.989   54.210   -0.388    1598968635122
02     6.323   -3.920  -10.679  151.152   17.618 -146.324    1598968635122
01     7.686   -1.857   -8.585  111.764   52.418   -1.498    1598968635138
02     6.433   -4.383  -10.765  159.940   27.505 -140.559    1598968635138
01     7.692   -1.787   -8.513  109.915   51.386   -1.850    1598968635160
02     6.572   -4.731  -10.785  167.580   34.570 -135.571    1598968635160
01     7.702   -1.728   -8.451  108.676   50.523   -2.232    1598968635175
02     6.714   -5.001  -10.768  173.762   39.179 -131.427    1598968635175
01     7.710   -1.698   -8.408  107.813   50.036   -2.524    1598968635191
02     6.849   -5.203  -10.741  178.428   42.262 -128.271    1598968635191
01     7.721   -1.688   -8.383  107.250   49.907   -2.874    1598968635207
02     6.964   -5.340  -10.714 -178.291   44.378 -126.082    1598968635207
01     7.739   -1.700   -8.372  106.919   50.237   -3.335    1598968635222
02     7.075   -5.436  -10.686 -176.071   45.925 -124.505    1598968635222
01     7.754   -1.730   -8.383  107.005   50.902   -3.673    1598968635238
02     7.175   -5.508  -10.669 -174.386   47.014 -123.119    1598968635238
01     7.770   -1.767   -8.403  107.343   51.731   -4.006    1598968635260
02     7.268   -5.573  -10.654 -173.289   47.838 -122.060    1598968635260
01     7.773   -1.821   -8.431  108.169   52.598   -4.024    1598968635276
02     7.369   -5.594  -10.650 -172.982   48.804 -121.929    1598968635276
01     7.764   -1.883   -8.460  109.527   53.447   -3.674    1598968635291
02     7.454   -5.573  -10.654 -173.774   49.546 -122.879    1598968635291
01     7.744   -1.956   -8.488  111.673   54.311   -2.672    1598968635307
02     7.531   -5.478  -10.655 -176.131   50.138 -125.497    1598968635307
01     7.712   -2.042   -8.517  114.638   55.201   -1.070    1598968635323
02     7.609   -5.295  -10.623  179.185   50.332 -130.280    1598968635323
01     7.679   -2.141   -8.549  118.137   56.186    0.783    1598968635338
02     7.686   -5.010  -10.510  172.141   49.256 -137.019    1598968635338
01     7.638   -2.269   -8.606  122.836   57.478    3.381    1598968635360
02     7.843   -4.672  -10.147  163.604   46.930 -143.939    1598968635360
01     7.597   -2.418   -8.676  127.747   58.826    6.657    1598968635376
02     8.054   -4.448   -9.275  151.832   41.701 -150.917    1598968635376
01     7.577   -2.479   -8.725  130.654   59.191    9.499    1598968635392
02     7.443   -3.575   -9.368  141.889   14.606 -156.821    1598968635392
01     7.513   -2.499   -8.727  132.207   58.513   10.842    1598968635407
02     7.152   -3.394   -9.345  141.040    7.473 -155.036    1598968635407
01     7.475   -2.511   -8.715  132.635   58.051   11.370    1598968635423
02     7.024   -3.334   -9.309  141.488    5.419 -154.144    1598968635423
01     7.458   -2.526   -8.692  132.681   57.829   11.312    1598968635439
02     6.954   -3.316   -9.278  142.109    4.578 -153.768    1598968635439
01     7.435   -2.543   -8.673  132.795   57.653   11.228    1598968635461
02     6.915   -3.320   -9.247  142.598    4.048 -153.643    1598968635461
01     7.419   -2.559   -8.655  132.989   57.535   11.235    1598968635476
02     6.888   -3.323   -9.224  142.932    3.536 -153.713    1598968635476
01     7.399   -2.577   -8.642  133.293   57.410   11.380    1598968635492
02     6.872   -3.325   -9.203  143.255    3.144 -153.877    1598968635492
01     7.390   -2.587   -8.627  133.556   57.337   11.368    1598968635508
02     6.852   -3.335   -9.189  143.506    2.827 -153.971    1598968635508
01     7.388   -2.605   -8.622  133.847   57.498   11.381    1598968635523
02     6.833   -3.346   -9.191  143.683    2.625 -154.079    1598968635523
01     7.390   -2.636   -8.633  134.160   57.933   11.504    1598968635539
02     6.819   -3.367   -9.201  143.649    2.714 -154.033    1598968635539
01     7.392   -2.681   -8.653  134.559   58.570   11.921    1598968635561
02     6.814   -3.402   -9.211  143.271    3.042 -153.751    1598968635561
01     7.388   -2.717   -8.678  134.895   59.156   12.594    1598968635577
02     6.811   -3.441   -9.215  142.359    3.381 -153.351    1598968635577
01     7.378   -2.737   -8.690  134.861   59.576   13.183    1598968635592
02     6.799   -3.466   -9.221  141.218    3.406 -153.196    1598968635592
01     7.361   -2.703   -8.700  134.120   59.659   13.045    1598968635608
02     6.739   -3.444   -9.279  140.434    2.877 -153.083    1598968635608
01     7.367   -2.584   -8.666  131.168   59.075   10.999    1598968635624
02     6.475   -3.399   -9.599  141.723    3.207 -152.075    1598968635624
01     7.392   -2.461   -8.604  126.302   57.937    7.604    1598968635639
02     6.170   -3.701  -10.020  144.507    6.823 -149.748    1598968635639
01     7.417   -2.351   -8.533  119.976   56.055    3.549    1598968635661
02     6.044   -4.166  -10.291  149.799   13.396 -146.020    1598968635661
01     7.427   -2.251   -8.459  115.536   54.069    1.220    1598968635677
02     6.089   -4.629  -10.407  157.972   22.287 -140.721    1598968635677
01     7.440   -2.140   -8.376  112.885   52.433    0.147    1598968635692
02     6.207   -4.979  -10.456  165.571   29.362 -136.369    1598968635692
01     7.450   -2.063   -8.291  111.120   51.210   -0.230    1598968635708
02     6.342   -5.239  -10.459  171.887   34.462 -132.812    1598968635708
01     7.452   -1.993   -8.226  110.241   50.146   -0.197    1598968635723
02     6.458   -5.411  -10.431  176.551   37.656 -130.126    1598968635723
01     7.468   -1.941   -8.170  109.301   49.443   -0.407    1598968635739
02     6.532   -5.535  -10.411  179.667   39.447 -128.167    1598968635739
01     7.473   -1.913   -8.135  108.724   49.050   -0.552    1598968635761
02     6.602   -5.620  -10.382 -177.893   40.907 -126.553    1598968635761
01     7.482   -1.898   -8.110  108.365   48.941   -0.832    1598968635777
02     6.670   -5.660  -10.353 -176.303   41.985 -125.649    1598968635777
01     7.492   -1.899   -8.097  108.239   49.169   -0.998    1598968635792
02     6.715   -5.686  -10.327 -175.582   42.506 -125.147    1598968635792
01     7.498   -1.895   -8.099  108.320   49.396   -0.912    1598968635808
02     6.733   -5.703  -10.314 -175.235   42.593 -124.890    1598968635808
01     7.492   -1.906   -8.100  108.439   49.604   -0.691    1598968635824
02     6.742   -5.727  -10.298 -174.655   42.656 -124.392    1598968635824
01     7.484   -1.909   -8.095  108.696   49.724   -0.507    1598968635839
02     6.750   -5.738  -10.284 -174.273   42.722 -124.171    1598968635839
01     7.473   -1.910   -8.088  109.039   49.788   -0.282    1598968635862
02     6.748   -5.737  -10.268 -174.155   42.620 -124.215    1598968635862
01     7.459   -1.914   -8.080  109.335   49.871   -0.141    1598968635877
02     6.734   -5.745  -10.253 -174.068   42.386 -124.036    1598968635877
01     7.446   -1.914   -8.071  109.561   49.926   -0.137    1598968635893
02     6.723   -5.755  -10.240 -173.925   42.262 -123.885    1598968635893
01     7.437   -1.914   -8.059  109.674   49.999   -0.304    1598968635909
02     6.720   -5.762  -10.228 -173.701   42.293 -123.784    1598968635909
01     7.426   -1.914   -8.049  109.791   50.055   -0.527    1598968635924
02     6.729   -5.766  -10.216 -173.483   42.476 -123.749    1598968635924
01     7.416   -1.916   -8.035  109.926   50.135   -0.765    1598968635940
02     6.742   -5.767  -10.206 -173.243   42.721 -123.788    1598968635940
01     7.402   -1.914   -8.021  110.108   50.105   -0.893    1598968635962
02     6.753   -5.764  -10.201 -173.096   42.844 -123.922    1598968635962
01     7.382   -1.915   -8.006  110.360   50.023   -0.850    1598968635977
02     6.763   -5.757  -10.195 -172.959   42.940 -124.070    1598968635977
01     7.367   -1.909   -7.987  110.630   49.923   -0.779    1598968635993
02     6.762   -5.748  -10.193 -172.891   42.903 -124.261    1598968635993
01     7.356   -1.896   -7.975  110.924   49.785   -0.735    1598968636009
02     6.762   -5.748  -10.184 -172.780   42.925 -124.207    1598968636009
01     7.344   -1.895   -7.964  111.173   49.728   -0.653    1598968636024
02     6.761   -5.748  -10.174 -172.592   42.952 -124.114    1598968636024
01     7.333   -1.898   -7.952  111.350   49.709   -0.592    1598968636040
02     6.757   -5.742  -10.167 -172.616   42.893 -124.223    1598968636040
01     7.318   -1.893   -7.935  111.560   49.629   -0.533    1598968636062
02     6.750   -5.738  -10.159 -172.576   42.826 -124.294    1598968636062
01     7.300   -1.889   -7.917  111.829   49.473   -0.423    1598968636078
02     6.740   -5.733  -10.148 -172.600   42.799 -124.405    1598968636078
01     7.277   -1.883   -7.904  112.192   49.264   -0.203    1598968636094
02     6.727   -5.720  -10.136 -172.632   42.725 -124.621    1598968636094
01     7.257   -1.884   -7.883  112.543   49.150    0.051    1598968636110
02     6.709   -5.700  -10.122 -172.740   42.646 -124.886    1598968636110
01     7.230   -1.875   -7.866  113.082   48.873    0.398    1598968636125
02     6.688   -5.676  -10.108 -172.855   42.489 -125.217    1598968636125
01     7.208   -1.867   -7.846  113.643   48.665    0.703    1598968636140
02     6.671   -5.655  -10.093 -172.926   42.350 -125.481    1598968636140
01     7.190   -1.860   -7.823  114.123   48.525    0.942    1598968636163
02     6.643   -5.647  -10.084 -173.012   42.142 -125.667    1598968636163
01     7.171   -1.851   -7.805  114.606   48.377    1.140    1598968636179
02     6.633   -5.637  -10.071 -172.973   42.029 -125.824    1598968636179
01     7.157   -1.841   -7.791  114.825   48.250    1.194    1598968636194
02     6.626   -5.631  -10.059 -172.883   41.984 -125.854    1598968636194
01     7.155   -1.826   -7.770  114.872   48.167    1.085    1598968636210
02     6.623   -5.619  -10.047 -172.787   41.963 -125.896    1598968636210
01     7.143   -1.821   -7.762  114.998   48.073    1.248    1598968636226
02     6.616   -5.614  -10.033 -172.770   41.919 -125.902    1598968636226
01     7.133   -1.814   -7.750  115.114   47.975    1.374    1598968636241
02     6.598   -5.601  -10.029 -172.893   41.784 -126.067    1598968636241
01     7.124   -1.804   -7.737  115.211   47.872    1.473    1598968636263
02     6.587   -5.590  -10.017 -172.902   41.710 -126.156    1598968636263
01     7.114   -1.801   -7.722  115.281   47.779    1.542    1598968636279
02     6.571   -5.586  -10.009 -172.936   41.614 -126.232    1598968636279
01     7.103   -1.793   -7.705  115.432   47.679    1.641    1598968636295
02     6.569   -5.571   -9.998 -172.954   41.600 -126.415    1598968636295
01     7.084   -1.786   -7.690  115.697   47.514    1.825    1598968636311
02     6.551   -5.549   -9.991 -173.105   41.519 -126.795    1598968636311
01     7.066   -1.777   -7.668  115.894   47.310    1.893    1598968636326
02     6.534   -5.543   -9.978 -173.120   41.381 -126.957    1598968636326
01     7.048   -1.773   -7.646  116.095   47.172    2.039    1598968636342
02     6.515   -5.528   -9.965 -173.100   41.250 -127.129    1598968636342
01     7.027   -1.764   -7.627  116.334   46.930    2.235    1598968636364
02     6.493   -5.513   -9.956 -173.171   41.090 -127.380    1598968636364
01     7.012   -1.751   -7.605  116.468   46.733    2.287    1598968636380
02     6.470   -5.503   -9.944 -173.088   40.905 -127.492    1598968636380
01     6.999   -1.742   -7.587  116.559   46.563    2.389    1598968636395
02     6.462   -5.493   -9.926 -173.021   40.883 -127.553    1598968636395
01     6.991   -1.737   -7.565  116.588   46.491    2.428    1598968636411
02     6.447   -5.486   -9.910 -172.997   40.793 -127.598    1598968636411
01     6.976   -1.733   -7.549  116.705   46.400    2.546    1598968636426
02     6.428   -5.483   -9.899 -173.046   40.696 -127.676    1598968636426
01     6.961   -1.729   -7.531  116.827   46.291    2.595    1598968636442
02     6.421   -5.472   -9.882 -173.019   40.687 -127.811    1598968636442
01     6.942   -1.726   -7.515  117.057   46.168    2.719    1598968636464
02     6.409   -5.463   -9.868 -173.078   40.612 -128.012    1598968636464
01     6.926   -1.727   -7.494  117.267   46.086    2.814    1598968636480
02     6.392   -5.458   -9.852 -173.093   40.429 -128.157    1598968636480
01     6.909   -1.722   -7.477  117.569   45.967    2.963    1598968636495
02     6.376   -5.447   -9.841 -173.078   40.286 -128.320    1598968636495
01     6.892   -1.723   -7.459  117.826   45.857    3.165    1598968636511
02     6.353   -5.440   -9.836 -173.159   40.113 -128.491    1598968636511
01     6.880   -1.715   -7.440  118.055   45.707    3.240    1598968636527
02     6.343   -5.430   -9.823 -173.176   40.006 -128.617    1598968636527
01     6.872   -1.705   -7.424  118.167   45.552    3.240    1598968636542
02     6.334   -5.424   -9.812 -173.224   39.930 -128.741    1598968636542
01     6.866   -1.698   -7.410  118.273   45.494    3.253    1598968636564
02     6.342   -5.412   -9.796 -173.160   40.014 -128.805    1598968636564
01     6.859   -1.695   -7.399  118.369   45.413    3.320    1598968636580
02     6.327   -5.405   -9.794 -173.258   39.887 -128.948    1598968636580
01     6.855   -1.691   -7.385  118.426   45.359    3.296    1598968636596
02     6.319   -5.393   -9.791 -173.393   39.840 -129.174    1598968636596
01     6.852   -1.690   -7.369  118.501   45.362    3.296    1598968636611
02     6.321   -5.383   -9.777 -173.488   39.887 -129.329    1598968636611
01     6.842   -1.689   -7.358  118.682   45.306    3.422    1598968636627
02     6.307   -5.383   -9.768 -173.546   39.749 -129.403    1598968636627
01     6.832   -1.690   -7.341  118.838   45.250    3.491    1598968636643
02     6.298   -5.378   -9.758 -173.610   39.665 -129.558    1598968636643
01     6.816   -1.691   -7.327  119.084   45.142    3.658    1598968636665
02     6.295   -5.368   -9.745 -173.657   39.664 -129.729    1598968636665
01     6.802   -1.688   -7.308  119.329   45.008    3.744    1598968636680
02     6.284   -5.354   -9.735 -173.702   39.571 -129.918    1598968636680
01     6.791   -1.684   -7.287  119.552   44.897    3.810    1598968636696
02     6.284   -5.339   -9.716 -173.743   39.560 -130.101    1598968636696
01     6.780   -1.678   -7.270  119.789   44.822    3.940    1598968636712
02     6.267   -5.328   -9.706 -173.895   39.440 -130.341    1598968636712
01     6.767   -1.672   -7.256  120.003   44.731    4.087    1598968636727
02     6.253   -5.323   -9.693 -173.978   39.306 -130.434    1598968636727
01     6.759   -1.664   -7.237  120.145   44.684    4.130    1598968636743
02     6.250   -5.312   -9.672 -174.019   39.274 -130.569    1598968636743
01     6.753   -1.655   -7.214  120.236   44.656    4.134    1598968636759
02     6.245   -5.292   -9.655 -174.079   39.215 -130.776    1598968636759
01     6.743   -1.650   -7.194  120.400   44.585    4.280    1598968636781
02     6.229   -5.266   -9.641 -174.364   39.073 -131.148    1598968636781
01     6.731   -1.633   -7.173  120.557   44.420    4.377    1598968636796
02     6.216   -5.236   -9.627 -174.610   38.917 -131.514    1598968636796
01     6.722   -1.621   -7.145  120.650   44.303    4.421    1598968636812
02     6.196   -5.208   -9.609 -174.888   38.719 -131.858    1598968636812
01     6.708   -1.608   -7.119  120.790   44.155    4.524    1598968636828
02     6.178   -5.182   -9.587 -175.142   38.543 -132.182    1598968636828
01     6.696   -1.597   -7.090  120.958   44.050    4.616    1598968636843
02     6.158   -5.159   -9.566 -175.346   38.354 -132.453    1598968636843
01     6.684   -1.583   -7.063  121.102   43.926    4.696    1598968636859
02     6.149   -5.133   -9.541 -175.513   38.305 -132.726    1598968636859
01     6.675   -1.568   -7.036  121.235   43.818    4.781    1598968636881
02     6.136   -5.110   -9.515 -175.679   38.194 -132.930    1598968636881
01     6.665   -1.557   -7.009  121.405   43.780    4.920    1598968636897
02     6.125   -5.074   -9.491 -175.924   38.078 -133.291    1598968636897
01     6.655   -1.545   -6.982  121.588   43.723    5.098    1598968636912
02     6.103   -5.042   -9.467 -176.281   37.812 -133.689    1598968636912
01     6.646   -1.534   -6.949  121.733   43.647    5.228    1598968636928
02     6.092   -5.009   -9.434 -176.534   37.649 -134.026    1598968636928
01     6.635   -1.521   -6.913  121.934   43.514    5.377    1598968636944
02     6.073   -4.978   -9.400 -176.898   37.412 -134.417    1598968636944
01     6.625   -1.503   -6.872  122.114   43.339    5.453    1598968636959
02     6.052   -4.935   -9.372 -177.302   37.115 -134.916    1598968636959
01     6.610   -1.492   -6.832  122.372   43.177    5.685    1598968636966
02     6.037   -4.903   -9.338 -177.672   36.922 -135.320    1598968636966
01     6.598   -1.473   -6.785  122.642   42.972    5.844    1598968636997
02     6.022   -4.862   -9.300 -178.005   36.667 -135.760    1598968636997
01     6.592   -1.452   -6.732  122.772   42.755    5.883    1598968637006
02     6.004   -4.824   -9.268 -178.294   36.401 -136.164    1598968637006
01     6.587   -1.428   -6.685  122.887   42.518    5.899    1598968637021
02     5.997   -4.796   -9.223 -178.439   36.302 -136.371    1598968637021
01     6.588   -1.408   -6.636  122.956   42.374    6.000    1598968637037
02     5.989   -4.766   -9.180 -178.561   36.153 -136.601    1598968637037
01     6.592   -1.388   -6.586  122.960   42.270    6.070    1598968637053
02     5.987   -4.737   -9.129 -178.720   36.073 -136.788    1598968637053
01     6.595   -1.374   -6.537  122.957   42.212    6.202    1598968637066
02     5.979   -4.711   -9.076 -178.899   35.915 -136.954    1598968637066
01     6.601   -1.359   -6.482  122.998   42.189    6.335    1598968637098
02     5.969   -4.688   -9.020 -179.074   35.700 -137.120    1598968637098
01     6.605   -1.348   -6.425  123.046   42.148    6.469    1598968637113
02     5.961   -4.660   -8.962 -179.284   35.469 -137.405    1598968637113
01     6.610   -1.335   -6.367  123.106   42.112    6.551    1598968637129
02     5.950   -4.633   -8.904 -179.518   35.210 -137.722    1598968637129
01     6.615   -1.328   -6.306  123.186   42.122    6.718    1598968637145
02     5.945   -4.605   -8.835 -179.750   34.956 -138.043    1598968637145
01     6.619   -1.320   -6.239  123.268   42.035    6.841    1598968637160
02     5.931   -4.587   -8.773  179.994   34.623 -138.325    1598968637160
01     6.619   -1.315   -6.174  123.408   41.887    7.004    1598968637166
02     5.920   -4.568   -8.719  179.851   34.363 -138.589    1598968637166
01     6.621   -1.311   -6.109  123.560   41.772    7.125    1598968637198
02     5.920   -4.562   -8.652  179.848   34.236 -138.677    1598968637198
01     6.624   -1.309   -6.048  123.719   41.687    7.265    1598968637213
02     5.914   -4.554   -8.591  179.794   34.007 -138.817    1598968637213
01     6.631   -1.304   -5.990  123.855   41.628    7.385    1598968637229
02     5.905   -4.551   -8.531  179.745   33.743 -138.861    1598968637229
01     6.639   -1.302   -5.939  123.979   41.631    7.565    1598968637245
02     5.906   -4.546   -8.471  179.729   33.564 -138.912    1598968637245
01     6.649   -1.304   -5.889  124.064   41.697    7.738    1598968637260
02     5.906   -4.546   -8.415  179.700   33.397 -138.948    1598968637260
01     6.661   -1.306   -5.838  124.132   41.768    7.866    1598968637266
02     5.903   -4.550   -8.360  179.686   33.206 -138.906    1598968637266
01     6.671   -1.307   -5.789  124.221   41.792    7.974    1598968637298
02     5.908   -4.549   -8.308  179.620   33.077 -138.956    1598968637298
01     6.683   -1.307   -5.741  124.288   41.804    8.043    1598968637313
02     5.919   -4.543   -8.256  179.609   33.022 -138.999    1598968637313
01     6.695   -1.305   -5.695  124.377   41.801    8.124    1598968637329
02     5.923   -4.536   -8.212  179.518   32.879 -139.083    1598968637329
01     6.706   -1.304   -5.650  124.449   41.781    8.197    1598968637345
02     5.928   -4.532   -8.167  179.423   32.736 -139.160    1598968637345
01     6.718   -1.303   -5.604  124.523   41.761    8.247    1598968637360
02     5.937   -4.526   -8.121  179.367   32.643 -139.234    1598968637360
