01    12.687    7.658  -10.322 -125.820   18.303  104.096    1606878561708
02    12.976    9.717  -14.438 -162.480   66.116  164.600    1606878561708
01    12.692    7.654  -10.327 -125.809   18.280  104.145    1606878561717
02    12.985    9.703  -14.443 -162.307   66.113  164.858    1606878561717
01    12.708    7.646  -10.319 -125.848   18.327  104.190    1606878561733
02    12.989    9.703  -14.451 -162.317   66.128  164.847    1606878561733
01    12.711    7.650  -10.321 -125.833   18.355  104.216    1606878561758
02    12.987    9.709  -14.452 -162.277   66.138  164.849    1606878561758
01    12.713    7.647  -10.328 -125.832   18.327  104.246    1606878561774
02    12.987    9.709  -14.462 -162.160   66.155  164.946    1606878561774
01    12.724    7.655  -10.315 -125.814   18.516  104.329    1606878561784
02    13.000    9.714  -14.461 -162.143   66.226  164.949    1606878561784
01    12.727    7.665  -10.315 -125.797   18.585  104.320    1606878561799
02    13.039    9.691  -14.458 -162.127   66.359  165.137    1606878561799
01    12.726    7.670  -10.321 -125.747   18.552  104.322    1606878561817
02    13.036    9.692  -14.466 -162.050   66.301  165.185    1606878561817
01    12.726    7.670  -10.323 -125.783   18.529  104.313    1606878561835
02    12.998    9.702  -14.499 -161.869   66.111  165.203    1606878561835
01    12.727    7.665  -10.329 -125.804   18.452  104.329    1606878561850
02    13.020    9.693  -14.487 -161.935   66.233  165.228    1606878561850
01    12.729    7.662  -10.332 -125.800   18.407  104.370    1606878561860
02    13.016    9.670  -14.504 -161.589   66.185  165.621    1606878561860
01    12.729    7.662  -10.335 -125.793   18.386  104.393    1606878561885
02    13.019    9.670  -14.509 -161.580   66.162  165.609    1606878561885
01    12.738    7.660  -10.328 -125.816   18.460  104.478    1606878561901
02    13.028    9.672  -14.505 -161.627   66.222  165.558    1606878561901
01    12.737    7.662  -10.334 -125.804   18.448  104.466    1606878561918
02    13.036    9.663  -14.503 -161.574   66.242  165.659    1606878561918
01    12.739    7.662  -10.334 -125.818   18.486  104.462    1606878561936
02    13.032    9.664  -14.512 -161.665   66.222  165.591    1606878561936
01    12.737    7.660  -10.337 -125.824   18.467  104.471    1606878561952
02    13.033    9.666  -14.508 -161.633   66.244  165.611    1606878561952
01    12.738    7.659  -10.338 -125.830   18.473  104.472    1606878561961
02    13.031    9.667  -14.511 -161.570   66.243  165.655    1606878561961
01    12.727    7.658  -10.361 -125.789   18.392  104.469    1606878561987
02    13.018    9.674  -14.524 -161.634   66.191  165.539    1606878561987
01    12.726    7.667  -10.355 -125.732   18.425  104.500    1606878562002
02    13.025    9.662  -14.526 -161.684   66.216  165.540    1606878562002
01    12.730    7.653  -10.366 -125.760   18.389  104.529    1606878562018
02    13.037    9.648  -14.527 -161.615   66.255  165.648    1606878562018
01    12.731    7.654  -10.361 -125.753   18.424  104.539    1606878562037
02    13.035    9.656  -14.526 -161.627   66.262  165.576    1606878562037
01    12.732    7.650  -10.368 -125.746   18.415  104.556    1606878562053
02    13.032    9.642  -14.545 -161.413   66.193  165.804    1606878562053
01    12.734    7.647  -10.368 -125.730   18.428  104.565    1606878562062
02    13.043    9.638  -14.536 -161.397   66.265  165.842    1606878562062
01    12.745    7.642  -10.359 -125.744   18.501  104.642    1606878562088
02    13.024    9.643  -14.549 -161.359   66.187  165.796    1606878562088
01    12.739    7.648  -10.359 -125.683   18.505  104.634    1606878562103
02    13.021    9.643  -14.547 -161.400   66.205  165.750    1606878562103
01    12.741    7.645  -10.354 -125.699   18.488  104.654    1606878562118
02    13.030    9.639  -14.538 -161.293   66.271  165.868    1606878562118
01    12.738    7.643  -10.352 -125.701   18.469  104.630    1606878562138
02    13.028    9.628  -14.545 -161.129   66.211  166.042    1606878562138
01    12.734    7.645  -10.350 -125.710   18.454  104.599    1606878562154
02    13.014    9.628  -14.552 -161.112   66.127  166.006    1606878562154
01    12.732    7.638  -10.349 -125.725   18.406  104.610    1606878562163
02    13.003    9.633  -14.551 -161.116   66.097  165.970    1606878562163
01    12.731    7.632  -10.343 -125.763   18.389  104.583    1606878562189
02    12.989    9.641  -14.549 -160.995   66.013  165.993    1606878562189
01    12.729    7.634  -10.331 -125.767   18.399  104.585    1606878562204
02    12.971    9.656  -14.547 -161.097   65.903  165.756    1606878562204
01    12.726    7.631  -10.324 -125.768   18.372  104.578    1606878562218
02    12.967    9.658  -14.534 -160.991   65.891  165.824    1606878562218
01    12.725    7.625  -10.316 -125.812   18.364  104.591    1606878562240
02    12.983    9.671  -14.508 -161.147   66.066  165.678    1606878562240
01    12.719    7.638  -10.307 -125.794   18.383  104.584    1606878562256
02    12.979    9.665  -14.505 -161.290   65.981  165.596    1606878562256
01    12.712    7.634  -10.312 -125.818   18.355  104.552    1606878562265
02    12.972    9.660  -14.510 -161.175   65.904  165.731    1606878562265
01    12.714    7.625  -10.305 -125.850   18.359  104.534    1606878562291
02    12.977    9.670  -14.496 -161.230   66.003  165.596    1606878562291
01    12.714    7.633  -10.304 -125.833   18.374  104.506    1606878562307
02    12.977    9.672  -14.481 -161.379   66.038  165.443    1606878562307
01    12.712    7.622  -10.310 -125.853   18.318  104.504    1606878562319
02    12.995    9.661  -14.473 -161.268   66.122  165.642    1606878562319
01    12.714    7.621  -10.305 -125.846   18.339  104.503    1606878562334
02    12.983    9.669  -14.479 -161.315   66.093  165.486    1606878562334
01    12.713    7.617  -10.311 -125.853   18.330  104.508    1606878562358
02    12.991    9.669  -14.470 -161.394   66.168  165.413    1606878562358
01    12.713    7.625  -10.314 -125.814   18.349  104.514    1606878562368
02    12.997    9.650  -14.483 -161.225   66.127  165.681    1606878562368
01    12.718    7.625  -10.317 -125.788   18.361  104.536    1606878562383
02    12.993    9.652  -14.494 -161.256   66.065  165.592    1606878562383
01    12.720    7.622  -10.326 -125.785   18.353  104.539    1606878562393
02    13.010    9.635  -14.494 -161.233   66.126  165.731    1606878562393
01    12.719    7.619  -10.338 -125.789   18.311  104.553    1606878562419
02    13.017    9.629  -14.497 -161.184   66.140  165.823    1606878562419
01    12.719    7.624  -10.332 -125.783   18.361  104.556    1606878562435
02    13.013    9.635  -14.496 -161.118   66.151  165.821    1606878562435
01    12.723    7.626  -10.331 -125.769   18.382  104.595    1606878562445
02    13.020    9.639  -14.488 -161.143   66.225  165.782    1606878562445
01    12.719    7.622  -10.343 -125.793   18.319  104.578    1606878562470
02    13.035    9.618  -14.490 -160.919   66.219  166.087    1606878562470
01    12.712    7.620  -10.367 -125.813   18.254  104.574    1606878562486
02    13.032    9.625  -14.498 -160.921   66.177  166.033    1606878562486
01    12.719    7.621  -10.367 -125.804   18.273  104.598    1606878562495
02    13.030    9.640  -14.492 -160.962   66.241  165.930    1606878562495
01    12.727    7.617  -10.365 -125.803   18.286  104.633    1606878562521
02    13.043    9.626  -14.494 -160.831   66.254  166.146    1606878562521
01    12.734    7.615  -10.358 -125.826   18.287  104.665    1606878562537
02    13.037    9.626  -14.501 -160.865   66.186  166.104    1606878562537
01    12.725    7.629  -10.359 -125.800   18.274  104.638    1606878562547
02    13.043    9.610  -14.506 -160.782   66.173  166.257    1606878562547
01    12.714    7.640  -10.361 -125.769   18.258  104.598    1606878562572
02    13.048    9.618  -14.493 -160.701   66.205  166.330    1606878562572
01    12.716    7.644  -10.355 -125.774   18.286  104.579    1606878562588
02    13.032    9.629  -14.504 -160.795   66.107  166.187    1606878562588
01    12.722    7.644  -10.348 -125.791   18.313  104.576    1606878562598
02    13.046    9.624  -14.497 -160.824   66.168  166.244    1606878562598
01    12.726    7.649  -10.340 -125.777   18.360  104.586    1606878562624
02    13.048    9.619  -14.498 -160.779   66.146  166.317    1606878562624
01    12.725    7.645  -10.351 -125.795   18.293  104.574    1606878562639
02    13.049    9.608  -14.511 -160.761   66.059  166.402    1606878562639
01    12.728    7.642  -10.350 -125.808   18.279  104.585    1606878562649
02    13.055    9.600  -14.513 -160.741   66.059  166.457    1606878562649
01    12.731    7.637  -10.347 -125.853   18.277  104.581    1606878562675
02    13.055    9.606  -14.505 -160.763   66.071  166.405    1606878562675
01    12.732    7.636  -10.343 -125.864   18.283  104.574    1606878562690
02    13.050    9.611  -14.505 -160.786   66.031  166.370    1606878562690
01    12.732    7.635  -10.342 -125.872   18.281  104.562    1606878562701
02    13.031    9.610  -14.522 -160.730   65.829  166.408    1606878562701
01    12.729    7.641  -10.343 -125.858   18.295  104.522    1606878562720
02    13.029    9.616  -14.520 -160.750   65.872  166.381    1606878562720
01    12.726    7.643  -10.349 -125.859   18.268  104.493    1606878562742
02    13.033    9.628  -14.512 -160.955   65.922  166.154    1606878562742
01    12.730    7.644  -10.344 -125.855   18.319  104.502    1606878562752
02    13.028    9.635  -14.516 -160.887   65.902  166.160    1606878562752
01    12.740    7.641  -10.337 -125.890   18.370  104.556    1606878562767
02    13.032    9.644  -14.506 -160.901   65.979  166.112    1606878562767
01    12.733    7.643  -10.347 -125.914   18.327  104.515    1606878562777
02    13.041    9.653  -14.490 -160.884   66.051  166.081    1606878562777
01    12.738    7.636  -10.349 -125.948   18.306  104.551    1606878562802
02    13.059    9.659  -14.462 -160.874   66.134  166.090    1606878562802
01    12.740    7.641  -10.344 -125.945   18.368  104.549    1606878562820
02    13.057    9.646  -14.475 -160.780   66.076  166.205    1606878562820
01    12.738    7.642  -10.347 -125.961   18.359  104.536    1606878562828
02    13.064    9.615  -14.494 -160.710   66.022  166.361    1606878562828
01    12.742    7.648  -10.337 -125.953   18.447  104.557    1606878562853
02    13.078    9.598  -14.492 -160.681   66.006  166.490    1606878562853
01    12.739    7.656  -10.333 -125.936   18.475  104.539    1606878562869
02    13.068    9.613  -14.488 -160.693   65.963  166.440    1606878562869
01    12.731    7.655  -10.346 -125.953   18.373  104.508    1606878562879
02    13.071    9.621  -14.475 -160.628   65.979  166.485    1606878562879
01    12.730    7.660  -10.343 -125.940   18.388  104.501    1606878562905
02    13.073    9.625  -14.469 -160.581   66.017  166.536    1606878562905
01    12.733    7.661  -10.339 -125.973   18.395  104.507    1606878562921
02    13.070    9.638  -14.464 -160.653   66.021  166.431    1606878562921
01    12.739    7.654  -10.337 -126.013   18.391  104.530    1606878562931
02    13.073    9.630  -14.470 -160.679   65.987  166.461    1606878562931
01    12.742    7.651  -10.338 -126.027   18.390  104.555    1606878562957
02    13.078    9.625  -14.466 -160.637   66.015  166.502    1606878562957
01    12.741    7.652  -10.338 -126.025   18.405  104.551    1606878562972
02    13.084    9.615  -14.467 -160.642   65.987  166.552    1606878562972
01    12.737    7.652  -10.342 -126.045   18.368  104.539    1606878562982
02    13.072    9.615  -14.474 -160.539   65.908  166.619    1606878562982
01    12.738    7.658  -10.334 -126.014   18.406  104.542    1606878563007
02    13.074    9.614  -14.471 -160.552   65.919  166.631    1606878563007
01    12.743    7.652  -10.334 -126.063   18.393  104.570    1606878563020
02    13.079    9.607  -14.475 -160.555   65.889  166.647    1606878563020
01    12.742    7.653  -10.338 -126.066   18.369  104.572    1606878563033
02    13.063    9.610  -14.490 -160.451   65.652  166.628    1606878563033
01    12.734    7.662  -10.344 -126.044   18.338  104.540    1606878563058
02    13.067    9.611  -14.488 -160.502   65.725  166.597    1606878563058
01    12.735    7.664  -10.343 -126.063   18.345  104.559    1606878563074
02    13.066    9.608  -14.492 -160.440   65.657  166.632    1606878563074
01    12.734    7.668  -10.342 -126.079   18.355  104.597    1606878563084
02    13.076    9.587  -14.499 -160.378   65.620  166.808    1606878563084
01    12.735    7.671  -10.337 -126.126   18.384  104.747    1606878563099
02    13.089    9.592  -14.485 -160.460   65.704  166.677    1606878563099
01    12.730    7.674  -10.348 -126.196   18.344  105.020    1606878563121
02    13.093    9.599  -14.480 -160.667   65.676  166.365    1606878563121
01    12.680    7.703  -10.419 -126.283   18.189  105.544    1606878563134
02    13.110    9.598  -14.474 -160.838   65.590  166.118    1606878563134
01    12.652    7.759  -10.469 -126.963   18.824  106.683    1606878563150
02    13.222    9.582  -14.371 -162.408   65.075  164.005    1606878563150
01    12.588    7.822  -10.617 -128.745   19.597  107.932    1606878563175
02    13.434    9.626  -14.023 -167.590   62.004  156.922    1606878563175
01    12.428    7.996  -10.851 -132.454   21.216  108.427    1606878563185
02    13.640    9.643  -13.559 -172.420   55.890  150.006    1606878563185
01    12.246    8.171  -11.209 -138.892   23.196  108.678    1606878563201
02    13.772    9.695  -12.958 -176.507   46.221  143.272    1606878563201
01    12.072    8.477  -11.625 -147.663   26.354  107.433    1606878563221
02    13.871    9.504  -12.270 -178.970   32.545  138.743    1606878563221
01    12.067    8.886  -11.875 -159.615   31.831  102.170    1606878563236
02    12.952    9.424  -12.459 -177.497    8.175  136.979    1606878563236
01    12.187    9.398  -11.748 -169.374   36.641   96.731    1606878563252
02    12.107   10.103  -12.450 -174.318   -6.706  131.931    1606878563252
01    12.386    9.572  -11.533 -174.236   38.596   94.192    1606878563261
02    11.992   10.306  -12.396 -174.330  -12.266  130.134    1606878563261
01    12.387    9.567  -11.548 -174.480   37.296   93.429    1606878563287
02    11.959   10.357  -12.306 -172.993  -16.517  128.652    1606878563287
01    12.402    9.477  -11.624 -173.579   36.309   92.247    1606878563303
02    11.898   10.387  -12.230 -170.755  -19.802  126.583    1606878563303
01    12.441    9.379  -11.718 -173.047   36.092   91.316    1606878563321
02    11.908   10.361  -12.169 -169.891  -21.312  125.321    1606878563321
01    12.461    9.381  -11.772 -172.913   36.534   90.163    1606878563338
02    11.980   10.363  -12.099 -170.447  -20.810  125.496    1606878563338
01    12.502    9.346  -11.855 -172.038   37.150   90.245    1606878563353
02    12.018   10.392  -12.102 -171.136  -18.853  126.962    1606878563353
01    12.561    9.333  -11.938 -170.531   38.062   90.401    1606878563364
02    12.052   10.459  -12.147 -171.283  -15.587  128.746    1606878563364
01    12.628    9.305  -12.037 -167.957   39.051   91.420    1606878563388
02    12.071   10.509  -12.259 -170.161  -11.830  130.823    1606878563388
01    12.712    9.325  -12.042 -165.196   39.980   92.658    1606878563404
02    12.012   10.461  -12.475 -167.845   -6.863  133.091    1606878563404
01    12.810    9.368  -11.886 -165.742   40.530   91.391    1606878563421
02    11.834   10.315  -12.925 -164.711    0.156  137.067    1606878563421
01    12.932    9.415  -11.412 -161.302   40.365   93.811    1606878563441
02    10.756    9.763  -15.085 -161.872    6.723  143.840    1606878563441
01    12.874    9.329  -11.090 -151.133   35.403  101.371    1606878563456
02    11.449    9.297  -16.061 -159.084   24.422  153.465    1606878563456
01    12.763    9.083  -11.010 -140.363   25.157  109.631    1606878563466
02    12.684    8.780  -16.122 -149.455   44.397  170.911    1606878563466
01    12.684    8.865  -10.982 -135.345   17.699  113.949    1606878563492
02    13.587    8.665  -15.857 -140.181   57.038 -176.385    1606878563492
01    12.663    8.673  -10.934 -134.351   14.767  116.189    1606878563508
02    14.117    8.637  -15.688 -131.188   63.396 -166.248    1606878563508
01    12.652    8.514  -10.914 -134.827   13.592  117.410    1606878563521
02    14.472    8.634  -15.576 -125.271   67.184 -159.674    1606878563521
01    12.628    8.436  -10.899 -135.745   13.051  117.805    1606878563542
02    14.718    8.672  -15.503 -120.007   69.810 -154.380    1606878563542
01    12.570    8.444  -10.890 -136.256   12.626  117.665    1606878563559
02    14.878    8.705  -15.502 -116.230   72.032 -150.487    1606878563559
01    12.543    8.439  -10.858 -136.217   11.904  118.090    1606878563569
02    14.953    8.774  -15.518 -112.664   73.958 -147.088    1606878563569
01    12.528    8.428  -10.827 -136.104   11.181  118.584    1606878563585
02    15.043    8.793  -15.499 -110.380   75.621 -144.231    1606878563585
01    12.522    8.394  -10.805 -136.078   10.626  119.018    1606878563594
02    15.112    8.792  -15.444 -108.610   76.132 -141.981    1606878563594
01    12.522    8.389  -10.774 -136.155   10.568  119.327    1606878563622
02    15.123    8.767  -15.444 -109.558   75.754 -142.525    1606878563622
01    12.505    8.379  -10.785 -136.613   10.522  119.548    1606878563638
02    15.134    8.740  -15.441 -109.616   75.261 -142.410    1606878563638
01    12.484    8.377  -10.813 -137.097   10.742  119.615    1606878563646
02    15.164    8.726  -15.414 -108.885   75.331 -141.420    1606878563646
01    12.472    8.389  -10.831 -137.295   11.203  119.561    1606878563671
02    15.160    8.727  -15.440 -108.758   75.091 -141.593    1606878563671
01    12.475    8.381  -10.853 -137.239   11.541  119.475    1606878563687
02    15.188    8.730  -15.436 -108.947   75.374 -141.754    1606878563687
01    12.496    8.350  -10.886 -137.145   11.828  119.475    1606878563697
02    15.195    8.751  -15.425 -110.750   75.824 -143.686    1606878563697
01    12.493    8.330  -10.958 -137.235   12.281  119.236    1606878563722
02    15.167    8.795  -15.430 -116.608   76.054 -149.834    1606878563722
01    12.458    8.302  -11.151 -137.965   13.223  118.862    1606878563738
02    15.112    8.882  -15.380 -126.862   75.789 -160.833    1606878563738
01    12.408    8.340  -11.449 -139.740   15.304  118.033    1606878563748
02    15.075    8.967  -15.237 -141.827   74.100 -177.126    1606878563748
01    12.353    8.466  -11.850 -145.054   20.511  115.524    1606878563774
02    15.021    9.109  -14.702 -162.446   66.671  158.689    1606878563774
01    12.309    8.746  -12.228 -153.010   27.147  110.383    1606878563789
02    15.367    9.150  -13.086 -177.323   53.483  139.538    1606878563789
01    12.451    9.219  -12.227 -163.915   34.714  100.483    1606878563800
02    14.673    9.285  -12.371  178.922   25.950  132.731    1606878563800
01    12.464    9.503  -12.229 -170.101   36.920   96.115    1606878563825
02    13.204    9.730  -12.898 -174.096    0.620  129.339    1606878563825
01    12.547    9.666  -12.084 -173.449   38.609   93.212    1606878563841
02    12.653   10.053  -12.924 -170.745   -7.924  126.624    1606878563841
01    12.567    9.697  -12.017 -174.505   38.482   92.075    1606878563851
02    12.448   10.201  -12.845 -169.188  -11.711  124.889    1606878563851
01    12.610    9.646  -11.978 -174.613   38.629   91.635    1606878563867
02    12.363   10.248  -12.762 -168.257  -13.823  123.931    1606878563867
01    12.661    9.591  -11.923 -174.632   38.662   90.928    1606878563876
02    12.316   10.244  -12.718 -167.700  -15.487  123.163    1606878563876
01    12.717    9.506  -11.901 -174.610   38.739   90.292    1606878563902
02    12.323   10.227  -12.650 -167.380  -16.267  122.083    1606878563902
01    12.725    9.478  -11.932 -174.486   38.423   89.486    1606878563923
02    12.358   10.184  -12.615 -167.804  -15.958  122.439    1606878563923
01    12.711    9.487  -12.000 -174.725   38.326   89.218    1606878563928
02    12.398   10.200  -12.587 -168.597  -14.240  123.795    1606878563928
01    12.727    9.509  -12.050 -175.650   38.941   88.993    1606878563953
02    12.420   10.251  -12.617 -169.639  -12.056  125.934    1606878563953
01    12.754    9.535  -12.090 -175.142   39.965   89.766    1606878563969
02    12.506   10.272  -12.644 -170.262   -8.647  128.892    1606878563969
01    12.875    9.543  -11.956 -172.702   41.520   91.297    1606878563979
02    12.587   10.270  -12.628 -169.017   -4.569  132.470    1606878563979
01    12.969    9.519  -11.739 -169.906   41.274   93.268    1606878564005
02    12.450   10.211  -12.750 -166.181   -0.398  136.865    1606878564005
01    13.166    9.524  -10.855 -161.961   40.032   98.274    1606878564023
02    11.336    9.818  -14.388 -163.250    4.107  142.289    1606878564023
01    13.009    9.344  -10.373 -144.883   29.905  109.626    1606878564030
02    11.271    9.345  -16.057 -161.034   18.253  148.188    1606878564030
01    12.865    8.803  -10.376 -134.380   15.264  115.716    1606878564056
02    12.623    9.037  -16.154 -158.334   43.112  158.639    1606878564056
01    12.842    8.425  -10.388 -130.305    8.785  117.706    1606878564072
02    13.774    8.925  -15.764 -149.629   62.817  172.277    1606878564072
01    12.851    8.242  -10.346 -128.843    7.188  118.800    1606878564081
02    14.428    8.857  -15.492 -134.412   71.823 -169.744    1606878564081
01    12.884    8.135  -10.291 -128.523    6.354  119.759    1606878564107
02    14.850    8.740  -15.266 -117.508   75.003 -150.823    1606878564107
01    12.894    8.082  -10.238 -129.027    6.008  119.874    1606878564124
02    15.026    8.713  -15.169 -109.798   75.465 -142.485    1606878564124
01    12.872    8.056  -10.228 -129.205    5.728  119.600    1606878564132
02    15.094    8.719  -15.105 -108.519   75.964 -140.936    1606878564132
01    12.857    8.032  -10.251 -129.422    5.938  119.618    1606878564158
02    15.146    8.751  -15.039 -109.942   76.717 -142.451    1606878564158
01    12.845    8.011  -10.318 -129.380    6.493  119.915    1606878564174
02    15.174    8.771  -15.026 -110.575   76.800 -143.405    1606878564174
01    12.852    7.992  -10.387 -129.533    7.445  120.519    1606878564184
02    15.270    8.755  -14.982 -110.578   77.049 -143.014    1606878564184
01    12.849    7.986  -10.494 -130.262    8.482  121.166    1606878564200
02    15.307    8.777  -14.940 -114.289   76.782 -146.822    1606878564200
01    12.853    8.016  -10.595 -132.021   10.624  121.453    1606878564224
02    15.296    8.835  -14.876 -123.238   75.285 -156.105    1606878564224
01    12.823    8.090  -10.725 -134.405   12.821  121.139    1606878564236
02    15.299    8.900  -14.683 -135.830   72.236 -169.300    1606878564236
01    12.766    8.214  -10.892 -138.454   15.816  119.710    1606878564251
02    15.270    9.006  -14.231 -150.809   66.535  174.025    1606878564251
01    12.559    8.467  -11.353 -144.578   19.169  116.744    1606878564261
02    15.169    9.061  -13.326 -166.619   56.122  156.666    1606878564261
01    12.203    8.817  -12.141 -154.372   23.918  110.242    1606878564287
02    14.988    8.913  -12.315  178.651   35.951  139.698    1606878564287
01    12.222    9.279  -12.302 -162.961   31.314  102.468    1606878564303
02    13.307    9.696  -12.721 -175.603    2.362  132.213    1606878564303
01    12.528    9.577  -12.002 -169.112   37.990   96.611    1606878564324
02    12.736   10.086  -12.696 -171.690  -10.293  127.943    1606878564324
01    12.686    9.632  -11.810 -172.572   39.186   93.449    1606878564338
02    12.527   10.247  -12.591 -170.535  -15.315  125.989    1606878564338
01    12.713    9.736  -11.660 -174.242   38.136   90.429    1606878564354
02    12.362   10.385  -12.489 -169.502  -18.178  125.009    1606878564354
01    12.674    9.719  -11.698 -174.451   36.083   89.219    1606878564364
02    12.328   10.466  -12.332 -169.254  -18.471  124.872    1606878564364
01    12.609    9.724  -11.792 -174.512   35.182   88.287    1606878564390
02    12.281   10.533  -12.275 -169.361  -17.436  125.984    1606878564390
01    12.587    9.764  -11.858 -174.696   35.613   87.688    1606878564406
02    12.309   10.568  -12.280 -170.158  -15.611  127.156    1606878564406
01    12.615    9.796  -11.880 -174.395   36.718   88.336    1606878564425
02    12.311   10.614  -12.323 -170.095  -14.532  127.604    1606878564425
01    12.666    9.822  -11.849 -173.715   37.944   89.543    1606878564441
02    12.360   10.572  -12.388 -170.502  -14.145  128.057    1606878564441
01    12.724    9.826  -11.769 -173.110   38.639   90.646    1606878564457
02    12.395   10.544  -12.401 -170.465  -14.116  127.899    1606878564457
01    12.732    9.818  -11.712 -171.970   38.397   91.667    1606878564467
02    12.376   10.554  -12.380 -169.623  -14.465  127.147    1606878564467
01    12.691    9.796  -11.717 -170.411   37.703   92.770    1606878564491
02    12.359   10.589  -12.315 -168.275  -13.542  126.876    1606878564491
01    12.668    9.786  -11.692 -169.308   37.650   93.663    1606878564507
02    12.316   10.602  -12.324 -167.108  -11.007  128.345    1606878564507
01    12.736    9.796  -11.461 -168.396   38.507   94.001    1606878564524
02    12.086   10.581  -12.648 -166.548   -6.254  131.200    1606878564524
01    12.911    9.774  -10.646 -162.993   37.966   97.757    1606878564540
02    11.144   10.531  -14.415 -165.941    1.635  135.111    1606878564540
01    12.816    9.575  -10.212 -150.366   30.362  106.887    1606878564558
02    11.532   10.189  -15.474 -164.335   22.812  146.348    1606878564558
01    12.667    9.202  -10.167 -140.638   18.074  112.600    1606878564569
02    12.610    9.456  -15.845 -156.960   44.502  164.407    1606878564569
01    12.613    8.895  -10.179 -136.166   10.961  114.279    1606878564584
02    13.497    9.258  -15.672 -149.670   60.162  175.060    1606878564584
01    12.614    8.669  -10.205 -134.438    8.358  115.222    1606878564594
02    14.110    9.209  -15.452 -140.145   69.545 -174.148    1606878564594
01    12.593    8.599  -10.213 -133.552    8.216  115.746    1606878564625
02    14.500    9.214  -15.274 -131.930   74.408 -165.132    1606878564625
01    12.600    8.547  -10.192 -133.562    8.378  116.568    1606878564640
02    14.744    9.214  -15.130 -123.773   76.608 -156.292    1606878564640
01    12.591    8.526  -10.182 -133.576    7.915  117.147    1606878564644
02    14.870    9.207  -15.054 -120.369   77.397 -152.389    1606878564644
01    12.593    8.489  -10.162 -133.774    7.603  117.292    1606878564670
02    14.922    9.198  -15.023 -120.025   77.658 -151.804    1606878564670
01    12.592    8.449  -10.186 -133.945    7.391  117.375    1606878564685
02    14.946    9.212  -15.024 -121.705   77.970 -153.657    1606878564685
01    12.580    8.445  -10.221 -133.938    7.892  117.423    1606878564695
02    14.997    9.233  -14.996 -121.610   78.936 -153.567    1606878564695
01    12.585    8.409  -10.293 -134.543    8.697  117.818    1606878564725
02    15.027    9.257  -14.985 -124.092   79.298 -156.032    1606878564725
01    12.563    8.415  -10.407 -135.954   10.072  117.842    1606878564740
02    15.062    9.278  -14.935 -129.126   78.945 -160.984    1606878564740
01    12.530    8.479  -10.515 -138.178   12.041  117.683    1606878564746
02    15.071    9.315  -14.872 -136.681   77.570 -168.404    1606878564746
01    12.476    8.598  -10.633 -141.569   14.230  116.875    1606878564771
02    15.055    9.360  -14.757 -145.315   74.647 -177.101    1606878564771
01    12.379    8.786  -10.772 -145.635   16.049  115.516    1606878564787
02    15.010    9.421  -14.530 -156.413   69.520  171.103    1606878564787
01    12.221    9.024  -11.027 -151.388   18.032  113.091    1606878564796
02    14.952    9.599  -13.695 -167.443   62.079  157.786    1606878564796
01    11.961    9.279  -11.533 -158.028   20.385  109.204    1606878564825
02    14.773    9.583  -12.715 -178.104   46.895  145.197    1606878564825
01    11.902    9.657  -11.896 -166.304   26.011  102.352    1606878564841
02    14.215    9.564  -12.319  178.015   20.567  137.921    1606878564841
01    12.078    9.986  -11.850 -172.252   31.523   97.420    1606878564848
02    13.036    9.979  -12.621 -175.626   -3.570  134.120    1606878564848
01    12.347   10.071  -11.648 -175.046   35.011   94.865    1606878564873
02    12.607   10.273  -12.587 -172.556  -11.134  130.491    1606878564873
01    12.465   10.092  -11.497 -176.259   35.276   93.311    1606878564889
02    12.456   10.402  -12.469 -171.469  -14.451  128.501    1606878564889
01    12.434   10.096  -11.492 -176.250   33.895   92.591    1606878564899
02    12.387   10.447  -12.352 -171.036  -16.059  128.208    1606878564899
01    12.418   10.052  -11.534 -176.467   33.279   91.863    1606878564925
02    12.327   10.528  -12.271 -170.430  -16.435  128.014    1606878564925
01    12.399   10.046  -11.586 -176.500   33.507   91.168    1606878564941
02    12.282   10.557  -12.273 -170.213  -16.394  128.419    1606878564941
01    12.441    9.984  -11.658 -176.765   34.257   90.755    1606878564950
02    12.300   10.573  -12.302 -170.337  -15.241  128.698    1606878564950
01    12.507    9.985  -11.656 -177.043   35.368   89.985    1606878564975
02    12.341   10.595  -12.315 -170.009  -13.789  128.686    1606878564975
01    12.583    9.965  -11.639 -176.678   35.854   90.028    1606878564991
02    12.391   10.597  -12.312 -169.531  -11.821  129.146    1606878564991
01    12.616    9.975  -11.605 -175.304   35.812   90.765    1606878565001
02    12.420   10.610  -12.305 -168.987   -8.835  130.433    1606878565001
01    12.660    9.966  -11.499 -173.761   35.722   91.997    1606878565025
02    12.324   10.584  -12.475 -167.778   -4.988  133.828    1606878565025
01    12.775    9.964  -11.108 -168.471   35.841   95.585    1606878565027
02    11.572   10.562  -13.537 -166.248    0.280  137.831    1606878565027
01    12.762    9.793  -10.700 -155.889   31.689  104.674    1606878565052
02    11.228   10.096  -15.349 -164.292   11.870  145.125    1606878565052
01    12.703    9.431  -10.596 -142.729   22.057  113.511    1606878565068
02    12.253    9.697  -15.859 -160.157   33.896  156.598    1606878565068
01    12.700    9.112  -10.541 -136.474   15.678  116.978    1606878565077
02    13.377    9.300  -15.875 -152.821   52.626  170.869    1606878565077
01    12.723    8.841  -10.517 -133.262   12.791  118.059    1606878565102
02    14.241    9.159  -15.607 -145.676   65.781 -178.221    1606878565102
01    12.772    8.636  -10.525 -131.744   11.887  118.316    1606878565125
02    14.747    9.136  -15.415 -137.957   72.806 -169.220    1606878565125
01    12.827    8.519  -10.533 -130.662   11.859  118.408    1606878565128
02    15.077    9.106  -15.286 -129.978   76.643 -160.581    1606878565128
01    12.894    8.472  -10.488 -129.935   12.260  118.863    1606878565153
02    15.232    9.131  -15.235 -123.725   78.639 -154.432    1606878565153
01    12.903    8.407  -10.531 -130.059   11.732  119.378    1606878565169
02    15.346    9.162  -15.174 -118.601   79.950 -149.332    1606878565169
01    12.899    8.403  -10.533 -130.272   11.799  119.729    1606878565179
02    15.416    9.204  -15.120 -116.582   80.417 -147.185    1606878565179
01    12.887    8.404  -10.550 -130.570   11.862  120.136    1606878565204
02    15.440    9.201  -15.112 -117.927   80.366 -148.217    1606878565204
01    12.872    8.405  -10.588 -130.921   12.169  120.244    1606878565225
02    15.472    9.225  -15.084 -119.019   80.380 -149.311    1606878565225
01    12.853    8.412  -10.638 -131.253   12.634  120.269    1606878565230
02    15.447    9.265  -15.074 -124.708   80.214 -155.433    1606878565230
01    12.837    8.434  -10.697 -132.269   13.733  119.920    1606878565256
02    15.418    9.268  -15.067 -129.482   79.566 -160.569    1606878565256
01    12.804    8.448  -10.812 -134.564   14.933  119.588    1606878565271
02    15.390    9.306  -14.938 -141.470   78.149 -173.680    1606878565271
01    12.709    8.525  -11.031 -139.017   16.992  118.221    1606878565282
02    15.530    9.372  -14.200 -161.912   73.013  162.951    1606878565282
01    12.491    8.781  -11.493 -147.769   20.910  114.416    1606878565307
02    15.590    9.431  -12.514 -179.707   58.917  142.089    1606878565307
01    12.246    9.352  -11.849 -161.966   27.180  104.389    1606878565325
02    14.558    9.517  -12.157  175.497   24.878  135.352    1606878565325
01    12.244    9.807  -11.818 -172.440   31.774   97.905    1606878565332
02    13.249    9.963  -12.515 -178.627   -3.043  133.112    1606878565332
01    12.318    9.985  -11.716 -177.266   34.100   94.964    1606878565358
02    12.668   10.384  -12.493 -174.868  -12.366  129.341    1606878565358
01    12.380   10.022  -11.668 -178.691   34.982   92.915    1606878565374
02    12.461   10.585  -12.398 -172.457  -15.461  126.638    1606878565374
01    12.429   10.022  -11.670 -178.487   35.742   91.344    1606878565384
02    12.415   10.669  -12.295 -170.911  -16.222  125.250    1606878565384
01    12.537    9.964  -11.652 -178.526   36.629   89.951    1606878565409
02    12.407   10.748  -12.207 -170.092  -15.802  124.833    1606878565409
01    12.612    9.954  -11.659 -178.109   37.079   89.279    1606878565425
02    12.429   10.744  -12.193 -170.467  -14.906  125.999    1606878565425
01    12.674    9.947  -11.648 -177.640   37.268   89.381    1606878565435
02    12.479   10.718  -12.192 -171.454  -13.551  127.936    1606878565435
01    12.670    9.977  -11.655 -176.817   37.039   90.119    1606878565451
02    12.480   10.734  -12.212 -172.013  -11.857  130.170    1606878565451
01    12.668    9.982  -11.672 -175.495   37.168   91.799    1606878565461
02    12.521   10.721  -12.223 -172.819   -9.134  133.159    1606878565461
01    12.653    9.983  -11.697 -173.616   37.531   93.588    1606878565486
02    12.471   10.766  -12.274 -172.031   -5.119  135.895    1606878565486
01    12.740    9.993  -11.503 -173.040   38.915   93.890    1606878565502
02    12.151   10.707  -12.735 -169.677   -0.076  140.738    1606878565502
01    12.887    9.971  -10.900 -167.375   38.604   97.730    1606878565512
02    11.358   10.198  -14.631 -166.435    8.239  146.769    1606878565512
01    12.832    9.799  -10.368 -157.522   34.089  104.699    1606878565538
02    11.957    9.609  -15.642 -162.249   25.895  155.417    1606878565538
01    12.712    9.415  -10.287 -146.429   24.036  111.982    1606878565553
02    13.122    9.312  -15.642 -155.674   48.115  167.789    1606878565553
01    12.657    9.088  -10.295 -140.344   17.402  114.838    1606878565563
02    13.949    9.211  -15.466 -146.976   62.918  179.666    1606878565563
01    12.657    8.902  -10.267 -137.343   14.541  115.922    1606878565589
02    14.540    9.197  -15.242 -136.938   72.071 -168.639    1606878565589
01    12.654    8.796  -10.213 -136.161   12.746  116.258    1606878565604
02    14.908    9.187  -15.016 -122.734   76.491 -153.604    1606878565604
01    12.680    8.710  -10.102 -135.681   11.292  116.287    1606878565614
02    15.032    9.173  -14.900 -117.111   76.926 -147.654    1606878565614
01    12.648    8.647  -10.044 -135.504    9.521  116.095    1606878565640
02    15.049    9.168  -14.844 -117.095   76.927 -147.579    1606878565640
01    12.603    8.622  -10.013 -135.381    8.661  116.071    1606878565655
02    15.060    9.144  -14.794 -117.580   76.992 -147.740    1606878565655
01    12.572    8.600   -9.997 -135.394    8.634  116.528    1606878565665
02    15.063    9.158  -14.753 -118.303   77.137 -148.559    1606878565665
01    12.561    8.564  -10.012 -135.498    8.845  117.110    1606878565691
02    15.096    9.190  -14.684 -118.857   77.689 -149.028    1606878565691
01    12.581    8.544  -10.021 -135.767    9.616  117.555    1606878565706
02    15.095    9.218  -14.659 -121.864   77.722 -152.092    1606878565706
01    12.601    8.532  -10.041 -136.271   10.402  117.649    1606878565716
02    15.113    9.244  -14.610 -124.654   77.868 -155.055    1606878565716
01    12.594    8.535  -10.120 -137.577   11.378  116.962    1606878565741
02    15.055    9.299  -14.548 -133.467   76.936 -164.544    1606878565741
01    12.558    8.567  -10.250 -140.085   12.608  115.811    1606878565757
02    14.991    9.355  -14.343 -147.815   73.831  179.654    1606878565757
01    12.474    8.660  -10.418 -144.560   14.588  113.638    1606878565767
02    14.724    9.634  -13.639 -163.862   66.452  160.381    1606878565767
01    12.285    8.878  -10.694 -150.553   16.869  110.744    1606878565783
02    14.552    9.765  -12.341 -175.683   53.763  147.400    1606878565783
01    11.977    9.300  -11.159 -160.495   20.353  105.284    1606878565793
02    14.086    9.701  -11.747  178.850   30.333  141.639    1606878565793
01    11.968    9.757  -11.229 -171.843   26.070   97.977    1606878565819
02    12.575    9.967  -12.205 -175.024   -1.895  142.534    1606878565819
01    12.055   10.036  -11.150 -177.548   29.225   93.766    1606878565841
02    12.182   10.313  -12.183 -174.599  -10.024  136.903    1606878565841
01    12.123   10.160  -11.088 -178.856   30.053   91.611    1606878565845
02    12.062   10.495  -12.082 -173.323  -13.720  132.759    1606878565845
01    12.181   10.163  -11.088 -179.039   30.191   90.188    1606878565870
02    12.031   10.611  -11.978 -172.080  -15.251  129.845    1606878565870
01    12.209   10.186  -11.083 -179.014   30.535   88.867    1606878565885
02    12.015   10.713  -11.878 -171.227  -15.595  127.995    1606878565885
01    12.243   10.174  -11.094 -178.985   30.945   88.326    1606878565896
02    12.057   10.734  -11.823 -171.449  -15.478  127.577    1606878565896
01    12.250   10.168  -11.125 -178.672   31.108   88.185    1606878565921
02    12.079   10.756  -11.789 -171.291  -15.324  127.280    1606878565921
01    12.300   10.149  -11.132 -178.653   31.825   88.067    1606878565941
02    12.115   10.779  -11.768 -171.183  -14.589  127.231    1606878565941
01    12.337   10.126  -11.175 -178.452   32.398   88.265    1606878565946
02    12.154   10.793  -11.766 -171.074  -13.167  127.906    1606878565946
01    12.407   10.103  -11.169 -178.093   33.273   88.442    1606878565972
02    12.233   10.767  -11.771 -171.167  -10.754  129.616    1606878565972
01    12.460   10.093  -11.115 -176.977   33.724   89.034    1606878565987
02    12.229   10.769  -11.799 -170.555   -7.614  132.427    1606878565987
01    12.527   10.092  -10.944 -175.820   34.130   89.467    1606878565997
02    11.964   10.734  -12.088 -169.245   -3.811  135.795    1606878565997
01    12.640   10.028  -10.450 -170.324   33.743   93.207    1606878566023
02    11.067   10.576  -13.632 -168.002    3.941  139.868    1606878566023
01    12.613    9.814   -9.996 -158.798   29.529  101.844    1606878566042
02    11.108   10.327  -14.962 -167.582   17.511  143.505    1606878566042
01    12.483    9.497   -9.863 -145.924   19.635  110.357    1606878566049
02    12.184   10.111  -15.221 -168.242   40.684  148.890    1606878566049
01    12.444    9.154   -9.856 -139.451   12.432  114.127    1606878566075
02    13.342    9.842  -14.991 -166.866   61.006  156.608    1606878566075
01    12.458    8.949   -9.841 -136.448    9.817  115.654    1606878566091
02    14.046    9.646  -14.798 -158.788   71.368  168.227    1606878566091
01    12.485    8.793   -9.848 -135.220    8.578  116.387    1606878566100
02    14.449    9.555  -14.668 -149.221   75.666  179.337    1606878566100
01    12.533    8.678   -9.826 -134.247    8.097  116.596    1606878566125
02    14.622    9.499  -14.644 -142.432   76.708 -173.519    1606878566125
01    12.575    8.584   -9.824 -133.349    7.814  116.438    1606878566142
02    14.729    9.497  -14.578 -139.348   77.913 -170.279    1606878566142
01    12.609    8.527   -9.827 -132.512    8.016  116.497    1606878566152
02    14.807    9.473  -14.545 -138.454   78.485 -169.101    1606878566152
01    12.613    8.491   -9.863 -132.162    8.229  116.813    1606878566168
02    14.869    9.454  -14.535 -135.901   78.870 -166.375    1606878566168
01    12.623    8.447   -9.908 -132.398    8.654  117.282    1606878566178
02    14.913    9.466  -14.525 -136.215   79.388 -166.526    1606878566178
01    12.621    8.447   -9.950 -132.563    9.319  117.494    1606878566203
02    14.957    9.461  -14.516 -136.314   79.546 -166.436    1606878566203
01    12.643    8.436   -9.984 -132.949   10.032  117.420    1606878566219
02    14.960    9.464  -14.528 -138.772   79.013 -169.112    1606878566219
01    12.646    8.445  -10.015 -133.074   10.609  117.114    1606878566229
02    14.924    9.480  -14.506 -142.823   78.064 -173.566    1606878566229
01    12.640    8.446  -10.094 -133.612   11.287  116.825    1606878566254
02    14.898    9.480  -14.396 -149.499   76.079  179.041    1606878566254
01    12.608    8.445  -10.251 -135.678   12.692  116.422    1606878566270
02    14.904    9.519  -14.008 -164.886   70.384  160.065    1606878566270
01    12.530    8.504  -10.579 -139.367   15.139  115.693    1606878566280
02    15.058    9.684  -12.378 -176.062   60.384  146.218    1606878566280
01    12.337    8.772  -11.070 -147.418   19.738  112.498    1606878566305
02    14.816    9.563  -11.267  178.807   40.482  141.022    1606878566305
01    12.201    9.323  -11.261 -160.738   26.794  103.299    1606878566321
02    12.845    9.653  -12.079 -175.944   -3.658  144.309    1606878566321
01    12.263    9.651  -11.155 -169.981   31.352   98.013    1606878566331
02    12.323   10.153  -12.006 -175.651  -13.795  140.328    1606878566331
01    12.305    9.788  -11.078 -173.024   32.017   95.148    1606878566356
02    12.192   10.395  -11.818 -175.652  -17.543  139.241    1606878566356
01    12.302    9.824  -11.117 -173.058   31.572   93.122    1606878566372
02    12.138   10.539  -11.674 -174.841  -18.889  139.069    1606878566372
01    12.333    9.818  -11.173 -173.020   32.007   91.490    1606878566383
02    12.089   10.623  -11.647 -173.990  -19.238  139.096    1606878566383
01    12.370    9.816  -11.224 -173.133   32.919   90.427    1606878566409
02    12.121   10.644  -11.640 -173.860  -18.970  139.075    1606878566409
01    12.412    9.827  -11.258 -173.196   33.914   89.730    1606878566424
02    12.160   10.658  -11.648 -173.603  -18.656  138.655    1606878566424
01    12.469    9.835  -11.260 -173.079   34.876   89.628    1606878566434
02    12.199   10.666  -11.652 -173.322  -17.742  138.904    1606878566434
01    12.524    9.855  -11.205 -172.168   35.613   90.392    1606878566450
02    12.232   10.679  -11.632 -173.005  -16.253  139.961    1606878566450
01    12.547    9.858  -11.145 -170.310   35.476   92.059    1606878566460
02    12.239   10.687  -11.603 -172.233  -13.863  142.120    1606878566460
01    12.527    9.822  -11.141 -168.183   34.653   94.301    1606878566486
02    12.147   10.727  -11.578 -170.739   -9.009  144.373    1606878566486
01    12.552    9.841  -10.986 -167.391   34.940   94.855    1606878566502
02    11.753   10.568  -12.206 -167.788   -1.905  148.870    1606878566502
01    12.614    9.801  -10.606 -162.984   34.288   98.149    1606878566512
02    11.260   10.062  -13.830 -164.280    8.339  154.290    1606878566512
01    12.588    9.662  -10.116 -155.304   31.050  103.394    1606878566537
02    11.659    9.534  -14.960 -158.428   25.741  163.614    1606878566537
01    12.543    9.349   -9.927 -145.352   22.853  109.846    1606878566558
02    12.675    9.253  -15.109 -149.905   46.283  176.739    1606878566558
01    12.523    9.048   -9.821 -139.371   15.940  112.245    1606878566563
02    13.453    9.184  -14.956 -143.116   59.694 -174.102    1606878566563
01    12.513    8.773   -9.833 -135.798   11.501  112.643    1606878566589
02    13.930    9.168  -14.771 -136.927   66.970 -167.139    1606878566589
01    12.531    8.589   -9.848 -133.398   10.320  112.515    1606878566604
02    14.161    9.200  -14.634 -133.074   69.872 -163.295    1606878566604
01    12.559    8.468   -9.866 -132.152   10.062  112.867    1606878566614
02    14.324    9.222  -14.514 -130.097   71.312 -160.257    1606878566614
01    12.571    8.430   -9.865 -131.750   10.217  113.611    1606878566640
02    14.406    9.216  -14.485 -128.164   71.500 -157.835    1606878566640
01    12.579    8.422   -9.850 -132.198   10.192  114.366    1606878566655
02    14.467    9.216  -14.477 -127.290   71.717 -156.484    1606878566655
01    12.582    8.431   -9.821 -132.727   10.231  114.831    1606878566665
02    14.533    9.236  -14.434 -127.681   72.361 -156.406    1606878566665
01    12.577    8.424   -9.820 -133.161   10.075  114.935    1606878566690
02    14.559    9.219  -14.446 -129.349   72.166 -157.845    1606878566690
01    12.575    8.399   -9.847 -133.246   10.134  114.916    1606878566706
02    14.581    9.222  -14.415 -130.851   72.260 -159.406    1606878566706
01    12.555    8.388   -9.919 -133.250   10.317  114.906    1606878566716
02    14.555    9.236  -14.428 -133.060   71.621 -162.025    1606878566716
01    12.559    8.369   -9.983 -134.072   11.302  115.060    1606878566741
02    14.520    9.271  -14.395 -136.989   70.799 -166.571    1606878566741
01    12.530    8.420  -10.054 -135.346   12.665  114.855    1606878566757
02    14.539    9.323  -14.263 -142.284   69.720 -172.444    1606878566757
01    12.500    8.486  -10.131 -137.703   14.185  114.328    1606878566767
02    14.515    9.372  -14.086 -150.779   66.266  178.231    1606878566767
01    12.448    8.568  -10.230 -140.907   15.581  113.285    1606878566792
02    14.381    9.497  -13.721 -157.901   60.782  169.730    1606878566792
01    12.341    8.746  -10.395 -146.951   17.689  110.569    1606878566808
02    14.073    9.642  -13.214 -165.771   51.864  161.324    1606878566808
01    12.129    8.995  -10.672 -154.267   19.451  106.844    1606878566818
02    13.613    9.786  -12.809 -170.161   39.330  156.759    1606878566818
01    11.864    9.282  -11.089 -160.656   21.376  103.031    1606878566829
02    13.256    9.730  -12.740 -171.070   28.511  156.202    1606878566829
01    11.765    9.524  -11.528 -167.160   25.387   98.526    1606878566843
02    13.419    9.488  -12.409 -175.280   19.727  153.118    1606878566843
01    12.115    9.801  -11.363 -175.743   32.029   91.008    1606878566869
02    12.679    9.748  -12.463 -173.789   -1.398  146.941    1606878566869
01    12.302    9.956  -11.185  178.544   33.717   85.963    1606878566884
02    12.427   10.005  -12.342 -173.962   -9.241  141.587    1606878566884
01    12.411   10.012  -11.022  175.521   32.795   83.291    1606878566894
02    12.236   10.230  -12.168 -173.049  -13.992  139.146    1606878566894
01    12.272   10.077  -11.130  175.562   30.554   83.182    1606878566920
02    12.118   10.425  -11.984 -172.392  -15.733  137.854    1606878566920
01    12.204   10.139  -11.199  175.185   30.480   82.778    1606878566929
02    12.080   10.535  -11.909 -172.317  -15.714  136.926    1606878566929
01    12.202   10.157  -11.237  175.022   31.457   83.034    1606878566946
02    12.065   10.608  -11.904 -171.875  -15.157  135.284    1606878566946
01    12.277   10.125  -11.226  175.242   32.849   83.483    1606878566971
02    12.122   10.618  -11.893 -171.370  -13.845  134.186    1606878566971
01    12.362   10.089  -11.183  176.129   33.829   83.966    1606878566987
02    12.175   10.611  -11.879 -170.831  -12.646  133.455    1606878566987
01    12.403   10.078  -11.143  177.697   33.904   84.506    1606878566997
02    12.180   10.613  -11.877 -170.018  -11.539  133.008    1606878566997
01    12.393   10.038  -11.174  179.821   33.577   85.540    1606878567022
02    12.170   10.612  -11.877 -169.413   -8.917  133.697    1606878567022
01    12.408    9.983  -11.196 -177.896   34.226   87.278    1606878567029
02    12.102   10.642  -11.977 -169.123   -4.962  136.584    1606878567029
01    12.504    9.958  -11.017 -175.415   35.578   88.984    1606878567049
02    11.685   10.682  -12.583 -168.233   -0.147  140.195    1606878567049
01    12.558    9.920  -10.750 -170.197   35.653   92.702    1606878567075
02    11.324   10.455  -13.952 -166.895    8.735  146.114    1606878567075
01    12.607    9.774  -10.332 -160.608   33.249   99.640    1606878567091
02    11.836    9.950  -14.866 -163.880   25.258  155.428    1606878567091
01    12.556    9.520  -10.122 -150.475   26.878  106.538    1606878567100
02    12.683    9.707  -15.028 -159.320   43.858  165.143    1606878567100
01    12.501    9.257  -10.106 -144.193   20.999  109.811    1606878567125
02    13.351    9.587  -14.918 -157.169   55.751  169.958    1606878567125
01    12.507    9.023  -10.125 -140.654   18.091  111.082    1606878567130
02    13.710    9.618  -14.764 -157.745   61.751  170.066    1606878567130
01    12.517    8.892  -10.128 -137.535   17.063  112.108    1606878567151
02    13.917    9.648  -14.705 -158.262   65.223  169.867    1606878567151
01    12.577    8.754  -10.096 -135.531   16.562  113.315    1606878567167
02    14.126    9.639  -14.615 -156.182   68.562  172.635    1606878567167
01    12.628    8.674  -10.027 -133.125   15.539  114.331    1606878567176
02    14.256    9.590  -14.563 -153.124   69.880  176.282    1606878567176
01    12.713    8.576   -9.928 -131.556   14.564  115.073    1606878567202
02    14.298    9.571  -14.518 -152.143   69.847  177.253    1606878567202
01    12.756    8.457   -9.917 -131.044   13.451  115.277    1606878567218
02    14.292    9.582  -14.488 -152.671   69.529  176.354    1606878567218
01    12.722    8.448   -9.931 -130.744   13.149  115.200    1606878567230
02    14.294    9.605  -14.466 -152.794   69.928  176.196    1606878567230
01    12.703    8.450   -9.937 -130.851   13.376  115.545    1606878567254
02    14.328    9.580  -14.451 -151.167   70.626  178.450    1606878567254
01    12.689    8.456   -9.945 -130.985   13.581  116.067    1606878567269
02    14.395    9.549  -14.424 -149.821   71.585 -179.502    1606878567269
01    12.683    8.460   -9.936 -131.254   13.655  116.461    1606878567279
02    14.429    9.560  -14.390 -149.532   71.880 -179.269    1606878567279
01    12.676    8.449   -9.960 -131.680   13.510  116.533    1606878567304
02    14.430    9.554  -14.397 -150.677   71.472  179.476    1606878567304
01    12.660    8.442  -10.026 -132.205   13.666  116.390    1606878567320
02    14.433    9.570  -14.340 -154.405   70.862  174.750    1606878567320
01    12.632    8.409  -10.175 -133.697   14.166  116.074    1606878567331
02    14.534    9.587  -14.036 -161.643   68.815  165.700    1606878567331
01    12.567    8.479  -10.411 -136.796   16.390  115.035    1606878567357
02    14.589    9.786  -13.182 -170.912   61.943  152.732    1606878567357
01    12.441    8.683  -10.810 -142.027   19.405  113.575    1606878567372
02    14.550    9.837  -12.161 -175.974   49.733  146.089    1606878567372
01    12.187    9.125  -11.279 -153.247   24.225  108.715    1606878567383
02    14.096    9.755  -11.769 -178.500   28.787  143.422    1606878567383
01    12.143    9.668  -11.299 -167.112   29.486   99.954    1606878567409
02    12.655    9.937  -12.251 -175.974   -2.658  143.678    1606878567409
01    12.180    9.966  -11.203 -174.233   31.733   95.140    1606878567425
02    12.283   10.378  -12.121 -176.004  -11.635  138.068    1606878567425
01    12.213   10.098  -11.162 -176.957   32.247   92.048    1606878567434
02    12.172   10.621  -11.965 -174.784  -15.242  135.251    1606878567434
01    12.259   10.134  -11.173 -178.155   32.307   89.355    1606878567449
02    12.142   10.799  -11.833 -173.201  -16.243  133.128    1606878567458
01    12.301   10.137  -11.241 -178.342   32.740   87.823    1606878567475
02    12.143   10.838  -11.831 -172.387  -16.287  132.671    1606878567475
01    12.337   10.153  -11.317 -178.483   33.754   86.780    1606878567484
02    12.179   10.896  -11.826 -171.838  -15.316  132.325    1606878567484
01    12.410   10.130  -11.382 -178.326   35.150   86.746    1606878567500
02    12.257   10.898  -11.855 -171.726  -13.311  132.967    1606878567500
01    12.494   10.090  -11.399 -177.258   36.366   87.196    1606878567510
02    12.288   10.898  -11.906 -171.354  -10.387  134.569    1606878567510
01    12.526   10.084  -11.414 -176.323   36.563   87.908    1606878567535
02    12.233   10.911  -12.015 -170.353   -5.450  136.320    1606878567535
01    12.612   10.091  -11.272 -176.806   37.276   87.233    1606878567551
02    11.868   10.842  -12.606 -168.435   -0.080  140.244    1606878567551
01    12.669   10.078  -11.031 -171.834   37.204   90.902    1606878567561
02    11.469   10.588  -13.942 -166.498    9.644  145.823    1606878567561
01    12.681   10.007  -10.761 -163.201   35.450   97.812    1606878567587
02    11.800   10.128  -15.069 -164.185   22.415  152.652    1606878567587
01    12.644    9.809  -10.588 -154.333   31.289  104.641    1606878567602
02    12.700    9.785  -15.455 -160.236   40.539  162.626    1606878567602
01    12.665    9.488  -10.437 -145.590   25.450  110.197    1606878567612
02    13.662    9.509  -15.431 -153.450   57.405  174.862    1606878567612
01    12.713    9.168  -10.336 -139.669   20.526  112.644    1606878567637
02    14.330    9.480  -15.191 -147.304   69.223 -176.757    1606878567637
01    12.760    8.881  -10.357 -136.130   17.095  113.302    1606878567653
02    14.741    9.475  -15.012 -139.356   74.904 -168.132    1606878567653
01    12.811    8.693  -10.395 -134.039   15.929  113.519    1606878567663
02    14.952    9.509  -14.928 -133.626   77.523 -162.588    1606878567663
01    12.845    8.637  -10.387 -132.918   16.202  113.975    1606878567689
02    15.126    9.494  -14.842 -130.650   78.906 -159.163    1606878567689
01    12.843    8.627  -10.377 -132.638   16.267  114.576    1606878567705
02    15.215    9.477  -14.777 -128.353   79.068 -156.280    1606878567705
01    12.851    8.625  -10.331 -132.495   16.171  115.188    1606878567715
02    15.242    9.480  -14.736 -128.352   78.736 -155.965    1606878567715
01    12.856    8.601  -10.306 -132.357   15.784  115.406    1606878567740
02    15.236    9.477  -14.722 -130.451   78.380 -157.857    1606878567740
01    12.882    8.528  -10.296 -132.216   15.446  115.437    1606878567756
02    15.243    9.467  -14.698 -132.924   78.385 -160.429    1606878567756
01    12.881    8.502  -10.328 -132.067   15.467  115.118    1606878567766
02    15.190    9.507  -14.696 -138.195   78.048 -166.253    1606878567766
01    12.875    8.527  -10.347 -132.447   16.052  114.828    1606878567791
02    15.159    9.538  -14.643 -141.641   77.688 -170.204    1606878567791
01    12.829    8.562  -10.419 -133.848   16.623  114.577    1606878567807
02    15.123    9.592  -14.519 -147.790   76.295 -177.127    1606878567807
01    12.755    8.658  -10.495 -136.882   17.869  113.904    1606878567817
02    15.053    9.651  -14.285 -157.228   71.773  172.105    1606878567817
01    12.642    8.816  -10.582 -141.075   19.241  112.805    1606878567831
02    14.841    9.872  -13.626 -166.290   64.273  161.698    1606878567842
01    12.505    8.989  -10.719 -146.625   20.640  111.308    1606878567858
02    14.645    9.972  -12.671 -174.426   52.761  153.647    1606878567858
01    12.186    9.318  -11.098 -156.251   22.150  107.455    1606878567868
02    14.143    9.959  -12.207 -179.186   33.400  149.176    1606878567868
01    11.850    9.815  -11.522 -167.978   24.654  100.564    1606878567884
02    13.504    9.990  -12.055 -179.495   13.388  148.429    1606878567884
01    12.006   10.208  -11.390 -176.441   29.432   94.689    1606878567894
02    12.747   10.307  -12.193 -177.616    0.076  147.356    1606878567894
01    12.208   10.377  -11.181 -179.597   32.098   91.841    1606878567920
02    12.561   10.471  -12.145 -177.723   -4.238  146.031    1606878567920
01    12.324   10.380  -11.066  179.915   32.469   90.859    1606878567931
02    12.430   10.573  -12.077 -177.228   -8.480  144.296    1606878567931
01    12.352   10.385  -11.012 -179.314   32.080   90.107    1606878567945
02    12.334   10.629  -11.980 -176.104  -12.042  142.482    1606878567945
01    12.320   10.374  -11.002 -178.163   31.448   89.715    1606878567970
02    12.291   10.662  -11.849 -175.001  -13.762  140.616    1606878567970
01    12.263   10.334  -11.041 -177.418   31.080   89.515    1606878567986
02    12.210   10.728  -11.779 -173.911  -14.595  138.870    1606878567986
01    12.248   10.279  -11.088 -177.213   31.659   89.402    1606878567997
02    12.181   10.746  -11.740 -173.616  -14.284  137.928    1606878567997
01    12.276   10.240  -11.090 -177.391   32.634   89.098    1606878568023
02    12.211   10.779  -11.673 -173.540  -12.553  138.463    1606878568023
01    12.333   10.206  -11.059 -177.012   33.701   89.238    1606878568031
02    12.215   10.826  -11.664 -173.006  -10.077  140.184    1606878568031
01    12.379   10.184  -11.000 -175.786   34.246   89.734    1606878568048
02    12.223   10.814  -11.671 -172.212   -6.484  143.267    1606878568048
01    12.502   10.153  -10.776 -173.437   35.032   90.714    1606878568074
02    11.976   10.764  -11.924 -170.448   -3.336  146.642    1606878568074
01    12.595   10.065  -10.426 -168.339   34.257   93.979    1606878568089
02    11.330   10.650  -12.943 -167.444    2.821  150.275    1606878568089
01    12.576    9.892  -10.075 -160.563   31.296   99.292    1606878568099
02    11.325   10.210  -14.172 -165.220   13.572  155.230    1606878568099
01    12.476    9.611  -10.001 -150.678   24.587  106.100    1606878568124
02    12.067    9.950  -14.588 -163.710   29.148  159.615    1606878568124
01    12.435    9.341  -10.016 -144.539   19.684  110.108    1606878568131
02    12.847    9.916  -14.460 -163.682   44.066  162.048    1606878568131
01    12.442    9.138  -10.077 -141.436   17.692  111.993    1606878568150
02    13.411    9.883  -14.179 -162.583   52.267  165.511    1606878568150
01    12.495    8.990  -10.110 -139.479   17.132  113.118    1606878568175
02    13.668    9.746  -14.134 -159.220   53.907  170.735    1606878568175
01    12.583    8.852  -10.142 -137.975   17.079  113.588    1606878568192
02    13.796    9.682  -14.108 -157.643   54.319  172.844    1606878568192
01    12.679    8.758  -10.163 -136.580   17.379  113.468    1606878568202
02    13.822    9.633  -14.134 -157.294   53.896  173.193    1606878568202
01    12.744    8.697  -10.196 -135.370   17.610  113.688    1606878568218
02    13.817    9.594  -14.243 -157.367   53.614  172.821    1606878568218
01    12.768    8.674  -10.241 -134.763   18.064  114.063    1606878568232
02    13.853    9.631  -14.312 -158.441   54.806  171.478    1606878568232
01    12.776    8.693  -10.279 -134.509   18.540  114.732    1606878568253
02    13.977    9.643  -14.334 -158.850   57.116  171.304    1606878568253
01    12.830    8.671  -10.297 -134.608   19.129  115.362    1606878568269
02    14.098    9.640  -14.291 -157.008   58.732  173.794    1606878568269
01    12.865    8.682  -10.307 -134.400   19.580  115.586    1606878568279
02    14.203    9.624  -14.221 -155.923   58.798  175.457    1606878568279
01    12.899    8.666  -10.340 -134.209   19.718  115.575    1606878568304
02    14.237    9.619  -14.145 -156.524   57.774  174.874    1606878568304
01    12.913    8.658  -10.403 -134.325   20.034  115.314    1606878568319
02    14.249    9.629  -14.029 -159.283   56.053  171.448    1606878568319
01    12.896    8.681  -10.485 -134.916   20.785  114.940    1606878568332
02    14.146    9.709  -13.950 -163.264   52.654  165.925    1606878568332
01    12.852    8.735  -10.596 -136.461   21.770  114.496    1606878568355
02    14.058    9.765  -13.839 -166.762   49.299  161.597    1606878568355
01    12.759    8.854  -10.776 -139.482   23.118  113.855    1606878568371
02    14.037    9.871  -13.554 -169.007   46.267  158.746    1606878568371
01    12.589    9.130  -11.032 -146.080   25.798  111.390    1606878568381
02    14.229    9.869  -12.886 -171.772   41.905  156.792    1606878568381
01    12.398    9.451  -11.461 -156.352   29.154  106.294    1606878568406
02    14.278    9.671  -12.260 -178.955   26.811  150.807    1606878568406
01    12.438    9.909  -11.429 -167.828   33.803   97.771    1606878568422
02    13.004   10.193  -12.347 -176.581   -0.992  144.185    1606878568422
01    12.430   10.194  -11.370 -172.977   35.412   94.717    1606878568432
02    12.618   10.563  -12.262 -176.969   -6.484  140.741    1606878568432
01    12.452   10.279  -11.404 -175.081   36.232   94.123    1606878568458
02    12.498   10.784  -12.168 -177.626   -8.004  139.544    1606878568458
01    12.496   10.330  -11.428 -175.432   37.414   93.797    1606878568474
02    12.510   10.880  -12.127 -178.061   -8.090  139.506    1606878568474
01    12.574   10.328  -11.425 -175.285   38.570   93.470    1606878568485
02    12.515   10.955  -12.110 -177.608   -8.201  138.988    1606878568485
01    12.660   10.292  -11.423 -174.672   39.431   93.101    1606878568500
02    12.563   10.959  -12.104 -177.038   -8.048  138.619    1606878568500
01    12.720   10.253  -11.431 -173.580   39.783   92.683    1606878568526
02    12.603   10.977  -12.067 -175.837   -7.568  137.804    1606878568526
01    12.766   10.189  -11.432 -172.559   39.961   92.414    1606878568536
02    12.600   10.939  -12.077 -174.810   -7.321  137.919    1606878568536
01    12.775   10.162  -11.419 -171.397   40.002   92.632    1606878568552
02    12.575   10.960  -12.055 -173.510   -5.396  138.851    1606878568552
01    12.791   10.124  -11.372 -170.251   40.227   93.573    1606878568562
02    12.424   10.985  -12.178 -171.887   -1.899  141.390    1606878568562
01    12.864   10.104  -11.125 -167.025   40.821   95.916    1606878568587
02    12.054   10.935  -12.815 -170.020    3.662  144.934    1606878568587
01    12.935   10.026  -10.687 -160.462   39.467  101.008    1606878568603
02    11.763   10.609  -14.192 -168.104   12.683  149.396    1606878568603
01    12.886    9.843  -10.357 -152.632   34.932  106.886    1606878568614
02    12.325   10.221  -14.917 -165.620   28.454  155.582    1606878568614
01    12.800    9.581  -10.288 -145.711   27.626  111.455    1606878568639
02    13.114    9.950  -15.037 -161.544   45.826  163.940    1606878568639
01    12.747    9.377  -10.253 -142.052   22.471  113.139    1606878568655
02    13.754    9.826  -14.903 -157.744   57.369  170.280    1606878568655
01    12.717    9.210  -10.228 -140.154   19.486  113.842    1606878568664
02    14.155    9.746  -14.738 -154.988   63.016  174.552    1606878568664
01    12.685    9.079  -10.243 -138.563   17.753  114.395    1606878568690
02    14.405    9.627  -14.633 -150.801   65.207  179.960    1606878568690
01    12.702    8.994  -10.199 -137.300   17.532  114.843    1606878568706
02    14.537    9.583  -14.563 -148.599   66.117 -177.382    1606878568706
01    12.731    8.931  -10.142 -136.732   17.237  115.149    1606878568716
02    14.589    9.560  -14.535 -148.628   66.238 -177.184    1606878568716
01    12.727    8.874  -10.126 -136.621   16.485  114.985    1606878568742
02    14.577    9.604  -14.518 -150.408   66.419 -179.457    1606878568742
01    12.692    8.837  -10.173 -136.680   15.801  115.031    1606878568758
02    14.566    9.614  -14.511 -152.661   66.493  177.985    1606878568758
01    12.635    8.860  -10.244 -137.298   15.957  114.905    1606878568768
02    14.569    9.624  -14.476 -154.055   66.613  176.099    1606878568768
01    12.595    8.871  -10.350 -139.339   16.945  114.659    1606878568784
02    14.555    9.663  -14.400 -154.952   65.955  174.232    1606878568784
01    12.552    8.936  -10.464 -141.991   18.574  114.438    1606878568794
02    14.564    9.661  -14.303 -154.745   64.328  174.120    1606878568794
01    12.501    9.070  -10.555 -144.926   20.615  113.618    1606878568819
02    14.627    9.663  -14.097 -156.559   62.239  172.447    1606878568819
01    12.453    9.186  -10.666 -148.631   21.996  112.604    1606878568835
02    14.732    9.778  -13.457 -163.380   57.592  164.936    1606878568835
01    12.393    9.341  -10.756 -153.357   23.382  110.405    1606878568845
02    14.531    9.871  -12.940 -170.373   48.387  157.078    1606878568845
01    12.244    9.585  -10.945 -159.469   24.333  107.064    1606878568870
02    14.129    9.953  -12.507 -175.424   34.147  151.102    1606878568870
01    12.056    9.852  -11.239 -165.468   25.636  103.674    1606878568886
02    13.659    9.983  -12.274 -177.477   16.955  148.165    1606878568886
01    12.008   10.136  -11.378 -170.343   28.569  100.228    1606878568896
02    12.870   10.254  -12.333 -174.844    0.012  145.947    1606878568896
01    12.183   10.244  -11.337 -173.774   31.772   98.053    1606878568921
02    12.654   10.425  -12.296 -175.584   -4.114  143.716    1606878568921
01    12.330   10.318  -11.222 -176.352   33.301   95.595    1606878568935
02    12.569   10.536  -12.216 -176.286   -7.342  142.221    1606878568935
01    12.450   10.345  -11.062 -177.452   33.233   93.489    1606878568947
02    12.518   10.616  -12.098 -176.307  -10.231  141.159    1606878568947
01    12.410   10.321  -11.116 -176.366   31.748   92.809    1606878568972
02    12.459   10.716  -11.943 -175.127  -11.666  139.890    1606878568972
01    12.396   10.279  -11.180 -175.751   31.365   92.443    1606878568988
02    12.404   10.790  -11.878 -174.402  -11.393  139.339    1606878568988
01    12.392   10.248  -11.236 -175.319   31.758   92.495    1606878568998
02    12.407   10.801  -11.848 -174.436  -10.073  139.770    1606878568998
01    12.396   10.233  -11.294 -174.893   32.566   92.789    1606878569023
02    12.459   10.786  -11.861 -174.621   -8.260  140.766    1606878569023
01    12.482   10.201  -11.274 -174.631   33.780   93.138    1606878569035
02    12.480   10.794  -11.911 -174.249   -6.237  142.284    1606878569035
01    12.567   10.167  -11.243 -174.089   34.424   93.706    1606878569049
02    12.522   10.762  -11.966 -173.866   -4.136  144.466    1606878569049
01    12.592   10.144  -11.241 -173.012   34.339   94.616    1606878569074
02    12.459   10.758  -12.074 -172.360   -1.238  146.971    1606878569074
01    12.640   10.164  -11.092 -171.829   34.504   95.203    1606878569090
02    12.037   10.709  -12.679 -169.513    2.593  149.712    1606878569090
01    12.698   10.134  -10.832 -167.799   34.044   98.289    1606878569100
02    11.602   10.284  -14.201 -166.668   10.722  153.956    1606878569100
01    12.647   10.012  -10.602 -159.725   30.800  104.703    1606878569125
02    12.005    9.779  -15.291 -162.975   25.053  159.726    1606878569125
01    12.611    9.756  -10.490 -151.474   25.507  111.338    1606878569136
02    13.184    9.558  -15.356 -158.410   45.853  166.796    1606878569136
01    12.624    9.496  -10.446 -146.626   22.067  114.224    1606878569151
02    14.195    9.480  -14.905 -151.365   61.582  176.904    1606878569151
01    12.681    9.294  -10.370 -143.053   20.438  115.068    1606878569167
02    14.630    9.376  -14.698 -144.731   65.596 -174.284    1606878569167
01    12.766    9.081  -10.300 -140.098   18.796  115.185    1606878569177
02    14.739    9.344  -14.602 -142.929   65.783 -172.226    1606878569177
01    12.812    8.925  -10.256 -137.696   17.492  114.972    1606878569202
02    14.718    9.372  -14.537 -143.776   65.504 -173.380    1606878569202
01    12.842    8.796  -10.227 -136.345   16.481  115.324    1606878569218
02    14.643    9.357  -14.542 -144.593   64.605 -174.306    1606878569218
01    12.813    8.744  -10.235 -136.157   16.071  115.449    1606878569236
02    14.590    9.359  -14.552 -145.456   64.292 -175.296    1606878569236
01    12.799    8.741  -10.212 -136.578   16.264  115.720    1606878569253
02    14.582    9.344  -14.547 -145.920   64.474 -175.545    1606878569253
01    12.785    8.719  -10.229 -137.431   16.303  116.019    1606878569269
02    14.568    9.383  -14.511 -146.855   64.778 -176.544    1606878569269
01    12.735    8.712  -10.349 -138.361   16.399  115.698    1606878569279
02    14.698    9.422  -14.273 -147.625   65.309 -177.434    1606878569279
01    12.727    8.752  -10.458 -139.955   17.951  114.843    1606878569304
02    14.691    9.547  -14.002 -153.013   62.607  176.437    1606878569304
01    12.679    8.822  -10.639 -141.792   19.380  113.918    1606878569320
02    14.629    9.631  -13.748 -158.531   57.930  170.442    1606878569320
01    12.609    8.950  -10.833 -144.915   21.505  112.720    1606878569336
02    14.460    9.728  -13.408 -163.333   51.736  165.283    1606878569336
01    12.509    9.140  -11.054 -149.584   24.022  111.096    1606878569356
02    14.236    9.863  -12.893 -168.524   43.759  160.187    1606878569356
01    12.396    9.451  -11.307 -156.382   27.494  107.958    1606878569372
02    14.135    9.772  -12.326 -175.998   31.023  154.040    1606878569372
01    12.402    9.799  -11.357 -165.623   32.014  101.589    1606878569382
02    13.279    9.912  -12.438 -178.500    7.312  149.728    1606878569382
01    12.437   10.012  -11.276 -170.651   34.353   97.988    1606878569408
02    12.822   10.286  -12.329 -177.512   -0.269  146.741    1606878569408
01    12.469   10.124  -11.201 -172.227   34.717   96.334    1606878569424
02    12.613   10.480  -12.225 -177.009   -2.656  145.577    1606878569424
01    12.486   10.134  -11.206 -172.172   34.280   96.011    1606878569436
02    12.480   10.626  -12.143 -176.077   -3.202  145.494    1606878569436
01    12.472   10.154  -11.250 -171.415   34.290   95.804    1606878569452
02    12.414   10.686  -12.140 -175.600   -3.131  145.588    1606878569452
01    12.473   10.158  -11.315 -171.142   34.565   95.704    1606878569475
02    12.383   10.707  -12.184 -175.464   -3.017  145.535    1606878569475
01    12.514   10.155  -11.335 -171.269   35.265   95.399    1606878569485
02    12.413   10.735  -12.180 -175.635   -2.347  145.384    1606878569485
01    12.565   10.157  -11.323 -171.222   36.025   95.128    1606878569501
02    12.461   10.734  -12.183 -175.799   -1.652  145.940    1606878569501
01    12.638   10.132  -11.270 -170.865   36.538   94.938    1606878569510
02    12.472   10.765  -12.161 -175.046   -1.046  146.532    1606878569510
01    12.624   10.113  -11.299 -169.435   35.988   95.415    1606878569536
02    12.411   10.777  -12.162 -173.552    0.035  147.796    1606878569536
01    12.655   10.108  -11.226 -168.793   36.455   95.106    1606878569556
02    12.140   10.757  -12.481 -170.999    3.042  149.772    1606878569556
01    12.667   10.080  -11.114 -166.761   36.258   96.356    1606878569562
02    11.747   10.526  -13.487 -168.321    9.250  152.955    1606878569562
01    12.666   10.039  -10.954 -163.770   35.378   98.731    1606878569588
02    11.911   10.188  -14.485 -166.208   18.864  156.524    1606878569588
01    12.633    9.932  -10.792 -160.306   33.602  101.666    1606878569603
02    12.634    9.904  -14.881 -163.553   34.436  161.754    1606878569603
01    12.629    9.764  -10.640 -155.882   30.850  104.882    1606878569613
02    13.459    9.725  -14.807 -159.740   49.543  168.444    1606878569613
01    12.665    9.563  -10.534 -151.498   27.837  107.330    1606878569639
02    13.916    9.663  -14.704 -156.775   57.087  172.652    1606878569639
01    12.665    9.405  -10.484 -148.141   25.073  108.511    1606878569654
02    14.152    9.700  -14.520 -155.817   60.119  174.120    1606878569654
01    12.665    9.309  -10.419 -146.431   23.540  108.920    1606878569664
02    14.226    9.666  -14.460 -154.660   59.791  175.893    1606878569664
01    12.619    9.240  -10.429 -146.087   22.071  109.475    1606878569690
02    14.273    9.618  -14.422 -153.450   59.784  177.750    1606878569690
01    12.578    9.231  -10.422 -145.952   21.511  110.144    1606878569706
02    14.302    9.562  -14.427 -152.588   59.726  179.255    1606878569706
01    12.538    9.201  -10.443 -145.799   20.714  111.202    1606878569716
02    14.353    9.543  -14.404 -152.019   60.425 -179.986    1606878569716
01    12.525    9.201  -10.428 -145.913   20.499  111.620    1606878569742
02    14.417    9.544  -14.383 -152.493   61.158  179.444    1606878569742
01    12.498    9.203  -10.460 -145.949   20.210  111.774    1606878569757
02    14.454    9.597  -14.328 -155.850   60.899  175.098    1606878569757
01    12.500    9.202  -10.496 -146.309   20.525  111.602    1606878569768
02    14.420    9.667  -14.282 -160.223   58.696  169.404    1606878569768
01    12.492    9.192  -10.575 -146.999   20.792  111.495    1606878569783
02    14.375    9.733  -14.211 -163.045   56.374  165.618    1606878569783
01    12.481    9.231  -10.649 -148.100   21.679  111.345    1606878569793
02    14.326    9.772  -14.124 -164.592   53.750  164.001    1606878569793
01    12.451    9.301  -10.736 -149.996   22.748  110.907    1606878569818
02    14.262    9.797  -14.046 -165.597   51.068  163.105    1606878569818
01    12.411    9.386  -10.840 -152.674   23.945  109.976    1606878569837
02    14.221    9.830  -13.882 -167.333   48.434  161.394    1606878569837
01    12.325    9.586  -10.997 -157.051   25.468  107.405    1606878569844
02    14.269    9.842  -13.377 -170.498   44.841  158.453    1606878569844
01    12.156    9.828  -11.249 -164.163   26.693  102.761    1606878569870
02    14.189    9.796  -12.784 -176.884   34.215  151.446    1606878569870
01    12.070   10.059  -11.436 -172.082   28.177   96.969    1606878569885
02    13.797    9.845  -12.374  179.415   16.960  144.882    1606878569885
01    12.085   10.257  -11.466 -176.343   30.203   93.522    1606878569895
02    12.811   10.419  -12.350 -175.367    1.252  141.511    1606878569895
01    12.242   10.320  -11.387 -178.474   32.907   91.962    1606878569921
02    12.553   10.557  -12.393 -174.770   -2.575  140.276    1606878569921
01    12.357   10.330  -11.346 -179.090   34.174   91.583    1606878569937
02    12.479   10.653  -12.351 -174.532   -4.991  137.290    1606878569937
01    12.431   10.379  -11.264 -179.838   34.703   90.377    1606878569947
02    12.502   10.678  -12.278 -174.454   -6.769  134.396    1606878569947
01    12.457   10.403  -11.196  179.614   34.254   89.382    1606878569973
02    12.502   10.739  -12.153 -173.776   -8.385  131.554    1606878569973
01    12.421   10.422  -11.184  179.738   33.347   88.895    1606878569989
02    12.423   10.849  -12.049 -172.719   -9.477  130.512    1606878569989
01    12.370   10.435  -11.223  179.757   32.857   88.820    1606878569997
02    12.393   10.920  -11.957 -172.622   -9.329  130.876    1606878569997
01    12.362   10.424  -11.259  179.673   33.102   89.039    1606878570023
02    12.387   10.970  -11.919 -172.801   -8.784  132.107    1606878570023
01    12.371   10.424  -11.289  179.927   33.864   89.179    1606878570037
02    12.402   11.003  -11.928 -172.945   -7.571  134.067    1606878570037
01    12.450   10.406  -11.254  179.982   34.868   89.172    1606878570048
02    12.434   10.998  -11.962 -172.963   -5.691  136.207    1606878570048
01    12.539   10.389  -11.147 -179.507   35.547   89.386    1606878570073
02    12.357   11.017  -12.041 -172.251   -2.159  138.632    1606878570073
01    12.602   10.361  -10.978 -177.712   35.433   90.493    1606878570089
02    11.957   10.961  -12.620 -170.829    2.112  142.247    1606878570089
01    12.652   10.290  -10.661 -174.037   34.477   93.138    1606878570099
02    11.557   10.739  -13.814 -169.323   10.157  146.210    1606878570099
01    12.590   10.169  -10.398 -167.689   31.792   97.716    1606878570124
02    11.855   10.431  -14.601 -168.532   22.786  150.393    1606878570124
01    12.499    9.957  -10.284 -159.023   26.500  103.715    1606878570137
02    12.592   10.248  -14.761 -168.489   39.129  153.581    1606878570137
01    12.440    9.722  -10.299 -152.655   22.217  107.316    1606878570149
02    13.325   10.117  -14.572 -167.591   52.164  157.176    1606878570149
01    12.442    9.534  -10.330 -149.282   20.602  109.001    1606878570175
02    13.727    9.999  -14.497 -164.688   57.038  162.013    1606878570175
01    12.486    9.407  -10.306 -147.282   20.057  110.228    1606878570190
02    13.962    9.923  -14.442 -161.366   59.346  166.561    1606878570190
