01    16.760    1.126   -9.530   83.149   51.496 -179.404    1600653662159
02    13.527   -1.795  -11.423 -178.193   49.778 -163.186    1600653662167
01    16.758    1.126   -9.534   83.193   51.502 -179.366    1600653662179
02    13.527   -1.798  -11.422 -178.241   49.769 -163.223    1600653662179
01    16.758    1.115   -9.532   83.145   51.555 -179.363    1600653662199
02    13.530   -1.798  -11.416 -178.258   49.803 -163.257    1600653662199
01    16.756    1.120   -9.534   83.257   51.542 -179.281    1600653662210
02    13.527   -1.805  -11.416 -178.301   49.768 -163.216    1600653662210
01    16.754    1.123   -9.539   83.339   51.583 -179.192    1600653662230
02    13.518   -1.803  -11.426 -178.381   49.670 -163.277    1600653662230
01    16.759    1.121   -9.527   83.207   51.538 -179.316    1600653662248
02    13.520   -1.795  -11.422 -178.476   49.698 -163.398    1600653662248
01    16.758    1.122   -9.524   83.200   51.493 -179.299    1600653662260
02    13.519   -1.787  -11.417 -178.567   49.714 -163.493    1600653662260
01    16.756    1.122   -9.525   83.254   51.459 -179.224    1600653662281
02    13.512   -1.776  -11.421 -178.761   49.599 -163.731    1600653662281
01    16.757    1.122   -9.517   83.227   51.435 -179.252    1600653662299
02    13.515   -1.772  -11.411 -178.939   49.678 -163.873    1600653662299
01    16.758    1.126   -9.501   83.196   51.422 -179.279    1600653662311
02    13.512   -1.761  -11.402 -179.080   49.639 -163.983    1600653662311
01    16.755    1.130   -9.490   83.172   51.397 -179.284    1600653662331
02    13.504   -1.754  -11.392 -179.187   49.599 -164.010    1600653662331
01    16.747    1.119   -9.496   83.193   51.398 -179.208    1600653662342
02    13.506   -1.744  -11.373 -179.223   49.648 -164.044    1600653662350
01    16.744    1.128   -9.500   83.269   51.377 -179.112    1600653662362
02    13.498   -1.744  -11.370 -179.240   49.596 -163.990    1600653662362
01    16.746    1.138   -9.492   83.300   51.341 -179.091    1600653662382
02    13.492   -1.729  -11.367 -179.261   49.565 -164.071    1600653662382
01    16.745    1.133   -9.493   83.329   51.358 -178.996    1600653662392
02    13.488   -1.735  -11.371 -179.263   49.533 -164.041    1600653662392
01    16.744    1.129   -9.488   83.300   51.379 -179.004    1600653662413
02    13.486   -1.735  -11.373 -179.326   49.502 -164.099    1600653662413
01    16.744    1.125   -9.489   83.407   51.357 -178.803    1600653662433
02    13.486   -1.732  -11.364 -179.517   49.509 -164.263    1600653662433
01    16.743    1.120   -9.485   83.352   51.421 -178.833    1600653662443
02    13.482   -1.728  -11.359 -179.633   49.434 -164.313    1600653662443
01    16.732    1.124   -9.502   83.628   51.407 -178.537    1600653662463
02    13.472   -1.733  -11.362 -179.887   49.245 -164.429    1600653662463
01    16.724    1.133   -9.508   83.814   51.380 -178.397    1600653662482
02    13.465   -1.730  -11.369  179.974   49.130 -164.570    1600653662482
01    16.722    1.135   -9.508   83.796   51.274 -178.381    1600653662494
02    13.465   -1.715  -11.368  179.833   49.193 -164.831    1600653662494
01    16.724    1.140   -9.503   83.678   51.190 -178.495    1600653662514
02    13.468   -1.704  -11.363  179.803   49.292 -164.884    1600653662514
01    16.722    1.147   -9.510   83.766   51.145 -178.403    1600653662532
02    13.469   -1.702  -11.363  179.805   49.246 -164.829    1600653662532
01    16.725    1.141   -9.499   83.580   51.185 -178.558    1600653662545
02    13.472   -1.700  -11.360  179.712   49.275 -164.867    1600653662545
01    16.724    1.139   -9.501   83.546   51.273 -178.606    1600653662565
02    13.470   -1.690  -11.367  179.675   49.211 -164.995    1600653662565
01    16.732    1.143   -9.488   83.428   51.262 -178.789    1600653662575
02    13.477   -1.686  -11.356  179.762   49.328 -164.948    1600653662575
01    16.738    1.151   -9.480   83.409   51.285 -178.878    1600653662593
02    13.474   -1.674  -11.366  179.565   49.229 -165.141    1600653662593
01    16.740    1.164   -9.480   83.516   51.291 -178.825    1600653662615
02    13.472   -1.668  -11.363  179.341   49.177 -165.325    1600653662615
01    16.748    1.159   -9.466   83.360   51.280 -178.964    1600653662626
02    13.488   -1.605  -11.329  178.931   49.216 -165.812    1600653662626
01    16.740    1.158   -9.483   83.507   51.254 -178.760    1600653662644
02    13.470   -1.585  -11.335  177.861   48.951 -166.499    1600653662644
01    16.738    1.154   -9.488   83.545   51.239 -178.668    1600653662666
02    13.440   -1.527  -11.348  176.962   48.520 -167.314    1600653662666
01    16.741    1.157   -9.487   83.548   51.177 -178.649    1600653662676
02    13.427   -1.529  -11.354  176.555   48.321 -167.512    1600653662676
01    16.740    1.173   -9.488   83.620   51.100 -178.593    1600653662698
02    13.425   -1.550  -11.363  176.571   48.330 -167.344    1600653662698
01    16.738    1.182   -9.489   83.666   51.041 -178.582    1600653662708
02    13.429   -1.553  -11.362  176.906   48.423 -167.174    1600653662708
01    16.740    1.181   -9.487   83.661   51.033 -178.596    1600653662730
02    13.431   -1.546  -11.380  177.198   48.401 -167.060    1600653662730
01    16.739    1.181   -9.486   83.652   51.037 -178.606    1600653662748
02    13.435   -1.549  -11.376  177.401   48.506 -166.879    1600653662748
01    16.743    1.192   -9.480   83.666   51.015 -178.656    1600653662761
02    13.440   -1.554  -11.365  177.341   48.573 -166.890    1600653662761
01    16.736    1.189   -9.488   83.739   51.049 -178.575    1600653662781
02    13.434   -1.548  -11.367  177.395   48.473 -166.908    1600653662781
01    16.738    1.178   -9.488   83.690   51.062 -178.605    1600653662799
02    13.443   -1.540  -11.355  177.465   48.623 -166.932    1600653662799
01    16.730    1.186   -9.494   83.790   51.049 -178.520    1600653662812
02    13.452   -1.539  -11.342  177.494   48.691 -166.898    1600653662812
01    16.731    1.185   -9.491   83.784   51.047 -178.541    1600653662832
02    13.435   -1.534  -11.361  177.363   48.501 -166.983    1600653662832
01    16.730    1.191   -9.495   83.829   51.035 -178.500    1600653662842
02    13.424   -1.533  -11.371  177.257   48.413 -167.056    1600653662842
01    16.733    1.190   -9.491   83.794   51.039 -178.518    1600653662862
02    13.414   -1.547  -11.378  177.163   48.353 -166.998    1600653662862
01    16.737    1.187   -9.487   83.743   51.024 -178.548    1600653662883
02    13.426   -1.545  -11.370  177.156   48.464 -167.032    1600653662883
01    16.737    1.189   -9.483   83.723   50.984 -178.559    1600653662893
02    13.427   -1.538  -11.373  177.159   48.486 -167.084    1600653662893
01    16.736    1.190   -9.482   83.738   50.974 -178.549    1600653662913
02    13.429   -1.537  -11.374  177.091   48.461 -167.145    1600653662913
01    16.733    1.198   -9.490   83.918   50.940 -178.433    1600653662932
02    13.433   -1.545  -11.367  177.075   48.511 -167.111    1600653662932
01    16.733    1.194   -9.486   83.847   50.908 -178.478    1600653662944
02    13.435   -1.542  -11.364  177.082   48.521 -167.140    1600653662944
01    16.730    1.201   -9.488   83.952   50.923 -178.423    1600653662964
02    13.433   -1.547  -11.362  177.131   48.494 -167.062    1600653662964
01    16.728    1.198   -9.487   83.922   50.902 -178.427    1600653662982
02    13.429   -1.548  -11.363  177.111   48.446 -167.075    1600653662982
01    16.723    1.196   -9.492   83.963   50.923 -178.351    1600653662995
02    13.428   -1.541  -11.361  177.054   48.442 -167.161    1600653662995
01    16.722    1.196   -9.490   83.950   50.936 -178.352    1600653663015
02    13.424   -1.537  -11.360  177.034   48.402 -167.188    1600653663015
01    16.727    1.203   -9.483   83.945   50.905 -178.382    1600653663026
02    13.423   -1.542  -11.357  177.042   48.415 -167.123    1600653663026
01    16.726    1.196   -9.485   83.931   50.924 -178.340    1600653663046
02    13.421   -1.540  -11.358  177.029   48.417 -167.134    1600653663046
01    16.726    1.198   -9.483   83.938   50.899 -178.321    1600653663065
02    13.425   -1.531  -11.352  176.980   48.455 -167.217    1600653663065
01    16.727    1.201   -9.481   83.935   50.906 -178.354    1600653663077
02    13.426   -1.524  -11.354  176.962   48.440 -167.235    1600653663077
01    16.730    1.200   -9.479   83.889   50.885 -178.355    1600653663098
02    13.427   -1.519  -11.354  176.846   48.447 -167.314    1600653663098
01    16.729    1.210   -9.477   83.925   50.837 -178.340    1600653663116
02    13.428   -1.504  -11.351  176.674   48.430 -167.506    1600653663116
01    16.728    1.225   -9.478   83.978   50.781 -178.324    1600653663128
02    13.431   -1.512  -11.345  176.623   48.429 -167.477    1600653663128
01    16.729    1.226   -9.472   83.939   50.738 -178.350    1600653663148
02    13.422   -1.504  -11.357  176.526   48.336 -167.602    1600653663148
01    16.728    1.220   -9.478   83.950   50.729 -178.300    1600653663159
02    13.422   -1.499  -11.354  176.501   48.364 -167.639    1600653663159
01    16.724    1.217   -9.487   84.019   50.723 -178.189    1600653663179
02    13.415   -1.497  -11.364  176.523   48.283 -167.616    1600653663179
01    16.727    1.212   -9.477   83.946   50.730 -178.248    1600653663199
02    13.424   -1.510  -11.350  176.559   48.389 -167.486    1600653663199
01    16.729    1.219   -9.476   83.974   50.718 -178.245    1600653663209
02    13.423   -1.514  -11.349  176.541   48.381 -167.455    1600653663209
01    16.724    1.208   -9.486   84.030   50.768 -178.116    1600653663230
02    13.412   -1.518  -11.361  176.499   48.268 -167.452    1600653663230
01    16.724    1.198   -9.486   83.999   50.780 -178.091    1600653663248
02    13.413   -1.518  -11.356  176.478   48.289 -167.469    1600653663248
01    16.727    1.194   -9.475   83.916   50.795 -178.205    1600653663260
02    13.411   -1.520  -11.354  176.452   48.259 -167.495    1600653663260
01    16.721    1.193   -9.482   83.986   50.788 -178.091    1600653663280
02    13.410   -1.519  -11.352  176.483   48.241 -167.507    1600653663280
01    16.724    1.188   -9.476   83.925   50.784 -178.136    1600653663299
02    13.414   -1.514  -11.344  176.459   48.290 -167.558    1600653663299
01    16.717    1.196   -9.482   84.030   50.755 -178.047    1600653663311
02    13.418   -1.506  -11.338  176.422   48.302 -167.625    1600653663311
01    16.723    1.200   -9.474   83.996   50.743 -178.135    1600653663331
02    13.420   -1.501  -11.339  176.392   48.307 -167.667    1600653663331
01    16.726    1.197   -9.473   83.932   50.733 -178.168    1600653663349
02    13.421   -1.495  -11.340  176.342   48.308 -167.729    1600653663350
01    16.725    1.204   -9.477   83.978   50.726 -178.156    1600653663362
02    13.428   -1.492  -11.339  176.290   48.347 -167.792    1600653663362
01    16.732    1.192   -9.470   83.839   50.734 -178.268    1600653663382
02    13.435   -1.478  -11.340  176.212   48.412 -167.969    1600653663382
01    16.733    1.187   -9.474   83.826   50.744 -178.250    1600653663392
02    13.433   -1.477  -11.351  176.253   48.385 -167.915    1600653663392
01    16.739    1.188   -9.467   83.753   50.697 -178.350    1600653663412
02    13.446   -1.496  -11.337  176.233   48.504 -167.822    1600653663412
01    16.742    1.187   -9.464   83.703   50.677 -178.399    1600653663431
02    13.440   -1.510  -11.347  176.255   48.448 -167.750    1600653663431
01    16.742    1.200   -9.463   83.737   50.625 -178.425    1600653663443
02    13.435   -1.515  -11.354  176.288   48.401 -167.685    1600653663443
01    16.740    1.201   -9.467   83.771   50.618 -178.372    1600653663463
02    13.436   -1.513  -11.356  176.297   48.407 -167.688    1600653663463
01    16.739    1.206   -9.472   83.867   50.613 -178.294    1600653663481
02    13.438   -1.502  -11.352  176.310   48.422 -167.723    1600653663481
01    16.740    1.206   -9.472   83.791   50.630 -178.355    1600653663494
02    13.440   -1.495  -11.346  176.279   48.442 -167.754    1600653663494
01    16.743    1.207   -9.466   83.745   50.611 -178.391    1600653663514
02    13.440   -1.491  -11.341  176.207   48.456 -167.822    1600653663514
01    16.739    1.214   -9.469   83.831   50.590 -178.316    1600653663532
02    13.430   -1.490  -11.351  176.141   48.354 -167.851    1600653663532
01    16.738    1.215   -9.467   83.802   50.601 -178.338    1600653663544
02    13.430   -1.489  -11.349  176.083   48.367 -167.898    1600653663544
01    16.737    1.222   -9.469   83.836   50.570 -178.327    1600653663565
02    13.432   -1.492  -11.346  176.066   48.395 -167.893    1600653663565
01    16.735    1.222   -9.471   83.875   50.560 -178.273    1600653663583
02    13.429   -1.488  -11.349  176.054   48.351 -167.915    1600653663583
01    16.738    1.221   -9.469   83.825   50.539 -178.308    1600653663595
02    13.423   -1.487  -11.354  175.918   48.277 -168.016    1600653663595
01    16.741    1.217   -9.463   83.749   50.515 -178.374    1600653663615
02    13.427   -1.487  -11.349  175.946   48.349 -168.010    1600653663615
01    16.746    1.213   -9.452   83.661   50.515 -178.457    1600653663626
02    13.429   -1.484  -11.348  176.004   48.359 -167.999    1600653663626
01    16.747    1.212   -9.453   83.664   50.514 -178.450    1600653663647
02    13.430   -1.484  -11.348  176.001   48.396 -167.983    1600653663647
01    16.750    1.212   -9.446   83.640   50.505 -178.474    1600653663665
02    13.430   -1.484  -11.349  175.959   48.381 -168.004    1600653663665
01    16.756    1.217   -9.432   83.609   50.520 -178.543    1600653663677
02    13.429   -1.480  -11.350  175.911   48.370 -168.049    1600653663677
01    16.756    1.216   -9.435   83.593   50.526 -178.536    1600653663698
02    13.428   -1.480  -11.351  175.862   48.356 -168.074    1600653663698
01    16.744    1.231   -9.450   83.719   50.486 -178.431    1600653663716
02    13.426   -1.476  -11.351  175.765   48.319 -168.180    1600653663716
01    16.748    1.252   -9.439   83.756   50.441 -178.465    1600653663728
02    13.423   -1.467  -11.351  175.770   48.285 -168.205    1600653663728
01    16.748    1.249   -9.441   83.746   50.413 -178.442    1600653663749
02    13.425   -1.466  -11.348  175.774   48.323 -168.192    1600653663749
01    16.746    1.254   -9.437   83.793   50.310 -178.435    1600653663759
02    13.429   -1.472  -11.344  175.769   48.352 -168.153    1600653663759
01    16.745    1.255   -9.444   83.856   50.302 -178.380    1600653663779
02    13.431   -1.469  -11.343  175.755   48.343 -168.180    1600653663779
01    16.746    1.243   -9.443   83.777   50.325 -178.407    1600653663798
02    13.432   -1.474  -11.340  175.776   48.359 -168.140    1600653663798
01    16.745    1.230   -9.445   83.725   50.353 -178.394    1600653663810
02    13.433   -1.471  -11.338  175.769   48.356 -168.170    1600653663810
01    16.739    1.232   -9.457   83.849   50.375 -178.270    1600653663832
02    13.432   -1.465  -11.339  175.771   48.348 -168.196    1600653663832
01    16.739    1.232   -9.457   83.858   50.408 -178.285    1600653663842
02    13.432   -1.470  -11.336  175.748   48.361 -168.177    1600653663842
01    16.737    1.240   -9.459   83.933   50.386 -178.213    1600653663862
02    13.427   -1.469  -11.337  175.733   48.335 -168.185    1600653663862
01    16.736    1.231   -9.456   83.882   50.406 -178.219    1600653663882
02    13.421   -1.465  -11.341  175.713   48.286 -168.222    1600653663882
01    16.741    1.229   -9.446   83.766   50.416 -178.327    1600653663893
02    13.418   -1.468  -11.344  175.690   48.260 -168.212    1600653663893
01    16.741    1.229   -9.451   83.813   50.409 -178.265    1600653663913
02    13.415   -1.461  -11.347  175.660   48.225 -168.262    1600653663913
01    16.740    1.231   -9.451   83.788   50.383 -178.292    1600653663931
02    13.417   -1.455  -11.347  175.662   48.252 -168.286    1600653663931
01    16.743    1.232   -9.448   83.762   50.364 -178.319    1600653663943
02    13.416   -1.457  -11.351  175.641   48.251 -168.297    1600653663943
01    16.747    1.226   -9.444   83.712   50.367 -178.350    1600653663964
02    13.419   -1.465  -11.348  175.676   48.294 -168.205    1600653663964
01    16.747    1.231   -9.443   83.731   50.343 -178.350    1600653663982
02    13.423   -1.459  -11.345  175.644   48.332 -168.253    1600653663982
01    16.750    1.224   -9.435   83.611   50.321 -178.445    1600653663994
02    13.419   -1.454  -11.348  175.607   48.306 -168.302    1600653663994
01    16.746    1.226   -9.440   83.675   50.314 -178.367    1600653664014
02    13.416   -1.449  -11.351  175.593   48.266 -168.323    1600653664014
01    16.745    1.228   -9.442   83.724   50.301 -178.302    1600653664033
02    13.411   -1.451  -11.355  175.564   48.236 -168.329    1600653664033
01    16.749    1.227   -9.433   83.630   50.285 -178.401    1600653664045
02    13.415   -1.453  -11.351  175.656   48.279 -168.265    1600653664045
01    16.751    1.220   -9.432   83.503   50.319 -178.503    1600653664066
02    13.413   -1.461  -11.356  175.809   48.289 -168.119    1600653664066
01    16.756    1.222   -9.439   83.286   50.378 -178.737    1600653664076
02    13.418   -1.474  -11.364  176.214   48.466 -167.702    1600653664076
01    16.769    1.209   -9.449   82.098   50.666 -179.861    1600653664096
02    13.433   -1.483  -11.371  176.906   48.829 -167.183    1600653664096
01    16.795    1.196   -9.480   80.837   51.216  178.843    1600653664114
02    13.467   -1.562  -11.378  177.681   49.245 -166.090    1600653664114
01    16.840    1.149   -9.520   79.085   51.765  177.204    1600653664127
02    13.507   -1.612  -11.377  178.534   49.723 -165.240    1600653664127
01    16.889    1.092   -9.559   77.097   52.116  175.214    1600653664147
02    13.530   -1.644  -11.388  178.867   49.891 -164.835    1600653664147
01    16.871    0.986   -9.610   75.286   53.090  173.194    1600653664165
02    13.534   -1.585  -11.476  176.680   50.000 -166.744    1600653664165
01    16.800    0.801   -9.569   75.373   54.155  171.882    1600653664177
02    13.624   -1.295  -11.518  167.484   50.773 -175.528    1600653664177
01    16.626    0.612   -9.537   79.974   55.316  173.176    1600653664198
02    13.834   -0.836  -11.409  146.056   48.811  164.875    1600653664198
01    16.363    0.357   -9.463   88.766   56.760  177.536    1600653664216
02    14.148   -0.438  -11.101  126.033   41.038  148.023    1600653664216
01    16.103    0.272   -9.507  102.126   58.330 -174.891    1600653664228
02    14.415   -0.160  -10.780  113.931   30.491  138.206    1600653664228
01    15.900    0.309   -9.681  116.669   59.379 -166.032    1600653664248
02    14.530   -0.219  -10.698  107.581   22.860  134.787    1600653664248
01    15.794    0.295   -9.870  123.592   59.810 -161.330    1600653664258
02    14.610   -0.211  -10.711  107.315   21.276  133.993    1600653664258
01    15.799    0.249   -9.975  124.660   60.794 -159.898    1600653664279
02    14.658   -0.224  -10.757  106.723   21.300  134.051    1600653664279
01    15.851    0.199  -10.026  123.978   61.886 -159.272    1600653664299
02    14.681   -0.324  -10.826  105.476   22.431  134.465    1600653664299
01    15.890    0.153  -10.111  122.627   62.491 -158.651    1600653664309
02    14.634   -0.541  -10.947  105.254   25.468  135.490    1600653664309
01    15.955    0.196  -10.204  118.384   62.264 -160.797    1600653664330
02    14.491   -0.879  -11.118  109.934   32.707  139.964    1600653664330
01    16.081    0.346  -10.263  109.823   61.154 -167.227    1600653664348
02    14.307   -1.328  -11.248  121.164   42.617  149.694    1600653664348
01    16.307    0.508  -10.204   98.243   59.860 -176.371    1600653664360
02    14.132   -1.722  -11.282  138.054   49.877  164.629    1600653664360
01    16.549    0.533  -10.089   86.759   58.583  175.296    1600653664380
02    13.918   -2.073  -11.298  155.251   52.217 -179.729    1600653664380
01    16.745    0.459   -9.977   77.549   58.087  169.136    1600653664399
02    13.719   -2.318  -11.371  167.618   51.806 -168.409    1600653664399
01    16.880    0.384   -9.925   71.169   58.344  165.190    1600653664411
02    13.631   -2.379  -11.448  172.912   51.306 -164.054    1600653664411
01    16.975    0.269   -9.901   66.288   59.174  162.204    1600653664431
02    13.640   -2.288  -11.478  172.904   51.769 -164.858    1600653664431
01    17.038    0.170   -9.891   63.121   60.250  160.081    1600653664449
02    13.713   -2.089  -11.446  168.968   52.573 -169.170    1600653664449
01    17.047    0.114   -9.890   62.267   61.016  159.497    1600653664462
02    13.799   -1.805  -11.348  161.623   52.593 -176.118    1600653664462
01    16.985    0.063   -9.896   63.938   62.005  160.720    1600653664482
02    13.835   -1.507  -11.293  153.118   50.899  176.596    1600653664482
01    16.857   -0.005   -9.854   69.178   63.092  164.705    1600653664492
02    13.895   -1.180  -11.271  142.795   48.002  167.784    1600653664492
01    16.684   -0.132   -9.730   78.587   64.106  171.852    1600653664512
02    14.074   -0.848  -11.148  130.141   43.553  156.662    1600653664512
01    16.439   -0.216   -9.678   92.877   64.469 -177.400    1600653664533
02    14.346   -0.607  -10.866  115.555   35.485  144.171    1600653664533
01    16.146   -0.214   -9.764  107.917   63.869 -166.934    1600653664543
02    14.402   -0.682  -10.794  108.592   28.314  139.080    1600653664543
01    15.911   -0.156   -9.865  120.349   62.660 -160.089    1600653664563
02    14.467   -0.684  -10.726  108.015   25.040  135.880    1600653664563
01    15.780   -0.080   -9.924  125.285   61.436 -158.905    1600653664581
02    14.532   -0.637  -10.692  108.729   23.249  134.229    1600653664581
01    15.753   -0.016   -9.933  125.440   60.694 -160.256    1600653664594
02    14.595   -0.533  -10.679  108.922   21.787  133.103    1600653664594
01    15.760    0.048   -9.948  124.709   60.186 -161.013    1600653664614
02    14.661   -0.396  -10.665  108.163   20.329  132.478    1600653664614
01    15.786    0.062   -9.957  123.686   60.003 -161.094    1600653664632
02    14.714   -0.313  -10.650  106.754   19.411  132.761    1600653664632
01    15.825    0.090   -9.957  123.146   60.032 -160.829    1600653664644
02    14.754   -0.231  -10.636  105.398   18.504  133.323    1600653664644
01    15.863    0.092   -9.972  123.422   60.325 -159.633    1600653664664
02    14.749   -0.177  -10.702  104.223   17.881  134.332    1600653664664
01    15.910    0.087   -9.990  124.313   60.827 -158.222    1600653664683
02    14.749   -0.239  -10.806  103.383   18.699  134.900    1600653664683
01    15.909    0.195  -10.164  124.729   60.262 -157.500    1600653664695
02    14.668   -0.479  -11.035  105.163   23.395  136.839    1600653664695
01    16.064    0.663  -10.441  117.798   59.351 -163.860    1600653664715
02    14.497   -1.025  -11.327  112.869   33.854  143.135    1600653664715
01    16.596    0.923  -10.164  100.929   57.995 -178.195    1600653664725
02    14.269   -1.842  -11.740  132.230   47.288  158.435    1600653664725
01    17.108    0.849   -9.815   76.075   53.690  163.650    1600653664746
02    14.324   -2.413  -11.947  160.739   57.516 -178.503    1600653664746
01    17.452    0.667   -9.649   59.834   50.362  154.158    1600653664766
02    14.505   -2.489  -11.788  178.970   61.551 -162.839    1600653664766
01    17.717    0.439   -9.554   49.370   49.200  148.886    1600653664776
02    14.501   -2.432  -11.683 -172.960   60.915 -154.749    1600653664776
01    17.948    0.304   -9.466   43.157   48.472  145.465    1600653664796
02    14.424   -2.441  -11.639 -169.043   59.005 -150.013    1600653664796
01    18.068    0.221   -9.435   40.193   47.911  144.267    1600653664815
02    14.373   -2.540  -11.599 -164.756   57.144 -145.289    1600653664815
01    18.159    0.287   -9.347   39.767   46.594  144.067    1600653664827
02    14.344   -2.596  -11.572 -160.139   55.358 -141.255    1600653664827
01    18.160    0.374   -9.321   40.976   45.898  145.141    1600653664847
02    14.326   -2.610  -11.592 -157.834   54.304 -139.660    1600653664847
01    18.097    0.459   -9.371   42.950   46.004  146.723    1600653664866
02    14.332   -2.576  -11.653 -157.900   54.672 -140.277    1600653664866
01    17.943    0.483   -9.473   46.241   47.292  148.978    1600653664878
02    14.369   -2.383  -11.758 -162.867   57.254 -146.062    1600653664878
01    17.681    0.482   -9.557   53.071   49.698  152.815    1600653664898
02    14.494   -1.913  -11.742  179.647   61.558 -164.923    1600653664898
01    17.378    0.361   -9.588   62.754   53.314  157.720    1600653664916
02    14.721   -1.211  -11.411  145.969   59.333  161.492    1600653664916
01    17.064    0.235   -9.580   75.340   57.311  164.441    1600653664929
02    15.048   -0.445  -10.642  119.760   44.614  137.576    1600653664929
01    16.710    0.127   -9.728   90.190   60.436  173.700    1600653664949
02    14.801   -0.240  -10.822  112.831   29.100  134.798    1600653664949
01    16.434    0.277   -9.860  103.242   61.122  179.952    1600653664959
02    14.820   -0.134  -10.748  111.400   22.550  131.922    1600653664959
01    16.297    0.381   -9.925  108.211   60.608 -178.069    1600653664979
02    14.846   -0.000  -10.726  111.534   19.553  130.250    1600653664979
01    16.254    0.461   -9.939  109.007   59.836 -177.562    1600653664998
02    14.870    0.164  -10.716  110.970   17.640  129.287    1600653665000
01    16.264    0.533   -9.950  108.102   59.247 -177.166    1600653665010
02    14.912    0.361  -10.721  109.299   16.338  128.634    1600653665010
01    16.309    0.553   -9.976  106.904   59.415 -175.866    1600653665030
02    14.947    0.438  -10.854  107.231   16.975  129.773    1600653665030
01    16.371    0.638  -10.101  104.616   59.385 -175.991    1600653665048
02    14.917    0.059  -11.092  106.630   23.253  131.936    1600653665048
01    16.577    0.853  -10.125   95.585   57.827  176.861    1600653665060
02    14.758   -0.459  -11.392  112.790   34.038  138.179    1600653665060
01    16.953    1.006   -9.915   80.515   53.986  165.129    1600653665081
02    14.575   -1.082  -11.617  126.540   46.064  150.733    1600653665081
01    17.284    1.002   -9.698   68.116   49.486  157.319    1600653665099
02    14.422   -1.618  -11.745  148.918   54.374  170.704    1600653665099
01    17.579    0.953   -9.519   59.757   45.929  153.555    1600653665111
02    14.341   -2.066  -11.868  171.564   57.267 -168.830    1600653665111
01    17.760    0.910   -9.418   54.717   43.744  152.412    1600653665132
02    14.392   -2.197  -11.823 -172.880   58.280 -155.295    1600653665132
01    17.792    0.891   -9.393   53.393   43.259  153.066    1600653665142
02    14.386   -2.099  -11.827 -169.201   58.245 -152.463    1600653665142
01    17.653    0.892   -9.429   56.415   44.375  155.900    1600653665162
02    14.371   -1.852  -11.867 -177.016   59.239 -160.190    1600653665162
01    17.407    0.783   -9.404   63.538   46.477  160.667    1600653665182
02    14.456   -1.338  -11.758  162.711   59.825  179.082    1600653665182
01    17.091    0.673   -9.383   74.492   49.001  167.173    1600653665193
02    14.612   -0.795  -11.400  135.953   53.433  153.486    1600653665193
01    16.769    0.711   -9.428   87.160   51.721  174.218    1600653665213
02    14.867   -0.253  -10.764  117.064   38.652  136.507    1600653665213
01    16.463    0.710   -9.625   98.090   53.608 -179.215    1600653665232
02    14.769    0.048  -10.763  111.979   26.925  134.213    1600653665232
01    16.304    0.770   -9.715  104.350   54.589 -176.543    1600653665244
02    14.779    0.248  -10.712  109.945   21.278  132.242    1600653665244
01    16.216    0.808   -9.756  107.634   55.115 -175.212    1600653665264
02    14.808    0.390  -10.682  108.815   17.908  130.706    1600653665264
01    16.182    0.843   -9.772  109.072   55.262 -174.102    1600653665282
02    14.830    0.542  -10.685  107.846   15.774  129.520    1600653665282
01    16.204    0.824   -9.752  109.455   55.719 -172.707    1600653665295
02    14.864    0.659  -10.725  106.791   15.346  129.268    1600653665295
01    16.171    0.877   -9.886  111.282   55.667 -169.770    1600653665315
02    14.847    0.481  -10.926  106.310   18.836  130.460    1600653665315
01    16.214    0.992  -10.026  109.429   55.439 -170.376    1600653665325
02    14.760    0.051  -11.184  108.719   26.493  133.632    1600653665325
01    16.408    1.123  -10.038  101.812   54.699 -176.271    1600653665345
02    14.627   -0.496  -11.433  115.608   36.796  140.118    1600653665345
01    16.706    1.183   -9.907   90.761   53.215  175.253    1600653665366
02    14.503   -1.107  -11.626  128.186   47.305  151.401    1600653665366
01    16.991    1.165   -9.746   80.600   51.178  168.164    1600653665376
02    14.434   -1.730  -11.786  149.204   56.083  170.112    1600653665376
01    17.328    1.136   -9.564   70.222   48.104  161.881    1600653665396
02    14.495   -2.170  -11.787  176.933   60.480 -165.190    1600653665396
01    17.591    1.034   -9.430   62.156   45.628  158.008    1600653665414
02    14.539   -2.329  -11.695 -164.679   59.525 -148.419    1600653665414
01    17.755    0.974   -9.380   57.733   44.301  156.557    1600653665427
02    14.497   -2.344  -11.690 -159.026   57.467 -143.203    1600653665427
01    17.806    0.943   -9.390   56.018   43.891  156.417    1600653665447
02    14.452   -2.302  -11.680 -159.462   56.680 -143.344    1600653665447
01    17.748    0.936   -9.455   56.965   44.397  157.367    1600653665465
02    14.375   -2.165  -11.756 -164.294   56.444 -147.890    1600653665465
01    17.551    0.848   -9.575   60.739   46.806  159.519    1600653665477
02    14.372   -1.820  -11.827 -177.666   58.350 -161.182    1600653665477
01    17.299    0.685   -9.656   66.832   50.359  162.035    1600653665498
02    14.534   -1.244  -11.626  154.269   58.267  171.213    1600653665498
01    17.036    0.516   -9.665   75.333   54.202  165.890    1600653665516
02    14.740   -0.753  -11.202  126.122   47.571  145.765    1600653665516
01    16.747    0.510   -9.735   87.161   56.960  172.386    1600653665528
02    14.723   -0.578  -11.065  111.648   31.772  137.390    1600653665528
01    16.522    0.503   -9.792   96.549   58.402  176.854    1600653665548
02    14.774   -0.323  -10.868  108.791   23.771  132.739    1600653665548
01    16.346    0.565   -9.847  103.668   58.330 -179.835    1600653665559
02    14.796   -0.064  -10.748  108.836   18.845  129.796    1600653665559
01    16.231    0.599   -9.879  107.553   58.162 -177.963    1600653665579
02    14.822    0.149  -10.667  109.208   16.181  127.754    1600653665579
01    16.187    0.600   -9.871  109.379   58.348 -176.481    1600653665599
02    14.864    0.330  -10.594  109.142   14.872  126.791    1600653665599
01    16.166    0.566   -9.887  111.230   59.034 -173.706    1600653665609
02    14.868    0.483  -10.687  108.661   14.815  127.562    1600653665609
01    16.159    0.545   -9.971  113.429   59.871 -169.885    1600653665630
02    14.876    0.320  -10.898  106.787   17.119  129.301    1600653665630
01    16.175    0.639  -10.160  112.833   59.986 -168.614    1600653665648
02    14.808   -0.167  -11.141  106.857   23.439  131.966    1600653665648
01    16.392    0.932  -10.216  103.516   58.503 -175.825    1600653665660
02    14.598   -0.781  -11.405  113.193   33.908  138.863    1600653665660
01    16.830    1.076   -9.958   86.459   55.012  171.233    1600653665680
02    14.417   -1.406  -11.481  127.795   45.688  151.933    1600653665680
01    17.183    1.024   -9.736   72.851   51.167  162.656    1600653665698
02    14.247   -1.826  -11.511  155.759   53.587  176.667    1600653665698
01    17.487    0.939   -9.557   61.061   47.300  156.714    1600653665711
02    14.072   -2.127  -11.584 -177.706   52.995 -159.227    1600653665711
01    17.679    0.832   -9.482   54.245   45.522  154.252    1600653665731
02    14.011   -2.231  -11.596 -166.777   51.638 -149.075    1600653665731
01    17.783    0.768   -9.451   51.052   44.896  153.376    1600653665749
02    14.000   -2.243  -11.612 -164.429   51.529 -146.373    1600653665749
01    17.835    0.796   -9.428   50.448   44.449  153.183    1600653665762
02    14.013   -2.177  -11.651 -165.984   52.404 -147.684    1600653665762
01    17.834    0.817   -9.421   51.016   44.445  153.362    1600653665782
02    14.041   -1.962  -11.746 -171.350   54.145 -153.186    1600653665782
01    17.728    0.815   -9.463   53.670   45.407  154.912    1600653665792
02    14.152   -1.475  -11.769  173.199   56.706 -168.727    1600653665792
01    17.516    0.759   -9.511   59.418   47.471  158.255    1600653665812
02    14.392   -0.838  -11.516  145.442   54.757  164.571    1600653665812
01    17.253    0.548   -9.423   68.393   50.490  163.280    1600653665833
02    14.632   -0.339  -11.109  121.860   43.234  143.460    1600653665833
01    16.900    0.571   -9.427   83.977   52.830  171.685    1600653665843
02    14.730   -0.292  -10.815  108.846   29.823  134.760    1600653665843
01    16.536    0.628   -9.584   98.306   54.038  179.445    1600653665864
02    14.731   -0.078  -10.656  107.547   21.246  131.435    1600653665864
01    16.211    0.747   -9.726  108.881   53.999 -175.850    1600653665882
02    14.698    0.136  -10.610  108.995   16.640  129.519    1600653665882
01    16.062    0.851   -9.781  112.916   53.888 -174.514    1600653665894
02    14.712    0.364  -10.579  109.927   14.120  127.754    1600653665894
01    16.018    0.883   -9.835  113.496   53.999 -173.528    1600653665914
02    14.768    0.573  -10.535  109.419   12.560  126.851    1600653665914
01    16.040    0.878   -9.876  112.393   54.398 -172.631    1600653665933
02    14.839    0.718  -10.502  107.325   11.429  127.043    1600653665933
01    16.111    0.845   -9.892  110.314   55.028 -172.100    1600653665945
02    14.896    0.738  -10.511  104.306   10.790  128.152    1600653665945
01    16.183    0.796   -9.931  108.814   55.844 -171.178    1600653665965
02    14.878    0.602  -10.633  101.944   11.797  130.092    1600653665965
01    16.237    0.896  -10.077  106.987   55.695 -171.516    1600653665975
02    14.733    0.245  -10.889  102.635   16.934  133.135    1600653665975
01    16.464    1.086  -10.076   98.974   54.579 -177.960    1600653665996
02    14.505   -0.262  -11.210  108.922   26.827  138.795    1600653665996
01    16.818    1.227   -9.896   86.720   51.901  172.527    1600653666014
02    14.267   -0.833  -11.567  122.178   38.612  148.834    1600653666014
01    17.179    1.185   -9.677   73.994   48.474  164.185    1600653666026
02    14.151   -1.423  -11.910  144.103   50.053  165.978    1600653666026
01    17.571    1.080   -9.425   61.626   44.323  157.382    1600653666047
02    14.295   -1.695  -11.902  166.788   57.605 -175.553    1600653666047
01    17.838    1.016   -9.292   54.650   41.696  155.011    1600653666065
02    14.367   -1.764  -11.760 -176.991   58.957 -160.788    1600653666065
01    18.028    0.963   -9.196   50.718   40.072  154.381    1600653666077
02    14.324   -1.810  -11.682 -169.259   56.828 -152.781    1600653666077
01    18.127    0.992   -9.135   49.114   39.034  154.496    1600653666098
02    14.251   -1.896  -11.658 -164.371   54.259 -147.569    1600653666098
01    18.163    1.083   -9.094   48.742   37.939  154.903    1600653666116
02    14.209   -1.992  -11.613 -159.038   52.105 -142.734    1600653666116
01    18.220    1.183   -8.969   48.365   36.363  154.883    1600653666128
02    14.190   -2.013  -11.567 -154.682   50.406 -139.904    1600653666128
01    18.265    1.227   -8.854   47.597   34.822  154.761    1600653666148
02    14.176   -1.994  -11.520 -152.102   49.146 -138.539    1600653666148
01    18.284    1.303   -8.829   47.457   33.973  155.165    1600653666159
02    14.141   -1.949  -11.510 -151.304   47.859 -138.509    1600653666159
01    18.256    1.332   -8.855   47.621   34.027  155.749    1600653666179
02    14.097   -1.880  -11.559 -152.770   47.872 -139.910    1600653666179
01    18.128    1.347   -8.950   49.322   35.259  156.893    1600653666199
02    14.077   -1.717  -11.675 -158.897   50.490 -145.389    1600653666199
01    17.834    1.296   -9.107   55.182   38.304  159.651    1600653666209
02    14.156   -1.315  -11.704 -177.487   56.057 -163.588    1600653666209
01    17.469    1.016   -9.152   64.828   42.485  163.837    1600653666230
02    14.485   -0.461  -11.265  147.179   54.496  162.790    1600653666230
01    17.087    0.810   -9.117   78.652   46.834  170.138    1600653666248
02    14.713    0.109  -10.678  122.600   39.462  142.393    1600653666248
01    16.549    0.962   -9.361  101.919   50.066 -177.702    1600653666260
02    14.683    0.353  -10.538  110.964   20.609  135.069    1600653666260
01    16.131    1.114   -9.614  115.090   51.076 -171.397    1600653666280
02    14.670    0.580  -10.520  110.968   14.357  132.172    1600653666280
01    15.973    1.173   -9.754  117.678   51.427 -169.698    1600653666299
02    14.692    0.792  -10.533  111.086   12.106  130.657    1600653666299
01    15.978    1.186   -9.824  116.158   51.978 -169.104    1600653666311
02    14.761    0.918  -10.527  109.278   11.193  130.470    1600653666311
01    16.032    1.078   -9.891  113.732   52.790 -167.937    1600653666332
02    14.811    0.937  -10.557  106.320   10.927  131.544    1600653666332
01    16.115    0.929   -9.917  111.723   54.084 -167.043    1600653666342
02    14.858    0.823  -10.630  102.972   11.322  132.584    1600653666342
01    16.189    0.883  -10.004  110.639   54.796 -166.410    1600653666362
02    14.855    0.629  -10.796  100.767   13.103  133.033    1600653666362
01    16.276    1.148  -10.191  106.916   53.505 -169.423    1600653666382
02    14.693    0.203  -11.118  102.486   19.605  135.017    1600653666382
01    16.668    1.512  -10.004   92.269   49.573  178.366    1600653666393
02    14.359   -0.500  -11.678  114.353   33.601  142.191    1600653666393
01    17.115    1.519   -9.639   75.943   44.518  167.359    1600653666413
02    14.341   -1.079  -11.949  134.857   49.156  154.507    1600653666413
01    17.449    1.415   -9.387   65.454   40.894  161.926    1600653666431
02    14.413   -1.324  -11.875  156.686   57.968  171.837    1600653666431
01    17.713    1.287   -9.234   56.811   38.674  158.801    1600653666444
02    14.336   -1.584  -11.850 -177.025   59.019 -163.740    1600653666444
01    17.886    1.180   -9.188   51.397   38.122  157.493    1600653666464
02    14.321   -1.649  -11.730 -163.323   57.408 -150.933    1600653666464
01    17.959    1.131   -9.198   49.135   38.537  157.141    1600653666482
02    14.234   -1.767  -11.702 -157.705   54.379 -144.630    1600653666482
01    17.964    1.102   -9.221   48.886   39.363  157.122    1600653666494
02    14.167   -1.815  -11.765 -156.595   53.267 -143.324    1600653666494
01    17.861    1.095   -9.279   51.797   40.809  158.485    1600653666515
02    14.190   -1.663  -11.843 -163.555   55.894 -149.796    1600653666515
01    17.652    0.966   -9.332   57.905   43.433  161.345    1600653666533
02    14.321   -1.228  -11.819  175.240   59.967 -170.901    1600653666533
01    17.396    0.772   -9.277   67.648   46.358  165.996    1600653666545
02    14.563   -0.683  -11.497  140.713   56.297  155.952    1600653666545
01    17.094    0.626   -9.214   80.848   49.263  173.114    1600653666565
02    14.763   -0.280  -11.040  118.738   41.899  137.500    1600653666565
01    16.696    0.717   -9.380   97.959   50.661 -176.540    1600653666575
02    14.693    0.012  -10.911  111.602   27.756  134.696    1600653666575
01    16.281    0.803   -9.588  111.801   51.753 -168.807    1600653666596
02    14.696    0.192  -10.745  109.817   21.638  132.782    1600653666596
01    15.989    0.862   -9.765  118.859   52.155 -164.628    1600653666616
02    14.659    0.365  -10.706  109.627   18.174  132.335    1600653666616
01    15.860    0.837   -9.865  120.892   53.098 -162.605    1600653666626
02    14.677    0.452  -10.652  108.499   16.323  132.206    1600653666626
01    15.848    0.729   -9.876  120.952   54.526 -161.293    1600653666647
02    14.693    0.432  -10.615  106.448   15.340  132.938    1600653666647
01    15.837    0.617   -9.904  121.567   55.576 -159.269    1600653666665
02    14.685    0.391  -10.591  104.454   14.708  134.392    1600653666665
01    15.816    0.567   -9.975  122.633   55.912 -157.069    1600653666677
02    14.636    0.387  -10.648  102.871   14.161  136.247    1600653666677
01    15.780    0.663  -10.189  122.569   55.256 -156.144    1600653666697
02    14.554    0.251  -10.845  101.091   15.120  137.431    1600653666697
01    15.897    0.986  -10.386  115.693   54.169 -161.713    1600653666716
02    14.345   -0.148  -11.261  102.679   20.942  139.327    1600653666716
01    16.408    1.286  -10.095   97.600   51.713 -176.121    1600653666728
02    14.179   -0.928  -11.692  112.085   34.372  144.023    1600653666728
01    16.950    1.272   -9.661   78.956   47.402  171.282    1600653666749
02    14.283   -1.480  -11.736  130.744   50.265  155.576    1600653666749
01    17.337    1.156   -9.389   63.046   42.130  162.796    1600653666759
02    14.309   -1.719  -11.605  166.801   59.516 -174.176    1600653666759
01    17.675    1.042   -9.206   53.292   38.803  158.698    1600653666779
02    14.205   -1.931  -11.512 -165.829   55.662 -148.980    1600653666779
01    17.888    0.987   -9.134   48.324   37.690  156.793    1600653666798
02    14.116   -2.034  -11.485 -156.313   51.422 -140.249    1600653666798
01    18.013    0.986   -9.080   46.784   37.395  156.035    1600653666810
02    14.083   -2.114  -11.476 -152.511   49.190 -136.717    1600653666810
01    18.106    1.008   -9.006   46.924   37.155  155.947    1600653666830
02    14.063   -2.186  -11.538 -150.849   47.918 -134.846    1600653666830
01    18.151    1.030   -8.962   47.602   36.846  156.726    1600653666849
02    14.124   -2.182  -11.578 -150.415   48.983 -134.189    1600653666849
01    18.171    1.101   -8.922   49.199   36.348  158.121    1600653666861
02    14.204   -2.080  -11.603 -151.487   50.806 -135.068    1600653666861
01    18.144    1.153   -8.908   51.262   36.163  159.853    1600653666881
02    14.246   -1.865  -11.722 -155.955   53.302 -139.515    1600653666881
01    17.976    1.176   -8.973   55.267   36.835  162.755    1600653666899
02    14.327   -1.367  -11.782 -169.466   57.839 -153.229    1600653666899
01    17.660    1.118   -9.077   62.300   38.674  166.289    1600653666912
02    14.516   -0.602  -11.547  158.779   59.393  174.702    1600653666912
01    17.289    0.964   -9.155   71.301   41.878  169.634    1600653666932
02    14.849    0.123  -10.800  125.539   47.450  143.959    1600653666932
01    16.908    1.056   -9.258   84.421   45.469  174.704    1600653666942
02    14.809    0.299  -10.463  107.639   22.755  136.710    1600653666942
01    16.539    1.166   -9.427   98.055   49.149  179.257    1600653666963
02    14.800    0.624  -10.240  105.479   11.703  133.984    1600653666963
01    16.281    1.192   -9.537  105.162   51.161 -177.923    1600653666982
02    14.734    0.852  -10.200  106.422    7.166  133.616    1600653666982
01    16.106    1.227   -9.587  108.621   51.377 -175.805    1600653666994
02    14.656    0.987  -10.188  106.866    4.973  133.587    1600653666994
01    16.016    1.272   -9.600  110.046   51.029 -174.026    1600653667014
02    14.584    1.125  -10.193  106.566    3.521  133.843    1600653667014
01    15.961    1.295   -9.671  110.466   50.631 -172.213    1600653667033
02    14.554    1.292  -10.222  105.441    2.483  133.927    1600653667033
01    16.002    1.270   -9.690  109.259   50.805 -171.452    1600653667045
02    14.549    1.365  -10.392  103.839    3.445  134.700    1600653667045
01    16.034    1.392   -9.841  108.257   50.783 -171.255    1600653667065
02    14.524    1.023  -10.703  103.083    9.402  135.360    1600653667065
01    16.245    1.659   -9.920  101.740   49.883 -176.124    1600653667075
02    14.377    0.545  -11.140  108.683   20.866  138.220    1600653667075
01    16.748    1.833   -9.598   87.660   46.768  173.298    1600653667095
02    14.220   -0.121  -11.541  120.728   35.715  145.789    1600653667095
01    17.271    1.798   -9.174   73.688   41.772  165.242    1600653667116
02    14.173   -0.851  -11.672  140.713   49.532  161.541    1600653667116
01    17.619    1.648   -8.959   62.541   37.421  161.225    1600653667126
02    14.202   -1.195  -11.497  172.355   56.276 -171.940    1600653667126
01    17.840    1.501   -8.863   54.869   35.025  159.776    1600653667146
02    14.100   -1.324  -11.358 -166.669   52.487 -153.201    1600653667146
01    17.967    1.384   -8.852   50.491   34.592  159.868    1600653667165
02    13.864   -1.480  -11.445 -160.406   47.040 -146.562    1600653667165
01    17.985    1.365   -8.883   49.691   35.004  160.680    1600653667177
02    13.778   -1.570  -11.466 -158.000   46.358 -143.960    1600653667177
01    17.949    1.441   -8.872   51.195   35.155  161.698    1600653667197
02    13.752   -1.609  -11.481 -157.334   46.756 -143.282    1600653667197
01    17.843    1.513   -8.875   54.414   35.452  163.615    1600653667216
02    13.738   -1.555  -11.585 -159.577   48.151 -145.663    1600653667216
01    17.646    1.506   -8.904   59.851   36.498  166.463    1600653667228
02    13.794   -1.217  -11.698 -168.913   52.125 -155.586    1600653667228
01    17.364    1.361   -8.961   67.574   38.829  169.791    1600653667248
02    14.013   -0.634  -11.509  165.697   55.629  179.206    1600653667248
01    17.052    1.180   -9.015   77.107   42.381  173.218    1600653667258
02    14.310   -0.131  -10.979  133.052   46.910  149.990    1600653667258
01    16.659    1.174   -9.120   89.549   46.069  178.231    1600653667278
02    14.363   -0.006  -10.698  114.257   27.287  141.840    1600653667278
01    16.211    1.097   -9.380  103.783   49.846 -175.629    1600653667299
02    14.467    0.244  -10.440  110.043   17.700  137.253    1600653667299
01    15.925    1.110   -9.554  112.895   51.071 -171.845    1600653667309
02    14.454    0.433  -10.382  110.251   12.743  135.909    1600653667309
01    15.796    1.095   -9.646  116.138   51.252 -170.333    1600653667329
02    14.445    0.606  -10.378  110.864   10.237  134.561    1600653667329
01    15.779    1.077   -9.702  116.439   51.300 -169.443    1600653667349
02    14.442    0.784  -10.422  110.612    8.821  133.340    1600653667349
01    15.866    1.005   -9.671  115.089   52.121 -168.795    1600653667360
02    14.513    1.004  -10.484  109.542    8.582  132.739    1600653667360
01    15.905    1.025   -9.794  115.311   52.494 -166.459    1600653667380
02    14.582    0.872  -10.691  106.862   11.519  133.488    1600653667380
01    15.988    1.202  -10.022  112.458   52.277 -167.147    1600653667398
02    14.551    0.444  -10.962  107.083   18.769  135.651    1600653667398
01    16.358    1.572   -9.960  101.009   50.229 -175.881    1600653667410
02    14.360   -0.206  -11.337  114.532   30.991  142.211    1600653667410
01    16.969    1.630   -9.517   83.184   45.802  171.830    1600653667431
02    14.206   -0.908  -11.602  130.497   44.267  154.792    1600653667431
01    17.414    1.476   -9.212   69.691   41.582  164.764    1600653667449
02    14.217   -1.395  -11.579  155.581   54.211  175.180    1600653667449
01    17.703    1.342   -9.055   59.371   38.049  160.905    1600653667461
02    14.178   -1.606  -11.458 -175.616   54.980 -159.345    1600653667461
01    17.922    1.176   -8.959   52.095   36.361  159.226    1600653667481
02    14.022   -1.799  -11.479 -162.621   50.357 -146.810    1600653667481
01    18.036    1.119   -8.941   49.107   35.816  159.013    1600653667492
02    13.952   -1.881  -11.506 -158.487   48.504 -142.765    1600653667500
01    18.087    1.140   -8.945   48.665   35.751  159.021    1600653667512
02    13.930   -1.934  -11.559 -157.126   47.856 -141.187    1600653667512
01    18.106    1.125   -8.934   49.106   35.794  158.968    1600653667532
02    13.978   -1.953  -11.606 -157.041   48.623 -140.979    1600653667532
01    18.065    1.158   -8.969   51.096   36.090  159.503    1600653667542
02    14.040   -1.828  -11.739 -160.894   50.941 -144.757    1600653667542
01    17.934    1.093   -9.041   54.577   37.659  160.643    1600653667562
02    14.195   -1.339  -11.812 -175.826   55.911 -159.936    1600653667562
01    17.697    0.892   -9.120   61.064   40.780  163.088    1600653667583
02    14.543   -0.658  -11.452  149.529   56.315  166.427    1600653667583
01    17.444    0.526   -9.012   70.435   45.146  166.690    1600653667593
02    14.840   -0.252  -10.926  120.696   42.053  141.969    1600653667593
01    17.046    0.511   -9.185   86.620   48.545  174.947    1600653667613
02    14.781   -0.072  -10.839  110.310   24.959  137.398    1600653667613
01    16.691    0.644   -9.392  105.176   51.048 -176.871    1600653667631
02    14.838    0.112  -10.625  108.353   15.746  133.572    1600653667631
01    16.397    0.811   -9.569  115.084   51.226 -172.637    1600653667644
02    14.841    0.333  -10.516  109.446   11.365  131.911    1600653667644
01    16.220    0.936   -9.705  117.611   51.125 -170.855    1600653667664
02    14.845    0.573  -10.476  109.754    8.903  131.083    1600653667664
01    16.174    0.983   -9.785  116.695   51.357 -169.743    1600653667682
02    14.868    0.757  -10.479  108.227    7.477  130.871    1600653667682
01    16.212    0.959   -9.810  114.202   51.912 -168.992    1600653667694
02    14.958    0.911  -10.442  105.677    6.772  130.528    1600653667694
01    16.250    0.959   -9.875  112.456   51.906 -167.495    1600653667715
02    14.951    0.794  -10.645  102.549    8.331  131.804    1600653667715
01    16.308    1.104  -10.036  108.972   51.335 -168.518    1600653667725
02    14.802    0.407  -10.961  102.494   14.419  134.243    1600653667733
01    16.572    1.364  -10.016   98.014   49.421 -176.644    1600653667745
02    14.502   -0.193  -11.387  109.165   25.994  139.915    1600653667745
01    17.022    1.430   -9.700   81.632   45.710  171.970    1600653667765
02    14.268   -0.919  -11.700  123.424   40.033  150.524    1600653667765
01    17.404    1.357   -9.390   68.638   41.364  164.930    1600653667776
02    14.247   -1.499  -11.682  145.919   51.748  168.271    1600653667776
01    17.730    1.221   -9.151   58.472   37.662  161.072    1600653667796
02    14.225   -1.682  -11.522  178.465   55.229 -164.123    1600653667796
01    18.005    1.115   -8.973   51.558   35.427  159.624    1600653667814
02    14.103   -1.778  -11.450 -164.880   50.781 -148.905    1600653667814
01    18.143    1.050   -8.925   48.064   34.835  159.779    1600653667827
02    14.002   -1.806  -11.424 -159.820   47.565 -144.384    1600653667827
01    18.198    1.064   -8.910   47.436   34.723  160.338    1600653667847
02    13.946   -1.802  -11.410 -158.916   46.282 -143.215    1600653667847
01    18.173    1.133   -8.926   48.998   34.975  161.241    1600653667865
02    13.888   -1.803  -11.509 -160.081   45.693 -143.716    1600653667865
01    18.021    1.133   -8.988   53.039   36.194  163.080    1600653667878
02    13.892   -1.715  -11.690 -166.335   48.349 -149.066    1600653667878
01    17.749    0.994   -9.044   60.445   38.734  165.846    1600653667898
02    14.058   -1.344  -11.750  175.831   54.128 -166.804    1600653667898
01    17.461    0.755   -8.973   70.688   41.991  169.384    1600653667908
02    14.382   -0.834  -11.431  140.750   52.404  159.361    1600653667908
01    17.113    0.730   -9.010   84.688   45.620  175.512    1600653667929
02    14.818   -0.346  -10.702  116.245   36.528  138.881    1600653667929
01    16.721    0.812   -9.284   99.846   47.948 -176.426    1600653667949
02    14.783    0.113  -10.632  110.841   21.739  137.033    1600653667949
01    16.436    0.922   -9.473  110.997   49.669 -171.363    1600653667959
02    14.820    0.362  -10.514  109.140   14.371  136.132    1600653667959
01    16.245    0.962   -9.633  116.036   50.576 -168.451    1600653667979
02    14.851    0.560  -10.460  108.785   10.738  135.839    1600653667979
01    16.174    0.954   -9.724  117.154   51.290 -166.998    1600653667998
02    14.870    0.668  -10.466  107.881    9.255  135.872    1600653667998
01    16.176    0.914   -9.784  117.011   52.058 -165.588    1600653668010
02    14.888    0.697  -10.536  106.301    9.034  136.002    1600653668010
01    16.261    0.853   -9.777  115.993   53.114 -164.679    1600653668031
02    14.924    0.674  -10.650  104.488   10.007  135.517    1600653668031
01    16.269    1.006  -10.003  115.407   52.114 -163.247    1600653668049
02    14.851    0.401  -10.923  104.432   15.083  136.679    1600653668049
01    16.490    1.439  -10.063  106.125   49.198 -169.872    1600653668061
02    14.592   -0.150  -11.335  110.645   26.232  142.148    1600653668061
01    16.995    1.546   -9.728   88.356   45.142  178.364    1600653668081
02    14.368   -0.771  -11.668  125.919   40.219  153.241    1600653668081
01    17.412    1.419   -9.422   73.914   41.542  170.373    1600653668091
02    14.355   -1.190  -11.717  146.447   51.061  169.012    1600653668091
01    17.727    1.262   -9.212   61.982   38.303  164.830    1600653668112
02    14.337   -1.435  -11.609  174.349   55.228 -166.345    1600653668112
01    17.997    1.093   -9.077   53.194   36.227  161.435    1600653668132
02    14.246   -1.616  -11.525 -168.199   52.038 -149.855    1600653668132
01    18.155    0.970   -9.046   48.593   35.785  159.720    1600653668142
02    14.136   -1.799  -11.510 -162.144   48.648 -143.535    1600653668142
01    18.238    0.913   -9.045   47.183   36.144  158.894    1600653668163
02    14.082   -1.950  -11.510 -159.213   46.882 -140.349    1600653668163
01    18.305    0.919   -9.004   47.437   36.106  158.656    1600653668181
02    14.062   -2.092  -11.573 -158.367   46.303 -139.012    1600653668181
01    18.320    0.908   -8.976   48.610   36.169  159.398    1600653668193
02    14.094   -2.052  -11.690 -159.760   47.685 -140.414    1600653668193
01    18.229    0.930   -8.999   51.732   36.708  161.624    1600653668213
02    14.164   -1.712  -11.833 -167.888   51.381 -148.544    1600653668213
01    18.011    0.840   -9.040   57.470   38.196  165.126    1600653668232
02    14.414   -0.990  -11.686  168.075   55.953 -172.461    1600653668232
01    17.695    0.593   -9.034   66.277   40.841  169.481    1600653668244
02    14.753   -0.362  -11.177  133.210   49.009  155.447    1600653668244
01    17.261    0.418   -9.158   80.013   45.045  176.638    1600653668264
02    14.999   -0.082  -10.646  110.562   29.502  139.011    1600653668264
01    16.847    0.561   -9.368   99.406   47.742 -174.752    1600653668283
02    15.005    0.067  -10.475  105.577   16.953  135.992    1600653668283
01    16.484    0.754   -9.569  112.511   48.459 -170.111    1600653668295
02    14.973    0.250  -10.429  106.506   10.922  135.065    1600653668295
01    16.286    0.905   -9.691  117.379   48.733 -169.188    1600653668315
02    14.956    0.465  -10.437  108.173    8.092  134.165    1600653668315
01    16.232    0.964   -9.760  117.940   49.296 -168.406    1600653668325
02    14.968    0.671  -10.454  108.098    6.407  133.678    1600653668325
01    16.270    0.972   -9.783  116.824   50.126 -167.236    1600653668345
02    14.991    0.815  -10.520  106.084    5.443  133.730    1600653668345
01    16.378    0.936   -9.731  114.671   50.917 -166.239    1600653668366
02    15.080    0.903  -10.535  103.328    5.424  133.370    1600653668366
01    16.385    0.985   -9.912  114.476   50.390 -163.391    1600653668376
02    15.029    0.706  -10.766  101.539    9.121  134.830    1600653668376
01    16.477    1.226  -10.093  109.431   49.030 -165.792    1600653668396
02    14.795    0.221  -11.172  104.320   18.479  138.837    1600653668396
01    16.833    1.431  -10.008   96.099   47.080 -175.041    1600653668414
02    14.515   -0.407  -11.635  114.335   31.946  146.231    1600653668414
01    17.312    1.349   -9.676   78.950   44.304  173.870    1600653668427
02    14.442   -1.040  -11.826  130.077   45.615  157.735    1600653668427
01    17.690    1.186   -9.395   65.309   40.669  166.529    1600653668447
02    14.492   -1.392  -11.686  158.341   56.049 -179.185    1600653668447
01    18.032    1.008   -9.160   54.461   37.280  162.135    1600653668466
02    14.411   -1.577  -11.551 -174.684   54.541 -155.214    1600653668466
01    18.275    0.915   -9.000   48.658   35.167  160.804    1600653668478
02    14.254   -1.699  -11.517 -164.806   49.854 -146.510    1600653668478
01    18.356    0.938   -8.971   46.980   34.530  161.403    1600653668498
02    14.146   -1.671  -11.504 -162.840   47.744 -145.289    1600653668498
01    18.357    1.005   -8.962   47.681   34.554  162.465    1600653668508
02    14.031   -1.670  -11.580 -164.105   46.475 -145.871    1600653668508
01    18.260    1.067   -9.017   50.462   35.243  164.129    1600653668529
02    13.985   -1.583  -11.722 -168.115   47.655 -149.425    1600653668529
01    18.037    1.026   -9.100   55.819   37.026  166.328    1600653668549
02    14.068   -1.277  -11.813  179.018   51.660 -161.904    1600653668549
01    17.740    0.847   -9.116   64.231   39.653  169.263    1600653668559
02    14.326   -0.787  -11.596  151.470   52.663  171.183    1600653668559
01    17.405    0.616   -9.050   75.752   43.023  173.661    1600653668579
02    14.613   -0.418  -11.149  124.282   41.611  147.262    1600653668579
01    17.014    0.721   -9.143   90.704   45.201 -179.719    1600653668598
02    14.806   -0.176  -10.685  110.299   24.479  140.019    1600653668598
01    16.689    0.863   -9.359  103.486   46.744 -173.766    1600653668610
02    14.825    0.284  -10.550  106.762   12.777  138.926    1600653668610
01    16.441    0.985   -9.507  110.163   47.633 -170.755    1600653668630
02    14.855    0.574  -10.453  105.086    7.169  138.089    1600653668630
01    16.289    0.995   -9.617  112.719   48.426 -168.421    1600653668651
02    14.865    0.763  -10.393  104.009    4.870  138.209    1600653668651
01    16.202    0.966   -9.703  113.867   49.272 -166.296    1600653668661
02    14.861    0.819  -10.394  102.619    4.431  138.631    1600653668661
01    16.172    0.932   -9.754  114.331   50.122 -164.727    1600653668681
02    14.846    0.829  -10.451  101.208    4.587  139.066    1600653668681
01    16.193    0.935   -9.825  114.295   50.847 -163.639    1600653668699
02    14.824    0.798  -10.610  100.084    5.902  138.943    1600653668699
01    16.204    1.071  -10.035  113.059   50.511 -163.628    1600653668711
02    14.757    0.546  -10.910  100.923   11.368  138.950    1600653668711
01    16.416    1.332  -10.108  105.752   49.663 -169.283    1600653668732
02    14.618    0.124  -11.316  106.739   22.047  141.110    1600653668732
01    16.900    1.433   -9.836   91.596   47.794 -179.688    1600653668742
02    14.509   -0.449  -11.627  117.332   35.687  147.146    1600653668742
01    17.402    1.309   -9.470   76.678   44.543  170.898    1600653668762
02    14.473   -1.001  -11.692  135.534   49.092  161.216    1600653668762
01    17.774    1.157   -9.233   62.095   39.845  163.844    1600653668783
02    14.437   -1.395  -11.569  169.148   56.049 -169.508    1600653668783
01    18.112    0.961   -9.060   51.918   36.861  160.407    1600653668793
02    14.263   -1.672  -11.571 -169.972   51.983 -149.884    1600653668793
01    18.321    0.829   -9.018   46.322   35.854  159.368    1600653668813
02    14.145   -1.800  -11.616 -163.774   49.291 -143.388    1600653668813
01    18.414    0.777   -9.031   44.371   35.941  159.214    1600653668832
02    14.105   -1.899  -11.658 -162.102   48.575 -140.759    1600653668832
01    18.415    0.809   -9.075   44.987   36.305  159.384    1600653668844
02    14.122   -1.978  -11.775 -161.603   48.958 -139.753    1600653668844
01    18.349    0.874   -9.108   47.525   36.842  159.922    1600653668864
02    14.228   -1.946  -11.900 -163.195   51.453 -141.615    1600653668864
01    18.173    0.853   -9.181   52.408   38.359  161.595    1600653668882
02    14.427   -1.641  -11.993 -172.952   56.454 -152.004    1600653668882
01    17.933    0.741   -9.200   60.025   40.596  164.239    1600653668895
02    14.743   -1.005  -11.792  159.659   59.951  179.621    1600653668895
01    17.625    0.592   -9.249   70.375   43.841  168.855    1600653668915
02    15.064   -0.500  -11.277  127.302   51.315  149.079    1600653668915
01    17.287    0.478   -9.368   82.315   48.062  174.770    1600653668925
02    15.308   -0.136  -10.705  109.372   32.637  135.214    1600653668925
01    16.946    0.511   -9.566   95.340   51.431 -179.078    1600653668945
02    15.289    0.001  -10.574  104.622   20.653  133.757    1600653668945
01    16.646    0.537   -9.801  105.881   53.997 -173.799    1600653668965
02    15.220    0.098  -10.598  104.367   14.771  134.340    1600653668965
01    16.521    0.543   -9.914  110.533   55.650 -171.763    1600653668976
02    15.207    0.174  -10.628  104.653   12.362  134.003    1600653668976
01    16.524    0.488   -9.947  111.086   56.734 -171.040    1600653668996
02    15.213    0.228  -10.700  104.019   11.397  133.410    1600653668996
01    16.615    0.452   -9.871  109.421   57.280 -171.000    1600653669014
02    15.256    0.324  -10.779  102.726   11.359  132.432    1600653669014
01    16.602    0.565  -10.052  109.796   56.008 -168.410    1600653669034
02    15.243    0.167  -11.013  101.380   15.626  132.497    1600653669034
01    16.713    0.773  -10.165  104.282   53.974 -171.405    1600653669047
02    15.146   -0.170  -11.332  105.137   25.964  135.215    1600653669047
01    16.983    0.942  -10.119   93.342   51.524 -179.099    1600653669065
02    15.046   -0.620  -11.597  114.300   39.463  141.836    1600653669065
01    17.359    0.960   -9.880   79.828   48.469  171.506    1600653669077
02    14.936   -1.300  -11.814  128.828   51.408  153.948    1600653669077
01    17.699    0.888   -9.615   68.316   45.075  164.430    1600653669097
02    14.823   -1.892  -11.883  153.833   59.408  176.737    1600653669097
01    17.962    0.794   -9.436   58.612   41.760  159.870    1600653669116
02    14.701   -2.214  -11.869 -177.209   59.576 -156.308    1600653669116
01    18.173    0.695   -9.288   51.849   39.217  157.764    1600653669128
02    14.587   -2.362  -11.844 -162.911   56.071 -142.768    1600653669128
01    18.308    0.665   -9.192   48.461   37.599  157.514    1600653669148
02    14.543   -2.283  -11.833 -158.890   54.309 -139.212    1600653669148
01    18.338    0.640   -9.201   47.466   37.312  158.200    1600653669158
02    14.514   -2.154  -11.893 -161.476   54.613 -140.978    1600653669158
01    18.269    0.645   -9.255   49.292   38.258  159.562    1600653669179
02    14.562   -1.852  -12.001 -171.222   57.399 -149.771    1600653669179
01    18.064    0.560   -9.335   54.599   40.619  162.035    1600653669199
02    14.777   -1.246  -11.934  164.137   60.530 -174.170    1600653669199
01    17.803    0.384   -9.324   63.183   43.945  165.529    1600653669209
02    15.080   -0.683  -11.595  130.605   54.645  153.809    1600653669209
01    17.476    0.276   -9.365   75.283   48.130  171.054    1600653669229
02    15.348   -0.375  -11.091  110.001   39.591  135.660    1600653669229
01    17.126    0.321   -9.523   88.639   51.310  177.607    1600653669247
02    15.348   -0.178  -10.909  104.134   25.563  132.508    1600653669247
01    16.860    0.470   -9.658   99.646   52.945 -177.789    1600653669260
02    15.324    0.022  -10.780  104.013   18.056  131.757    1600653669260
01    16.657    0.632   -9.751  106.635   53.449 -174.628    1600653669280
02    15.290    0.250  -10.704  104.746   13.593  131.660    1600653669280
01    16.548    0.736   -9.796  109.510   53.470 -172.406    1600653669298
02    15.270    0.485  -10.647  104.662   10.932  131.939    1600653669298
01    16.489    0.785   -9.842  110.287   53.372 -170.148    1600653669311
02    15.251    0.598  -10.636  103.104    9.752  132.714    1600653669311
01    16.482    0.774   -9.874  110.012   53.457 -168.315    1600653669332
02    15.222    0.664  -10.681  101.237    9.463  133.458    1600653669332
01    16.439    0.831  -10.033  109.906   52.966 -166.443    1600653669342
02    15.092    0.504  -10.936  100.156   12.376  134.961    1600653669342
01    16.506    1.143  -10.183  106.015   51.533 -168.809    1600653669362
02    14.811    0.039  -11.370  103.925   21.577  138.722    1600653669362
01    16.890    1.427   -9.974   93.638   48.657 -177.844    1600653669383
02    14.579   -0.633  -11.662  114.747   35.790  146.124    1600653669383
01    17.337    1.342   -9.586   78.620   45.009  172.577    1600653669393
02    14.460   -1.180  -11.699  132.977   48.388  159.834    1600653669393
01    17.647    1.211   -9.354   67.011   41.729  166.683    1600653669413
02    14.336   -1.528  -11.634  165.507   55.304 -172.190    1600653669413
01    17.867    1.049   -9.236   56.601   39.638  162.697    1600653669431
02    14.181   -1.765  -11.587 -171.727   53.026 -151.368    1600653669431
01    18.007    0.932   -9.189   49.997   38.957  160.681    1600653669444
02    14.073   -1.894  -11.525 -163.101   50.204 -142.932    1600653669444
01    18.092    0.851   -9.175   46.852   39.073  159.826    1600653669464
02    13.967   -2.014  -11.540 -160.380   48.353 -139.411    1600653669464
01    18.131    0.803   -9.174   46.121   39.392  159.469    1600653669482
02    13.950   -2.080  -11.580 -159.664   48.110 -138.082    1600653669482
01    18.140    0.796   -9.164   46.919   39.535  159.581    1600653669494
02    13.975   -2.074  -11.693 -160.882   49.231 -138.994    1600653669494
01    18.087    0.787   -9.189   49.360   40.325  160.395    1600653669515
02    14.088   -1.869  -11.814 -167.635   52.870 -145.243    1600653669515
01    17.943    0.729   -9.236   54.490   42.022  162.728    1600653669525
02    14.328   -1.301  -11.799  171.593   57.680 -165.796    1600653669525
01    17.725    0.558   -9.223   62.246   44.586  166.366    1600653669545
02    14.675   -0.670  -11.462  135.982   54.139  160.216    1600653669545
01    17.435    0.311   -9.145   73.595   48.099  172.066    1600653669566
02    14.994   -0.290  -10.970  111.831   39.244  139.282    1600653669566
01    16.960    0.343   -9.386   91.447   50.969 -177.836    1600653669576
02    15.037   -0.196  -10.776  103.636   25.054  135.049    1600653669576
01    16.538    0.483   -9.637  107.350   52.032 -170.361    1600653669596
02    15.044   -0.092  -10.671  102.979   17.749  133.669    1600653669596
01    16.298    0.580   -9.806  114.112   52.283 -168.098    1600653669614
02    15.046    0.041  -10.666  104.131   14.481  132.769    1600653669614
01    16.239    0.632   -9.873  115.205   52.643 -167.900    1600653669626
02    15.099    0.204  -10.659  104.432   12.941  131.759    1600653669626
01    16.266    0.656   -9.922  113.831   52.936 -167.682    1600653669647
02    15.182    0.356  -10.672  102.987   12.026  131.259    1600653669647
01    16.377    0.591   -9.882  110.851   53.728 -167.491    1600653669665
02    15.261    0.393  -10.685  100.186   11.541  131.035    1600653669665
01    16.440    0.638   -9.947  110.264   53.642 -165.678    1600653669677
02    15.201    0.311  -10.851   99.034   13.703  132.430    1600653669677
01    16.523    0.819  -10.054  106.596   52.115 -167.099    1600653669698
02    14.951   -0.004  -11.200  102.342   21.250  136.931    1600653669698
01    16.731    1.131  -10.069   98.181   49.315 -172.905    1600653669708
02    14.657   -0.465  -11.608  111.742   32.916  144.086    1600653669708
01    17.121    1.247   -9.854   84.450   46.167  178.062    1600653669729
02    14.522   -0.955  -11.806  125.346   44.851  154.198    1600653669729
01    17.517    1.161   -9.551   70.574   42.528  170.102    1600653669749
02    14.473   -1.315  -11.752  149.224   54.788  174.157    1600653669749
01    17.941    1.004   -9.215   57.560   38.194  164.112    1600653669759
02    14.396   -1.491  -11.596  177.868   55.881 -160.155    1600653669759
01    18.233    0.833   -9.075   48.585   35.844  161.543    1600653669779
02    14.258   -1.558  -11.490 -168.636   51.178 -147.697    1600653669779
01    18.429    0.681   -8.983   43.063   34.860  160.567    1600653669798
02    14.115   -1.545  -11.453 -165.332   47.510 -144.453    1600653669798
01    18.502    0.728   -8.986   41.538   34.930  160.733    1600653669810
02    13.982   -1.540  -11.473 -165.801   45.406 -143.838    1600653669810
01    18.523    0.787   -8.988   41.732   35.432  160.794    1600653669830
02    13.864   -1.559  -11.580 -166.921   44.616 -144.020    1600653669830
01    18.444    0.867   -9.055   43.811   36.327  161.619    1600653669848
02    13.852   -1.512  -11.706 -169.854   46.427 -146.523    1600653669848
01    18.240    0.927   -9.182   48.871   38.212  163.507    1600653669861
02    13.949   -1.208  -11.775  178.538   50.547 -158.002    1600653669861
01    17.922    0.857   -9.274   57.276   41.009  166.829    1600653669881
02    14.209   -0.721  -11.567  151.937   51.859  176.383    1600653669881
01    17.562    0.639   -9.271   68.320   44.273  171.724    1600653669899
02    14.491   -0.289  -11.205  124.871   41.711  152.906    1600653669899
01    17.153    0.584   -9.348   83.090   47.720  178.933    1600653669911
02    14.778   -0.032  -10.768  106.897   25.160  140.659    1600653669911
01    16.717    0.634   -9.555   98.006   49.932 -173.410    1600653669932
02    14.878    0.121  -10.537  102.556   15.722  137.971    1600653669932
01    16.393    0.726   -9.736  106.992   50.418 -169.214    1600653669942
02    14.873    0.289  -10.509  102.928   11.862  137.587    1600653669942
01    16.253    0.782   -9.830  109.785   50.691 -167.801    1600653669962
02    14.893    0.433  -10.501  103.088   10.381  137.002    1600653669962
01    16.221    0.764   -9.899  109.863   51.342 -166.676    1600653669983
02    14.931    0.535  -10.493  101.950    9.833  136.913    1600653669983
01    16.251    0.698   -9.932  108.640   52.362 -165.718    1600653669994
02    14.950    0.555  -10.534   99.738    9.876  137.452    1600653669994
01    16.290    0.566   -9.982  107.725   53.796 -164.106    1600653670014
02    14.940    0.499  -10.642   97.579   10.886  138.182    1600653670014
01    16.326    0.548  -10.091  107.384   54.554 -162.603    1600653670033
02    14.818    0.270  -10.859   97.881   15.535  140.258    1600653670033
01    16.455    0.815  -10.215  102.915   53.474 -165.479    1600653670045
02    14.554   -0.169  -11.174  103.686   25.373  145.334    1600653670045
01    16.922    1.014   -9.982   88.525   50.672 -175.892    1600653670065
02    14.282   -0.717  -11.389  117.318   37.901  155.153    1600653670065
01    17.411    0.891   -9.621   72.221   46.930  173.812    1600653670075
02    14.037   -1.253  -11.554  140.746   47.916  173.065    1600653670075
01    17.751    0.728   -9.409   59.257   43.184  167.273    1600653670096
02    13.950   -1.603  -11.528  169.803   51.750 -163.038    1600653670096
01    18.061    0.586   -9.260   49.383   40.212  163.432    1600653670116
02    13.897   -1.700  -11.452 -173.117   49.538 -148.519    1600653670116
01    18.264    0.519   -9.187   43.766   39.014  161.415    1600653670126
02    13.813   -1.726  -11.489 -168.679   47.071 -144.452    1600653670126
01    18.348    0.564   -9.164   42.224   38.605  160.720    1600653670146
02    13.802   -1.732  -11.534 -167.388   46.574 -143.314    1600653670146
01    18.363    0.598   -9.178   42.643   38.830  160.411    1600653670165
02    13.819   -1.750  -11.609 -167.388   46.835 -143.211    1600653670165
01    18.308    0.715   -9.208   45.294   39.271  160.933    1600653670177
02    13.862   -1.661  -11.749 -170.553   48.462 -146.547    1600653670177
01    18.143    0.725   -9.284   50.072   41.009  162.583    1600653670197
02    14.029   -1.306  -11.821  175.641   52.657 -160.196    1600653670197
01    17.892    0.615   -9.309   57.482   43.606  165.574    1600653670216
02    14.382   -0.697  -11.538  145.103   52.669  170.139    1600653670216
01    17.602    0.397   -9.238   67.912   46.846  170.393    1600653670228
02    14.744   -0.202  -11.085  117.598   39.616  146.301    1600653670228
01    17.219    0.463   -9.343   83.541   49.539  178.362    1600653670248
02    14.937   -0.152  -10.764  103.069   24.546  138.358    1600653670248
01    16.862    0.519   -9.540   97.999   51.290 -174.367    1600653670258
02    15.005   -0.048  -10.580  101.292   17.275  136.622    1600653670258
01    16.566    0.588   -9.707  106.373   51.710 -170.928    1600653670279
02    15.014    0.068  -10.530  102.632   14.360  135.968    1600653670279
01    16.418    0.604   -9.770  109.057   52.110 -170.185    1600653670299
02    15.032    0.176  -10.508  103.650   13.137  135.182    1600653670299
01    16.352    0.644   -9.839  109.778   52.233 -169.322    1600653670309
02    15.037    0.338  -10.541  103.822   12.108  134.735    1600653670309
01    16.371    0.662   -9.855  108.566   52.637 -168.697    1600653670329
02    15.068    0.491  -10.574  102.232   11.133  134.178    1600653670329
01    16.452    0.626   -9.809  106.609   53.278 -167.651    1600653670348
02    15.079    0.573  -10.658  100.084   11.231  134.723    1600653670348
01    16.477    0.774   -9.956  105.404   52.607 -166.212    1600653670360
02    14.914    0.364  -10.923  100.433   16.215  137.576    1600653670360
01    16.646    0.977  -10.064   98.561   51.324 -169.879    1600653670380
02    14.615   -0.091  -11.309  107.006   26.916  143.484    1600653670380
01    17.033    1.011   -9.901   84.725   49.439 -179.305    1600653670398
02    14.374   -0.638  -11.595  119.323   39.023  152.727    1600653670398
01    17.431    0.913   -9.651   70.918   46.589  172.018    1600653670411
02    14.251   -1.140  -11.706  138.947   49.922  168.403    1600653670411
01    17.745    0.786   -9.448   58.847   43.445  165.504    1600653670431
02    14.221   -1.463  -11.597  167.010   55.261 -167.280    1600653670431
01    18.032    0.650   -9.281   49.901   40.736  161.775    1600653670449
02    14.128   -1.682  -11.478 -173.487   52.367 -149.575    1600653670449
01    18.243    0.572   -9.168   44.921   39.062  160.094    1600653670461
02    14.001   -1.820  -11.450 -165.713   48.294 -142.663    1600653670461
01    18.373    0.526   -9.109   42.405   38.399  159.386    1600653670482
02    13.909   -1.860  -11.475 -163.778   46.125 -140.696    1600653670482
01    18.429    0.522   -9.117   41.619   38.523  159.087    1600653670492
02    13.890   -1.901  -11.515 -163.362   45.729 -139.688    1600653670492
01    18.434    0.525   -9.155   41.996   38.967  158.843    1600653670512
02    13.898   -1.923  -11.627 -164.825   46.468 -140.204    1600653670512
01    18.330    0.571   -9.258   44.661   40.262  159.538    1600653670532
02    13.971   -1.742  -11.806 -172.236   49.728 -146.950    1600653670532
01    18.112    0.538   -9.362   50.438   42.596  161.549    1600653670543
02    14.247   -1.179  -11.748  166.414   54.610 -168.449    1600653670543
01    17.803    0.311   -9.363   59.656   46.103  165.398    1600653670563
02    14.638   -0.631  -11.383  132.237   49.603  159.620    1600653670563
01    17.415    0.047   -9.362   73.726   50.480  172.921    1600653670581
02    15.023   -0.239  -10.852  108.769   32.775  140.120    1600653670581
01    16.981    0.140   -9.595   91.872   52.879 -177.158    1600653670593
02    15.072   -0.161  -10.683  102.217   20.478  136.915    1600653670593
01    16.656    0.309   -9.761  104.957   53.315 -171.207    1600653670614
02    15.054   -0.043  -10.611  102.162   14.689  136.480    1600653670614
01    16.443    0.461   -9.865  110.157   53.009 -168.833    1600653670632
02    15.025    0.119  -10.581  102.830   11.921  136.210    1600653670632
01    16.333    0.541   -9.936  110.641   52.917 -167.478    1600653670644
02    14.991    0.326  -10.598  102.393   10.031  136.311    1600653670644
01    16.325    0.583   -9.934  109.206   53.315 -166.581    1600653670665
02    15.000    0.467  -10.583  100.071    9.112  136.100    1600653670665
01    16.358    0.563   -9.909  107.528   53.931 -165.323    1600653670676
02    14.980    0.513  -10.631   97.638    9.478  136.832    1600653670676
01    16.364    0.632  -10.016  106.147   53.485 -164.043    1600653670696
02    14.822    0.334  -10.828   97.609   13.824  139.314    1600653670696
01    16.469    0.822  -10.114  100.937   52.304 -166.853    1600653670714
02    14.494   -0.050  -11.206  103.370   23.133  144.537    1600653670716
01    16.765    0.956  -10.023   89.847   50.692 -174.808    1600653670726
02    14.229   -0.554  -11.523  114.707   34.883  151.872    1600653670726
01    17.183    0.962   -9.728   75.562   47.788  175.225    1600653670747
02    14.112   -1.037  -11.640  131.510   45.976  163.530    1600653670747
01    17.517    0.862   -9.497   63.344   44.434  168.359    1600653670765
02    14.062   -1.366  -11.554  159.061   53.438 -174.705    1600653670765
01    17.846    0.780   -9.278   53.169   40.909  163.878    1600653670805
02    13.970   -1.527  -11.389 -177.724   51.725 -154.686    1600653670805
01    18.075    0.713   -9.150   46.878   38.822  162.316    1600653670805
02    13.828   -1.589  -11.285 -168.849   47.186 -146.912    1600653670805
01    18.217    0.721   -9.038   43.779   37.374  162.228    1600653670816
02    13.685   -1.534  -11.259 -167.936   44.280 -146.344    1600653670816
01    18.243    0.834   -9.029   43.809   36.990  163.155    1600653670828
02    13.557   -1.449  -11.317 -169.824   42.724 -147.566    1600653670828
01    18.181    0.950   -9.055   45.753   37.241  164.394    1600653670848
02    13.472   -1.346  -11.452 -173.871   42.921 -150.520    1600653670848
01    17.978    1.056   -9.136   51.100   38.341  166.837    1600653670858
02    13.511   -1.013  -11.581  173.839   45.729 -161.699    1600653670858
01    17.683    1.001   -9.148   59.429   40.032  170.158    1600653670878
02    13.793   -0.490  -11.383  147.727   46.505  174.136    1600653670878
01    17.339    0.803   -9.067   70.350   42.179  174.618    1600653670899
02    14.137   -0.028  -10.985  122.244   35.646  152.902    1600653670899
01    16.896    0.946   -9.148   86.232   43.715 -178.590    1600653670909
02    14.447    0.208  -10.573  106.788   20.813  142.713    1600653670909
01    16.518    1.057   -9.311   98.658   44.827 -173.347    1600653670929
02    14.591    0.507  -10.323  103.345   11.422  139.240    1600653670929
01    16.217    1.174   -9.476  106.217   45.355 -170.268    1600653670949
02    14.601    0.781  -10.290  103.838    7.387  138.109    1600653670949
01    16.091    1.187   -9.583  108.550   46.402 -168.656    1600653670960
02    14.652    0.967  -10.282  103.793    6.105  137.117    1600653670960
01    16.059    1.133   -9.691  108.917   47.902 -166.897    1600653670980
02    14.697    1.039  -10.330  102.386    6.161  137.057    1600653670980
01    16.105    0.985   -9.746  107.872   50.018 -165.564    1600653670998
02    14.743    0.999  -10.423  100.273    7.437  137.561    1600653670998
01    16.134    0.967   -9.889  107.604   51.310 -163.873    1600653671010
02    14.673    0.752  -10.660   99.537   11.768  139.390    1600653671010
01    16.287    1.133   -9.996  102.756   51.015 -166.544    1600653671031
02    14.462    0.373  -10.957  103.498   20.116  143.322    1600653671031
01    16.696    1.294   -9.842   90.243   48.591 -175.083    1600653671042
02    14.180   -0.138  -11.197  113.564   31.197  150.768    1600653671042
01    17.150    1.242   -9.538   75.468   44.907  175.859    1600653671062
02    13.900   -0.564  -11.405  131.037   40.848  163.453    1600653671062
01    17.470    1.135   -9.351   64.920   41.829  170.798    1600653671082
02    13.754   -0.938  -11.519  155.783   47.956 -177.041    1600653671082
01    17.779    0.981   -9.183   55.141   39.198  166.951    1600653671092
02    13.746   -1.099  -11.422  175.942   49.786 -160.356    1600653671092
