01    23.041    3.475   -7.872  -92.981   14.939  173.579    1614591472600
02    25.957    6.649  -11.205   -2.793   64.834  144.299    1614591472600
01    23.056    3.440   -7.910  -93.157   14.841  173.507    1614591472616
02    25.979    6.644  -11.224   -2.857   64.819  144.192    1614591472616
01    23.068    3.478   -7.888  -92.930   14.933  173.659    1614591472647
02    26.016    6.656  -11.165   -2.695   64.631  144.304    1614591472647
01    23.087    3.466   -7.868  -92.973   14.939  173.784    1614591472653
02    26.022    6.638  -11.182   -2.793   64.627  144.298    1614591472653
01    23.081    3.439   -7.914  -93.149   14.894  173.657    1614591472669
02    26.077    6.574  -11.173   -3.132   64.501  144.144    1614591472669
01    23.070    3.463   -7.966  -93.126   14.800  173.482    1614591472685
02    26.087    6.524  -11.224   -3.351   64.558  144.057    1614591472685
01    23.079    3.448   -7.958  -93.186   14.818  173.578    1614591472700
02    26.089    6.627  -11.152   -2.805   64.320  144.364    1614591472700
01    23.094    3.455   -7.953  -93.160   14.859  173.594    1614591472716
02    26.083    6.620  -11.191   -2.939   64.354  144.198    1614591472716
01    23.109    3.452   -7.920  -93.170   14.841  173.745    1614591472747
02    26.101    6.663  -11.164   -2.625   64.273  144.420    1614591472747
01    23.112    3.429   -7.923  -93.278   14.795  173.759    1614591472754
02    26.095    6.713  -11.162   -2.426   64.299  144.538    1614591472754
01    23.097    3.441   -7.945  -93.244   14.818  173.631    1614591472769
02    26.114    6.627  -11.175   -3.037   64.273  144.205    1614591472769
01    23.088    3.492   -7.936  -93.010   14.908  173.653    1614591472785
02    26.110    6.642  -11.182   -2.862   64.312  144.351    1614591472785
01    23.073    3.512   -7.960  -92.984   14.966  173.496    1614591472800
02    26.125    6.616  -11.139   -3.108   64.205  144.250    1614591472800
01    23.067    3.506   -7.971  -93.095   14.948  173.417    1614591472816
02    26.114    6.587  -11.186   -3.325   64.341  144.077    1614591472816
01    23.075    3.501   -7.954  -93.085   14.921  173.441    1614591472847
02    26.114    6.591  -11.166   -3.145   64.286  144.254    1614591472847
01    23.074    3.500   -7.928  -93.085   14.940  173.464    1614591472854
02    26.100    6.626  -11.143   -2.948   64.326  144.380    1614591472854
01    23.069    3.525   -7.918  -92.970   14.942  173.455    1614591472870
02    26.098    6.652  -11.118   -2.823   64.281  144.453    1614591472870
01    23.053    3.534   -7.928  -92.970   14.988  173.361    1614591472885
02    26.088    6.643  -11.123   -2.957   64.364  144.382    1614591472885
01    23.048    3.529   -7.920  -93.018   14.991  173.348    1614591472901
02    26.088    6.646  -11.110   -3.049   64.372  144.335    1614591472901
01    23.041    3.537   -7.907  -92.965   14.973  173.394    1614591472916
02    26.089    6.627  -11.104   -3.144   64.294  144.349    1614591472916
01    23.035    3.572   -7.891  -92.861   15.038  173.404    1614591472932
02    26.090    6.671  -11.086   -2.729   64.324  144.624    1614591472932
01    23.028    3.577   -7.886  -92.850   15.085  173.386    1614591472954
02    26.096    6.674  -11.042   -2.779   64.221  144.486    1614591472954
01    23.038    3.524   -7.875  -92.978   15.012  173.414    1614591472970
02    26.076    6.703  -11.044   -2.594   64.213  144.583    1614591472970
01    23.038    3.508   -7.865  -93.023   15.010  173.450    1614591472985
02    26.040    6.746  -11.065   -2.372   64.334  144.717    1614591472985
01    23.034    3.508   -7.855  -93.052   14.982  173.467    1614591473001
02    26.039    6.706  -11.111   -2.832   64.489  144.373    1614591473001
01    23.020    3.538   -7.870  -93.010   15.036  173.377    1614591473017
02    26.040    6.707  -11.096   -2.782   64.502  144.409    1614591473017
01    23.022    3.534   -7.874  -93.064   14.978  173.376    1614591473032
02    26.018    6.712  -11.147   -2.870   64.655  144.272    1614591473032
01    23.030    3.511   -7.853  -93.161   14.975  173.435    1614591473054
02    26.010    6.709  -11.160   -2.895   64.783  144.249    1614591473054
01    23.024    3.540   -7.858  -93.071   15.012  173.456    1614591473070
02    26.008    6.700  -11.162   -2.890   64.849  144.263    1614591473070
01    23.025    3.522   -7.866  -93.154   14.947  173.424    1614591473086
02    26.031    6.698  -11.120   -2.830   64.611  144.499    1614591473086
01    23.031    3.516   -7.870  -93.214   14.981  173.417    1614591473101
02    26.031    6.682  -11.149   -3.081   64.809  144.227    1614591473101
01    23.029    3.518   -7.867  -93.197   14.994  173.438    1614591473117
02    26.013    6.714  -11.173   -2.797   64.902  144.327    1614591473117
01    23.031    3.521   -7.856  -93.143   15.042  173.512    1614591473133
02    25.996    6.767  -11.158   -2.524   64.882  144.392    1614591473133
01    23.039    3.528   -7.853  -93.128   15.074  173.537    1614591473155
02    26.005    6.776  -11.149   -2.333   64.874  144.646    1614591473155
01    23.039    3.535   -7.840  -93.075   15.108  173.630    1614591473170
02    26.024    6.732  -11.122   -2.598   64.748  144.548    1614591473170
01    23.036    3.550   -7.855  -93.019   15.088  173.621    1614591473186
02    26.008    6.760  -11.167   -2.507   64.895  144.456    1614591473186
01    23.036    3.540   -7.873  -93.100   15.095  173.547    1614591473202
02    26.022    6.737  -11.149   -2.628   64.811  144.411    1614591473202
01    23.035    3.566   -7.877  -93.005   15.179  173.526    1614591473217
02    26.039    6.752  -11.125   -2.621   64.697  144.381    1614591473217
01    23.039    3.558   -7.865  -93.010   15.132  173.613    1614591473233
02    26.035    6.734  -11.171   -2.830   64.818  144.252    1614591473233
01    23.050    3.550   -7.852  -93.033   15.128  173.713    1614591473255
02    26.035    6.738  -11.171   -2.830   64.870  144.259    1614591473255
01    23.048    3.547   -7.863  -93.036   15.140  173.707    1614591473271
02    26.064    6.733  -11.101   -2.748   64.631  144.417    1614591473271
01    23.045    3.548   -7.890  -93.073   15.041  173.612    1614591473286
02    26.078    6.691  -11.123   -3.208   64.718  144.087    1614591473286
01    23.049    3.552   -7.873  -93.022   15.089  173.668    1614591473302
02    26.093    6.675  -11.088   -3.160   64.654  144.209    1614591473302
01    23.052    3.570   -7.857  -92.909   15.141  173.759    1614591473318
02    26.065    6.725  -11.113   -2.782   64.750  144.416    1614591473318
01    23.051    3.571   -7.852  -92.928   15.142  173.757    1614591473333
02    26.058    6.720  -11.130   -2.968   64.828  144.237    1614591473333
01    23.047    3.530   -7.877  -93.156   15.078  173.642    1614591473355
02    26.037    6.739  -11.156   -2.932   64.923  144.151    1614591473355
01    23.051    3.525   -7.877  -93.175   15.102  173.646    1614591473371
02    26.043    6.756  -11.137   -2.868   64.898  144.157    1614591473371
01    23.042    3.523   -7.884  -93.195   15.082  173.607    1614591473387
02    26.066    6.693  -11.097   -3.228   64.801  144.015    1614591473387
01    23.048    3.525   -7.871  -93.175   15.109  173.632    1614591473402
02    26.068    6.681  -11.097   -3.280   64.805  143.944    1614591473402
01    23.047    3.520   -7.875  -93.206   15.089  173.629    1614591473418
02    26.079    6.645  -11.076   -3.509   64.726  143.793    1614591473418
01    23.054    3.512   -7.859  -93.225   15.083  173.689    1614591473433
02    26.071    6.684  -11.074   -3.220   64.718  143.930    1614591473433
01    23.056    3.527   -7.839  -93.126   15.119  173.788    1614591473456
02    26.047    6.755  -11.070   -2.728   64.767  144.259    1614591473456
01    23.050    3.532   -7.837  -93.145   15.142  173.757    1614591473471
02    26.019    6.787  -11.099   -2.774   64.900  144.080    1614591473471
01    23.044    3.547   -7.839  -93.066   15.177  173.703    1614591473487
02    26.006    6.762  -11.120   -3.013   65.003  143.892    1614591473487
01    23.045    3.524   -7.845  -93.197   15.164  173.663    1614591473502
02    26.006    6.758  -11.124   -3.173   65.112  143.743    1614591473502
01    23.042    3.517   -7.844  -93.260   15.138  173.669    1614591473518
02    25.998    6.731  -11.155   -3.337   65.279  143.724    1614591473518
01    23.039    3.468   -7.851  -93.421   15.031  173.628    1614591473534
02    26.000    6.712  -11.152   -3.693   65.300  143.415    1614591473534
01    23.028    3.473   -7.861  -93.415   14.989  173.568    1614591473556
02    25.989    6.730  -11.163   -3.542   65.421  143.470    1614591473556
01    23.028    3.461   -7.851  -93.480   15.075  173.607    1614591473572
02    25.996    6.736  -11.132   -3.660   65.320  143.380    1614591473572
01    23.018    3.461   -7.863  -93.514   15.003  173.526    1614591473587
02    25.994    6.708  -11.146   -3.802   65.400  143.300    1614591473587
01    22.996    3.439   -7.910  -93.772   14.938  173.215    1614591473603
02    25.970    6.765  -11.178   -3.455   65.559  143.462    1614591473603
01    22.989    3.478   -7.906  -93.543   14.987  173.196    1614591473618
02    25.966    6.768  -11.159   -3.605   65.484  143.297    1614591473618
01    22.983    3.506   -7.884  -93.446   15.041  173.304    1614591473634
02    25.930    6.828  -11.184   -3.348   65.611  143.412    1614591473634
01    22.989    3.495   -7.878  -93.602   15.085  173.317    1614591473656
02    25.935    6.774  -11.203   -3.607   65.703  143.240    1614591473656
01    22.995    3.489   -7.862  -93.582   15.132  173.433    1614591473672
02    25.940    6.773  -11.187   -3.539   65.685  143.334    1614591473672
01    22.985    3.517   -7.871  -93.479   15.140  173.430    1614591473687
02    25.936    6.745  -11.214   -3.644   65.800  143.430    1614591473687
01    22.981    3.581   -7.844  -93.218   15.266  173.563    1614591473703
02    25.954    6.688  -11.215   -4.057   65.791  143.228    1614591473703
01    22.980    3.568   -7.861  -93.322   15.155  173.487    1614591473719
02    25.958    6.654  -11.235   -4.214   65.855  143.212    1614591473719
01    22.987    3.573   -7.834  -93.270   15.172  173.632    1614591473734
02    25.941    6.717  -11.215   -3.760   65.836  143.326    1614591473734
01    22.981    3.566   -7.850  -93.286   15.114  173.599    1614591473756
02    25.917    6.764  -11.226   -3.429   65.955  143.554    1614591473756
01    22.987    3.530   -7.844  -93.426   15.027  173.622    1614591473772
02    25.912    6.809  -11.194   -3.219   65.840  143.568    1614591473772
01    22.979    3.554   -7.853  -93.371   15.056  173.566    1614591473788
02    25.890    6.876  -11.191   -3.164   65.871  143.482    1614591473788
01    22.979    3.553   -7.855  -93.391   15.061  173.551    1614591473803
02    25.901    6.861  -11.134   -2.965   65.778  143.800    1614591473803
01    22.974    3.545   -7.854  -93.440   15.109  173.575    1614591473819
02    25.916    6.840  -11.107   -3.048   65.689  143.739    1614591473819
01    22.972    3.567   -7.849  -93.325   15.119  173.593    1614591473835
02    25.925    6.815  -11.099   -3.195   65.667  143.757    1614591473835
01    22.960    3.561   -7.855  -93.399   15.124  173.544    1614591473856
02    25.918    6.782  -11.150   -3.438   65.889  143.573    1614591473856
01    22.956    3.537   -7.869  -93.562   15.088  173.458    1614591473872
02    25.928    6.748  -11.128   -3.762   65.806  143.292    1614591473872
01    22.962    3.518   -7.854  -93.608   15.071  173.546    1614591473888
02    25.935    6.648  -11.133   -4.478   65.880  142.873    1614591473888
01    22.951    3.526   -7.870  -93.581   15.039  173.496    1614591473903
02    25.939    6.682  -11.122   -3.912   65.825  143.365    1614591473903
01    22.957    3.506   -7.857  -93.730   15.066  173.557    1614591473919
02    25.937    6.682  -11.099   -3.973   65.771  143.353    1614591473919
01    22.958    3.532   -7.847  -93.614   15.060  173.612    1614591473935
02    25.904    6.717  -11.163   -3.880   66.082  143.297    1614591473935
01    22.953    3.536   -7.864  -93.656   15.006  173.567    1614591473956
02    25.911    6.700  -11.145   -4.001   66.047  143.278    1614591473956
01    22.947    3.529   -7.892  -93.801   14.999  173.480    1614591473972
02    25.925    6.636  -11.154   -4.621   66.123  142.922    1614591473972
01    22.948    3.517   -7.887  -93.874   14.894  173.599    1614591473988
02    25.902    6.616  -11.221   -5.125   66.566  142.484    1614591473988
01    22.943    3.528   -7.896  -93.950   14.924  173.631    1614591474003
02    25.919    6.623  -11.185   -5.491   66.507  142.134    1614591474003
01    22.936    3.535   -7.911  -94.151   14.894  173.764    1614591474019
02    25.917    6.624  -11.195   -5.828   66.795  141.897    1614591474019
01    22.939    3.530   -7.912  -94.383   14.956  174.021    1614591474035
02    25.915    6.627  -11.230   -6.382   67.048  141.307    1614591474035
01    22.942    3.559   -7.905  -94.180   15.130  174.360    1614591474057
02    25.932    6.613  -11.206   -6.751   66.853  141.082    1614591474057
01    22.942    3.556   -7.918  -94.350   15.132  174.504    1614591474072
02    25.939    6.651  -11.202   -6.149   66.906  141.505    1614591474072
01    22.950    3.523   -7.943  -94.671   14.880  174.553    1614591474088
02    25.951    6.682  -11.200   -6.199   66.771  141.403    1614591474088
01    22.962    3.516   -7.952  -94.573   14.828  174.742    1614591474104
02    25.981    6.651  -11.199   -6.813   66.676  141.097    1614591474104
01    22.979    3.492   -7.952  -94.635   15.021  175.089    1614591474119
02    25.999    6.618  -11.212   -6.901   66.562  141.206    1614591474119
01    23.001    3.464   -7.994  -94.689   15.010  175.122    1614591474135
02    25.999    6.617  -11.269   -6.628   66.663  141.407    1614591474135
01    22.995    3.486   -8.020  -94.509   14.978  175.101    1614591474157
02    26.014    6.597  -11.288   -7.024   66.530  141.073    1614591474157
01    23.026    3.473   -7.991  -94.429   15.184  175.450    1614591474173
02    26.036    6.571  -11.298   -7.085   66.297  141.096    1614591474173
01    23.052    3.440   -7.993  -94.575   15.000  175.544    1614591474188
02    26.066    6.608  -11.269   -6.429   66.089  141.597    1614591474188
01    23.049    3.425   -8.038  -94.697   15.016  175.438    1614591474204
02    26.074    6.630  -11.273   -6.339   66.097  141.608    1614591474204
01    23.051    3.442   -8.048  -94.571   14.993  175.427    1614591474219
02    26.077    6.635  -11.279   -6.341   66.019  141.609    1614591474219
01    23.060    3.443   -8.045  -94.619   15.143  175.445    1614591474235
02    26.096    6.648  -11.283   -6.061   65.987  141.885    1614591474235
01    23.048    3.487   -8.087  -94.458   15.144  175.381    1614591474257
02    26.100    6.602  -11.313   -6.366   66.040  141.661    1614591474257
01    23.032    3.511   -8.164  -94.655   15.476  175.397    1614591474273
02    26.076    6.550  -11.310   -7.527   66.553  140.567    1614591474273
01    23.010    3.663   -8.304  -95.190   18.426  175.878    1614591474289
02    26.000    6.477  -11.195  -21.978   71.509  127.045    1614591474289
01    23.003    3.970   -8.509  -96.648   24.642  176.903    1614591474304
02    25.735    6.313  -10.322  -52.371   75.831   98.783    1614591474304
01    23.002    4.259   -8.886  -98.844   31.108  177.808    1614591474320
02    25.291    6.466   -8.932  -98.101   75.412   52.817    1614591474320
01    23.069    4.447   -9.200 -101.310   38.211  178.719    1614591474335
02    24.708    7.024   -7.802 -128.139   66.244   20.538    1614591474335
01    23.147    4.945   -9.026 -100.428   44.509 -178.927    1614591474358
02    23.570    5.967   -9.676 -149.367   40.387    3.316    1614591474358
01    23.094    4.962   -9.188 -103.368   45.611 -179.077    1614591474373
02    23.419    5.880   -9.827 -154.438   35.543   -1.732    1614591474373
01    23.064    4.985   -9.170 -104.356   44.740 -178.471    1614591474389
02    23.293    5.983   -9.980 -155.485   32.649   -2.294    1614591474389
01    23.030    4.999   -9.152 -105.194   42.950 -178.230    1614591474404
02    23.288    5.867   -9.917 -156.222   31.649   -0.806    1614591474404
01    23.019    4.880   -9.207 -106.526   41.174 -178.554    1614591474420
02    23.199    5.922   -9.939 -155.841   30.467   -0.079    1614591474420
01    23.003    4.844   -9.224 -106.730   40.055 -178.406    1614591474436
02    23.181    5.828  -10.002 -156.163   29.600    0.580    1614591474436
01    23.023    4.735   -9.231 -106.260   39.330 -177.679    1614591474458
02    23.177    5.901   -9.935 -154.971   29.976    0.998    1614591474458
01    23.070    4.676   -9.293 -105.205   38.759 -177.022    1614591474473
02    23.183    5.851  -10.027 -154.011   29.810    1.636    1614591474473
01    23.172    4.448   -9.325 -103.872   37.600 -175.752    1614591474489
02    23.240    5.846  -10.065 -152.183   30.517    2.271    1614591474489
01    23.289    4.236   -9.384 -101.329   36.320 -174.338    1614591474505
02    23.285    5.783  -10.233 -149.758   31.406    3.697    1614591474505
01    23.444    4.214   -9.268  -96.943   34.654 -172.165    1614591474520
02    23.356    5.628  -10.477 -146.331   33.423    7.965    1614591474520
01    23.570    4.073   -9.105  -93.341   29.631 -170.622    1614591474536
02    23.391    5.035  -11.519 -143.992   36.022   12.077    1614591474536
01    23.723    3.850   -8.811  -89.962   20.808 -170.047    1614591474558
02    23.691    4.534  -12.788 -140.433   42.687   16.094    1614591474558
01    23.881    3.595   -8.465  -86.600   11.529 -170.541    1614591474574
02    24.363    4.825  -13.322 -134.065   52.988   20.965    1614591474574
01    24.000    3.519   -8.201  -83.413    4.998 -171.645    1614591474589
02    25.389    5.607  -12.760 -110.792   70.612   40.865    1614591474589
01    24.140    3.350   -7.962  -81.255    1.189 -172.683    1614591474605
02    26.233    6.443  -11.863  -32.260   74.301  115.179    1614591474605
01    24.193    3.436   -7.873  -78.404   -0.150 -173.848    1614591474621
02    26.738    6.950  -11.349   -3.464   63.425  141.365    1614591474621
01    24.204    3.467   -7.922  -77.043   -0.954 -175.053    1614591474636
02    27.158    7.126  -10.679    2.023   54.363  146.578    1614591474636
01    24.165    3.508   -7.968  -76.576   -1.311 -176.214    1614591474658
02    27.252    7.135  -10.750    2.356   51.907  147.162    1614591474658
01    24.078    3.638   -8.029  -76.391   -1.112 -177.373    1614591474674
02    27.312    7.099  -10.820    0.945   49.911  145.422    1614591474674
01    23.905    3.711   -8.179  -77.281    0.323 -178.586    1614591474690
02    27.298    6.763  -10.899   -3.855   50.377  142.824    1614591474690
01    23.701    3.969   -8.283  -78.676    3.942 -179.335    1614591474705
02    27.090    6.551  -11.102  -10.591   53.702  137.610    1614591474705
01    23.418    4.364   -8.469  -81.355    9.611  179.734    1614591474721
02    26.783    6.317  -11.177  -21.727   58.488  129.075    1614591474721
01    23.172    4.827   -8.532  -85.964   17.641  179.705    1614591474736
02    26.374    6.237  -10.790  -39.817   64.869  114.568    1614591474736
01    23.059    4.769   -8.747  -93.713   25.775  178.688    1614591474759
02    25.980    6.326   -9.732  -67.504   70.264   87.915    1614591474759
01    23.013    4.740   -9.084 -101.197   35.213  177.053    1614591474774
02    25.306    6.878   -8.215 -106.227   69.224   46.826    1614591474774
01    22.978    4.708   -9.369 -107.632   40.640  175.488    1614591474790
02    24.430    6.501   -9.036 -138.281   54.131   16.205    1614591474790
01    22.974    4.845   -9.405 -109.186   43.594  176.547    1614591474806
02    23.914    6.338   -9.561 -148.501   42.661    5.431    1614591474806
01    22.980    4.905   -9.455 -109.090   43.481  178.164    1614591474821
02    23.697    6.220   -9.771 -151.262   37.606    3.136    1614591474821
01    23.007    4.909   -9.476 -108.246   42.424  179.542    1614591474837
02    23.569    6.110   -9.990 -151.646   34.527    2.625    1614591474837
01    23.078    4.875   -9.485 -106.668   41.687 -179.239    1614591474859
02    23.515    6.078  -10.071 -150.552   33.614    2.330    1614591474859
01    23.170    4.782   -9.509 -104.847   40.333 -178.304    1614591474875
02    23.539    5.963  -10.110 -149.766   33.354    2.335    1614591474875
01    23.271    4.640   -9.562 -102.469   38.814 -177.498    1614591474890
02    23.567    5.847  -10.208 -148.497   32.875    1.809    1614591474890
01    23.415    4.412   -9.579  -99.399   36.522 -176.157    1614591474906
02    23.576    5.820  -10.289 -146.476   33.270    2.550    1614591474906
01    23.683    4.091   -9.412  -94.341   32.888 -173.030    1614591474921
02    23.592    5.776  -10.429 -144.278   34.606    5.926    1614591474921
01    23.889    3.996   -9.166  -89.263   27.819 -170.961    1614591474937
02    23.547    5.346  -11.152 -143.030   35.932   10.157    1614591474937
01    24.099    3.780   -8.840  -85.415   19.871 -169.973    1614591474959
02    23.644    4.774  -12.438 -141.069   40.513   13.623    1614591474959
01    24.232    3.620   -8.596  -81.730   11.360 -170.501    1614591474975
02    24.112    4.817  -13.233 -136.625   49.148   17.289    1614591474975
01    24.305    3.530   -8.400  -78.750    5.027 -172.053    1614591474990
02    24.997    5.676  -12.934 -127.396   62.626   23.807    1614591474990
01    24.383    3.501   -8.232  -76.559    1.351 -173.435    1614591475006
02    25.831    6.612  -12.278  -76.625   78.687   70.341    1614591475006
01    24.463    3.423   -8.117  -74.926   -1.074 -174.618    1614591475022
02    26.475    7.176  -11.549   -4.220   69.361  139.616    1614591475022
01    24.449    3.447   -8.208  -73.466   -1.742 -176.319    1614591475037
02    26.929    7.341  -11.114    5.252   58.692  148.036    1614591475037
01    24.413    3.531   -8.216  -72.742   -1.802 -177.191    1614591475059
02    27.118    7.269  -11.163    5.076   55.125  148.533    1614591475059
01    24.342    3.628   -8.225  -72.885   -1.334 -177.855    1614591475075
02    27.305    7.125  -10.920    3.049   51.316  147.229    1614591475075
01    24.190    3.751   -8.350  -74.006    0.338 -179.045    1614591475091
02    27.284    6.888  -11.056   -3.279   52.797  142.545    1614591475091
01    23.932    4.046   -8.524  -76.142    4.598  179.882    1614591475106
02    27.145    6.569  -11.106  -14.108   56.536  134.606    1614591475106
01    23.646    4.494   -8.643  -79.648   11.022  179.233    1614591475122
02    26.796    6.390  -11.076  -29.582   62.547  122.765    1614591475122
01    23.377    4.800   -8.791  -85.850   19.586  178.538    1614591475138
02    26.457    6.483  -10.291  -51.152   67.718  103.457    1614591475138
01    23.288    4.745   -9.016  -94.110   28.753  177.135    1614591475160
02    26.007    6.666   -8.949  -83.971   70.980   69.632    1614591475160
01    23.263    4.982   -9.018  -98.789   38.482  176.956    1614591475175
02    25.026    6.239   -9.497 -136.431   54.722   18.031    1614591475175
01    23.232    4.905   -9.234 -104.110   42.082  175.728    1614591475191
02    24.442    6.015   -9.831 -147.757   43.041    6.192    1614591475191
01    23.241    4.844   -9.369 -105.557   43.190  175.658    1614591475207
02    24.075    6.029   -9.994 -151.246   36.898    0.644    1614591475207
01    23.276    4.751   -9.447 -104.710   42.250  176.934    1614591475222
02    23.865    5.999  -10.127 -151.880   33.666   -0.995    1614591475222
01    23.337    4.654   -9.540 -102.849   40.732  178.142    1614591475238
02    23.768    5.957  -10.208 -151.185   32.416   -1.331    1614591475238
01    23.453    4.493   -9.591 -100.483   39.328  179.459    1614591475260
02    23.730    5.921  -10.285 -149.621   32.053   -1.621    1614591475260
01    23.598    4.348   -9.609  -96.778   37.636 -178.649    1614591475276
02    23.754    5.911  -10.275 -147.851   32.835   -1.734    1614591475276
01    23.844    4.057   -9.526  -92.120   33.956 -175.335    1614591475291
02    23.736    5.945  -10.361 -145.511   33.915    0.643    1614591475291
01    24.052    3.949   -9.386  -86.578   29.320 -172.781    1614591475307
02    23.697    5.737  -10.739 -143.817   35.028    5.305    1614591475307
01    24.254    3.714   -9.162  -83.274   22.929 -171.605    1614591475323
02    23.704    5.208  -11.818 -142.019   38.465    9.179    1614591475323
01    24.410    3.614   -8.925  -80.144   15.850 -171.412    1614591475338
02    24.005    4.923  -12.868 -139.054   45.665   12.624    1614591475338
01    24.532    3.477   -8.673  -77.650    8.720 -171.935    1614591475360
02    24.659    5.290  -13.195 -133.721   56.718   16.837    1614591475360
01    24.572    3.434   -8.476  -74.967    3.373 -173.362    1614591475376
02    25.433    6.238  -12.687 -114.103   72.795   32.975    1614591475376
01    24.596    3.401   -8.351  -73.354    0.288 -174.696    1614591475392
02    26.134    6.905  -12.005  -26.805   77.107  117.154    1614591475392
01    24.633    3.340   -8.206  -72.819   -0.965 -175.800    1614591475407
02    26.697    6.935  -11.553   -2.597   65.261  141.340    1614591475407
01    24.574    3.422   -8.222  -72.003   -1.373 -177.231    1614591475423
02    27.013    6.918  -11.282    1.937   57.967  146.080    1614591475423
01    24.454    3.468   -8.256  -72.470   -1.045 -178.402    1614591475438
02    27.077    6.838  -11.320   -0.113   56.201  144.177    1614591475438
01    24.207    3.689   -8.491  -73.693    1.905  179.922    1614591475461
02    27.018    6.518  -11.373   -8.880   58.506  137.618    1614591475461
01    23.941    4.091   -8.586  -75.899    7.131  179.533    1614591475476
02    26.762    6.343  -11.354  -23.124   63.739  126.137    1614591475476
01    23.664    4.443   -8.766  -80.793   14.717  179.088    1614591475492
02    26.468    6.309  -10.650  -44.063   67.995  108.312    1614591475492
01    23.482    4.618   -8.966  -87.252   23.564  178.373    1614591475507
02    26.112    6.430   -9.267  -73.365   71.106   79.451    1614591475507
01    23.449    4.611   -9.086  -93.098   32.043  178.106    1614591475523
02    25.343    6.278   -9.252 -127.173   61.681   24.777    1614591475523
01    23.439    4.676   -9.223  -96.601   38.161  178.089    1614591475539
02    24.710    6.008   -9.631 -145.938   48.017    5.813    1614591475539
01    23.461    4.618   -9.328  -98.616   40.352  177.950    1614591475561
02    24.309    5.989   -9.825 -150.839   40.328   -1.266    1614591475561
01    23.530    4.484   -9.368  -98.591   40.254  178.623    1614591475576
02    24.043    5.978   -9.971 -152.365   35.452   -4.844    1614591475576
01    23.625    4.333   -9.463  -97.625   39.396  179.199    1614591475592
02    23.887    5.958  -10.077 -151.971   33.121   -6.156    1614591475592
01    23.758    4.204   -9.481  -94.959   38.391 -179.715    1614591475608
02    23.778    5.943  -10.224 -150.799   31.615   -7.109    1614591475608
01    23.892    4.113   -9.534  -91.438   36.837 -178.566    1614591475623
02    23.744    5.927  -10.297 -148.834   31.627   -6.456    1614591475623
01    24.118    3.924   -9.477  -87.186   33.789 -175.553    1614591475639
02    23.729    5.883  -10.434 -146.400   32.780   -2.908    1614591475639
01    24.335    3.878   -9.347  -82.280   30.158 -172.793    1614591475661
02    23.715    5.648  -10.816 -143.809   34.593    3.133    1614591475661
01    24.562    3.744   -9.118  -78.775   24.784 -171.197    1614591475677
02    23.760    5.056  -11.865 -141.456   38.392    8.160    1614591475677
01    24.701    3.690   -8.887  -75.791   18.083 -170.550    1614591475692
02    24.064    4.831  -12.975 -138.179   45.545   11.819    1614591475692
01    24.811    3.531   -8.630  -73.383   10.821 -171.079    1614591475708
02    24.810    5.447  -13.074 -132.930   57.551   15.491    1614591475708
01    24.862    3.535   -8.440  -71.096    4.993 -172.437    1614591475723
02    25.719    6.209  -12.415 -112.084   73.003   33.839    1614591475723
01    24.883    3.492   -8.353  -69.763    1.484 -174.148    1614591475739
02    26.395    6.899  -11.761  -22.003   76.649  121.016    1614591475739
01    24.862    3.469   -8.214  -68.820   -0.563 -175.314    1614591475761
02    26.839    7.099  -11.395    2.111   63.990  144.251    1614591475761
01    24.822    3.442   -8.217  -68.754   -1.607 -176.824    1614591475777
02    27.121    7.181  -11.173    5.335   55.811  147.364    1614591475777
01    24.768    3.425   -8.190  -69.166   -2.191 -177.988    1614591475792
02    27.294    7.163  -11.072    5.329   51.561  148.159    1614591475792
01    24.652    3.445   -8.151  -70.141   -1.806 -179.043    1614591475808
02    27.379    6.923  -11.005    1.298   49.883  145.710    1614591475808
01    24.456    3.564   -8.260  -71.383   -0.224  179.199    1614591475824
02    27.316    6.583  -11.163   -5.490   51.652  140.677    1614591475824
01    24.214    3.729   -8.422  -73.657    3.732  177.601    1614591475839
02    27.139    6.233  -11.303  -16.692   55.631  132.498    1614591475839
01    23.935    4.050   -8.595  -76.785    9.852  176.214    1614591475861
02    26.816    6.089  -11.183  -31.846   60.668  120.768    1614591475861
01    23.587    4.436   -8.772  -82.247   18.112  175.387    1614591475878
02    26.458    6.160  -10.427  -51.848   65.493  103.281    1614591475878
01    23.406    4.489   -9.016  -90.609   28.515  173.898    1614591475887
02    25.943    6.389   -8.814  -80.694   69.603   73.475    1614591475887
01    23.329    4.725   -9.152  -96.569   38.085  172.549    1614591475903
02    24.822    5.870   -9.479 -138.868   54.882   15.275    1614591475903
01    23.332    4.646   -9.319 -100.517   42.010  172.504    1614591475918
02    24.217    5.693   -9.878 -151.614   41.986    1.201    1614591475918
01    23.347    4.556   -9.480 -102.173   42.935  172.368    1614591475934
02    23.868    5.684  -10.046 -155.173   35.397   -4.362    1614591475934
01    23.399    4.463   -9.564 -101.822   42.620  173.068    1614591475962
02    23.639    5.724  -10.211 -155.505   32.099   -6.672    1614591475962
01    23.530    4.303   -9.598 -100.077   41.836  174.995    1614591475977
02    23.541    5.749  -10.311 -154.571   31.405   -7.151    1614591475977
01    23.695    4.209   -9.615  -97.572   41.272  176.851    1614591475993
02    23.533    5.749  -10.381 -153.057   31.679   -7.161    1614591475993
01    23.860    4.120   -9.659  -94.020   40.172  179.019    1614591476009
02    23.556    5.784  -10.450 -151.112   32.339   -7.047    1614591476009
01    24.057    3.995   -9.654  -89.869   38.813 -178.179    1614591476024
02    23.614    5.795  -10.522 -147.967   33.672   -4.825    1614591476024
01    24.280    3.889   -9.594  -85.075   36.302 -175.009    1614591476040
02    23.672    5.678  -10.725 -144.955   35.442    0.131    1614591476040
01    24.494    3.845   -9.428  -80.153   32.463 -172.414    1614591476062
02    23.760    5.271  -11.368 -142.171   37.989    5.857    1614591476062
01    24.713    3.738   -9.136  -76.713   26.256 -170.901    1614591476078
02    23.994    4.918  -12.443 -138.617   43.764   10.251    1614591476078
01    24.868    3.461   -8.923  -74.593   17.493 -171.032    1614591476093
02    24.527    5.150  -12.964 -133.786   53.506   14.265    1614591476093
01    25.007    3.354   -8.595  -71.819    9.191 -171.551    1614591476109
02    25.291    5.837  -12.682 -121.223   67.879   24.631    1614591476109
01    25.050    3.348   -8.463  -69.640    3.616 -172.988    1614591476124
02    25.977    6.747  -12.142  -44.719   79.224   97.025    1614591476124
01    25.092    3.392   -8.318  -67.998    0.692 -174.051    1614591476140
02    26.599    7.127  -11.595    2.004   65.848  142.606    1614591476140
01    25.087    3.383   -8.272  -67.065   -0.951 -175.226    1614591476162
02    26.975    7.386  -11.307    9.264   56.031  149.585    1614591476162
01    25.030    3.423   -8.338  -66.782   -1.474 -176.667    1614591476178
02    27.288    7.430  -11.120    9.475   50.234  150.574    1614591476178
01    24.995    3.370   -8.302  -67.349   -2.218 -177.435    1614591476193
02    27.437    7.259  -11.153    7.379   48.350  149.937    1614591476193
01    24.925    3.359   -8.232  -68.005   -2.484 -178.073    1614591476209
02    27.575    7.193  -11.026    6.588   46.166  149.454    1614591476209
01    24.824    3.356   -8.177  -68.760   -2.325 -178.981    1614591476225
02    27.562    6.997  -11.010    4.407   46.355  147.778    1614591476225
01    24.662    3.378   -8.277  -70.237   -0.915  179.402    1614591476240
02    27.499    6.739  -11.113    0.073   49.092  144.451    1614591476240
01    24.431    3.507   -8.367  -72.331    2.267  177.799    1614591476262
02    27.251    6.443  -11.272   -8.689   54.761  137.263    1614591476262
01    24.107    3.862   -8.510  -75.184    7.845  176.261    1614591476278
02    26.909    6.211  -11.232  -25.517   61.523  124.215    1614591476278
01    23.657    4.433   -8.700  -79.796   15.315  174.909    1614591476294
02    26.557    6.151  -10.540  -48.955   66.454  104.243    1614591476294
01    23.365    4.613   -8.924  -89.493   27.102  172.811    1614591476309
02    25.942    6.462   -8.872  -80.182   69.771   71.381    1614591476309
01    23.201    4.912   -8.878  -97.883   39.641  169.932    1614591476325
02    24.822    6.014   -9.293 -139.633   52.346   12.152    1614591476325
01    23.078    4.727   -9.201 -106.638   44.064  167.261    1614591476341
02    24.080    5.759   -9.682 -153.915   34.041   -1.559    1614591476341
01    23.062    4.620   -9.327 -109.527   44.757  166.621    1614591476363
02    23.649    5.705   -9.846 -156.914   27.723   -5.183    1614591476363
01    23.065    4.550   -9.417 -110.192   44.366  166.685    1614591476378
02    23.362    5.660   -9.972 -158.059   25.329   -6.385    1614591476378
01    23.139    4.317   -9.505 -109.628   43.443  167.768    1614591476394
02    23.178    5.683  -10.126 -157.178   24.711   -6.909    1614591476394
01    23.271    4.138   -9.589 -107.589   43.522  169.020    1614591476410
02    23.134    5.699  -10.256 -156.171   25.383   -7.845    1614591476410
01    23.449    3.989   -9.696 -104.093   43.675  170.838    1614591476425
02    23.185    5.720  -10.328 -153.830   26.813   -8.066    1614591476425
01    23.687    3.814   -9.718  -98.842   42.801  174.198    1614591476441
02    23.249    5.782  -10.430 -150.426   29.129   -6.421    1614591476441
01    23.902    3.816   -9.738  -92.597   41.339  177.794    1614591476463
02    23.348    5.660  -10.664 -146.809   31.720   -1.302    1614591476463
01    24.138    3.784   -9.599  -86.751   38.483 -178.746    1614591476479
02    23.422    5.288  -11.248 -143.906   35.144    4.326    1614591476479
01    24.356    3.646   -9.360  -82.544   32.728 -176.355    1614591476494
02    23.647    4.946  -12.365 -140.740   41.860    7.563    1614591476494
01    24.528    3.506   -9.108  -79.466   25.702 -175.269    1614591476510
02    24.137    5.173  -13.036 -136.915   52.706    9.983    1614591476510
01    24.682    3.412   -8.868  -76.165   17.434 -174.792    1614591476526
02    24.897    5.932  -12.845 -127.614   67.311   16.789    1614591476526
01    24.794    3.343   -8.689  -73.682   11.296 -175.007    1614591476541
02    25.619    6.693  -12.333  -60.942   81.080   80.385    1614591476541
01    24.988    3.245   -8.347  -71.739    7.327 -174.869    1614591476563
02    26.235    7.160  -11.864    0.321   70.024  140.162    1614591476563
01    24.960    3.346   -8.414  -69.513    5.572 -176.021    1614591476579
02    26.645    7.343  -11.616    7.678   60.018  147.696    1614591476579
01    24.946    3.360   -8.391  -68.663    4.411 -177.007    1614591476595
02    26.994    7.323  -11.352    7.434   53.205  148.863    1614591476595
01    24.925    3.325   -8.352  -68.743    3.835 -177.929    1614591476610
02    27.199    7.241  -11.283    6.292   50.733  148.613    1614591476610
01    24.861    3.417   -8.289  -68.508    3.326 -178.850    1614591476626
02    27.334    7.239  -11.068    6.537   48.455  149.532    1614591476626
01    24.733    3.380   -8.314  -69.595    3.096  179.857    1614591476641
02    27.376    7.026  -11.129    3.136   49.167  147.273    1614591476641
01    24.528    3.383   -8.459  -71.309    4.466  177.832    1614591476664
02    27.308    6.635  -11.219   -3.128   52.191  142.557    1614591476664
01    24.258    3.654   -8.569  -73.148    8.613  175.996    1614591476679
02    27.051    6.259  -11.353  -14.023   58.168  133.896    1614591476679
01    23.912    4.087   -8.730  -76.646   14.946  174.197    1614591476695
02    26.680    6.128  -11.160  -33.636   64.546  118.164    1614591476695
01    23.492    4.676   -8.785  -82.394   23.181  173.184    1614591476711
02    26.321    6.221  -10.144  -58.069   68.292   95.506    1614591476711
01    23.236    4.782   -9.076  -93.072   33.843  170.265    1614591476726
02    25.618    6.609   -8.410  -95.604   68.978   55.485    1614591476726
01    23.081    4.680   -9.291 -105.037   41.016  166.034    1614591476742
02    24.510    6.215   -9.118 -143.439   50.742    7.549    1614591476742
01    23.035    4.552   -9.355 -110.869   43.395  165.492    1614591476764
02    23.840    5.869   -9.642 -153.143   35.563   -0.313    1614591476764
01    23.051    4.398   -9.407 -112.116   43.529  166.629    1614591476780
02    23.518    5.714   -9.898 -155.365   30.091   -2.116    1614591476780
01    23.086    4.341   -9.473 -111.301   43.021  167.716    1614591476795
02    23.317    5.621  -10.136 -155.187   27.741   -2.762    1614591476795
01    23.176    4.187   -9.586 -109.416   42.168  168.877    1614591476811
02    23.253    5.531  -10.304 -154.202   27.577   -3.448    1614591476811
01    23.319    4.035   -9.687 -105.892   41.504  170.492    1614591476826
02    23.293    5.466  -10.406 -152.199   28.402   -4.075    1614591476826
01    23.538    3.865   -9.736 -101.093   40.869  172.899    1614591476842
02    23.359    5.478  -10.482 -149.896   29.793   -5.305    1614591476842
01    23.790    3.643   -9.743  -95.552   38.938  176.379    1614591476864
02    23.438    5.477  -10.551 -146.806   31.833   -3.058    1614591476864
01    24.052    3.553   -9.619  -88.763   35.689 -179.314    1614591476880
02    23.524    5.370  -10.759 -143.667   34.418    1.986    1614591476880
01    24.358    3.400   -9.355  -83.499   29.783 -176.363    1614591476897
02    23.568    4.981  -11.545 -141.508   37.514    6.271    1614591476897
01    24.566    3.326   -9.039  -79.077   21.901 -174.679    1614591476901
02    23.803    4.647  -12.763 -138.601   44.443    9.569    1614591476901
01    24.695    3.193   -8.793  -75.722   13.081 -174.717    1614591476916
02    24.302    5.217  -13.299 -134.340   55.885   12.132    1614591476916
01    24.796    3.179   -8.579  -72.363    5.919 -175.359    1614591476932
02    25.150    5.992  -12.876 -117.737   71.915   26.365    1614591476932
01    24.846    3.187   -8.399  -69.826    1.784 -176.677    1614591476964
02    25.877    6.640  -12.184  -25.041   77.386  116.401    1614591476964
01    24.845    3.213   -8.336  -68.106   -0.693 -178.025    1614591476980
02    26.415    6.946  -11.764    3.081   64.225  143.821    1614591476980
01    24.847    3.214   -8.233  -67.681   -1.613 -178.848    1614591476995
02    26.819    6.931  -11.550    4.860   56.292  146.481    1614591476995
01    24.838    3.200   -8.129  -67.615   -2.565 -179.675    1614591477011
02    27.057    6.913  -11.282    5.576   50.706  147.694    1614591477011
01    24.743    3.209   -8.109  -67.774   -3.330  179.164    1614591477027
02    27.113    6.871  -11.327    4.569   49.241  147.249    1614591477027
01    24.631    3.251   -8.112  -68.278   -3.331  177.952    1614591477042
02    27.184    6.880  -11.153    4.928   47.401  147.725    1614591477042
01    24.521    3.201   -8.114  -69.992   -2.682  176.795    1614591477064
02    27.150    6.773  -11.244    2.466   49.019  145.940    1614591477064
01    24.319    3.321   -8.183  -71.502   -0.509  175.141    1614591477080
02    27.064    6.387  -11.303   -5.569   52.050  139.907    1614591477080
01    24.081    3.503   -8.227  -74.300    3.389  173.858    1614591477096
02    26.857    6.059  -11.400  -18.018   57.138  129.940    1614591477096
01    23.654    4.017   -8.473  -77.750    9.589  171.952    1614591477111
02    26.493    5.912  -11.236  -38.215   62.868  113.888    1614591477111
01    23.209    4.538   -8.665  -83.684   17.360  170.796    1614591477127
02    26.138    5.985  -10.393  -60.979   66.269   93.112    1614591477127
01    22.970    4.624   -8.929  -94.999   29.020  168.339    1614591477143
02    25.372    6.382   -8.653  -95.118   67.642   57.001    1614591477143
01    22.890    4.841   -8.838 -103.835   39.004  166.762    1614591477158
02    24.206    5.506   -9.389 -146.372   43.734   10.488    1614591477158
01    22.797    4.668   -9.068 -112.214   42.218  164.863    1614591477180
02    23.608    5.383   -9.694 -154.100   32.141    2.370    1614591477180
01    22.804    4.471   -9.224 -115.533   42.526  164.275    1614591477196
02    23.269    5.365   -9.907 -156.573   27.301   -0.885    1614591477196
01    22.866    4.352   -9.299 -115.315   42.423  164.998    1614591477212
02    23.093    5.384  -10.053 -156.794   25.823   -2.516    1614591477212
01    22.941    4.188   -9.468 -113.896   41.601  165.398    1614591477227
02    23.054    5.378  -10.147 -156.004   25.894   -3.508    1614591477227
01    23.102    3.893   -9.584 -111.408   40.987  166.430    1614591477243
02    23.046    5.401  -10.285 -154.011   25.727   -4.929    1614591477243
01    23.284    3.702   -9.711 -107.002   40.583  167.744    1614591477259
02    23.126    5.435  -10.325 -152.019   26.742   -6.446    1614591477259
01    23.572    3.519   -9.634 -100.779   39.431  171.675    1614591477281
02    23.196    5.456  -10.419 -149.430   27.845   -5.472    1614591477281
01    23.844    3.456   -9.530  -93.550   36.745  176.565    1614591477296
02    23.305    5.428  -10.503 -146.196   30.055   -1.301    1614591477296
01    24.108    3.346   -9.338  -87.518   31.512 -179.746    1614591477312
02    23.346    5.140  -10.923 -144.613   32.167    3.228    1614591477312
01    24.389    3.284   -8.978  -82.605   24.329 -176.933    1614591477328
02    23.453    4.750  -12.071 -142.176   37.599    6.246    1614591477328
01    24.576    3.210   -8.678  -78.825   16.062 -175.554    1614591477343
02    23.840    4.766  -13.009 -138.545   46.638    8.947    1614591477343
01    24.728    3.250   -8.487  -75.331    9.283 -175.262    1614591477359
02    24.562    5.397  -13.060 -132.207   59.352   13.589    1614591477359
01    24.829    3.214   -8.360  -72.939    4.527 -175.782    1614591477365
02    25.329    6.238  -12.571  -97.642   76.790   44.903    1614591477365
01    24.886    3.225   -8.219  -70.620    1.634 -176.321    1614591477397
02    25.955    6.604  -12.148  -19.517   74.489  122.015    1614591477397
01    24.867    3.254   -8.277  -69.682    0.635 -178.002    1614591477412
02    26.448    6.785  -11.780   -1.775   63.828  139.476    1614591477412
01    24.860    3.253   -8.180  -69.424    0.042 -178.731    1614591477428
02    26.772    6.879  -11.465    1.764   56.417  143.542    1614591477428
01    24.801    3.178   -8.158  -70.044   -0.463 -179.947    1614591477443
02    26.905    6.839  -11.469    0.709   54.213  143.583    1614591477443
01    24.665    3.239   -8.184  -70.464   -0.442  178.513    1614591477459
02    26.949    6.616  -11.503   -2.495   54.341  141.615    1614591477459
01    24.462    3.373   -8.247  -71.636    1.080  176.859    1614591477466
02    26.842    6.303  -11.554   -9.221   57.286  136.181    1614591477466
01    24.212    3.558   -8.329  -74.147    4.658  174.935    1614591477497
02    26.603    6.039  -11.505  -22.929   62.841  124.399    1614591477497
01    23.852    3.969   -8.463  -77.777   10.623  173.040    1614591477513
02    26.256    5.971  -10.931  -45.485   66.911  105.624    1614591477513
01    23.392    4.416   -8.608  -84.028   18.071  171.436    1614591477528
02    25.815    6.134   -9.625  -75.022   68.619   76.976    1614591477528
01    23.091    4.611   -8.798  -93.421   28.048  169.196    1614591477544
02    24.903    6.665   -8.508 -113.203   63.681   36.562    1614591477544
01    22.900    4.323   -9.100 -105.878   35.058  165.299    1614591477559
02    23.835    6.135   -9.315 -144.196   44.281    6.790    1614591477559
01    22.851    4.261   -9.153 -111.098   39.285  164.314    1614591477566
02    23.355    5.751   -9.596 -153.887   30.176   -2.350    1614591477566
01    22.852    4.154   -9.279 -113.031   39.989  164.491    1614591477597
02    23.099    5.628   -9.723 -156.860   23.559   -5.844    1614591477597
01    22.926    4.103   -9.310 -112.149   40.032  165.592    1614591477613
02    22.956    5.651   -9.843 -156.902   21.060   -7.601    1614591477613
01    23.069    3.916   -9.367 -110.296   39.653  167.004    1614591477628
02    22.910    5.694   -9.945 -155.637   20.612   -8.922    1614591477628
01    23.239    3.823   -9.416 -106.943   39.466  168.665    1614591477644
02    22.926    5.730  -10.040 -154.024   21.015  -10.302    1614591477644
01    23.402    3.723   -9.517 -102.738   38.466  170.599    1614591477660
02    23.008    5.759  -10.059 -151.440   22.370   -9.822    1614591477660
01    23.598    3.612   -9.529  -97.621   36.282  173.818    1614591477666
02    23.108    5.785  -10.113 -148.378   24.414   -7.044    1614591477666
01    23.811    3.493   -9.420  -92.296   32.734  177.575    1614591477697
02    23.184    5.551  -10.356 -146.323   26.121   -2.090    1614591477697
01    24.038    3.405   -9.169  -87.169   27.580 -179.238    1614591477713
02    23.208    5.251  -10.975 -144.725   29.952    1.487    1614591477713
01    24.326    3.260   -8.821  -83.048   20.573 -177.395    1614591477729
02    23.363    4.836  -12.227 -142.900   36.570    3.960    1614591477729
01    24.531    3.198   -8.641  -78.331   12.370 -176.984    1614591477745
02    23.779    4.956  -13.120 -140.405   46.232    5.822    1614591477745
01    24.673    3.231   -8.415  -74.005    6.135 -176.947    1614591477760
02    24.431    5.633  -13.249 -135.668   59.956    8.437    1614591477760
01    24.842    3.160   -8.190  -70.586    1.533 -177.729    1614591477767
02    25.201    6.504  -12.633 -104.154   79.718   36.449    1614591477767
01    24.895    3.188   -8.098  -67.512   -1.321 -179.131    1614591477798
02    25.789    7.010  -12.114   -5.538   76.008  132.942    1614591477798
01    24.921    3.146   -8.046  -65.922   -2.176  179.420    1614591477813
02    26.214    7.007  -11.840    4.565   66.112  144.063    1614591477813
01    24.904    3.202   -7.972  -64.905   -2.628  178.549    1614591477829
02    26.459    6.989  -11.659    5.219   60.468  145.687    1614591477829
01    24.867    3.180   -7.885  -65.231   -3.159  177.229    1614591477845
02    26.641    6.877  -11.483    3.343   57.076  144.418    1614591477845
01    24.759    3.127   -7.909  -66.250   -3.180  175.482    1614591477860
02    26.630    6.789  -11.491    1.682   56.625  143.148    1614591477860
01    24.586    3.225   -7.918  -67.119   -2.568  174.094    1614591477867
02    26.550    6.649  -11.488   -1.596   57.706  140.649    1614591477867
01    24.359    3.292   -7.965  -69.265   -1.003  172.339    1614591477882
02    26.415    6.301  -11.510  -10.814   61.654  133.220    1614591477882
01    24.036    3.570   -8.093  -72.128    3.016  170.402    1614591477914
02    26.139    6.003  -11.389  -29.616   66.483  116.591    1614591477914
01    23.637    4.067   -8.239  -76.326    9.283  169.372    1614591477929
02    25.860    5.969  -10.654  -54.271   68.789   95.232    1614591477929
01    23.243    4.370   -8.410  -83.510   17.154  168.576    1614591477945
02    25.326    6.195   -9.120  -85.260   68.148   64.342    1614591477945
01    22.978    4.498   -8.699  -94.402   28.989  166.376    1614591477961
02    24.458    6.438   -8.917 -119.855   58.633   27.593    1614591477961
01    22.840    4.238   -9.049 -106.115   35.651  162.867    1614591477967
02    23.564    6.292   -9.353 -144.766   36.961    2.922    1614591477967
01    22.835    4.103   -9.176 -110.093   38.854  163.418    1614591477983
02    23.145    5.963   -9.575 -152.541   24.316   -1.560    1614591477983
01    22.937    3.970   -9.203 -110.303   39.602  164.963    1614591478014
02    22.941    5.740   -9.725 -154.894   19.714   -3.198    1614591478014
01    23.038    3.932   -9.243 -108.648   40.424  166.598    1614591478030
02    22.891    5.570   -9.824 -155.161   18.758   -3.777    1614591478030
01    23.166    3.901   -9.375 -106.145   40.686  168.020    1614591478046
02    22.898    5.476   -9.944 -153.913   19.162   -4.469    1614591478046
01    23.366    3.798   -9.479 -102.896   41.243  169.925    1614591478061
02    22.953    5.486  -10.077 -151.942   20.887   -5.892    1614591478061
01    23.592    3.680   -9.573  -98.328   41.218  172.988    1614591478067
02    23.040    5.532  -10.182 -149.237   23.795   -5.819    1614591478067
01    23.852    3.616   -9.564  -92.594   40.043  176.851    1614591478083
02    23.158    5.533  -10.342 -145.953   27.139   -3.027    1614591478083
01    24.081    3.541   -9.492  -87.292   37.146 -179.999    1614591478099
02    23.269    5.247  -10.748 -143.730   30.252    1.894    1614591478099
01    24.341    3.428   -9.261  -82.218   31.180 -177.362    1614591478130
02    23.498    4.757  -11.808 -141.113   36.458    5.275    1614591478130
01    24.620    3.323   -8.837  -78.019   23.919 -175.385    1614591478146
02    23.832    4.875  -12.839 -138.213   45.764    6.605    1614591478146
01    24.790    3.228   -8.639  -74.400   15.253 -175.307    1614591478161
02    24.437    5.622  -13.033 -133.899   58.698    8.598    1614591478161
01    24.922    3.257   -8.444  -70.587    8.674 -175.622    1614591478168
02    25.142    6.397  -12.630 -113.964   76.197   25.801    1614591478168
01    25.021    3.330   -8.254  -67.610    4.671 -176.227    1614591478183
02    25.770    6.972  -12.155  -16.749   79.389  120.982    1614591478183
01    25.043    3.232   -8.214  -66.837    2.475 -177.861    1614591478199
02    26.307    7.153  -11.582    6.522   67.233  144.678    1614591478199
01    25.041    3.106   -8.203  -66.619    1.331 -179.556    1614591478230
02    26.605    7.065  -11.502    6.223   61.173  146.023    1614591478230
01    24.955    3.130   -8.247  -66.098    1.089  178.426    1614591478246
02    26.725    6.998  -11.483    4.354   58.031  144.865    1614591478246
01    24.871    3.111   -8.180  -66.642    0.799  177.088    1614591478261
02    26.764    6.944  -11.468    2.798   56.498  144.365    1614591478261
01    24.713    3.220   -8.136  -66.967    1.237  175.679    1614591478268
02    26.718    6.648  -11.485   -1.804   57.423  141.437    1614591478268
01    24.505    3.337   -8.175  -69.035    3.181  174.004    1614591478284
02    26.612    6.393  -11.473   -8.686   60.454  135.175    1614591478284
01    24.205    3.549   -8.312  -71.943    7.306  172.101    1614591478299
02    26.387    6.194  -11.336  -22.752   65.304  122.397    1614591478299
01    23.818    3.970   -8.406  -76.051   13.551  170.938    1614591478330
02    26.098    6.088  -10.838  -47.899   68.976  100.602    1614591478330
01    23.414    4.304   -8.639  -82.550   21.279  169.811    1614591478346
02    25.653    6.138   -9.682  -79.092   69.010   70.454    1614591478346
01    23.164    4.416   -8.937  -93.282   32.982  167.022    1614591478362
02    24.797    6.657   -8.656 -110.727   63.713   36.126    1614591478362
01    23.017    4.421   -9.255 -104.200   40.912  162.553    1614591478368
02    23.887    5.862   -9.327 -143.574   43.914    6.001    1614591478368
01    23.041    4.198   -9.349 -109.680   44.929  162.274    1614591478384
02    23.363    5.655   -9.746 -152.267   31.285   -3.490    1614591478384
01    23.143    4.123   -9.419 -109.063   46.090  163.719    1614591478399
02    23.120    5.651  -10.010 -153.510   26.051   -6.889    1614591478399
01    23.285    3.974   -9.479 -107.109   46.112  165.517    1614591478431
02    23.064    5.550  -10.185 -153.624   24.513   -8.084    1614591478431
01    23.439    3.834   -9.634 -104.111   46.033  166.750    1614591478446
02    23.105    5.526  -10.303 -152.365   24.666   -9.508    1614591478446
01    23.643    3.768   -9.774  -99.510   46.156  168.312    1614591478462
02    23.197    5.576  -10.347 -150.485   25.914  -10.832    1614591478462
01    23.930    3.706   -9.767  -92.709   45.675  172.390    1614591478469
02    23.313    5.619  -10.385 -147.731   28.129   -9.232    1614591478469
01    24.264    3.673   -9.572  -84.408   43.357  178.494    1614591478484
02    23.397    5.516  -10.619 -145.069   30.611   -4.538    1614591478484
01    24.554    3.623   -9.387  -78.006   38.991 -177.425    1614591478500
02    23.499    5.210  -11.079 -142.912   34.190    1.229    1614591478500
01    24.795    3.529   -9.172  -73.786   32.694 -175.355    1614591478515
02    23.701    4.779  -12.076 -140.944   39.852    4.983    1614591478531
01    25.027    3.426   -8.854  -70.746   25.245 -174.185    1614591478547
02    24.030    5.075  -12.816 -138.230   49.389    6.206    1614591478547
01    25.174    3.341   -8.644  -68.184   17.242 -174.190    1614591478562
02    24.535    5.777  -13.010 -134.568   61.475    7.676    1614591478562
01    25.220    3.349   -8.520  -65.592   11.879 -174.721    1614591478569
02    25.163    6.522  -12.547 -113.114   78.023   25.874    1614591478569
01    25.256    3.329   -8.485  -64.110    8.476 -176.004    1614591478584
02    25.706    7.024  -12.087  -10.648   79.968  126.569    1614591478584
01    25.264    3.317   -8.444  -63.152    6.498 -177.131    1614591478600
02    26.091    7.276  -11.886   10.070   69.804  147.231    1614591478600
01    25.205    3.369   -8.377  -62.355    5.761 -178.265    1614591478616
02    26.439    7.345  -11.515   12.128   61.738  150.232    1614591478616
01    25.159    3.272   -8.302  -63.123    5.139 -179.437    1614591478647
02    26.653    7.289  -11.390   10.316   58.313  149.360    1614591478647
01    25.063    3.195   -8.270  -64.263    4.741  179.322    1614591478663
02    26.817    6.977  -11.294    5.316   56.726  146.615    1614591478663
01    24.885    3.245   -8.329  -65.403    5.740  177.867    1614591478669
02    26.802    6.651  -11.387   -1.148   57.950  141.569    1614591478669
01    24.623    3.398   -8.445  -67.510    8.318  176.018    1614591478685
02    26.700    6.304  -11.405  -12.743   60.659  132.282    1614591478685
01    24.274    3.659   -8.640  -71.184   13.528  174.095    1614591478700
02    26.460    6.125  -11.312  -29.942   64.714  118.453    1614591478700
01    23.788    4.196   -8.814  -76.071   20.652  172.726    1614591478716
02    26.183    6.041  -10.778  -53.127   67.638   98.434    1614591478716
01    23.391    4.557   -8.990  -84.138   29.979  171.044    1614591478747
02    25.772    6.150   -9.564  -80.676   68.922   70.630    1614591478747
01    23.158    4.661   -9.329  -96.191   42.133  166.616    1614591478763
02    25.036    6.039   -9.272 -120.922   61.528   29.406    1614591478763
01    23.089    4.479   -9.561 -105.963   46.640  162.962    1614591478769
02    24.248    5.814   -9.681 -143.754   46.317    6.623    1614591478769
01    23.159    4.386   -9.503 -107.403   48.091  164.301    1614591478785
02    23.793    5.677   -9.977 -150.428   36.486   -0.968    1614591478785
01    23.227    4.284   -9.561 -106.892   47.751  165.639    1614591478801
02    23.552    5.589  -10.124 -152.197   32.372   -3.565    1614591478801
01    23.352    4.177   -9.630 -104.620   47.213  167.571    1614591478816
02    23.422    5.616  -10.271 -151.302   31.371   -4.718    1614591478816
01    23.525    4.035   -9.712 -101.470   46.691  169.817    1614591478848
02    23.423    5.624  -10.341 -149.683   31.919   -5.212    1614591478848
01    23.729    3.976   -9.725  -96.615   46.096  172.854    1614591478863
02    23.456    5.579  -10.481 -147.890   32.544   -5.489    1614591478863
01    23.954    3.855   -9.751  -91.221   44.529  176.397    1614591478870
02    23.533    5.581  -10.565 -144.408   34.433   -3.320    1614591478870
01    24.204    3.741   -9.625  -85.052   41.138 -179.313    1614591478885
02    23.627    5.465  -10.745 -141.587   36.575    1.435    1614591478885
01    24.431    3.563   -9.374  -80.647   35.160 -176.288    1614591478901
02    23.722    5.163  -11.218 -139.557   39.355    5.785    1614591478901
01    24.594    3.522   -9.085  -76.822   27.360 -174.658    1614591478917
02    23.936    4.970  -11.998 -137.040   45.239    8.562    1614591478917
01    24.709    3.434   -8.843  -74.069   17.770 -174.228    1614591478932
02    24.297    5.195  -12.613 -133.614   53.805   10.835    1614591478932
01    24.825    3.319   -8.557  -71.918   10.093 -174.270    1614591478963
02    24.862    5.726  -12.639 -127.374   64.618   15.320    1614591478963
01    24.905    3.311   -8.378  -69.954    5.363 -175.295    1614591478970
02    25.460    6.293  -12.249  -89.230   79.042   50.784    1614591478970
01    24.930    3.186   -8.279  -69.021    2.207 -176.612    1614591478986
02    25.924    6.786  -11.892  -12.061   75.847  125.917    1614591478986
01    24.899    3.143   -8.198  -68.502    0.671 -178.131    1614591479001
02    26.339    6.819  -11.609    1.522   66.647  140.705    1614591479001
01    24.821    3.161   -8.152  -68.110   -0.374 -179.535    1614591479017
02    26.531    6.831  -11.571    2.932   61.407  142.501    1614591479017
01    24.768    3.143   -8.056  -68.565   -1.076  179.261    1614591479032
02    26.697    6.795  -11.462    1.278   58.473  141.723    1614591479032
01    24.612    3.176   -8.094  -69.657   -0.469  177.605    1614591479064
02    26.747    6.389  -11.451   -6.456   58.629  136.520    1614591479064
01    24.317    3.392   -8.307  -71.329    2.722  175.331    1614591479070
02    26.622    6.099  -11.476  -16.967   61.490  127.706    1614591479070
01    24.011    3.695   -8.460  -74.385    7.936  173.470    1614591479086
02    26.425    5.928  -11.264  -33.210   64.725  114.911    1614591479086
01    23.682    4.072   -8.561  -79.381   15.133  172.389    1614591479102
02    26.139    5.896  -10.624  -56.141   67.265   94.438    1614591479102
01    23.390    4.210   -8.744  -86.520   22.825  171.053    1614591479117
02    25.651    6.028   -9.307  -85.227   67.494   64.934    1614591479117
01    23.230    4.154   -9.039  -95.012   31.425  168.785    1614591479133
02    24.901    5.936   -8.986 -120.567   58.591   28.859    1614591479133
01    23.137    4.029   -9.311 -101.996   36.878  166.498    1614591479164
02    24.062    5.600   -9.531 -142.392   43.042    6.940    1614591479164
01    23.184    3.967   -9.303 -103.359   39.480  167.233    1614591479171
02    23.610    5.466   -9.852 -149.531   32.750   -1.554    1614591479171
01    23.238    3.975   -9.367 -102.497   40.297  167.588    1614591479186
02    23.356    5.400  -10.040 -151.773   27.559   -5.584    1614591479186
01    23.342    3.868   -9.433 -100.973   40.364  168.414    1614591479202
02    23.226    5.346  -10.193 -151.482   25.329   -7.472    1614591479202
01    23.482    3.808   -9.528  -97.871   40.396  169.464    1614591479217
02    23.235    5.372  -10.256 -150.216   25.733   -8.916    1614591479217
01    23.695    3.729   -9.537  -93.662   39.901  171.992    1614591479233
02    23.243    5.449  -10.325 -148.189   26.497   -8.847    1614591479233
01    23.927    3.652   -9.477  -88.532   37.770  175.903    1614591479249
02    23.307    5.494  -10.368 -145.971   28.025   -6.303    1614591479249
01    24.133    3.634   -9.326  -83.226   34.060  179.691    1614591479271
02    23.365    5.404  -10.553 -143.548   29.840   -1.384    1614591479271
01    24.337    3.494   -9.105  -80.111   28.280 -177.851    1614591479286
02    23.409    5.149  -11.045 -141.982   33.261    2.451    1614591479286
01    24.508    3.403   -8.840  -77.771   22.030 -176.731    1614591479302
02    23.582    4.809  -12.081 -140.192   39.526    4.963    1614591479302
01    24.621    3.335   -8.633  -75.464   14.916 -176.332    1614591479318
02    23.896    5.046  -12.791 -137.253   48.644    6.724    1614591479318
01    24.727    3.174   -8.406  -74.040    9.043 -176.539    1614591479333
02    24.476    5.530  -12.895 -131.629   59.755   10.900    1614591479333
01    24.732    3.175   -8.317  -72.222    5.506 -177.645    1614591479349
02    25.091    6.081  -12.531 -108.566   75.459   31.882    1614591479349
01    24.737    3.210   -8.204  -70.976    3.476 -178.736    1614591479371
02    25.548    6.419  -12.253  -38.243   79.045  100.863    1614591479371
01    24.716    3.209   -8.114  -70.227    1.958  179.989    1614591479387
02    25.940    6.606  -11.972   -8.134   71.319  130.998    1614591479387
01    24.688    3.206   -7.985  -70.083    1.366  179.025    1614591479402
02    26.200    6.666  -11.776   -2.728   65.185  137.203    1614591479402
01    24.563    3.209   -8.028  -70.408    1.496  177.510    1614591479418
02    26.332    6.484  -11.665   -5.726   62.567  135.566    1614591479418
01    24.341    3.226   -8.265  -71.746    3.565  175.379    1614591479434
02    26.405    6.119  -11.544  -13.972   62.783  129.556    1614591479434
01    24.065    3.520   -8.480  -73.682    8.750  173.947    1614591479449
02    26.284    5.931  -11.406  -27.149   65.692  118.696    1614591479449
01    23.745    3.908   -8.682  -77.468   15.818  172.905    1614591479471
02    26.056    5.822  -10.994  -48.949   68.149   99.814    1614591479471
