01    14.507    9.334  -11.910  -14.054   42.185  132.272    1608288737774
02     9.999   11.744  -13.524  169.222   61.856  -93.944    1608288737774
01    14.496    9.332  -11.930  -14.220   42.269  132.324    1608288737790
02    10.014   11.760  -13.512  168.609   61.980  -94.504    1608288737790
01    14.495    9.334  -11.930  -14.266   42.236  132.574    1608288737806
02    10.024   11.759  -13.518  168.711   62.066  -94.409    1608288737806
01    14.494    9.332  -11.938  -14.331   42.180  132.534    1608288737828
02    10.037   11.752  -13.526  168.713   62.108  -94.350    1608288737828
01    14.489    9.326  -11.955  -14.551   42.221  132.420    1608288737843
02    10.023   11.777  -13.522  168.870   62.034  -94.500    1608288737843
01    14.493    9.328  -11.954  -14.612   42.049  132.446    1608288737859
02    10.027   11.772  -13.526  169.112   62.054  -94.285    1608288737859
01    14.493    9.316  -11.975  -14.760   42.049  132.338    1608288737875
02    10.040   11.763  -13.540  169.314   62.072  -94.034    1608288737875
01    14.494    9.323  -11.975  -14.745   42.026  132.524    1608288737890
02    10.035   11.778  -13.540  169.212   62.024  -94.266    1608288737890
01    14.504    9.332  -11.968  -14.667   41.955  132.737    1608288737906
02    10.051   11.777  -13.536  169.081   62.124  -94.317    1608288737906
01    14.508    9.328  -11.980  -14.749   41.924  132.664    1608288737928
02    10.053   11.781  -13.541  169.035   62.149  -94.387    1608288737928
01    14.531    9.315  -11.971  -14.728   41.722  132.740    1608288737944
02    10.052   11.779  -13.551  168.903   62.111  -94.371    1608288737944
01    14.533    9.318  -11.978  -14.689   41.732  132.696    1608288737959
02    10.056   11.772  -13.567  168.923   62.117  -94.280    1608288737959
01    14.536    9.322  -11.981  -14.685   41.655  132.638    1608288737975
02    10.066   11.776  -13.564  168.697   62.150  -94.472    1608288737975
01    14.530    9.333  -11.988  -14.701   41.722  132.574    1608288737990
02    10.065   11.782  -13.570  168.569   62.150  -94.547    1608288737990
01    14.513    9.337  -12.010  -14.786   41.835  132.413    1608288738006
02    10.056   11.782  -13.586  168.661   62.140  -94.442    1608288738006
01    14.515    9.328  -12.020  -14.912   41.795  132.313    1608288738028
02    10.059   11.789  -13.588  168.478   62.167  -94.578    1608288738028
01    14.524    9.342  -12.002  -14.804   41.692  132.444    1608288738044
02    10.062   11.788  -13.586  168.371   62.170  -94.631    1608288738044
01    14.537    9.322  -12.001  -14.996   41.585  132.308    1608288738060
02    10.064   11.782  -13.595  168.406   62.170  -94.581    1608288738060
01    14.537    9.323  -11.998  -15.017   41.510  132.269    1608288738075
02    10.060   11.790  -13.593  168.300   62.162  -94.708    1608288738075
01    14.536    9.343  -11.990  -14.917   41.516  132.383    1608288738091
02    10.064   11.796  -13.588  167.892   62.160  -95.009    1608288738091
01    14.541    9.346  -11.979  -14.939   41.494  132.421    1608288738106
02    10.067   11.808  -13.582  167.405   62.226  -95.418    1608288738106
01    14.541    9.341  -11.980  -14.984   41.501  132.372    1608288738129
02    10.043   11.842  -13.579  167.134   61.997  -95.809    1608288738129
01    14.552    9.334  -11.977  -15.105   41.338  132.204    1608288738144
02    10.040   11.847  -13.589  166.934   61.914  -95.947    1608288738144
01    14.564    9.326  -11.970  -15.169   41.224  132.130    1608288738160
02    10.045   11.873  -13.566  166.082   61.998  -96.758    1608288738160
01    14.569    9.309  -11.980  -15.385   41.204  131.919    1608288738175
02    10.064   11.861  -13.571  165.527   62.008  -96.971    1608288738175
01    14.576    9.307  -11.978  -15.381   41.105  131.802    1608288738191
02    10.072   11.865  -13.562  165.013   62.085  -97.443    1608288738191
01    14.583    9.316  -11.967  -15.258   41.001  131.986    1608288738207
02    10.050   11.891  -13.563  164.886   61.889  -97.726    1608288738207
01    14.605    9.311  -11.950  -15.317   40.822  132.036    1608288738229
02    10.049   11.892  -13.566  164.989   61.942  -97.635    1608288738229
01    14.611    9.330  -11.932  -15.186   40.752  132.184    1608288738244
02    10.058   11.888  -13.567  164.910   61.950  -97.609    1608288738244
01    14.606    9.342  -11.931  -15.091   40.744  132.202    1608288738260
02    10.074   11.894  -13.554  164.775   62.086  -97.758    1608288738260
01    14.604    9.359  -11.931  -14.980   40.681  132.204    1608288738276
02    10.099   11.894  -13.543  164.614   62.161  -97.870    1608288738276
01    14.610    9.348  -11.937  -15.121   40.565  132.106    1608288738291
02    10.103   11.917  -13.532  164.480   62.146  -98.148    1608288738291
01    14.616    9.333  -11.951  -15.343   40.535  131.979    1608288738307
02    10.070   11.932  -13.550  164.763   61.859  -97.965    1608288738307
01    14.622    9.349  -11.935  -15.254   40.333  132.105    1608288738329
02    10.060   11.931  -13.554  164.949   61.771  -97.843    1608288738329
01    14.609    9.367  -11.937  -15.185   40.331  132.076    1608288738345
02    10.073   11.939  -13.539  164.728   61.764  -98.116    1608288738345
01    14.625    9.370  -11.918  -15.180   40.018  132.145    1608288738360
02    10.105   11.922  -13.527  164.572   61.821  -98.144    1608288738360
01    14.639    9.355  -11.918  -15.485   39.930  132.009    1608288738376
02    10.102   11.924  -13.532  164.794   61.820  -97.986    1608288738376
01    14.662    9.340  -11.903  -15.766   39.724  131.965    1608288738392
02    10.114   11.924  -13.530  164.777   61.864  -97.989    1608288738392
01    14.668    9.353  -11.897  -15.686   39.772  132.051    1608288738407
02    10.119   11.918  -13.541  164.875   61.875  -97.826    1608288738407
01    14.668    9.352  -11.898  -15.806   39.753  131.949    1608288738429
02    10.117   11.925  -13.546  164.965   61.837  -97.767    1608288738429
01    14.662    9.355  -11.905  -15.883   39.822  131.830    1608288738445
02    10.102   11.941  -13.545  165.111   61.751  -97.755    1608288738445
01    14.669    9.339  -11.916  -16.138   39.787  131.662    1608288738461
02    10.108   11.941  -13.548  165.086   61.759  -97.771    1608288738461
01    14.670    9.348  -11.909  -15.986   39.741  131.814    1608288738476
02    10.109   11.942  -13.557  165.144   61.700  -97.685    1608288738476
01    14.669    9.349  -11.921  -16.041   39.791  131.749    1608288738492
02    10.120   11.936  -13.565  165.154   61.740  -97.604    1608288738492
01    14.663    9.359  -11.931  -16.077   39.927  131.821    1608288738508
02    10.118   11.945  -13.565  165.134   61.714  -97.661    1608288738508
01    14.678    9.360  -11.921  -16.089   39.806  131.972    1608288738530
02    10.116   11.951  -13.571  165.209   61.692  -97.592    1608288738530
01    14.683    9.348  -11.933  -16.259   39.829  131.838    1608288738545
02    10.124   11.952  -13.570  165.203   61.719  -97.577    1608288738545
01    14.680    9.355  -11.937  -16.198   39.829  131.867    1608288738561
02    10.115   11.955  -13.588  165.471   61.643  -97.369    1608288738561
01    14.670    9.361  -11.952  -16.255   39.951  131.817    1608288738577
02    10.127   11.967  -13.576  165.288   61.679  -97.575    1608288738577
01    14.677    9.370  -11.943  -16.181   39.878  131.894    1608288738592
02    10.147   11.960  -13.574  165.145   61.737  -97.617    1608288738592
01    14.686    9.370  -11.938  -16.194   39.822  131.953    1608288738608
02    10.145   11.972  -13.566  165.023   61.697  -97.775    1608288738608
01    14.686    9.377  -11.934  -16.179   39.827  131.978    1608288738630
02    10.133   11.972  -13.576  165.194   61.638  -97.636    1608288738630
01    14.687    9.371  -11.938  -16.265   39.829  131.876    1608288738646
02    10.125   11.978  -13.577  165.249   61.624  -97.644    1608288738646
01    14.696    9.359  -11.934  -16.349   39.821  131.869    1608288738661
02    10.134   11.978  -13.568  165.138   61.626  -97.718    1608288738661
01    14.683    9.369  -11.939  -16.304   39.872  131.837    1608288738677
02    10.143   11.964  -13.570  165.114   61.622  -97.678    1608288738677
01    14.682    9.374  -11.931  -16.258   39.866  131.899    1608288738693
02    10.140   11.954  -13.580  165.234   61.602  -97.547    1608288738693
01    14.689    9.364  -11.929  -16.351   39.831  131.857    1608288738708
02    10.129   11.965  -13.574  165.142   61.553  -97.700    1608288738708
01    14.689    9.354  -11.935  -16.395   39.825  131.783    1608288738730
02    10.129   11.955  -13.581  165.238   61.582  -97.560    1608288738730
01    14.683    9.360  -11.936  -16.399   39.871  131.758    1608288738746
02    10.121   11.956  -13.584  165.249   61.562  -97.567    1608288738746
01    14.684    9.367  -11.924  -16.322   39.858  131.850    1608288738762
02    10.120   11.949  -13.586  165.281   61.569  -97.508    1608288738762
01    14.676    9.369  -11.931  -16.307   39.875  131.795    1608288738777
02    10.124   11.951  -13.582  165.249   61.588  -97.559    1608288738777
01    14.679    9.360  -11.932  -16.351   39.851  131.761    1608288738793
02    10.146   11.947  -13.569  165.067   61.680  -97.699    1608288738793
01    14.688    9.347  -11.932  -16.427   39.806  131.728    1608288738808
02    10.145   11.946  -13.571  165.121   61.733  -97.666    1608288738808
01    14.692    9.349  -11.923  -16.412   39.757  131.747    1608288738831
02    10.144   11.948  -13.570  165.081   61.745  -97.702    1608288738831
01    14.703    9.346  -11.912  -16.386   39.694  131.831    1608288738846
02    10.152   11.948  -13.567  165.066   61.811  -97.753    1608288738846
01    14.713    9.350  -11.900  -16.340   39.631  131.961    1608288738862
02    10.162   11.959  -13.553  164.904   61.858  -98.006    1608288738862
01    14.715    9.347  -11.903  -16.363   39.540  131.937    1608288738877
02    10.179   11.954  -13.553  164.938   61.897  -97.973    1608288738877
01    14.702    9.342  -11.933  -16.532   39.672  131.772    1608288738893
02    10.184   11.975  -13.544  165.012   61.960  -98.107    1608288738893
01    14.697    9.333  -11.950  -16.799   39.774  131.711    1608288738909
02    10.210   11.996  -13.524  164.991   61.984  -98.350    1608288738909
01    14.695    9.335  -11.958  -17.188   39.915  131.784    1608288738931
02    10.206   12.012  -13.555  165.480   61.925  -98.088    1608288738931
01    14.699    9.334  -11.960  -17.674   40.000  131.961    1608288738946
02    10.245   11.998  -13.592  165.389   62.080  -98.077    1608288738946
01    14.716    9.310  -11.985  -18.416   39.933  131.670    1608288738962
02    10.248   11.999  -13.635  165.357   62.034  -98.118    1608288738962
01    14.702    9.338  -11.998  -18.182   39.952  131.737    1608288738978
02    10.297   12.020  -13.623  164.737   62.330  -98.757    1608288738978
01    14.716    9.356  -11.999  -18.233   39.825  131.852    1608288738993
02    10.354   12.000  -13.636  164.710   62.467  -98.678    1608288738993
01    14.679    9.328  -12.071  -19.380   40.545  131.435    1608288739009
02    10.484   11.934  -13.588  165.772   63.045  -97.893    1608288739009
01    14.483    9.149  -12.334  -24.286   44.220  129.961    1608288739031
02    10.750   11.672  -13.494  174.025   65.080  -90.712    1608288739031
01    13.915    8.933  -12.684  -36.072   51.311  124.773    1608288739047
02    11.368   11.298  -12.951 -166.030   67.826  -73.012    1608288739047
01    13.161    9.126  -12.807  -55.577   60.196  112.087    1608288739062
02    11.587   11.168  -12.300 -135.344   63.515  -48.500    1608288739062
01    12.460    9.570  -12.852  -82.350   68.278   88.187    1608288739078
02    11.260   11.243  -11.960 -110.984   49.591  -35.386    1608288739078
01    12.323    9.771  -12.797  -96.747   71.072   73.032    1608288739094
02    11.080   10.328  -12.553 -111.130   32.720  -38.191    1608288739094
01    12.229   10.001  -12.718 -106.094   73.250   60.871    1608288739109
02    10.805   10.370  -12.545 -110.961   27.346  -45.282    1608288739109
01    12.101   10.176  -12.718 -115.842   74.335   48.043    1608288739131
02    10.594   10.309  -12.532 -110.700   20.026  -51.153    1608288739131
01    12.071   10.263  -12.721 -124.017   74.736   37.731    1608288739147
02    10.513   10.176  -12.496 -109.006   12.446  -54.999    1608288739147
01    12.103   10.223  -12.716 -128.434   74.082   32.569    1608288739163
02    10.594   10.047  -12.378 -107.398    7.604  -55.899    1608288739163
01    12.143   10.121  -12.708 -130.444   72.400   30.729    1608288739178
02    10.716    9.928  -12.278 -106.731    4.603  -55.725    1608288739178
01    12.142   10.053  -12.678 -130.882   70.558   30.617    1608288739194
02    10.799    9.844  -12.180 -106.518    2.524  -55.091    1608288739194
01    12.072   10.072  -12.673 -131.663   69.331   29.470    1608288739210
02    10.868    9.795  -12.095 -106.171    1.678  -54.010    1608288739210
01    12.011   10.097  -12.697 -132.158   68.782   28.326    1608288739232
02    10.928    9.724  -12.069 -105.884    1.551  -52.540    1608288739232
01    11.994   10.096  -12.741 -131.655   68.995   28.033    1608288739247
02    11.001    9.663  -12.065 -105.055    2.884  -50.055    1608288739247
01    12.029   10.113  -12.709 -129.287   70.078   29.330    1608288739263
02    11.312    9.489  -11.998 -104.786    6.032  -44.141    1608288739263
01    12.061   10.125  -12.619 -127.599   70.233   29.491    1608288739279
02    11.372    9.064  -12.588 -105.819   12.175  -42.323    1608288739279
01    12.060   10.123  -12.593 -125.577   69.475   28.793    1608288739294
02    11.379    9.008  -13.083 -108.945   23.948  -43.160    1608288739294
01    12.185   10.023  -12.600 -115.811   68.714   35.478    1608288739310
02    10.815    9.394  -13.667 -120.868   35.720  -52.244    1608288739310
01    12.799    9.651  -12.583  -86.517   65.534   60.985    1608288739332
02    10.317   10.102  -13.875 -138.929   46.503  -68.157    1608288739332
01    13.814    9.650  -12.201  -47.278   54.130   92.260    1608288739348
02     9.817   10.912  -13.883 -167.423   50.532  -93.689    1608288739348
01    14.350    9.943  -12.019  -25.862   45.325  103.811    1608288739363
02     9.582   11.684  -13.697  167.147   48.520 -113.574    1608288739363
01    14.838    9.878  -11.919  -18.179   40.393  107.790    1608288739379
02     9.577   12.074  -13.467  155.587   46.456 -121.970    1608288739379
01    15.125    9.711  -11.831  -16.906   37.661  108.652    1608288739394
02     9.532   12.297  -13.348  151.711   44.203 -123.263    1608288739394
01    15.320    9.435  -11.713  -19.069   35.619  108.041    1608288739410
02     9.567   12.358  -13.325  149.860   44.086 -121.738    1608288739410
01    15.272    9.061  -11.762  -24.494   35.038  105.575    1608288739432
02     9.619   12.400  -13.323  148.509   44.364 -120.122    1608288739432
01    15.023    8.739  -11.790  -33.226   36.274  103.068    1608288739448
02     9.788   12.352  -13.312  148.007   46.137 -118.541    1608288739448
01    14.374    8.528  -11.855  -49.044   39.954   97.457    1608288739463
02    10.018   12.206  -13.271  151.502   49.496 -114.848    1608288739463
01    13.445    8.676  -11.868  -72.569   46.722   85.706    1608288739479
02    10.334   12.071  -12.984  162.645   54.359 -108.223    1608288739479
01    12.366    8.932  -12.167 -107.378   49.898   61.145    1608288739495
02    10.466   11.968  -12.641 -170.820   57.026  -91.544    1608288739495
01    11.409    9.377  -12.597 -136.654   47.443   36.525    1608288739510
02    10.274   11.882  -12.475 -138.234   51.096  -71.500    1608288739510
01    11.216    9.755  -12.574 -150.125   48.242   23.929    1608288739532
02    10.369   11.378  -12.552 -122.865   40.320  -60.160    1608288739532
01    11.256    9.913  -12.491 -151.447   50.173   21.542    1608288739548
02    10.511   10.993  -12.583 -116.599   33.140  -54.819    1608288739548
01    11.347    9.964  -12.421 -149.251   51.984   22.666    1608288739564
02    10.670   10.683  -12.599 -112.625   29.130  -50.569    1608288739564
01    11.494    9.914  -12.367 -145.253   53.411   25.813    1608288739579
02    10.872   10.347  -12.638 -109.707   26.456  -46.618    1608288739579
01    11.598    9.837  -12.356 -141.612   53.969   28.783    1608288739595
02    11.111   10.019  -12.665 -107.814   24.717  -43.340    1608288739595
01    11.659    9.770  -12.388 -139.288   54.244   30.528    1608288739611
02    11.275    9.781  -12.720 -107.062   23.884  -41.670    1608288739611
01    11.693    9.742  -12.452 -138.330   54.883   30.845    1608288739633
02    11.343    9.662  -12.842 -106.478   23.907  -41.234    1608288739633
01    11.731    9.778  -12.493 -137.644   56.327   30.400    1608288739649
02    11.339    9.645  -12.972 -105.515   24.896  -41.826    1608288739649
01    11.797    9.836  -12.527 -136.092   58.411   29.407    1608288739664
02    11.366    9.579  -13.100 -105.275   26.620  -43.187    1608288739664
01    11.947    9.828  -12.542 -130.783   60.616   32.052    1608288739680
02    11.368    9.447  -13.331 -108.044   30.673  -45.129    1608288739680
01    12.205    9.749  -12.535 -117.821   62.036   41.486    1608288739695
02    11.000    9.612  -13.733 -116.852   38.060  -52.489    1608288739695
01    12.953    9.492  -12.401  -85.478   59.955   67.917    1608288739711
02    10.483   10.222  -13.905 -132.249   46.515  -66.605    1608288739711
01    13.794    9.341  -12.157  -56.320   51.423   89.523    1608288739733
02    10.056   10.934  -13.849 -159.516   51.503  -90.938    1608288739733
01    14.369    9.248  -12.000  -42.390   44.768   98.189    1608288739749
02     9.868   11.502  -13.632  174.501   49.905 -113.345    1608288739749
01    14.605    9.184  -11.933  -37.255   41.770  101.458    1608288739764
02     9.763   11.872  -13.452  163.364   47.093 -123.020    1608288739764
01    14.603    9.020  -12.005  -38.795   41.596  100.912    1608288739780
02     9.777   12.075  -13.355  157.923   45.836 -126.541    1608288739780
01    14.334    8.862  -12.067  -46.710   43.961   97.137    1608288739796
02     9.913   12.085  -13.330  157.653   48.168 -125.691    1608288739796
01    13.775    8.850  -12.040  -62.524   48.455   88.721    1608288739811
02    10.159   11.958  -13.257  164.883   53.282 -119.399    1608288739811
01    12.937    8.969  -12.221  -89.366   53.164   70.141    1608288739833
02    10.467   11.798  -12.980 -172.840   59.348 -102.872    1608288739833
01    12.072    9.282  -12.647 -117.953   54.990   46.269    1608288739849
02    10.436   11.712  -12.763 -136.656   55.554  -78.120    1608288739849
01    11.743    9.687  -12.721 -138.016   57.078   27.641    1608288739865
02    10.702   11.050  -12.780 -115.691   41.045  -60.836    1608288739865
01    11.728    9.912  -12.650 -145.286   58.536   20.221    1608288739880
02    10.867   10.699  -12.755 -110.782   34.631  -57.585    1608288739880
01    11.743   10.086  -12.563 -147.443   59.749   16.594    1608288739896
02    10.945   10.524  -12.739 -108.461   31.390  -56.249    1608288739896
01    11.796   10.169  -12.510 -146.865   60.520   14.804    1608288739912
02    10.974   10.367  -12.775 -106.781   29.070  -56.063    1608288739912
01    11.889   10.182  -12.498 -144.118   60.981   14.577    1608288739934
02    11.039   10.167  -12.841 -104.522   27.168  -55.775    1608288739934
01    11.996   10.139  -12.501 -140.210   61.258   15.344    1608288739949
02    11.191    9.975  -12.851 -101.447   26.230  -55.113    1608288739949
01    12.045   10.055  -12.591 -136.456   61.188   16.511    1608288739965
02    11.285    9.889  -12.826  -98.975   26.173  -54.959    1608288739965
01    12.196    9.867  -12.687 -130.200   61.924   21.862    1608288739981
02    11.425    9.699  -12.750  -98.185   25.625  -54.714    1608288739981
01    12.434    9.729  -12.678 -118.621   63.194   32.694    1608288739996
02    11.664    9.416  -12.660  -99.682   26.782  -53.540    1608288739996
01    12.803    9.554  -12.600 -100.533   62.938   49.427    1608288740012
02    11.389    9.337  -12.995 -107.431   31.546  -56.398    1608288740012
01    13.426    9.424  -12.347  -70.627   57.850   75.193    1608288740034
02    10.712    9.686  -13.370 -120.177   37.729  -65.137    1608288740034
01    13.985    9.370  -12.126  -51.624   50.142   89.075    1608288740050
02    10.077   10.253  -13.599 -136.563   42.548  -77.166    1608288740050
01    14.358    9.293  -11.982  -42.789   45.359   94.796    1608288740065
02     9.656   10.955  -13.588 -162.101   45.414  -96.242    1608288740065
01    14.503    9.117  -11.942  -42.111   43.246   95.434    1608288740081
02     9.566   11.505  -13.462  177.660   45.606 -111.017    1608288740081
01    14.384    8.997  -11.941  -46.714   43.832   93.155    1608288740097
02     9.614   11.878  -13.322  165.921   45.223 -119.254    1608288740097
01    14.001    8.963  -11.930  -57.877   46.734   87.078    1608288740112
02     9.776   11.979  -13.270  162.721   46.772 -120.518    1608288740112
01    13.450    8.954  -11.942  -77.292   50.422   75.743    1608288740128
02    10.026   11.970  -13.106  168.560   50.910 -116.786    1608288740128
01    12.510    9.145  -12.419 -104.923   52.755   54.516    1608288740150
02    10.201   11.973  -12.817 -171.799   54.914 -105.243    1608288740150
01    11.694    9.761  -12.745 -131.429   54.607   31.133    1608288740166
02    10.095   11.935  -12.702 -140.854   51.588  -86.674    1608288740166
01    11.457   10.223  -12.779 -149.901   55.922   13.915    1608288740181
02    10.266   11.525  -12.736 -121.053   42.429  -71.715    1608288740181
01    11.465   10.453  -12.701 -156.305   57.423    7.297    1608288740197
02    10.474   11.214  -12.717 -115.177   36.824  -66.827    1608288740197
01    11.561   10.521  -12.628 -157.451   58.957    6.036    1608288740213
02    10.618   11.026  -12.697 -111.966   33.487  -63.681    1608288740213
01    11.663   10.508  -12.575 -155.291   60.256    7.671    1608288740228
02    10.743   10.844  -12.710 -109.514   30.812  -60.894    1608288740228
01    11.808   10.436  -12.514 -150.844   61.437   11.410    1608288740250
02    10.936   10.582  -12.728 -106.941   28.624  -57.925    1608288740250
01    11.924   10.339  -12.472 -146.451   62.012   15.329    1608288740266
02    11.169   10.299  -12.712 -104.957   26.817  -55.285    1608288740266
01    11.984   10.249  -12.478 -143.496   62.036   18.025    1608288740282
02    11.377   10.033  -12.708 -104.211   25.577  -53.428    1608288740282
01    12.031   10.184  -12.485 -141.154   62.298   19.951    1608288740297
02    11.461    9.863  -12.770 -103.772   25.101  -52.156    1608288740297
01    12.077   10.129  -12.497 -138.086   62.745   22.219    1608288740313
02    11.601    9.669  -12.857 -103.677   25.707  -51.147    1608288740313
01    12.220   10.038  -12.495 -130.164   63.590   28.753    1608288740328
02    11.650    9.347  -13.178 -107.193   28.578  -50.763    1608288740328
01    12.610    9.825  -12.442 -108.781   63.620   47.136    1608288740351
02    11.087    9.607  -13.750 -115.681   35.413  -55.620    1608288740351
01    13.401    9.542  -12.240  -72.286   57.084   77.175    1608288740366
02    10.457   10.342  -13.935 -128.958   43.042  -65.955    1608288740366
01    14.120    9.406  -12.025  -50.510   47.909   91.568    1608288740382
02     9.924   11.156  -13.891 -155.730   48.639  -87.595    1608288740382
01    14.538    9.311  -11.867  -41.576   42.784   96.557    1608288740397
02     9.746   11.781  -13.715  177.497   49.045 -108.995    1608288740397
01    14.804    9.133  -11.692  -39.599   39.998   98.695    1608288740413
02     9.785   12.131  -13.586  163.161   48.706 -119.364    1608288740413
01    14.735    8.959  -11.699  -42.718   39.405   97.491    1608288740429
02     9.857   12.360  -13.500  154.972   47.972 -124.515    1608288740429
01    14.437    8.810  -11.723  -50.785   40.908   94.373    1608288740451
02    10.003   12.433  -13.482  151.603   49.409 -125.957    1608288740451
01    13.884    8.805  -11.713  -64.841   44.531   88.354    1608288740466
02    10.296   12.278  -13.461  153.863   53.884 -122.189    1608288740466
01    13.007    8.953  -11.969  -88.330   49.137   73.728    1608288740482
02    10.622   12.167  -13.168  166.061   58.711 -113.659    1608288740482
01    11.969    9.331  -12.552 -116.389   51.450   51.419    1608288740498
02    10.688   12.136  -12.808 -164.668   59.547  -94.401    1608288740498
01    11.263   10.078  -12.826 -141.468   53.415   28.180    1608288740513
02    10.521   12.009  -12.651 -132.785   51.073  -74.879    1608288740513
01    11.346   10.387  -12.708 -154.224   56.051   16.469    1608288740529
02    10.582   11.664  -12.631 -121.623   41.627  -67.217    1608288740529
01    11.459   10.517  -12.604 -157.945   58.136   12.278    1608288740535
02    10.665   11.355  -12.649 -117.414   35.273  -63.764    1608288740535
01    11.563   10.554  -12.535 -157.940   59.624   11.460    1608288740567
02    10.739   11.120  -12.665 -114.882   31.390  -61.558    1608288740567
01    11.721   10.482  -12.478 -155.072   60.998   13.500    1608288740582
02    10.855   10.835  -12.696 -112.470   28.650  -59.226    1608288740582
01    11.831   10.385  -12.461 -151.192   61.851   16.550    1608288740598
02    11.048   10.527  -12.701 -110.058   26.752  -56.437    1608288740598
01    11.866   10.316  -12.494 -149.063   62.100   18.283    1608288740614
02    11.224   10.245  -12.731 -109.178   25.559  -54.571    1608288740614
01    11.854   10.295  -12.567 -148.717   62.415   18.284    1608288740629
02    11.286   10.093  -12.840 -109.133   25.510  -53.765    1608288740629
01    11.895   10.318  -12.577 -148.684   63.389   17.563    1608288740636
02    11.279   10.091  -12.932 -108.799   26.620  -53.806    1608288740636
01    12.001   10.319  -12.558 -145.833   64.795   19.066    1608288740667
02    11.374    9.892  -13.122 -111.083   29.168  -54.235    1608288740667
01    12.225   10.217  -12.540 -133.822   66.525   28.489    1608288740683
02    10.943    9.944  -13.674 -119.325   34.333  -59.375    1608288740683
01    12.854    9.917  -12.440  -95.949   66.064   61.199    1608288740698
02    10.275   10.726  -13.907 -135.329   42.341  -72.137    1608288740698
01    13.568    9.728  -12.244  -59.226   56.927   90.054    1608288740714
02     9.884   11.593  -13.702 -165.726   47.869  -97.626    1608288740714
01    13.982    9.571  -12.139  -47.203   50.207   98.276    1608288740730
02     9.750   12.150  -13.461  169.909   46.244 -117.811    1608288740730
01    14.136    9.420  -12.071  -45.269   47.262  100.094    1608288740736
02     9.698   12.511  -13.339  158.408   44.428 -126.203    1608288740736
01    14.051    9.298  -12.108  -48.602   47.632   98.534    1608288740767
02     9.777   12.706  -13.274  152.420   44.842 -129.706    1608288740767
01    13.757    9.237  -12.187  -56.860   50.367   94.047    1608288740783
02     9.924   12.722  -13.278  151.607   47.383 -129.275    1608288740783
01    13.228    9.331  -12.293  -73.156   55.222   83.435    1608288740799
02    10.187   12.601  -13.174  157.784   52.499 -124.798    1608288740799
01    12.438    9.631  -12.621  -99.704   60.007   61.782    1608288740814
02    10.404   12.481  -12.903  177.653   57.935 -112.228    1608288740814
01    11.804   10.194  -12.800 -129.548   63.248   34.950    1608288740830
02    10.334   12.398  -12.705 -146.995   56.141  -89.724    1608288740830
01    11.666   10.503  -12.798 -152.107   64.037   15.090    1608288740836
02    10.501   11.892  -12.712 -123.862   44.883  -71.484    1608288740836
01    11.664   10.696  -12.723 -160.668   64.512    7.407    1608288740868
02    10.641   11.558  -12.684 -117.492   38.258  -67.154    1608288740868
01    11.701   10.733  -12.690 -163.042   65.028    5.618    1608288740883
02    10.767   11.294  -12.660 -114.627   34.172  -64.636    1608288740883
01    11.764   10.746  -12.639 -162.744   65.778    6.114    1608288740899
02    10.892   11.026  -12.660 -113.101   31.310  -62.637    1608288740899
01    11.860   10.702  -12.587 -160.429   66.649    8.465    1608288740914
02    11.027   10.781  -12.668 -111.534   29.235  -60.167    1608288740914
01    11.930   10.621  -12.565 -156.948   67.052   11.923    1608288740930
02    11.250   10.499  -12.655 -110.394   27.665  -57.000    1608288740930
01    11.998   10.516  -12.555 -154.081   67.248   15.021    1608288740937
02    11.466   10.220  -12.661 -110.166   26.978  -53.873    1608288740937
01    12.065   10.457  -12.501 -151.210   67.547   17.934    1608288740952
02    11.470   10.050  -12.848 -110.138   27.088  -51.871    1608288740952
01    12.151   10.378  -12.467 -144.878   67.784   22.755    1608288740984
02    11.521    9.801  -13.119 -111.287   28.811  -51.033    1608288740984
01    12.358   10.211  -12.431 -129.557   68.189   35.317    1608288740999
02    11.189    9.751  -13.697 -116.777   33.555  -53.437    1608288740999
01    13.043    9.769  -12.310  -90.244   64.509   68.677    1608288741015
02    10.611   10.420  -14.005 -127.635   41.552  -61.749    1608288741015
01    13.742    9.631  -12.065  -57.719   54.154   91.792    1608288741030
02    10.121   11.335  -13.948 -150.546   49.321  -80.633    1608288741030
01    14.180    9.512  -11.975  -44.417   47.981   99.230    1608288741037
02     9.926   12.014  -13.631  178.416   50.554 -107.348    1608288741037
01    14.429    9.380  -11.905  -40.200   45.161  101.746    1608288741053
02     9.841   12.346  -13.455  162.954   47.556 -120.099    1608288741053
01    14.475    9.199  -11.918  -41.062   44.358  102.010    1608288741084
02     9.852   12.580  -13.307  154.463   45.635 -126.249    1608288741084
01    14.232    9.128  -12.019  -46.021   46.162  100.148    1608288741099
02     9.921   12.682  -13.204  151.838   45.957 -127.782    1608288741099
01    13.743    9.132  -12.121  -56.894   49.891   95.105    1608288741115
02    10.072   12.632  -13.109  156.045   49.442 -124.908    1608288741115
01    13.002    9.323  -12.243  -77.749   55.534   81.692    1608288741131
02    10.263   12.541  -12.865  170.771   54.635 -116.488    1608288741131
01    12.070    9.747  -12.484 -111.480   59.083   54.378    1608288741137
02    10.261   12.482  -12.620 -159.832   55.661  -98.044    1608288741137
01    11.434   10.407  -12.592 -142.600   59.137   25.991    1608288741153
02    10.320   12.179  -12.491 -129.080   47.881  -76.818    1608288741153
01    11.433   10.602  -12.473 -154.249   58.906   16.346    1608288741184
02    10.472   11.794  -12.481 -118.944   39.374  -68.417    1608288741184
01    11.476   10.669  -12.393 -157.085   59.047   14.231    1608288741200
02    10.621   11.506  -12.456 -114.845   34.643  -63.908    1608288741200
01    11.571   10.683  -12.290 -156.741   59.751   14.929    1608288741215
02    10.767   11.216  -12.446 -112.545   31.416  -60.684    1608288741215
01    11.664   10.617  -12.227 -154.349   60.147   17.470    1608288741231
02    10.911   10.957  -12.417 -110.807   29.046  -58.024    1608288741231
01    11.726   10.525  -12.198 -151.730   60.067   20.036    1608288741238
02    11.031   10.686  -12.418 -109.750   26.769  -56.162    1608288741238
01    11.724   10.484  -12.198 -149.610   59.826   21.480    1608288741253
02    11.055   10.498  -12.458 -108.892   25.041  -55.267    1608288741253
01    11.730   10.453  -12.203 -147.819   59.915   22.308    1608288741269
02    11.084   10.329  -12.521 -107.957   24.065  -54.819    1608288741269
01    11.746   10.449  -12.207 -145.806   60.444   22.439    1608288741300
02    11.143   10.185  -12.571 -107.029   23.900  -54.430    1608288741300
01    11.817   10.427  -12.214 -141.972   61.447   23.887    1608288741316
02    11.386    9.854  -12.655 -108.301   25.548  -53.580    1608288741316
01    11.995   10.319  -12.235 -131.694   62.697   30.908    1608288741331
02    11.130    9.699  -13.190 -114.763   30.306  -56.199    1608288741331
01    12.598    9.984  -12.196  -99.470   62.205   56.763    1608288741338
02    10.374   10.372  -13.660 -127.772   38.796  -65.911    1608288741338
01    13.460    9.739  -11.962  -64.381   54.298   83.234    1608288741354
02     9.772   11.355  -13.604 -149.656   45.595  -83.719    1608288741354
01    14.061    9.581  -11.823  -48.747   47.599   93.156    1608288741369
02     9.556   12.058  -13.292 -178.715   46.171 -107.780    1608288741369
01    14.433    9.448  -11.731  -42.256   44.230   97.534    1608288741400
02     9.538   12.381  -13.155  166.245   44.403 -118.888    1608288741400
01    14.598    9.396  -11.643  -39.344   42.369   99.902    1608288741416
02     9.613   12.573  -13.070  158.331   43.760 -123.834    1608288741416
01    14.595    9.310  -11.665  -39.739   41.773  100.210    1608288741432
02     9.660   12.718  -13.023  154.021   43.125 -126.192    1608288741432
01    14.580    9.297  -11.582  -40.992   41.281   99.689    1608288741438
02     9.707   12.802  -12.992  151.385   42.792 -127.119    1608288741438
01    14.477    9.203  -11.518  -44.923   41.348   97.257    1608288741454
02     9.749   12.862  -12.925  150.054   42.588 -127.712    1608288741454
01    14.196    9.107  -11.395  -53.862   42.638   92.318    1608288741469
02     9.840   12.777  -12.939  151.247   44.579 -126.020    1608288741469
01    13.737    9.066  -11.215  -69.098   44.838   84.175    1608288741501
02    10.084   12.550  -12.873  157.401   49.640 -120.473    1608288741501
01    13.019    9.030  -11.423  -90.150   46.036   70.380    1608288741516
02    10.311   12.412  -12.522  175.796   54.794 -109.708    1608288741516
01    12.152    9.166  -12.025 -110.215   46.573   55.074    1608288741532
02    10.094   12.356  -12.296 -147.378   51.135  -89.274    1608288741532
01    11.605    9.658  -12.392 -129.508   49.923   37.968    1608288741538
02    10.372   11.752  -12.201 -120.734   37.284  -70.176    1608288741538
01    11.589    9.992  -12.341 -141.382   53.547   27.682    1608288741554
02    10.675   11.122  -12.176 -113.362   28.368  -66.743    1608288741554
01    11.615   10.194  -12.284 -147.291   55.464   22.200    1608288741570
02    10.843   10.724  -12.214 -110.520   23.109  -65.088    1608288741570
01    11.668   10.278  -12.262 -149.529   56.663   19.949    1608288741585
02    10.970   10.507  -12.232 -109.144   20.341  -63.403    1608288741585
01    11.726   10.331  -12.247 -149.865   57.762   19.304    1608288741617
02    11.056   10.347  -12.295 -107.904   18.540  -61.615    1608288741617
01    11.779   10.304  -12.280 -149.387   58.339   19.804    1608288741632
02    11.183   10.248  -12.299 -107.136   18.047  -59.952    1608288741632
01    11.777   10.316  -12.326 -150.303   58.776   19.131    1608288741639
02    11.296   10.162  -12.322 -107.236   18.147  -58.639    1608288741639
01    11.778   10.375  -12.345 -151.793   59.751   17.719    1608288741654
02    11.340   10.161  -12.370 -107.200   18.963  -57.534    1608288741654
01    11.798   10.432  -12.346 -152.851   61.107   16.471    1608288741670
02    11.286   10.249  -12.440 -106.404   20.071  -56.960    1608288741670
01    11.841   10.473  -12.331 -152.736   62.429   15.674    1608288741686
02    11.160   10.300  -12.567 -105.244   20.795  -57.881    1608288741686
01    11.946   10.473  -12.298 -148.882   64.038   17.456    1608288741717
02    11.304   10.170  -12.606 -106.768   23.679  -58.889    1608288741717
01    12.171   10.362  -12.304 -134.413   66.154   28.200    1608288741733
02    11.129   10.016  -13.017 -115.608   29.221  -63.141    1608288741733
01    12.981    9.985  -12.197  -90.066   65.013   64.978    1608288741739
02    10.437   10.552  -13.370 -133.654   37.377  -76.189    1608288741739
01    13.839    9.750  -11.994  -55.286   55.529   90.023    1608288741755
02     9.959   11.304  -13.332 -167.698   42.577 -102.465    1608288741755
01    14.380    9.583  -11.873  -41.666   49.048   98.162    1608288741770
02     9.769   11.946  -13.193  169.363   42.594 -119.148    1608288741770
01    14.642    9.462  -11.815  -36.634   45.671  101.136    1608288741786
02     9.748   12.370  -13.078  157.924   42.452 -126.312    1608288741786
01    14.829    9.337  -11.669  -35.303   43.574  102.696    1608288741817
02     9.769   12.659  -12.969  151.946   41.894 -129.340    1608288741817
01    14.802    9.314  -11.643  -35.314   42.613  102.322    1608288741833
02     9.772   12.838  -12.941  148.762   41.562 -129.814    1608288741833
01    14.721    9.283  -11.657  -36.188   42.165  101.065    1608288741839
02     9.831   12.896  -12.888  146.819   41.792 -129.811    1608288741839
01    14.683    9.136  -11.612  -38.886   42.262  100.128    1608288741855
02     9.845   12.913  -12.854  146.892   41.993 -129.362    1608288741855
01    14.489    8.890  -11.568  -46.527   43.499   98.395    1608288741871
02     9.950   12.778  -12.911  148.498   44.500 -126.936    1608288741871
01    13.834    8.848  -11.595  -62.371   46.860   92.321    1608288741886
02    10.238   12.562  -12.804  154.265   49.358 -121.848    1608288741886
01    12.776    9.100  -11.877  -89.959   51.829   75.494    1608288741918
02    10.443   12.516  -12.384  172.378   53.667 -112.336    1608288741918
01    11.607    9.656  -12.400 -126.755   52.940   46.302    1608288741933
02    10.161   12.557  -12.164 -153.380   50.638  -94.301    1608288741933
01    11.360   10.283  -12.371 -156.526   54.348   19.706    1608288741940
02    10.326   11.901  -12.288 -129.703   38.045  -77.434    1608288741940
01    11.383   10.617  -12.309 -165.640   55.145   10.206    1608288741955
02    10.459   11.561  -12.340 -121.940   31.904  -73.890    1608288741955
01    11.472   10.740  -12.279 -166.160   56.876    8.528    1608288741971
02    10.597   11.343  -12.369 -116.689   28.702  -70.157    1608288741971
01    11.636   10.713  -12.222 -162.506   59.111   11.289    1608288741987
02    10.764   11.123  -12.398 -112.166   26.372  -65.306    1608288741987
01    11.734   10.608  -12.206 -157.544   60.149   15.663    1608288742002
02    10.974   10.877  -12.382 -109.241   24.493  -61.264    1608288742002
01    11.810   10.485  -12.186 -154.066   60.377   19.282    1608288742034
02    11.157   10.608  -12.355 -108.452   22.794  -58.805    1608288742034
01    11.833   10.402  -12.176 -151.915   60.285   21.324    1608288742040
02    11.243   10.390  -12.367 -108.234   21.623  -57.367    1608288742040
01    11.782   10.378  -12.210 -151.071   60.023   21.541    1608288742056
02    11.296   10.246  -12.377 -108.203   21.629  -56.248    1608288742056
01    11.730   10.411  -12.214 -150.419   60.464   20.665    1608288742071
02    11.189   10.237  -12.477 -107.713   22.242  -56.246    1608288742071
01    11.740   10.466  -12.160 -149.424   61.592   18.953    1608288742087
02    11.186   10.102  -12.611 -109.186   24.910  -57.240    1608288742087
01    11.836   10.453  -12.129 -141.685   63.294   22.554    1608288742103
02    10.946    9.984  -13.116 -116.839   31.132  -61.119    1608288742103
01    12.114   10.286  -12.134 -119.361   64.923   39.357    1608288742134
02    10.321   10.675  -13.395 -132.063   41.363  -73.412    1608288742134
01    12.790   10.051  -12.014  -75.806   60.653   73.493    1608288742140
02     9.809   11.501  -13.309 -158.680   47.493  -96.122    1608288742140
01    13.567    9.889  -11.819  -50.504   53.067   91.098    1608288742156
02     9.597   12.094  -13.070  174.955   46.574 -118.074    1608288742156
01    14.186    9.724  -11.623  -40.032   47.631   97.639    1608288742172
02     9.548   12.426  -12.914  161.871   44.708 -127.853    1608288742172
01    14.509    9.616  -11.520  -35.293   44.453   99.376    1608288742195
02     9.568   12.642  -12.788  154.741   43.738 -132.089    1608288742195
01    14.663    9.619  -11.445  -32.119   42.853   99.669    1608288742211
02     9.573   12.723  -12.720  152.380   43.170 -132.355    1608288742211
01    14.824    9.476  -11.319  -31.550   41.379   99.452    1608288742226
02     9.594   12.722  -12.675  151.520   43.158 -131.789    1608288742226
01    14.864    9.297  -11.213  -33.872   40.642   98.687    1608288742240
02     9.613   12.714  -12.636  151.045   43.159 -131.045    1608288742240
01    14.670    9.021  -11.232  -40.741   41.236   96.846    1608288742256
02     9.645   12.720  -12.603  151.023   43.980 -130.295    1608288742256
01    14.145    8.885  -11.202  -54.261   44.173   92.652    1608288742272
02     9.772   12.622  -12.564  154.425   47.050 -127.067    1608288742272
01    13.199    9.034  -11.327  -77.883   49.470   80.215    1608288742287
02     9.888   12.603  -12.313  164.546   49.978 -122.237    1608288742287
01    12.040    9.391  -11.756 -114.000   51.568   53.297    1608288742303
02     9.797   12.589  -12.053 -172.475   50.854 -111.094    1608288742303
01    11.040   10.038  -12.139 -144.540   48.259   26.551    1608288742334
02     9.526   12.463  -12.013 -144.091   45.447  -97.239    1608288742334
01    10.794   10.553  -12.075 -160.252   46.643   11.294    1608288742341
02     9.667   12.125  -11.992 -126.628   38.076  -83.865    1608288742341
01    10.795   10.782  -11.970 -163.642   48.007    6.957    1608288742356
02     9.820   11.849  -11.982 -119.836   32.779  -77.394    1608288742356
01    10.923   10.818  -11.881 -161.973   50.568    7.588    1608288742372
02    10.011   11.524  -12.004 -114.985   29.571  -71.858    1608288742372
01    11.063   10.745  -11.825 -158.094   52.678   10.508    1608288742388
02    10.263   11.187  -12.002 -111.191   27.818  -66.930    1608288742388
01    11.137   10.637  -11.806 -155.551   53.350   12.958    1608288742403
02    10.472   10.922  -11.949 -109.790   26.761  -64.102    1608288742403
01    11.152   10.557  -11.806 -154.109   53.462   14.376    1608288742419
02    10.509   10.728  -11.983 -109.599   25.639  -63.327    1608288742419
01    11.147   10.550  -11.816 -152.877   54.033   14.481    1608288742441
02    10.418   10.630  -12.101 -108.627   25.066  -64.307    1608288742441
01    11.187   10.555  -11.830 -151.600   55.560   13.404    1608288742457
02    10.617   10.371  -12.140 -108.989   25.996  -64.607    1608288742457
01    11.332   10.519  -11.823 -146.292   58.041   15.306    1608288742472
02    10.715   10.098  -12.401 -114.548   30.236  -66.155    1608288742472
01    11.600   10.370  -11.892 -132.289   60.752   24.568    1608288742488
02    10.120   10.397  -12.917 -127.776   37.176  -75.369    1608288742488
01    12.303   10.030  -11.897  -96.487   61.735   53.035    1608288742503
02     9.566   11.121  -13.065 -146.728   43.337  -89.732    1608288742503
01    13.207    9.796  -11.726  -61.616   55.550   79.679    1608288742519
02     9.251   11.844  -12.901 -170.671   45.463 -108.164    1608288742519
01    13.774    9.637  -11.582  -47.694   50.061   89.619    1608288742541
02     9.162   12.240  -12.718  172.569   44.265 -121.200    1608288742541
01    14.091    9.513  -11.434  -42.405   46.663   93.981    1608288742557
02     9.143   12.463  -12.631  163.365   42.805 -126.767    1608288742557
01    14.217    9.349  -11.387  -41.600   44.653   94.850    1608288742572
02     9.169   12.595  -12.572  158.016   42.067 -128.667    1608288742572
01    14.235    9.293  -11.272  -41.843   43.071   94.512    1608288742588
02     9.212   12.676  -12.529  154.573   41.813 -128.912    1608288742588
01    14.209    9.249  -11.204  -42.882   42.029   92.683    1608288742604
02     9.253   12.695  -12.488  153.036   42.025 -128.585    1608288742604
01    14.214    9.174  -11.099  -45.055   41.347   90.913    1608288742619
02     9.263   12.685  -12.440  153.225   41.801 -128.261    1608288742619
01    14.147    9.035  -10.960  -50.164   40.695   88.194    1608288742641
02     9.271   12.653  -12.432  153.744   41.728 -127.128    1608288742641
01    13.895    8.898  -10.805  -59.948   41.250   84.020    1608288742657
02     9.355   12.590  -12.413  155.009   43.199 -125.488    1608288742657
01    13.361    8.870  -10.746  -76.703   43.254   76.202    1608288742673
02     9.519   12.499  -12.282  160.830   46.210 -121.797    1608288742673
01    12.514    8.911  -11.059 -102.546   43.800   60.603    1608288742688
02     9.536   12.543  -11.951  176.842   48.081 -115.847    1608288742688
01    11.262    9.331  -11.744 -134.631   39.315   36.239    1608288742704
02     9.282   12.508  -11.827 -156.062   45.257 -103.995    1608288742704
01    10.944    9.986  -11.702 -155.377   40.465   17.885    1608288742720
02     9.618   11.994  -11.780 -129.892   36.458  -83.621    1608288742720
01    10.772   10.395  -11.670 -161.226   41.178   11.278    1608288742742
02     9.835   11.614  -11.765 -120.685   29.593  -78.130    1608288742742
01    10.786   10.541  -11.616 -161.376   43.376   10.521    1608288742758
02     9.996   11.306  -11.786 -116.797   25.923  -74.210    1608288742758
01    10.892   10.550  -11.552 -158.739   45.349   12.128    1608288742773
02    10.129   11.026  -11.836 -113.982   23.500  -70.378    1608288742773
01    11.006   10.464  -11.528 -153.588   46.890   15.611    1608288742789
02    10.260   10.711  -11.946 -110.506   21.331  -66.179    1608288742789
01    11.081   10.314  -11.583 -148.972   47.246   18.787    1608288742804
02    10.502   10.404  -11.963 -108.324   20.550  -62.893    1608288742804
01    11.109   10.213  -11.674 -146.340   47.487   19.988    1608288742820
02    10.666   10.176  -12.029 -107.494   20.559  -61.784    1608288742820
01    11.053   10.242  -11.830 -144.439   48.375   18.602    1608288742842
02    10.691   10.083  -12.150 -106.633   21.501  -63.526    1608288742842
01    11.179   10.263  -11.917 -141.701   52.102   18.424    1608288742858
02    10.843    9.965  -12.167 -108.081   24.296  -64.965    1608288742858
01    11.422   10.211  -12.007 -132.582   56.034   23.638    1608288742873
02    10.801    9.829  -12.494 -115.753   30.229  -68.175    1608288742873
01    11.878   10.055  -12.044 -111.128   59.514   40.313    1608288742889
02    10.146   10.334  -12.892 -130.368   37.884  -79.071    1608288742889
01    12.690    9.934  -11.939  -73.461   58.063   69.811    1608288742905
02     9.553   11.059  -13.020 -149.163   42.758  -93.316    1608288742905
01    13.507    9.817  -11.768  -49.697   52.264   87.119    1608288742920
02     9.202   11.839  -12.944 -171.397   44.522 -109.681    1608288742920
01    14.020    9.746  -11.645  -39.034   48.239   94.148    1608288742942
02     9.121   12.325  -12.798  170.687   44.102 -121.878    1608288742942
01    14.330    9.698  -11.475  -34.017   45.477   97.813    1608288742958
02     9.124   12.588  -12.678  160.947   43.010 -127.252    1608288742958
01    14.438    9.568  -11.437  -33.723   43.898   98.055    1608288742974
02     9.155   12.730  -12.618  155.453   42.119 -128.564    1608288742974
01    14.427    9.445  -11.411  -34.705   42.999   97.431    1608288742989
02     9.180   12.839  -12.585  152.232   41.771 -128.222    1608288742989
01    14.355    9.438  -11.369  -35.719   42.767   96.469    1608288743005
02     9.219   12.898  -12.551  150.092   41.880 -127.660    1608288743005
01    14.329    9.329  -11.327  -38.029   42.579   95.043    1608288743021
02     9.225   12.941  -12.485  149.091   41.335 -127.135    1608288743021
01    14.196    9.197  -11.270  -43.120   43.013   92.916    1608288743043
02     9.165   12.981  -12.420  149.256   39.936 -126.150    1608288743043
01    13.855    9.040  -11.100  -54.726   44.151   88.979    1608288743058
02     9.166   12.998  -12.367  149.265   39.459 -124.373    1608288743058
01    13.117    9.056  -10.951  -75.412   46.520   79.703    1608288743074
02     9.339   12.924  -12.256  151.702   41.257 -120.990    1608288743074
01    12.034    9.231  -11.161 -109.335   45.807   58.783    1608288743090
02     9.579   12.919  -11.789  161.246   43.995 -117.560    1608288743090
01    10.390    9.821  -11.864 -145.825   36.574   31.316    1608288743105
02     9.333   13.010  -11.344 -177.384   44.221 -110.051    1608288743105
01     9.832   10.640  -12.000 -165.184   34.585   13.450    1608288743121
02     9.046   12.699  -11.416 -150.248   39.388  -98.270    1608288743121
01    10.040   11.012  -11.784 -171.713   37.343    4.634    1608288743143
02     9.213   12.254  -11.530 -135.202   33.377  -88.812    1608288743143
01    10.258   11.114  -11.705 -170.496   41.743    2.183    1608288743159
02     9.351   11.909  -11.684 -126.179   28.942  -82.721    1608288743159
01    10.491   11.048  -11.706 -166.630   45.765    3.213    1608288743174
02     9.571   11.606  -11.793 -120.220   27.191  -77.069    1608288743174
01    10.655   10.933  -11.729 -162.976   48.156    5.370    1608288743190
02     9.801   11.361  -11.851 -116.914   26.578  -72.979    1608288743190
01    10.798   10.817  -11.731 -160.183   49.698    7.649    1608288743206
02    10.026   11.103  -11.911 -115.018   25.868  -70.168    1608288743206
01    10.889   10.719  -11.752 -157.992   50.540    9.457    1608288743221
02    10.194   10.893  -11.962 -113.777   25.359  -68.593    1608288743221
01    10.903   10.663  -11.815 -156.497   51.051   10.229    1608288743243
02    10.206   10.791  -12.042 -112.707   25.253  -69.113    1608288743243
01    10.853   10.733  -11.869 -156.110   52.145    8.321    1608288743259
02    10.179   10.805  -12.034 -111.535   26.208  -71.497    1608288743259
01    10.953   10.736  -11.884 -153.621   54.861    8.781    1608288743275
02    10.298   10.674  -12.011 -113.578   27.882  -73.260    1608288743275
01    11.167   10.660  -11.913 -143.821   58.559   14.904    1608288743290
02    10.210   10.542  -12.249 -123.409   31.564  -77.838    1608288743290
01    11.616   10.448  -11.927 -115.759   62.721   36.854    1608288743306
02     9.571   10.949  -12.589 -140.040   35.727  -89.213    1608288743306
01    12.531   10.172  -11.785  -71.194   59.223   71.897    1608288743321
02     8.976   11.637  -12.742 -159.369   37.738 -101.140    1608288743321
01    13.281    9.974  -11.606  -49.695   52.948   86.631    1608288743344
02     8.842   12.310  -12.551  176.737   39.295 -116.003    1608288743344
01    13.735    9.830  -11.443  -41.172   49.301   92.009    1608288743359
02     8.860   12.647  -12.398  163.249   39.750 -123.631    1608288743359
01    13.993    9.682  -11.353  -38.312   46.739   93.208    1608288743375
02     8.892   12.848  -12.309  155.748   39.406 -126.960    1608288743375
01    14.161    9.534  -11.226  -37.452   44.796   93.023    1608288743390
02     8.938   12.928  -12.276  152.046   39.829 -127.324    1608288743390
01    14.223    9.467  -11.142  -36.726   43.543   91.753    1608288743406
02     9.021   12.920  -12.243  150.033   40.842 -126.980    1608288743406
01    14.294    9.380  -11.029  -36.835   42.576   90.532    1608288743422
02     9.054   12.870  -12.223  149.888   41.414 -125.819    1608288743422
01    14.370    9.127  -10.839  -39.859   41.334   89.890    1608288743444
02     9.078   12.817  -12.212  150.091   41.865 -124.476    1608288743444
01    14.174    8.862  -10.648  -47.903   41.171   88.485    1608288743460
02     9.136   12.747  -12.232  150.537   43.045 -122.522    1608288743460
01    13.518    8.737  -10.530  -63.870   42.733   84.332    1608288743475
02     9.263   12.657  -12.211  152.784   45.358 -119.055    1608288743475
01    12.361    8.909  -10.727  -90.381   45.257   71.680    1608288743491
02     9.430   12.625  -11.966  160.279   46.959 -115.141    1608288743491
01    10.903    9.354  -11.374 -124.790   42.521   48.253    1608288743506
02     9.445   12.700  -11.462  176.155   46.892 -109.239    1608288743506
01     9.764   10.243  -11.807 -155.023   37.423   24.089    1608288743522
02     9.089   12.727  -11.260 -158.614   42.895  -99.168    1608288743522
01     9.747   10.717  -11.696 -168.351   38.290   12.280    1608288743544
02     9.116   12.424  -11.286 -140.938   35.403  -87.319    1608288743544
01     9.959   10.872  -11.494 -171.113   42.070    8.671    1608288743560
02     9.189   12.121  -11.339 -132.858   29.281  -81.176    1608288743560
01    10.179   10.843  -11.382 -168.648   45.611    9.373    1608288743575
02     9.267   11.846  -11.410 -126.656   25.658  -76.146    1608288743575
01    10.308   10.725  -11.357 -164.730   47.440   11.469    1608288743591
02     9.401   11.530  -11.460 -122.434   23.672  -72.072    1608288743591
01    10.385   10.618  -11.362 -162.342   48.219   12.706    1608288743607
02     9.569   11.191  -11.506 -120.527   22.506  -69.936    1608288743607
01    10.431   10.560  -11.387 -160.677   48.835   12.755    1608288743622
02     9.656   10.926  -11.603 -118.730   21.826  -69.362    1608288743622
01    10.439   10.569  -11.442 -159.554   49.555   11.642    1608288743644
02     9.616   10.819  -11.736 -116.434   22.218  -70.883    1608288743644
01    10.433   10.650  -11.492 -158.662   50.943    9.364    1608288743660
02     9.627   10.761  -11.815 -113.739   23.612  -72.916    1608288743660
01    10.536   10.685  -11.534 -156.812   53.685    7.876    1608288743676
02     9.760   10.674  -11.814 -113.224   25.732  -74.082    1608288743676
01    10.732   10.656  -11.591 -148.779   57.552   11.097    1608288743691
02     9.867   10.498  -11.986 -120.493   30.237  -77.496    1608288743691
01    11.116   10.470  -11.689 -126.320   62.329   26.866    1608288743707
02     9.337   10.827  -12.330 -136.976   35.629  -88.520    1608288743707
01    12.003   10.202  -11.669  -80.420   62.653   62.810    1608288743723
02     8.751   11.520  -12.431 -157.408   38.089 -102.224    1608288743723
01    12.878    9.979  -11.533  -51.796   56.724   83.618    1608288743745
02     8.473   12.218  -12.294 -177.714   38.576 -115.251    1608288743745
01    13.469    9.753  -11.323  -41.379   51.948   91.603    1608288743760
02     8.498   12.586  -12.143  167.294   38.990 -123.606    1608288743760
01    13.757    9.575  -11.169  -38.894   48.831   93.612    1608288743776
02     8.568   12.786  -12.075  158.020   38.659 -127.343    1608288743776
01    13.896    9.416  -11.079  -38.987   46.415   93.179    1608288743792
02     8.650   12.904  -12.068  152.592   39.104 -128.509    1608288743792
01    13.941    9.378  -11.058  -38.329   44.853   92.121    1608288743807
02     8.762   12.949  -12.062  149.365   40.257 -128.882    1608288743807
01    14.006    9.388  -11.049  -37.035   44.267   91.511    1608288743823
02     8.836   12.950  -12.060  147.913   40.757 -128.823    1608288743823
01    14.103    9.321  -10.999  -36.533   43.728   91.314    1608288743845
02     8.881   12.922  -12.062  147.361   40.833 -128.151    1608288743845
01    14.147    9.172  -10.915  -38.169   43.100   91.217    1608288743861
02     8.909   12.917  -12.070  146.675   40.779 -126.956    1608288743861
01    14.033    8.988  -10.839  -42.502   42.842   90.852    1608288743876
02     8.912   12.966  -12.071  145.639   40.390 -125.515    1608288743876
01    13.658    8.828  -10.716  -52.183   43.247   88.880    1608288743892
02     8.918   13.072  -12.056  144.405   39.742 -124.152    1608288743892
01    12.885    8.928  -10.563  -68.765   45.253   82.828    1608288743908
02     9.028   13.107  -12.031  144.605   40.799 -122.252    1608288743908
01    11.788    9.127  -10.763  -94.808   46.215   68.340    1608288743923
02     9.268   13.080  -11.820  149.495   42.572 -119.771    1608288743923
01    10.460    9.602  -11.268 -133.614   40.934   41.989    1608288743945
02     9.380   13.102  -11.342  162.223   43.272 -116.255    1608288743945
01     9.407   10.456  -11.638 -160.098   33.859   21.002    1608288743961
02     9.192   13.116  -11.030 -179.809   42.618 -110.083    1608288743961
01     9.444   11.114  -11.452 -175.784   34.118    6.759    1608288743977
02     8.977   12.970  -10.949 -154.828   39.466  -99.578    1608288743977
01     9.772   11.240  -11.302 -179.337   37.668    2.564    1608288743992
02     9.074   12.579  -11.056 -141.388   33.594  -89.276    1608288743992
01    10.025   11.166  -11.244 -176.637   42.158    3.660    1608288744008
02     9.165   12.244  -11.189 -133.054   28.881  -82.085    1608288744008
01    10.207   11.043  -11.203 -172.647   44.966    6.170    1608288744023
02     9.264   11.964  -11.275 -128.149   25.809  -77.672    1608288744023
01    10.314   10.923  -11.184 -169.277   46.086    8.454    1608288744046
02     9.404   11.655  -11.332 -125.389   23.598  -74.920    1608288744046
01    10.381   10.817  -11.180 -166.426   46.481   10.243    1608288744061
02     9.496   11.357  -11.407 -123.284   21.682  -73.735    1608288744061
01    10.436   10.735  -11.192 -163.469   46.781   11.413    1608288744077
02     9.490   11.149  -11.494 -120.070   20.396  -73.658    1608288744077
01    10.457   10.710  -11.253 -160.125   47.446   11.519    1608288744092
02     9.417   10.998  -11.645 -115.349   19.943  -75.336    1608288744092
01    10.475   10.697  -11.384 -156.641   48.854   10.977    1608288744108
02     9.561   10.838  -11.699 -110.769   21.178  -75.558    1608288744108
01    10.694   10.627  -11.397 -150.250   52.395   13.606    1608288744124
02     9.918   10.639  -11.597 -113.866   24.639  -76.616    1608288744124
01    11.019   10.455  -11.459 -135.822   56.023   23.004    1608288744146
02     9.877   10.412  -11.965 -127.848   28.864  -81.440    1608288744146
01    11.744   10.061  -11.530 -101.015   57.321   49.306    1608288744162
02     9.153   10.919  -12.382 -147.274   32.946  -92.516    1608288744162
01    12.665    9.716  -11.416  -70.455   52.646   71.762    1608288744177
02     8.673   11.694  -12.402 -166.823   35.527 -104.591    1608288744177
01    13.255    9.530  -11.262  -56.740   48.859   81.600    1608288744193
02     8.602   12.280  -12.267  178.270   37.889 -113.643    1608288744193
01    13.577    9.423  -11.095  -51.191   46.273   85.980    1608288744208
02     8.687   12.592  -12.199  166.138   39.404 -119.538    1608288744208
01    13.743    9.302  -10.948  -49.160   43.820   87.551    1608288744224
02     8.796   12.802  -12.156  157.305   40.311 -122.837    1608288744224
01    13.812    9.196  -10.834  -48.785   41.883   87.205    1608288744246
02     8.885   12.909  -12.154  151.956   41.470 -123.780    1608288744246
01    13.818    9.101  -10.786  -49.065   40.837   85.889    1608288744262
02     8.953   12.962  -12.141  148.651   42.372 -124.003    1608288744262
01    13.795    9.028  -10.739  -49.934   40.190   84.782    1608288744277
02     8.974   12.992  -12.139  146.952   42.521 -123.326    1608288744277
01    13.715    8.871  -10.629  -53.317   39.674   84.126    1608288744293
02     8.981   13.020  -12.127  145.532   42.245 -121.753    1608288744293
01    13.382    8.812  -10.370  -61.372   40.169   83.021    1608288744309
02     8.983   13.108  -12.090  143.925   41.140 -119.932    1608288744309
01    12.689    8.912  -10.105  -77.508   41.628   77.904    1608288744324
02     9.034   13.234  -12.045  142.934   40.975 -117.666    1608288744324
01    11.636    9.103  -10.221 -102.055   40.688   65.664    1608288744346
02     9.225   13.227  -11.964  144.189   42.214 -113.937    1608288744346
01    10.058    9.570  -10.895 -133.213   32.624   47.475    1608288744362
02     9.579   13.119  -11.614  150.050   43.597 -110.872    1608288744362
01     8.718   10.550  -11.531 -160.073   25.282   29.426    1608288744378
02     9.749   13.198  -10.818  165.063   43.998 -107.452    1608288744378
01     9.240   11.111  -11.344 -178.846   29.660   14.838    1608288744393
02     9.335   13.202  -10.551 -169.741   40.855  -98.811    1608288744393
01     9.710   11.313  -11.160  176.912   35.317    7.913    1608288744409
02     9.234   12.770  -10.809 -153.679   34.890  -90.041    1608288744409
01    10.108   11.283  -11.058  179.627   41.231    5.867    1608288744425
02     9.120   12.448  -11.090 -140.050   29.387  -83.821    1608288744425
01    10.375   11.158  -11.069 -173.500   45.591    6.751    1608288744447
02     9.166   12.084  -11.333 -128.882   26.516  -78.533    1608288744447
01    10.482   11.039  -11.168 -167.569   47.319    7.510    1608288744462
02     9.373   11.733  -11.460 -122.985   25.543  -75.508    1608288744462
01    10.528   10.939  -11.273 -164.263   47.685    7.493    1608288744478
02     9.544   11.475  -11.530 -120.650   25.160  -74.725    1608288744478
01    10.504   10.881  -11.421 -161.762   48.049    6.689    1608288744494
02     9.603   11.323  -11.599 -118.677   24.893  -75.539    1608288744494
01    10.591   10.852  -11.510 -159.301   50.448    6.079    1608288744509
02     9.688   11.135  -11.663 -116.855   25.192  -76.246    1608288744509
01    10.826   10.764  -11.554 -151.965   54.862    9.926    1608288744525
02    10.054   10.684  -11.720 -121.001   27.354  -75.658    1608288744525
01    11.188   10.536  -11.633 -135.493   59.160   21.987    1608288744547
02     9.729   10.675  -12.083 -133.503   31.516  -82.302    1608288744547
01    11.757   10.243  -11.643 -102.113   61.108   48.728    1608288744563
02     9.160   11.099  -12.301 -149.276   34.623  -93.240    1608288744563
01    12.473    9.955  -11.577  -71.370   56.859   71.740    1608288744578
02     8.666   11.701  -12.381 -164.504   35.908 -102.919    1608288744578
01    13.056    9.807  -11.421  -54.681   52.531   83.096    1608288744594
02     8.465   12.304  -12.321 -178.776   37.469 -111.114    1608288744594
01    13.424    9.692  -11.313  -46.308   49.626   88.117    1608288744610
02     8.502   12.680  -12.187  169.429   38.858 -117.107    1608288744610
01    13.634    9.602  -11.188  -42.410   47.777   90.347    1608288744625
02     8.562   12.901  -12.074  160.146   39.021 -121.345    1608288744625
01    13.781    9.518  -11.057  -40.922   46.255   90.775    1608288744647
02     8.628   13.023  -11.997  153.949   39.109 -123.509    1608288744647
01    13.791    9.471  -11.003  -40.354   45.609   89.477    1608288744663
02     8.686   13.053  -11.966  150.391   39.652 -123.669    1608288744663
01    13.847    9.332  -10.937  -40.804   44.646   87.971    1608288744679
02     8.721   13.048  -11.900  148.850   40.061 -123.607    1608288744679
01    13.886    9.175  -10.772  -42.908   43.514   86.959    1608288744694
02     8.717   13.040  -11.852  148.705   39.995 -122.844    1608288744694
01    13.805    8.981  -10.488  -48.245   42.154   86.311    1608288744710
02     8.722   13.014  -11.871  148.378   40.279 -120.752    1608288744710
01    13.424    8.870  -10.030  -59.067   41.057   84.473    1608288744725
02     8.740   13.036  -11.898  147.380   40.644 -118.199    1608288744725
01    12.676    8.958   -9.560  -77.222   40.977   78.688    1608288744748
02     8.825   13.054  -11.906  146.453   41.907 -115.182    1608288744748
01    11.675    9.028   -9.551 -103.946   37.881   66.270    1608288744763
02     9.000   12.985  -11.861  148.761   44.076 -110.569    1608288744763
01    10.372    9.231  -10.098 -134.355   26.300   51.698    1608288744779
02     9.482   12.788  -11.453  155.156   45.841 -106.083    1608288744779
01     9.107    9.732  -10.934 -153.879   19.769   39.934    1608288744794
02     9.548   12.855  -10.702  170.898   45.210 -101.108    1608288744794
01     8.876   10.366  -11.193 -167.565   23.156   26.676    1608288744810
02     8.767   12.985  -10.459 -162.053   39.158  -93.844    1608288744810
01     9.325   10.661  -11.030 -172.364   30.748   18.395    1608288744826
02     8.799   12.421  -10.710 -141.604   29.313  -84.925    1608288744826
01     9.705   10.781  -10.909 -171.312   36.298   14.210    1608288744848
02     8.871   12.033  -10.907 -129.826   22.850  -81.557    1608288744848
01    10.052   10.792  -10.854 -166.477   40.804   13.265    1608288744863
02     8.997   11.667  -11.141 -120.822   19.882  -78.012    1608288744863
01    10.333   10.692  -10.908 -158.810   43.851   14.976    1608288744879
02     9.257   11.297  -11.329 -113.428   19.263  -73.638    1608288744879
01    10.489   10.563  -11.028 -154.125   44.772   15.714    1608288744895
02     9.578   11.017  -11.382 -110.325   20.386  -71.333    1608288744895
01    10.572   10.506  -11.136 -152.099   45.398   15.008    1608288744910
02     9.823   10.798  -11.459 -109.019   21.301  -71.079    1608288744910
01    10.552   10.547  -11.314 -151.012   46.498   12.124    1608288744926
02    10.015   10.662  -11.510 -108.303   22.443  -71.739    1608288744926
01    10.650   10.553  -11.482 -149.407   49.943   10.862    1608288744948
02     9.999   10.680  -11.527 -107.764   23.750  -74.680    1608288744948
01    10.911   10.514  -11.537 -142.990   55.031   14.716    1608288744964
02    10.308   10.460  -11.471 -112.310   26.627  -75.771    1608288744964
01    11.284   10.363  -11.607 -127.411   59.348   26.738    1608288744979
02    10.026   10.446  -11.841 -125.342   31.074  -81.670    1608288744979
01    12.024   10.132  -11.598  -91.979   61.049   55.923    1608288744995
02     9.364   10.918  -12.167 -142.212   34.612  -92.470    1608288744995
01    12.746    9.987  -11.484  -63.584   56.768   78.210    1608288745011
02     8.838   11.585  -12.303 -159.417   36.365 -102.633    1608288745011
01    13.281    9.826  -11.370  -50.692   52.332   87.993    1608288745026
02     8.646   12.233  -12.241 -179.113   37.796 -113.535    1608288745026
01    13.620    9.682  -11.280  -45.203   49.057   92.125    1608288745048
02     8.670   12.669  -12.161  165.380   38.625 -120.927    1608288745048
01    13.809    9.639  -11.165  -41.928   47.026   94.472    1608288745064
02     8.751   12.967  -12.061  155.499   38.743 -125.325    1608288745064
01    13.908    9.554  -11.173  -40.345   46.033   94.875    1608288745080
02     8.834   13.130  -12.011  149.884   38.689 -126.810    1608288745080
01    14.010    9.450  -11.065  -39.954   45.372   95.631    1608288745095
02     8.916   13.235  -11.960  146.782   38.694 -127.438    1608288745095
01    13.943    9.192  -11.038  -45.047   45.624   94.492    1608288745111
02     9.060   13.235  -11.942  145.906   40.207 -126.984    1608288745111
01    13.561    9.023  -10.942  -56.703   47.040   91.888    1608288745127
02     9.289   13.112  -11.881  149.690   43.612 -123.795    1608288745127
01    12.600    9.193  -11.011  -79.493   50.280   80.905    1608288745149
02     9.502   13.054  -11.569  160.847   46.231 -119.839    1608288745149
01    11.307    9.665  -11.417 -117.149   51.240   54.370    1608288745164
02     9.485   13.032  -11.290 -176.889   46.392 -110.194    1608288745164
01    10.233   10.456  -11.777 -150.695   46.642   27.155    1608288745180
02     9.299   12.914  -11.226 -149.381   40.975  -97.165    1608288745180
01    10.241   10.928  -11.646 -169.021   46.708   12.490    1608288745196
02     9.423   12.610  -11.256 -137.955   34.871  -88.009    1608288745196
01    10.373   11.156  -11.550 -174.239   48.489    6.674    1608288745211
02     9.490   12.394  -11.323 -131.837   31.047  -83.520    1608288745211
01    10.556   11.255  -11.469 -174.505   51.041    4.154    1608288745227
02     9.571   12.215  -11.397 -126.578   29.043  -79.365    1608288745227
01    10.704   11.251  -11.462 -171.854   53.397    4.208    1608288745249
02     9.751   11.957  -11.489 -121.421   28.190  -74.502    1608288745249
01    10.798   11.174  -11.506 -169.086   54.514    5.519    1608288745265
02    10.015   11.659  -11.535 -118.548   27.617  -70.712    1608288745265
01    10.848   11.131  -11.526 -167.478   55.070    6.266    1608288745280
02    10.172   11.424  -11.608 -117.487   26.843  -68.949    1608288745280
01    10.880   11.096  -11.556 -165.897   55.765    6.885    1608288745296
02    10.207   11.297  -11.703 -116.325   26.365  -68.329    1608288745296
01    10.932   11.088  -11.577 -163.953   57.243    6.684    1608288745312
02    10.226   11.195  -11.772 -114.868   26.455  -68.980    1608288745312
01    11.044   11.024  -11.626 -160.433   59.598    7.974    1608288745327
02    10.470   10.862  -11.831 -115.486   27.165  -68.184    1608288745327
01    11.263   10.912  -11.639 -150.919   63.288   14.398    1608288745349
02    10.426   10.616  -12.138 -121.337   30.153  -69.714    1608288745349
01    11.769   10.614  -11.655 -121.694   67.392   38.454    1608288745365
02     9.871   10.891  -12.560 -133.118   34.979  -76.809    1608288745365
01    12.561   10.353  -11.569  -72.873   63.368   77.301    1608288745381
02     9.231   11.585  -12.706 -149.056   38.847  -88.406    1608288745381
01    13.216   10.235  -11.497  -47.408   56.355   92.955    1608288745396
02     8.792   12.418  -12.613 -172.428   40.392 -104.814    1608288745396
01    13.711   10.096  -11.431  -35.805   52.503   99.029    1608288745412
02     8.888   12.919  -12.318  165.621   41.231 -119.390    1608288745412
01    14.042    9.923  -11.348  -31.770   50.369  101.439    1608288745427
02     8.924   13.157  -12.170  155.355   40.145 -125.713    1608288745427
01    14.180    9.682  -11.245  -32.336   48.618  101.494    1608288745450
02     8.979   13.283  -12.101  149.535   39.606 -127.992    1608288745450
01    14.155    9.501  -11.111  -35.327   47.463   99.863    1608288745465
02     9.025   13.339  -12.088  146.357   39.655 -127.559    1608288745465
01    14.006    9.351  -11.041  -39.602   46.883   96.880    1608288745481
02     9.084   13.369  -12.057  144.062   39.957 -126.776    1608288745481
01    13.825    9.187  -10.868  -46.400   46.791   93.397    1608288745496
02     9.114   13.377  -11.996  143.037   39.729 -126.293    1608288745496
01    13.500    9.044  -10.575  -57.636   46.593   88.730    1608288745512
02     9.157   13.358  -11.946  142.999   40.043 -125.414    1608288745512
01    12.870    9.067  -10.289  -75.403   47.168   80.446    1608288745528
02     9.286   13.220  -11.942  145.276   42.389 -122.140    1608288745528
01    11.930    9.198  -10.340 -101.296   45.974   65.838    1608288745550
02     9.525   13.067  -11.732  151.895   45.205 -117.967    1608288745550
01    10.644    9.542  -10.961 -135.566   37.393   42.838    1608288745565
02     9.649   12.975  -11.294  167.204   46.065 -111.916    1608288745565
01     9.648   10.340  -11.445 -160.270   31.502   23.592    1608288745581
02     9.329   13.057  -10.950 -168.820   43.945 -104.108    1608288745581
01     9.846   10.828  -11.227 -172.041   33.617   11.510    1608288745597
02     9.337   12.505  -11.139 -147.496   35.844  -90.049    1608288745597
01    10.006   11.071  -11.139 -173.505   35.861    6.644    1608288745612
02     9.369   12.221  -11.232 -136.996   30.787  -84.878    1608288745612
01    10.215   11.139  -11.112 -171.274   39.547    5.054    1608288745628
02     9.397   12.030  -11.324 -129.546   28.615  -81.414    1608288745628
01    10.470   11.140  -11.055 -166.771   43.466    5.151    1608288745650
02     9.446   11.828  -11.446 -122.219   27.595  -78.286    1608288745650
01    10.680   11.048  -11.094 -159.962   46.471    6.877    1608288745666
02     9.662   11.453  -11.610 -114.938   27.084  -74.419    1608288745666
01    10.798   10.889  -11.254 -154.200   47.980    8.471    1608288745681
02    10.029   11.085  -11.654 -110.371   27.760  -71.761    1608288745681
01    10.927   10.742  -11.377 -151.026   50.222    9.447    1608288745697
02    10.276   10.874  -11.592 -108.910   28.136  -71.476    1608288745697
01    11.115   10.597  -11.464 -145.604   53.560   13.941    1608288745713
02    10.318   10.762  -11.549 -109.231   28.060  -73.273    1608288745713
01    11.409   10.438  -11.487 -134.235   57.225   23.464    1608288745728
02    10.693   10.287  -11.583 -116.613   29.931  -73.652    1608288745728
01    11.854   10.229  -11.487 -113.963   59.651   40.561    1608288745750
02    10.147   10.486  -12.017 -130.155   34.409  -81.264    1608288745750
01    12.583    9.993  -11.383  -82.294   57.740   66.614    1608288745766
02     9.503   11.028  -12.296 -145.961   37.813  -92.137    1608288745766
01    13.198    9.842  -11.290  -61.931   53.255   81.673    1608288745782
02     9.005   11.753  -12.376 -162.087   39.639 -103.063    1608288745782
01    13.632    9.754  -11.132  -51.013   49.751   89.847    1608288745797
02     8.822   12.464  -12.275 -177.637   40.829 -112.744    1608288745797
01    13.806    9.660  -11.050  -47.162   47.586   92.895    1608288745813
02     8.882   12.923  -12.145  167.107   41.649 -121.189    1608288745813
01    13.875    9.537  -10.972  -46.916   46.136   93.864    1608288745829
02     8.946   13.255  -12.038  156.615   41.565 -126.391    1608288745829
01    13.828    9.447  -10.911  -48.713   45.455   93.430    1608288745851
02     9.033   13.465  -11.956  149.553   41.390 -129.406    1608288745851
01    13.673    9.374  -10.840  -52.437   45.443   91.957    1608288745867
02     9.112   13.599  -11.905  145.504   41.310 -130.725    1608288745867
01    13.375    9.309  -10.722  -60.888   46.555   88.265    1608288745882
02     9.221   13.668  -11.855  143.132   41.376 -131.282    1608288745882
01    12.848    9.323  -10.618  -75.858   48.464   80.475    1608288745898
02     9.356   13.641  -11.856  143.363   42.878 -129.861    1608288745898
01    12.113    9.465  -10.660  -99.159   49.568   65.737    1608288745913
02     9.565   13.520  -11.788  147.246   45.715 -126.572    1608288745913
01    11.219    9.752  -10.971 -126.377   46.264   46.117    1608288745929
02     9.765   13.353  -11.574  158.024   48.567 -120.751    1608288745929
01    10.289   10.366  -11.380 -151.533   40.490   25.243    1608288745945
02     9.780   13.238  -11.301  176.433   49.515 -111.605    1608288745945
01    10.029   11.002  -11.429 -166.609   39.788   10.585    1608288745967
02     9.539   13.189  -11.111 -158.562   46.705 -101.043    1608288745967
01    10.228   11.279  -11.336 -172.475   43.103    3.053    1608288745982
02     9.560   12.758  -11.220 -142.332   39.362  -89.792    1608288745982
01    10.437   11.372  -11.301 -173.737   46.400   -0.669    1608288745998
02     9.597   12.451  -11.318 -133.836   34.297  -84.836    1608288745998
01    10.594   11.406  -11.312 -172.937   48.922   -2.952    1608288746014
02     9.670   12.191  -11.383 -128.217   31.677  -82.235    1608288746014
01    10.741   11.363  -11.340 -171.570   50.623   -4.166    1608288746029
02     9.787   11.891  -11.471 -124.530   29.698  -80.675    1608288746029
01    10.798   11.311  -11.461 -169.190   51.973   -4.073    1608288746045
02     9.932   11.642  -11.514 -121.854   28.862  -79.101    1608288746045
01    10.943   11.177  -11.581 -164.979   55.012   -1.002    1608288746067
02    10.023   11.450  -11.502 -119.979   27.774  -78.248    1608288746067
01    11.250   10.973  -11.612 -155.459   60.154    7.884    1608288746083
02    10.170   11.139  -11.506 -118.851   26.033  -76.534    1608288746083
01    11.649   10.675  -11.595 -135.798   64.350   25.837    1608288746098
02    10.513   10.476  -11.729 -126.679   27.174  -74.635    1608288746098
01    12.225   10.325  -11.505 -100.367   64.347   57.196    1608288746114
02     9.787   10.740  -12.235 -139.851   30.431  -81.153    1608288746114
01    12.823   10.061  -11.377  -69.937   57.667   80.390    1608288746130
02     9.050   11.421  -12.460 -154.828   33.230  -90.868    1608288746130
01    13.263    9.904  -11.321  -54.683   52.179   88.759    1608288746145
02     8.608   12.168  -12.517 -168.666   35.630  -99.731    1608288746145
01    13.624    9.752  -11.237  -46.007   49.216   93.083    1608288746152
02     8.644   12.773  -12.418  177.862   38.958 -107.379    1608288746152
01    13.805    9.649  -11.166  -41.955   47.775   95.179    1608288746183
02     8.819   13.102  -12.283  165.624   41.241 -114.398    1608288746183
01    13.907    9.542  -11.081  -40.679   46.747   96.038    1608288746199
02     8.947   13.302  -12.161  155.754   41.764 -120.182    1608288746199
01    13.910    9.487  -10.967  -40.963   45.905   95.460    1608288746214
02     9.078   13.380  -12.076  148.943   41.926 -123.472    1608288746214
01    13.872    9.390  -10.893  -42.843   45.194   93.159    1608288746230
02     9.137   13.375  -12.051  145.712   42.118 -124.082    1608288746230
01    13.829    9.255  -10.816  -46.120   44.412   90.338    1608288746246
02     9.189   13.348  -11.994  143.999   42.282 -124.667    1608288746246
