01    15.616    4.821   -4.612 -139.006   30.530   19.619    1607339431279
02    15.487    8.032  -10.216 -179.865   39.889 -152.105    1607339431279
01    15.623    4.797   -4.604 -139.047   30.522   19.626    1607339431304
02    15.477    8.036  -10.206 -179.897   39.747 -152.123    1607339431304
01    15.624    4.804   -4.587 -139.025   30.534   19.621    1607339431320
02    15.460    8.034  -10.213 -179.717   39.443 -151.971    1607339431320
01    15.625    4.801   -4.588 -139.051   30.456   19.621    1607339431340
02    15.460    8.032  -10.204 -179.721   39.443 -151.941    1607339431340
01    15.627    4.793   -4.579 -139.097   30.441   19.637    1607339431355
02    15.471    8.029  -10.164 -179.719   39.588 -151.877    1607339431355
01    15.627    4.782   -4.581 -139.172   30.377   19.628    1607339431371
02    15.466    8.029  -10.156 -179.734   39.464 -151.853    1607339431371
01    15.632    4.767   -4.575 -139.244   30.336   19.622    1607339431381
02    15.464    8.042  -10.131 -179.771   39.401 -151.969    1607339431381
01    15.630    4.776   -4.572 -139.234   30.316   19.583    1607339431406
02    15.480    8.041  -10.089 -179.859   39.424 -152.055    1607339431406
01    15.626    4.790   -4.561 -139.206   30.320   19.520    1607339431421
02    15.441    8.044  -10.123 -179.630   39.037 -151.940    1607339431421
01    15.624    4.797   -4.558 -139.185   30.335   19.463    1607339431440
02    15.437    8.061  -10.098 -179.732   38.981 -152.105    1607339431440
01    15.622    4.798   -4.548 -139.191   30.386   19.415    1607339431457
02    15.440    8.074  -10.066 -179.869   38.940 -152.269    1607339431457
01    15.617    4.806   -4.534 -139.164   30.433   19.412    1607339431472
02    15.428    8.080  -10.074 -179.864   38.817 -152.333    1607339431472
01    15.622    4.794   -4.523 -139.204   30.486   19.437    1607339431483
02    15.433    8.069  -10.067 -179.864   38.830 -152.305    1607339431483
01    15.620    4.788   -4.535 -139.221   30.451   19.430    1607339431508
02    15.416    8.095  -10.068 -179.868   38.746 -152.486    1607339431508
01    15.616    4.788   -4.550 -139.223   30.398   19.399    1607339431523
02    15.402    8.085  -10.092 -179.852   38.501 -152.399    1607339431523
01    15.614    4.788   -4.560 -139.238   30.382   19.358    1607339431540
02    15.411    8.093  -10.070 -179.961   38.586 -152.541    1607339431540
01    15.618    4.780   -4.554 -139.256   30.406   19.357    1607339431558
02    15.401    8.096  -10.064 -179.978   38.477 -152.577    1607339431558
01    15.616    4.786   -4.551 -139.238   30.429   19.326    1607339431574
02    15.400    8.093  -10.065 -179.926   38.335 -152.544    1607339431574
01    15.617    4.790   -4.548 -139.221   30.460   19.304    1607339431585
02    15.401    8.096  -10.056 -179.879   38.357 -152.543    1607339431585
01    15.619    4.785   -4.546 -139.232   30.471   19.320    1607339431610
02    15.386    8.103  -10.070 -179.732   38.208 -152.475    1607339431610
01    15.621    4.782   -4.540 -139.258   30.504   19.358    1607339431626
02    15.375    8.105  -10.081 -179.634   38.101 -152.405    1607339431626
01    15.618    4.783   -4.542 -139.282   30.497   19.379    1607339431641
02    15.378    8.097  -10.092 -179.703   38.172 -152.346    1607339431641
01    15.615    4.792   -4.542 -139.277   30.509   19.412    1607339431656
02    15.377    8.101  -10.094 -179.690   38.322 -152.386    1607339431656
01    15.615    4.792   -4.542 -139.301   30.534   19.484    1607339431661
02    15.373    8.104  -10.105 -179.649   38.350 -152.415    1607339431661
01    15.613    4.796   -4.548 -139.345   30.513   19.448    1607339431687
02    15.364    8.122  -10.119 -179.791   38.379 -152.704    1607339431687
01    15.610    4.799   -4.562 -139.388   30.462   19.395    1607339431703
02    15.356    8.129  -10.150 -179.909   38.470 -152.867    1607339431703
01    15.613    4.794   -4.564 -139.431   30.483   19.406    1607339431713
02    15.366    8.117  -10.154 -179.976   38.670 -152.912    1607339431713
01    15.608    4.807   -4.582 -139.404   30.451   19.411    1607339431741
02    15.364    8.126  -10.179 -179.899   38.884 -152.876    1607339431741
01    15.610    4.804   -4.587 -139.434   30.451   19.455    1607339431756
02    15.387    8.109  -10.200 -179.754   39.253 -152.628    1607339431756
01    15.612    4.811   -4.589 -139.438   30.457   19.549    1607339431764
02    15.387    8.124  -10.262 -179.430   39.390 -152.319    1607339431764
01    15.612    4.818   -4.595 -139.500   30.431   19.671    1607339431789
02    15.432    8.080  -10.290 -179.323   40.051 -151.845    1607339431789
01    15.602    4.844   -4.615 -139.549   30.339   19.672    1607339431805
02    15.464    8.076  -10.288 -179.110   40.709 -151.451    1607339431805
01    15.602    4.853   -4.618 -139.655   30.251   19.736    1607339431815
02    15.486    8.071  -10.286 -178.887   40.994 -151.215    1607339431815
01    15.606    4.863   -4.616 -139.753   30.198   19.735    1607339431841
02    15.508    8.050  -10.297 -179.000   41.155 -151.053    1607339431841
01    15.604    4.879   -4.625 -139.811   30.167   19.695    1607339431857
02    15.523    8.030  -10.334 -179.021   41.187 -151.034    1607339431857
01    15.609    4.875   -4.637 -139.924   30.040   19.790    1607339431866
02    15.528    8.048  -10.361 -178.680   41.185 -150.934    1607339431866
01    15.607    4.879   -4.657 -139.905   29.887   19.823    1607339431891
02    15.544    8.045  -10.394 -178.799   41.420 -151.129    1607339431891
01    15.611    4.894   -4.644 -139.864   29.941   19.961    1607339431907
02    15.557    8.035  -10.426 -178.809   41.693 -151.185    1607339431907
01    15.612    4.900   -4.650 -139.937   29.928   20.028    1607339431917
02    15.608    8.017  -10.422 -178.863   42.222 -151.023    1607339431917
01    15.620    4.885   -4.653 -140.268   29.850   20.254    1607339431942
02    15.621    7.986  -10.439 -178.910   42.443 -150.878    1607339431942
01    15.611    4.900   -4.665 -140.467   29.773   20.278    1607339431958
02    15.638    8.031  -10.415 -178.829   42.612 -151.044    1607339431958
01    15.611    4.915   -4.650 -140.619   29.908   20.471    1607339431968
02    15.612    8.037  -10.465 -178.380   41.975 -150.669    1607339431968
01    15.610    4.919   -4.663 -140.885   29.767   20.533    1607339431993
02    15.640    8.039  -10.428 -178.693   42.311 -150.914    1607339431993
01    15.607    4.935   -4.675 -141.009   29.734   20.491    1607339432009
02    15.636    8.044  -10.446 -178.642   42.195 -150.899    1607339432009
01    15.605    4.952   -4.688 -140.968   29.719   20.525    1607339432020
02    15.650    8.026  -10.468 -178.625   42.156 -150.688    1607339432020
01    15.607    4.956   -4.680 -141.003   29.881   20.591    1607339432042
02    15.666    8.021  -10.452 -178.746   42.219 -150.702    1607339432042
01    15.607    4.963   -4.691 -141.124   29.921   20.582    1607339432045
02    15.665    8.050  -10.439 -178.720   42.259 -150.870    1607339432045
01    15.606    4.958   -4.702 -141.314   29.966   20.650    1607339432070
02    15.663    8.045  -10.457 -178.598   42.034 -150.667    1607339432070
01    15.606    4.971   -4.697 -141.373   30.134   20.705    1607339432086
02    15.658    8.052  -10.467 -178.682   41.905 -150.820    1607339432086
01    15.603    4.978   -4.703 -141.547   30.109   20.659    1607339432095
02    15.659    8.054  -10.478 -178.720   41.820 -150.808    1607339432095
01    15.602    4.988   -4.705 -141.468   30.066   20.674    1607339432121
02    15.658    8.057  -10.469 -178.770   41.745 -150.929    1607339432121
01    15.600    5.000   -4.704 -141.442   30.092   20.558    1607339432142
02    15.657    8.056  -10.460 -178.790   41.737 -150.985    1607339432142
01    15.602    5.007   -4.696 -141.374   30.113   20.534    1607339432146
02    15.664    8.056  -10.438 -178.783   41.815 -151.046    1607339432146
01    15.608    4.982   -4.689 -141.531   30.111   20.508    1607339432172
02    15.660    8.049  -10.443 -178.648   41.697 -150.896    1607339432172
01    15.609    4.963   -4.686 -141.637   30.077   20.571    1607339432187
02    15.667    8.029  -10.438 -178.714   41.721 -150.875    1607339432187
01    15.603    4.969   -4.679 -141.684   30.091   20.598    1607339432197
02    15.660    8.040  -10.431 -178.658   41.727 -150.920    1607339432197
01    15.602    4.965   -4.678 -141.761   30.056   20.663    1607339432223
02    15.667    8.028  -10.430 -178.660   41.741 -150.859    1607339432223
01    15.600    4.977   -4.663 -141.767   30.126   20.625    1607339432242
02    15.660    8.022  -10.439 -178.652   41.666 -150.827    1607339432242
01    15.597    4.983   -4.672 -141.809   30.027   20.543    1607339432248
02    15.660    8.023  -10.438 -178.708   41.679 -150.915    1607339432248
01    15.594    4.992   -4.679 -141.793   29.949   20.453    1607339432274
02    15.658    8.025  -10.441 -178.695   41.622 -150.957    1607339432274
01    15.599    4.986   -4.673 -141.874   30.009   20.411    1607339432289
02    15.656    8.029  -10.441 -178.675   41.636 -151.021    1607339432289
01    15.598    4.992   -4.669 -141.870   30.058   20.400    1607339432299
02    15.669    8.029  -10.427 -178.752   41.765 -151.112    1607339432299
01    15.598    4.990   -4.669 -141.912   30.084   20.420    1607339432324
02    15.679    8.040  -10.411 -178.824   41.947 -151.218    1607339432324
01    15.600    4.988   -4.664 -141.989   30.158   20.439    1607339432342
02    15.708    8.029  -10.381 -178.940   42.151 -151.229    1607339432342
01    15.599    4.993   -4.664 -142.110   30.203   20.442    1607339432350
02    15.705    8.055  -10.377 -179.031   42.135 -151.404    1607339432350
01    15.596    4.999   -4.670 -142.372   30.181   20.400    1607339432375
02    15.698    8.055  -10.388 -179.065   42.073 -151.521    1607339432375
01    15.594    5.001   -4.672 -142.711   30.263   20.316    1607339432390
02    15.707    8.055  -10.386 -179.134   42.191 -151.679    1607339432390
01    15.589    5.012   -4.684 -142.823   30.262   20.268    1607339432400
02    15.700    8.077  -10.416 -179.008   42.161 -151.850    1607339432400
01    15.586    5.038   -4.693 -142.699   30.378   20.284    1607339432425
02    15.720    8.062  -10.425 -179.063   42.371 -151.865    1607339432425
01    15.589    5.038   -4.719 -142.725   30.368   20.310    1607339432442
02    15.734    8.059  -10.428 -179.124   42.467 -152.042    1607339432442
01    15.588    5.045   -4.748 -142.702   30.451   20.371    1607339432451
02    15.738    8.046  -10.458 -178.985   42.369 -151.906    1607339432451
01    15.592    5.041   -4.781 -142.849   30.575   20.537    1607339432476
02    15.741    8.061  -10.465 -178.853   42.438 -152.009    1607339432476
01    15.603    5.032   -4.802 -143.358   30.989   20.855    1607339432491
02    15.756    8.066  -10.475 -178.818   42.453 -152.107    1607339432491
01    15.591    5.053   -4.854 -143.882   31.242   21.175    1607339432502
02    15.765    8.088  -10.516 -178.671   42.318 -152.172    1607339432502
01    15.592    5.063   -4.890 -144.338   31.547   21.790    1607339432527
02    15.800    8.072  -10.511 -178.738   42.452 -152.241    1607339432527
01    15.569    5.112   -4.919 -144.661   31.795   22.204    1607339432542
02    15.820    8.074  -10.510 -178.587   42.329 -152.081    1607339432542
01    15.557    5.156   -4.968 -145.075   32.072   22.744    1607339432552
02    15.831    8.060  -10.495 -178.370   41.998 -151.805    1607339432552
01    15.552    5.179   -5.021 -145.467   32.540   23.226    1607339432568
02    15.817    8.053  -10.497 -177.899   41.160 -151.271    1607339432568
01    15.540    5.212   -5.096 -146.088   33.059   23.568    1607339432578
02    15.806    8.039  -10.501 -177.489   39.983 -150.737    1607339432578
01    15.515    5.235   -5.199 -147.206   33.617   23.963    1607339432603
02    15.809    8.042  -10.473 -177.632   38.812 -151.036    1607339432603
01    15.477    5.316   -5.374 -149.076   34.680   23.889    1607339432619
02    15.848    8.056  -10.271 -178.443   38.097 -152.133    1607339432619
01    15.434    5.469   -5.589 -150.633   36.407   23.331    1607339432642
02    15.825    8.066   -9.914 -178.571   34.728 -153.815    1607339432642
01    15.423    5.626   -5.778 -151.312   38.445   23.229    1607339432655
02    15.673    8.036   -9.709 -177.388   29.286 -154.997    1607339432655
01    15.414    5.730   -5.991 -152.100   40.095   23.450    1607339432675
02    15.557    7.979   -9.435 -175.787   23.937 -155.621    1607339432675
01    15.386    5.900   -6.306 -152.923   41.812   23.426    1607339432686
02    15.515    7.682   -9.180 -174.832   14.391 -155.940    1607339432686
01    15.396    6.092   -6.706 -153.928   44.506   22.892    1607339432707
02    14.305    7.284  -10.282 -169.293  -18.015 -152.720    1607339432707
01    15.643    6.062   -6.457 -152.128   46.623   24.262    1607339432725
02    14.519    7.445   -8.952 -162.815  -22.623 -156.729    1607339432725
01    15.636    6.222   -6.445 -152.120   46.599   23.579    1607339432738
02    14.732    7.569   -8.126 -161.790  -24.094 -161.644    1607339432738
01    15.619    6.269   -6.436 -152.119   46.184   23.054    1607339432758
02    14.822    7.666   -7.697 -160.487  -25.008 -163.990    1607339432758
01    15.612    6.285   -6.381 -152.156   45.863   23.169    1607339432768
02    14.871    7.702   -7.448 -160.445  -25.322 -163.963    1607339432768
01    15.599    6.294   -6.325 -151.863   45.331   23.944    1607339432787
02    14.877    7.688   -7.350 -161.096  -26.086 -162.107    1607339432787
01    15.579    6.294   -6.261 -151.779   44.533   24.482    1607339432807
02    14.863    7.672   -7.292 -161.639  -26.984 -160.251    1607339432807
01    15.539    6.302   -6.246 -151.785   43.414   24.247    1607339432823
02    14.821    7.677   -7.246 -161.305  -27.964 -159.422    1607339432823
01    15.513    6.299   -6.247 -151.900   42.381   23.602    1607339432833
02    14.812    7.661   -7.160 -160.783  -28.226 -159.251    1607339432833
01    15.503    6.278   -6.246 -151.867   41.876   23.222    1607339432858
02    14.828    7.639   -7.076 -160.265  -27.980 -159.554    1607339432858
01    15.508    6.252   -6.257 -151.877   41.761   23.194    1607339432873
02    14.833    7.640   -7.062 -159.996  -27.780 -159.976    1607339432873
01    15.521    6.210   -6.285 -151.807   41.697   23.616    1607339432883
02    14.846    7.613   -7.080 -160.217  -27.665 -160.318    1607339432883
01    15.525    6.206   -6.295 -151.609   41.851   23.920    1607339432909
02    14.860    7.598   -7.095 -160.462  -27.486 -160.689    1607339432909
01    15.535    6.197   -6.292 -151.368   41.984   24.120    1607339432924
02    14.858    7.588   -7.120 -160.444  -27.557 -160.999    1607339432924
01    15.535    6.196   -6.308 -151.129   41.994   23.936    1607339432934
02    14.855    7.588   -7.111 -159.928  -27.462 -161.285    1607339432934
01    15.526    6.188   -6.352 -150.627   42.202   23.562    1607339432959
02    14.866    7.603   -7.064 -158.761  -26.721 -161.307    1607339432959
01    15.528    6.176   -6.447 -149.628   43.156   22.995    1607339432975
02    14.894    7.588   -7.046 -157.371  -25.672 -160.565    1607339432975
01    15.577    6.137   -6.520 -147.211   45.264   22.528    1607339432985
02    15.003    7.560   -6.928 -155.737  -22.337 -158.435    1607339432985
01    15.633    6.137   -6.382 -140.176   46.156   24.274    1607339433010
02    15.176    7.481   -6.831 -157.179  -13.229 -154.414    1607339433010
01    15.646    6.050   -6.315 -132.323   42.789   25.370    1607339433026
02    15.039    7.505   -7.554 -160.926   -3.332 -150.981    1607339433026
01    15.703    5.788   -6.349 -125.268   38.110   24.396    1607339433036
02    14.701    7.645   -9.028 -165.976    5.510 -149.341    1607339433036
01    16.005    5.101   -6.360 -119.358   35.299   23.712    1607339433051
02    14.517    7.955  -10.915 -170.787   17.174 -149.803    1607339433051
01    16.523    4.370   -6.262 -115.020   35.022   24.333    1607339433076
02    14.880    7.877  -11.921 -172.880   29.408 -149.554    1607339433076
01    16.893    4.091   -6.130 -111.759   35.584   24.741    1607339433086
02    15.460    7.708  -12.257 -174.535   40.913 -149.872    1607339433086
01    17.081    3.996   -6.110 -109.838   35.089   24.981    1607339433097
02    16.049    7.792  -12.193 -178.120   50.874 -154.768    1607339433097
01    17.224    3.973   -5.968 -108.805   34.793   26.370    1607339433111
02    16.424    7.937  -12.144  178.077   56.895 -159.949    1607339433111
01    17.242    3.983   -5.878 -109.139   34.055   27.500    1607339433137
02    16.803    7.861  -12.066  176.855   61.910 -160.123    1607339433137
01    17.209    4.004   -5.862 -110.067   32.846   28.109    1607339433152
02    17.068    7.867  -12.003  176.811   65.000 -159.665    1607339433152
01    17.185    4.031   -5.863 -110.758   31.745   28.514    1607339433162
02    17.248    7.829  -12.030  177.999   66.637 -158.136    1607339433162
01    17.193    3.999   -5.867 -111.336   31.104   28.940    1607339433188
02    17.440    7.710  -11.996  177.777   68.653 -157.554    1607339433188
01    17.215    3.967   -5.943 -111.504   30.714   29.001    1607339433197
02    17.523    7.669  -12.041  177.006   68.881 -158.569    1607339433197
01    17.253    3.967   -5.968 -111.248   30.921   29.428    1607339433213
02    17.619    7.613  -12.054  174.903   69.580 -160.421    1607339433213
01    17.274    3.959   -5.922 -111.275   31.108   30.287    1607339433239
02    17.712    7.583  -12.068  174.846   70.001 -160.445    1607339433239
01    17.241    3.977   -5.880 -111.979   31.044   31.138    1607339433254
02    17.725    7.620  -12.066  174.352   69.924 -161.477    1607339433254
01    17.182    3.994   -5.779 -113.726   31.505   32.492    1607339433264
02    17.783    7.576  -11.962  173.798   70.544 -161.592    1607339433264
01    17.059    4.028   -5.699 -118.026   32.519   33.450    1607339433290
02    17.754    7.569  -11.960  176.988   69.277 -158.273    1607339433290
01    16.870    4.133   -5.640 -125.501   33.748   33.216    1607339433297
02    17.705    7.582  -11.911  177.001   68.152 -157.579    1607339433297
01    16.613    4.233   -5.658 -135.488   34.096   32.073    1607339433315
02    17.624    7.752  -11.622  173.541   65.837 -161.084    1607339433315
01    16.190    4.675   -5.962 -143.075   33.987   28.675    1607339433341
02    17.588    8.124  -10.045  165.641   60.257 -169.515    1607339433341
01    15.842    5.224   -6.435 -146.388   35.653   25.557    1607339433357
02    17.526    7.367   -8.337  162.440   46.271 -173.483    1607339433357
01    15.698    5.622   -6.845 -149.185   38.534   22.964    1607339433367
02    14.416    7.561  -10.579 -172.663  -12.872 -159.452    1607339433367
01    15.805    5.619   -6.865 -151.061   41.409   21.570    1607339433392
02    14.463    7.559   -9.290 -161.435  -27.528 -161.446    1607339433392
01    15.743    5.919   -6.767 -153.673   43.366   20.056    1607339433397
02    14.732    7.583   -8.305 -161.585  -29.567 -164.650    1607339433397
01    15.636    6.162   -6.665 -154.533   43.593   21.124    1607339433417
02    14.782    7.713   -7.862 -163.745  -30.559 -162.892    1607339433417
01    15.540    6.340   -6.622 -154.583   43.345   22.364    1607339433443
02    14.799    7.855   -7.585 -165.175  -30.711 -161.393    1607339433443
01    15.495    6.414   -6.629 -154.390   42.926   23.123    1607339433459
02    14.801    7.937   -7.441 -165.562  -30.874 -160.567    1607339433459
01    15.488    6.414   -6.618 -154.209   42.574   23.459    1607339433470
02    14.814    7.976   -7.337 -165.301  -30.647 -160.146    1607339433470
01    15.486    6.394   -6.615 -154.033   42.296   23.946    1607339433485
02    14.847    7.950   -7.269 -165.592  -30.146 -159.722    1607339433485
01    15.487    6.373   -6.635 -153.702   42.172   24.517    1607339433498
02    14.852    7.975   -7.241 -165.326  -29.459 -159.906    1607339433498
01    15.505    6.349   -6.654 -153.080   42.291   25.283    1607339433520
02    14.874    7.961   -7.239 -165.131  -28.707 -160.407    1607339433520
01    15.520    6.332   -6.665 -152.298   42.440   26.029    1607339433536
02    14.890    7.953   -7.259 -164.586  -27.975 -161.302    1607339433536
01    15.523    6.286   -6.729 -151.476   42.469   26.753    1607339433546
02    14.914    7.925   -7.285 -163.905  -27.011 -162.153    1607339433546
01    15.530    6.251   -6.825 -150.519   42.777   27.217    1607339433571
02    14.943    7.903   -7.322 -163.089  -25.794 -162.703    1607339433571
01    15.556    6.212   -6.935 -149.486   43.549   27.455    1607339433587
02    14.982    7.890   -7.354 -162.057  -24.218 -162.614    1607339433587
01    15.615    6.192   -6.996 -147.844   45.084   27.613    1607339433598
02    15.099    7.908   -7.208 -160.934  -19.173 -161.398    1607339433598
01    15.683    6.215   -6.961 -142.095   46.967   28.298    1607339433622
02    15.127    7.903   -7.377 -161.789   -7.808 -158.057    1607339433622
01    15.741    6.151   -6.921 -133.252   45.798   29.304    1607339433638
02    14.995    7.890   -8.146 -164.734    2.014 -154.372    1607339433638
01    15.823    5.948   -6.905 -124.849   41.988   29.094    1607339433648
02    14.651    7.901  -10.401 -168.779   11.424 -151.818    1607339433648
01    16.170    5.171   -6.852 -118.907   38.073   30.023    1607339433673
02    14.862    7.921  -12.065 -173.229   24.453 -151.467    1607339433673
01    16.643    4.477   -6.750 -114.445   37.343   31.712    1607339433689
02    15.558    7.725  -12.709 -174.991   37.041 -151.786    1607339433689
01    16.995    4.181   -6.760 -111.096   37.780   32.597    1607339433699
02    16.259    7.502  -13.006 -174.149   47.207 -149.891    1607339433699
01    17.262    4.061   -6.764 -107.994   38.101   33.113    1607339433724
02    16.956    7.414  -12.884 -176.945   57.094 -153.342    1607339433724
01    17.517    3.921   -6.751 -105.670   37.919   33.262    1607339433740
02    17.436    7.492  -12.681  178.081   63.623 -160.781    1607339433740
01    17.706    3.860   -6.693 -104.272   37.911   33.504    1607339433750
02    17.767    7.574  -12.486  173.469   67.867 -167.013    1607339433750
01    17.773    3.863   -6.623 -104.135   37.903   33.468    1607339433775
02    17.938    7.597  -12.444  172.210   69.761 -168.568    1607339433775
01    17.762    3.849   -6.587 -104.722   37.424   33.627    1607339433791
02    18.107    7.521  -12.421  172.239   71.402 -167.754    1607339433791
01    17.738    3.802   -6.573 -105.390   36.715   34.051    1607339433800
02    18.225    7.541  -12.374  172.071   72.873 -168.048    1607339433800
01    17.722    3.785   -6.583 -105.669   36.207   34.311    1607339433825
02    18.311    7.471  -12.401  174.929   73.849 -164.502    1607339433825
01    17.710    3.799   -6.603 -105.640   35.805   34.217    1607339433841
02    18.349    7.437  -12.410  176.434   74.199 -163.093    1607339433841
01    17.716    3.779   -6.561 -105.555   35.568   34.252    1607339433851
02    18.340    7.443  -12.399  175.865   74.130 -163.726    1607339433851
01    17.721    3.758   -6.515 -105.696   35.461   34.193    1607339433876
02    18.317    7.434  -12.405  175.148   73.594 -164.295    1607339433876
01    17.677    3.815   -6.462 -106.139   35.598   33.952    1607339433892
02    18.255    7.490  -12.418  172.315   72.944 -167.586    1607339433892
01    17.627    3.846   -6.354 -107.172   35.924   34.110    1607339433902
02    18.228    7.530  -12.325  169.291   72.722 -170.840    1607339433902
01    17.523    3.904   -6.217 -109.958   36.888   33.997    1607339433926
02    18.117    7.616  -12.284  171.068   70.716 -169.692    1607339433926
01    17.334    3.954   -6.056 -116.155   38.239   33.098    1607339433943
02    18.000    7.752  -12.038  171.573   68.954 -169.657    1607339433943
01    17.033    4.068   -6.006 -126.954   38.910   30.194    1607339433952
02    17.701    8.129  -11.139  172.420   64.978 -169.799    1607339433952
01    16.657    4.345   -6.065 -136.529   38.202   26.932    1607339433968
02    17.609    8.151   -8.982  172.162   59.040 -170.313    1607339433968
01    16.276    4.795   -6.202 -142.449   37.804   24.017    1607339433978
02    16.584    7.427   -9.069  179.026   34.919 -163.889    1607339433978
01    15.905    5.400   -6.409 -145.063   37.608   21.822    1607339434003
02    14.239    7.178  -10.214 -157.832  -39.777 -156.348    1607339434003
01    15.803    5.511   -6.288 -146.987   37.187   21.810    1607339434019
02    14.514    7.071   -8.690 -158.564  -39.391 -158.719    1607339434019
01    15.650    5.729   -6.171 -147.957   37.765   21.774    1607339434029
02    14.652    7.211   -7.801 -159.373  -38.440 -159.759    1607339434029
01    15.525    5.827   -5.990 -148.983   37.375   23.084    1607339434054
02    14.646    7.233   -7.402 -162.441  -39.714 -157.413    1607339434054
01    15.361    5.975   -5.877 -149.474   35.839   23.631    1607339434070
02    14.599    7.317   -7.103 -164.826  -40.460 -154.933    1607339434070
01    15.257    6.043   -5.829 -149.943   34.435   23.364    1607339434080
02    14.563    7.405   -6.842 -165.451  -40.616 -153.697    1607339434080
01    15.203    6.073   -5.819 -150.130   33.526   23.181    1607339434105
02    14.578    7.452   -6.619 -165.597  -39.689 -152.879    1607339434105
01    15.186    6.088   -5.877 -149.720   33.310   23.555    1607339434121
02    14.608    7.494   -6.480 -165.359  -38.145 -152.510    1607339434121
01    15.221    6.042   -5.992 -149.446   33.685   24.203    1607339434131
02    14.640    7.520   -6.468 -165.013  -36.813 -152.668    1607339434131
01    15.253    6.038   -6.071 -148.942   34.563   25.008    1607339434156
02    14.680    7.547   -6.493 -164.386  -35.289 -153.531    1607339434156
01    15.292    6.020   -6.168 -148.247   35.430   26.224    1607339434172
02    14.733    7.567   -6.535 -163.723  -33.584 -154.540    1607339434172
01    15.332    6.014   -6.266 -147.503   36.543   27.395    1607339434182
02    14.781    7.589   -6.616 -163.020  -31.856 -155.272    1607339434182
01    15.368    6.023   -6.409 -146.738   37.757   28.289    1607339434207
02    14.829    7.585   -6.739 -162.504  -30.313 -155.444    1607339434207
01    15.395    6.036   -6.624 -145.993   39.080   28.635    1607339434223
02    14.886    7.644   -6.814 -161.268  -27.886 -155.419    1607339434223
01    15.458    6.067   -6.826 -145.268   41.395   28.204    1607339434233
02    15.031    7.712   -6.645 -159.233  -14.744 -157.417    1607339434233
01    15.550    6.196   -6.798 -140.536   44.059   28.005    1607339434258
02    15.003    7.704   -7.137 -160.993   -2.593 -155.035    1607339434258
01    15.624    6.130   -6.774 -131.659   43.005   28.788    1607339434274
02    14.725    7.630   -8.886 -164.279    6.561 -151.505    1607339434274
01    15.792    5.729   -6.716 -122.441   38.263   29.801    1607339434283
02    14.532    7.527  -11.595 -168.047   18.139 -148.040    1607339434283
01    16.125    5.074   -6.542 -116.558   33.732   30.484    1607339434308
02    15.244    7.364  -12.734 -170.629   35.626 -146.635    1607339434308
01    16.572    4.403   -6.333 -113.388   32.145   30.218    1607339434324
02    16.201    7.294  -12.620 -171.463   51.439 -145.482    1607339434324
01    16.947    3.979   -6.317 -111.299   32.091   29.605    1607339434334
02    16.745    7.271  -12.497 -175.013   58.776 -150.370    1607339434334
01    17.266    3.740   -6.392 -109.425   33.361   29.580    1607339434359
02    17.112    7.331  -12.429  178.935   62.952 -158.567    1607339434359
01    17.487    3.681   -6.486 -107.560   34.819   29.743    1607339434375
02    17.353    7.383  -12.430  177.315   65.541 -161.555    1607339434375
01    17.636    3.666   -6.532 -105.904   35.747   30.070    1607339434384
02    17.508    7.517  -12.389  174.625   67.373 -165.685    1607339434384
01    17.699    3.718   -6.538 -104.672   36.248   30.517    1607339434409
02    17.594    7.596  -12.411  173.351   68.140 -167.781    1607339434409
01    17.742    3.739   -6.491 -104.006   36.237   31.191    1607339434426
02    17.686    7.625  -12.401  172.595   69.378 -168.485    1607339434426
01    17.742    3.727   -6.504 -103.819   35.692   31.592    1607339434435
02    17.781    7.597  -12.385  172.447   70.376 -168.186    1607339434435
01    17.729    3.749   -6.484 -103.401   35.180   32.091    1607339434451
02    17.844    7.530  -12.404  173.065   70.749 -167.132    1607339434451
01    17.733    3.734   -6.407 -103.145   34.744   32.770    1607339434461
02    17.904    7.459  -12.373  172.809   71.262 -166.886    1607339434461
01    17.705    3.775   -6.300 -103.145   34.461   33.250    1607339434486
02    17.921    7.469  -12.270  171.827   71.161 -168.264    1607339434486
01    17.634    3.822   -6.146 -104.254   34.431   33.977    1607339434498
02    17.874    7.600  -11.972  171.000   69.343 -170.205    1607339434498
01    17.496    3.865   -5.933 -107.902   35.434   34.438    1607339434512
02    17.759    7.846  -11.203  172.396   64.585 -170.654    1607339434512
01    17.277    3.863   -5.748 -116.214   37.116   33.726    1607339434537
02    17.551    7.875   -8.968  175.146   56.514 -167.987    1607339434537
01    16.941    3.936   -5.774 -132.823   38.250   29.882    1607339434553
02    16.196    7.392   -9.299 -174.455   31.618 -157.965    1607339434553
01    16.447    4.360   -5.966 -147.236   38.061   25.536    1607339434562
02    14.599    6.812   -9.996 -162.291  -28.898 -148.435    1607339434562
01    15.927    5.019   -6.142 -150.948   36.493   21.619    1607339434588
02    14.556    6.743   -8.926 -159.684  -35.981 -152.286    1607339434588
01    15.614    5.560   -6.087 -151.851   37.271   20.341    1607339434599
02    14.656    6.928   -7.966 -159.588  -34.502 -155.663    1607339434599
01    15.434    5.794   -5.979 -152.161   37.404   21.444    1607339434613
02    14.673    7.006   -7.487 -161.927  -34.618 -155.395    1607339434613
01    15.286    5.985   -5.926 -152.103   36.939   22.965    1607339434638
02    14.647    7.123   -7.198 -163.935  -34.412 -153.901    1607339434638
01    15.208    6.078   -5.923 -152.086   36.387   23.947    1607339434659
02    14.619    7.223   -7.028 -165.319  -34.347 -152.219    1607339434659
01    15.172    6.193   -5.894 -151.643   35.989   23.831    1607339434664
02    14.598    7.287   -6.925 -165.769  -34.387 -151.153    1607339434664
01    15.157    6.195   -5.946 -151.143   35.527   23.289    1607339434689
02    14.604    7.336   -6.809 -165.260  -33.664 -151.047    1607339434689
01    15.207    6.134   -5.976 -150.686   35.888   23.484    1607339434699
02    14.621    7.374   -6.760 -164.827  -32.666 -151.266    1607339434699
01    15.238    6.120   -6.004 -150.158   36.274   23.941    1607339434714
02    14.644    7.365   -6.774 -164.911  -32.077 -151.696    1607339434714
01    15.275    6.099   -5.989 -149.566   36.509   24.639    1607339434740
02    14.659    7.374   -6.793 -164.579  -31.756 -152.794    1607339434740
01    15.294    6.076   -5.990 -149.048   36.373   25.244    1607339434755
02    14.671    7.388   -6.803 -163.976  -31.419 -154.106    1607339434755
01    15.301    6.045   -6.016 -148.667   36.159   25.651    1607339434765
02    14.684    7.409   -6.802 -162.917  -30.786 -155.515    1607339434765
01    15.312    5.996   -6.079 -148.578   36.233   26.029    1607339434791
02    14.713    7.414   -6.804 -161.956  -29.790 -156.608    1607339434791
01    15.307    5.983   -6.191 -148.805   36.607   26.455    1607339434799
02    14.752    7.412   -6.832 -161.535  -28.548 -156.455    1607339434799
01    15.313    5.981   -6.305 -149.385   37.399   26.828    1607339434816
02    14.813    7.465   -6.803 -160.868  -25.963 -155.583    1607339434816
01    15.339    6.071   -6.296 -149.709   38.683   26.835    1607339434841
02    14.899    7.502   -6.787 -160.849  -18.361 -153.714    1607339434841
01    15.355    6.130   -6.240 -148.607   38.928   27.194    1607339434857
02    14.905    7.533   -7.066 -162.706   -7.893 -151.488    1607339434857
01    15.368    6.115   -6.193 -146.915   38.220   27.580    1607339434867
02    14.725    7.623   -8.257 -165.073    1.588 -150.316    1607339434867
01    15.377    6.076   -6.133 -144.639   37.014   27.852    1607339434892
02    14.444    7.628  -10.512 -168.104   10.357 -148.906    1607339434892
01    15.402    5.969   -6.095 -141.599   35.089   28.526    1607339434899
02    14.709    7.474  -12.232 -171.166   21.659 -147.085    1607339434899
01    15.445    5.866   -6.066 -137.447   32.449   29.552    1607339434918
02    15.396    7.146  -13.088 -171.658   34.278 -144.213    1607339434918
01    15.542    5.664   -6.048 -134.051   29.273   30.671    1607339434943
02    16.399    6.841  -13.088 -169.770   48.113 -139.298    1607339434943
01    15.731    5.381   -5.982 -132.620   27.554   31.838    1607339434959
02    17.082    6.713  -12.945 -168.951   57.297 -137.848    1607339434959
01    15.890    5.223   -5.952 -131.857   26.257   32.289    1607339434969
02    17.510    6.643  -12.871 -169.728   62.827 -139.067    1607339434969
01    16.042    5.055   -5.914 -131.966   25.569   32.903    1607339434984
02    17.837    6.629  -12.794 -168.609   66.824 -138.141    1607339434984
01    16.131    4.952   -5.941 -132.340   25.078   33.582    1607339434999
02    18.067    6.599  -12.800 -165.932   69.180 -135.456    1607339434999
01    16.171    4.940   -6.003 -132.092   24.892   34.274    1607339435019
02    18.296    6.576  -12.779 -163.269   71.418 -132.907    1607339435019
01    16.206    4.920   -6.094 -131.435   24.419   34.735    1607339435035
02    18.478    6.530  -12.752 -159.354   72.930 -129.210    1607339435035
01    16.247    4.914   -6.131 -130.173   24.004   34.754    1607339435045
02    18.585    6.470  -12.744 -156.101   73.639 -126.169    1607339435045
01    16.319    4.831   -6.157 -128.614   23.564   34.473    1607339435070
02    18.629    6.507  -12.712 -156.113   74.235 -127.071    1607339435070
01    16.441    4.631   -6.143 -127.511   23.543   34.323    1607339435086
02    18.689    6.517  -12.655 -156.685   75.341 -128.060    1607339435086
01    16.543    4.508   -6.079 -126.789   23.901   34.622    1607339435099
02    18.695    6.533  -12.671 -159.789   75.348 -131.602    1607339435099
01    16.577    4.452   -5.986 -126.833   24.415   35.253    1607339435121
02    18.705    6.540  -12.667 -160.307   75.472 -132.243    1607339435121
01    16.534    4.468   -5.930 -127.824   24.864   35.968    1607339435136
02    18.707    6.586  -12.625 -161.529   75.608 -133.425    1607339435136
01    16.459    4.473   -5.918 -130.012   25.690   36.623    1607339435146
02    18.630    6.696  -12.554 -164.021   74.484 -135.963    1607339435146
01    16.303    4.635   -6.054 -132.800   26.826   36.546    1607339435171
02    18.523    6.938  -12.196 -170.661   72.201 -142.657    1607339435171
01    16.152    4.859   -6.273 -136.003   28.437   36.269    1607339435187
02    18.276    7.567  -10.510  178.975   66.468 -153.067    1607339435187
01    16.028    5.138   -6.519 -140.143   30.949   35.212    1607339435199
02    18.002    7.117   -8.723  171.767   51.579 -159.870    1607339435199
01    15.922    5.444   -6.750 -144.511   33.926   33.836    1607339435222
02    15.180    6.442  -11.074 -178.226   -7.854 -147.423    1607339435222
01    15.914    5.559   -6.695 -147.579   35.100   31.459    1607339435238
02    15.007    6.615   -9.796 -171.419  -24.216 -142.711    1607339435238
01    15.770    5.894   -6.671 -149.139   35.721   29.780    1607339435248
02    15.073    7.003   -8.788 -171.013  -25.634 -146.085    1607339435248
01    15.679    6.081   -6.578 -149.101   35.623   29.645    1607339435273
02    15.038    7.155   -8.369 -171.564  -27.485 -146.255    1607339435273
01    15.621    6.105   -6.441 -149.101   34.477   29.601    1607339435289
02    14.957    7.183   -8.148 -172.354  -30.650 -146.158    1607339435289
01    15.525    6.129   -6.347 -149.186   32.432   29.019    1607339435299
02    14.917    7.213   -7.843 -172.490  -31.920 -145.837    1607339435299
01    15.447    6.097   -6.330 -149.685   31.300   28.790    1607339435324
02    14.938    7.239   -7.538 -172.455  -30.815 -145.459    1607339435324
01    15.405    6.101   -6.328 -150.152   31.585   29.037    1607339435340
02    14.937    7.264   -7.432 -173.097  -29.888 -144.431    1607339435340
01    15.390    6.133   -6.316 -150.618   32.002   29.276    1607339435349
02    14.894    7.300   -7.462 -173.811  -30.289 -143.587    1607339435349
01    15.379    6.173   -6.300 -151.199   31.892   29.028    1607339435375
02    14.848    7.340   -7.484 -174.025  -31.085 -143.625    1607339435375
01    15.359    6.213   -6.299 -151.560   31.275   28.438    1607339435391
02    14.813    7.389   -7.475 -173.369  -31.827 -144.401    1607339435391
01    15.353    6.220   -6.306 -151.733   30.846   28.041    1607339435400
02    14.816    7.411   -7.425 -172.662  -31.693 -145.530    1607339435400
01    15.346    6.207   -6.344 -151.717   30.630   27.895    1607339435426
02    14.822    7.437   -7.408 -171.693  -31.207 -146.790    1607339435426
01    15.338    6.195   -6.411 -151.521   30.894   27.791    1607339435441
02    14.841    7.444   -7.406 -170.817  -30.332 -147.731    1607339435441
01    15.339    6.177   -6.513 -151.297   31.583   27.727    1607339435451
02    14.854    7.453   -7.456 -169.796  -29.607 -148.204    1607339435451
01    15.351    6.174   -6.611 -150.875   32.504   27.394    1607339435476
02    14.880    7.447   -7.494 -168.468  -28.769 -148.729    1607339435476
01    15.384    6.146   -6.726 -150.227   33.643   26.647    1607339435492
02    14.901    7.468   -7.529 -166.099  -27.835 -149.800    1607339435492
01    15.424    6.102   -6.928 -148.902   35.557   24.764    1607339435502
02    14.991    7.504   -7.400 -161.371  -22.110 -153.509    1607339435502
01    15.535    6.125   -6.938 -145.040   38.663   23.024    1607339435517
02    15.087    7.488   -7.385 -159.047   -9.839 -155.767    1607339435517
01    15.628    6.093   -6.887 -137.623   38.716   23.522    1607339435542
02    15.056    7.411   -7.882 -160.748   -0.566 -155.184    1607339435542
01    15.709    5.898   -6.860 -128.676   34.652   24.335    1607339435553
02    14.739    7.178  -10.224 -163.226    7.641 -153.411    1607339435553
01    16.002    5.305   -6.731 -121.031   29.497   26.000    1607339435568
02    14.814    6.748  -12.650 -165.538   19.151 -149.715    1607339435568
01    16.535    4.457   -6.407 -116.013   25.909   27.104    1607339435578
02    15.745    6.277  -13.413 -162.779   36.196 -144.024    1607339435578
01    17.015    3.865   -6.167 -112.648   24.507   27.689    1607339435603
02    16.817    6.112  -13.152 -157.335   51.165 -136.477    1607339435603
01    17.393    3.485   -6.069 -110.438   24.948   28.197    1607339435619
02    17.438    6.175  -12.860 -159.681   60.269 -140.213    1607339435619
01    17.624    3.371   -6.077 -108.748   26.134   28.546    1607339435629
02    17.874    6.200  -12.712 -162.787   65.578 -144.635    1607339435629
01    17.750    3.347   -6.105 -107.307   26.507   29.006    1607339435654
02    18.171    6.313  -12.618 -162.520   69.380 -144.971    1607339435654
01    17.783    3.457   -6.023 -106.088   26.255   29.642    1607339435670
02    18.328    6.346  -12.598 -161.233   70.994 -143.738    1607339435670
01    17.761    3.492   -5.960 -105.987   25.276   30.331    1607339435680
02    18.405    6.394  -12.592 -158.611   72.136 -140.699    1607339435680
01    17.701    3.502   -5.887 -106.542   24.597   31.227    1607339435705
02    18.463    6.403  -12.608 -155.265   72.607 -135.979    1607339435705
01    17.632    3.510   -5.948 -107.155   24.145   31.185    1607339435723
02    18.541    6.369  -12.537 -154.322   73.766 -133.948    1607339435723
01    17.628    3.500   -5.958 -107.164   24.079   31.190    1607339435742
02    18.572    6.261  -12.559 -153.970   73.493 -132.818    1607339435742
01    17.660    3.470   -5.952 -106.991   24.333   31.052    1607339435756
02    18.576    6.239  -12.547 -155.049   73.764 -133.879    1607339435756
01    17.676    3.489   -5.945 -106.873   24.767   30.944    1607339435775
02    18.522    6.233  -12.613 -158.329   73.150 -136.928    1607339435775
01    17.626    3.529   -5.908 -107.442   25.007   31.116    1607339435793
02    18.481    6.246  -12.623 -160.682   73.086 -138.738    1607339435793
01    17.542    3.599   -5.825 -108.409   25.127   31.666    1607339435807
02    18.430    6.292  -12.630 -159.989   72.659 -137.486    1607339435807
01    17.429    3.698   -5.689 -110.014   25.530   32.641    1607339435826
02    18.398    6.349  -12.558 -159.942   72.584 -136.471    1607339435826
01    17.278    3.731   -5.619 -114.326   26.628   33.382    1607339435837
02    18.320    6.555  -12.329 -164.279   71.485 -140.352    1607339435837
01    17.073    3.835   -5.719 -120.596   28.486   33.229    1607339435858
02    18.085    6.933  -11.719 -169.559   67.487 -145.353    1607339435858
01    16.846    4.022   -5.898 -126.298   30.714   32.662    1607339435875
02    17.631    7.254  -10.715 -173.578   60.172 -149.176    1607339435875
01    16.613    4.253   -6.124 -132.144   33.156   31.966    1607339435887
02    17.152    7.259   -9.581 -175.069   45.858 -151.700    1607339435887
01    16.360    4.579   -6.398 -138.537   35.320   30.668    1607339435909
02    16.112    6.695  -10.017 -171.511   16.693 -146.294    1607339435909
01    15.965    5.373   -6.800 -141.173   36.566   27.532    1607339435926
02    14.782    6.322  -10.560 -167.794  -27.022 -140.598    1607339435926
01    15.899    5.500   -6.726 -144.126   37.214   26.666    1607339435939
02    15.054    6.517   -9.151 -168.707  -27.928 -144.535    1607339435939
01    15.798    5.740   -6.750 -143.498   37.168   26.752    1607339435960
02    15.117    6.884   -8.503 -167.656  -28.386 -148.112    1607339435960
01    15.796    5.682   -6.655 -143.824   37.242   26.430    1607339435969
02    15.150    6.949   -8.153 -167.400  -29.700 -149.973    1607339435969
01    15.758    5.641   -6.581 -144.872   37.052   26.614    1607339435990
02    15.184    6.934   -7.908 -168.693  -30.013 -149.681    1607339435990
01    15.689    5.701   -6.573 -145.576   36.767   26.437    1607339436008
02    15.171    6.964   -7.765 -169.690  -30.048 -147.947    1607339436008
01    15.652    5.763   -6.569 -145.725   36.658   25.900    1607339436019
02    15.143    7.018   -7.690 -169.792  -30.284 -146.438    1607339436019
01    15.647    5.766   -6.538 -145.753   36.524   25.506    1607339436041
02    15.136    7.024   -7.618 -169.896  -30.431 -145.048    1607339436041
01    15.640    5.775   -6.499 -145.720   36.451   25.129    1607339436060
02    15.116    7.042   -7.569 -169.714  -30.597 -144.105    1607339436060
01    15.625    5.766   -6.491 -145.736   36.343   24.887    1607339436072
02    15.125    7.046   -7.476 -169.261  -30.036 -143.916    1607339436072
01    15.625    5.739   -6.469 -145.677   36.638   25.040    1607339436092
02    15.124    7.038   -7.446 -168.809  -29.512 -144.381    1607339436092
01    15.617    5.717   -6.464 -145.441   36.750   25.137    1607339436103
02    15.102    7.049   -7.444 -167.836  -29.142 -145.561    1607339436103
01    15.604    5.692   -6.446 -144.993   36.786   25.067    1607339436123
02    15.089    7.026   -7.438 -166.633  -28.740 -147.196    1607339436123
01    15.589    5.661   -6.471 -144.412   36.628   24.594    1607339436141
02    15.080    7.000   -7.435 -164.919  -28.293 -149.166    1607339436141
01    15.586    5.616   -6.522 -143.641   36.754   23.911    1607339436151
02    15.091    6.982   -7.419 -162.825  -27.604 -151.019    1607339436151
01    15.600    5.589   -6.591 -141.837   37.537   23.155    1607339436164
02    15.129    6.970   -7.383 -160.240  -25.913 -152.046    1607339436164
01    15.606    5.638   -6.655 -135.608   38.049   21.540    1607339436190
02    15.304    6.996   -7.125 -157.908  -18.333 -151.745    1607339436190
01    15.662    5.565   -6.712 -126.869   35.681   20.265    1607339436206
02    15.277    6.911   -7.585 -157.614   -7.436 -150.181    1607339436206
01    15.913    5.139   -6.700 -118.523   31.543   19.830    1607339436215
02    14.966    6.756   -8.864 -160.320    2.275 -148.478    1607339436215
01    16.489    4.290   -6.311 -113.175   26.881   20.489    1607339436241
02    14.548    6.700  -11.167 -164.899   13.450 -148.609    1607339436241
01    17.013    3.639   -5.832 -111.249   25.401   21.835    1607339436252
02    14.936    6.617  -12.213 -167.751   27.664 -149.884    1607339436252
01    17.277    3.346   -5.777 -110.053   25.306   22.380    1607339436266
02    15.502    6.446  -12.712 -167.751   38.824 -148.737    1607339436266
01    17.414    3.322   -5.736 -108.740   26.590   24.477    1607339436292
02    16.185    6.444  -12.720 -168.908   49.185 -149.628    1607339436292
01    17.426    3.363   -5.824 -108.343   27.019   25.709    1607339436307
02    16.734    6.517  -12.641 -171.685   56.829 -152.130    1607339436307
01    17.473    3.342   -5.994 -108.034   26.776   25.833    1607339436318
02    17.113    6.526  -12.667 -172.223   61.827 -153.047    1607339436318
01    17.602    3.271   -6.107 -107.244   26.947   25.808    1607339436343
02    17.418    6.466  -12.632 -174.029   65.463 -155.342    1607339436343
01    17.765    3.218   -6.122 -106.328   27.514   26.222    1607339436352
02    17.620    6.532  -12.603 -177.390   67.315 -159.997    1607339436352
01    17.846    3.203   -6.140 -106.037   28.027   26.647    1607339436370
02    17.797    6.550  -12.563  179.955   68.969 -162.729    1607339436370
01    17.851    3.263   -6.103 -106.202   28.378   27.504    1607339436386
02    17.934    6.522  -12.591  179.887   69.577 -162.429    1607339436386
01    17.780    3.346   -5.964 -107.763   29.291   28.942    1607339436395
02    18.056    6.585  -12.474  179.984   70.846 -162.023    1607339436395
01    17.636    3.350   -5.842 -112.475   31.112   30.280    1607339436421
02    18.057    6.714  -12.263 -177.326   68.459 -159.171    1607339436421
01    17.392    3.324   -5.841 -123.168   34.261   31.069    1607339436437
02    17.950    6.959  -11.783 -177.194   63.830 -158.915    1607339436437
01    17.001    3.578   -6.118 -137.127   36.925   29.144    1607339436452
02    17.909    7.159  -10.454 -179.870   57.591 -160.464    1607339436452
01    16.566    4.135   -6.495 -146.057   39.017   26.309    1607339436473
02    17.445    6.854   -9.678 -177.872   39.756 -156.943    1607339436473
01    15.990    5.355   -7.018 -146.829   40.522   22.662    1607339436489
02    15.900    6.567  -10.290 -167.812   -5.594 -146.612    1607339436489
01    15.840    5.460   -7.131 -149.329   40.190   21.615    1607339436499
02    15.594    6.488   -9.565 -167.617  -18.567 -144.859    1607339436499
01    15.774    5.628   -7.037 -150.102   41.730   21.438    1607339436525
02    15.408    6.626   -9.022 -167.587  -22.084 -146.716    1607339436525
01    15.709    5.722   -6.874 -150.909   42.535   21.807    1607339436541
02    15.262    6.700   -8.656 -169.300  -24.139 -146.826    1607339436541
01    15.594    5.853   -6.798 -151.352   42.238   21.779    1607339436553
02    15.120    6.845   -8.341 -170.008  -25.031 -146.663    1607339436553
01    15.510    5.945   -6.750 -151.490   42.009   21.131    1607339436576
02    15.034    6.964   -8.053 -169.560  -25.095 -147.167    1607339436576
01    15.464    5.990   -6.732 -150.862   41.805   20.261    1607339436592
02    14.971    7.068   -7.860 -167.743  -25.162 -148.754    1607339436592
01    15.447    5.952   -6.753 -149.833   41.585   19.422    1607339436602
02    14.958    7.069   -7.739 -165.812  -24.994 -150.853    1607339436602
01    15.478    5.855   -6.788 -148.862   41.727   19.210    1607339436618
02    14.985    7.039   -7.669 -164.198  -24.222 -153.160    1607339436618
01    15.520    5.780   -6.816 -148.035   42.169   19.510    1607339436643
02    15.025    6.990   -7.676 -163.332  -23.277 -154.943    1607339436643
01    15.571    5.744   -6.857 -147.119   42.660   20.076    1607339436654
02    15.057    6.971   -7.766 -162.734  -22.656 -155.998    1607339436654
01    15.614    5.735   -6.919 -146.328   42.988   20.059    1607339436670
02    15.090    6.955   -7.842 -161.800  -22.242 -156.929    1607339436670
01    15.664    5.712   -7.032 -145.628   43.195   19.372    1607339436679
02    15.151    6.917   -7.913 -160.440  -21.937 -157.777    1607339436679
01    15.741    5.650   -7.158 -145.165   43.688   18.019    1607339436704
02    15.219    6.901   -7.981 -158.237  -21.704 -158.923    1607339436704
01    15.836    5.582   -7.279 -144.745   45.017   15.706    1607339436720
02    15.321    6.835   -8.035 -155.708  -21.147 -160.270    1607339436720
01    15.973    5.469   -7.478 -145.059   47.038   13.313    1607339436730
02    15.482    6.773   -7.995 -153.546  -18.540 -160.923    1607339436730
01    16.126    5.461   -7.471 -142.496   50.058   13.051    1607339436756
02    15.652    6.701   -7.985 -154.089  -11.468 -160.057    1607339436756
01    16.200    5.469   -7.334 -136.163   49.158   14.709    1607339436772
02    15.594    6.657   -8.529 -156.692   -2.932 -158.793    1607339436772
01    16.238    5.341   -7.200 -128.625   43.758   16.408    1607339436782
02    15.202    6.626  -10.291 -160.661    5.794 -158.144    1607339436782
01    16.362    4.929   -7.051 -123.431   37.241   17.972    1607339436808
02    15.063    6.732  -12.206 -165.643   17.157 -157.271    1607339436808
01    16.666    4.229   -6.886 -119.806   33.059   19.619    1607339436823
02    15.573    6.482  -13.171 -167.740   30.502 -155.507    1607339436823
01    17.046    3.691   -6.719 -116.423   31.411   21.311    1607339436833
02    16.414    6.128  -13.521 -164.679   43.048 -148.727    1607339436833
01    17.352    3.443   -6.634 -113.744   31.104   22.920    1607339436858
02    17.305    5.971  -13.302 -163.451   55.502 -145.427    1607339436858
01    17.548    3.350   -6.584 -111.477   30.738   23.781    1607339436874
02    17.842    5.876  -13.218 -164.921   61.967 -147.391    1607339436874
01    17.697    3.317   -6.496 -109.561   29.802   24.420    1607339436883
02    18.172    5.852  -13.118 -165.848   66.407 -149.065    1607339436883
01    17.766    3.329   -6.337 -108.670   28.774   25.077    1607339436909
02    18.384    5.829  -13.040 -163.054   68.931 -146.598    1607339436909
01    17.774    3.333   -6.164 -109.003   28.007   25.664    1607339436924
02    18.484    5.897  -12.908 -161.763   70.478 -146.013    1607339436924
01    17.698    3.320   -6.025 -110.534   27.556   26.232    1607339436935
02    18.576    5.998  -12.599 -161.323   71.758 -145.886    1607339436935
01    17.599    3.255   -5.904 -113.654   28.951   27.609    1607339436960
02    18.502    6.241  -12.193 -161.269   68.820 -146.783    1607339436960
01    17.413    3.288   -5.923 -118.005   31.879   28.707    1607339436976
02    18.400    6.642  -11.157 -163.551   64.456 -149.576    1607339436976
01    17.135    3.413   -6.169 -123.609   35.410   28.857    1607339436986
02    18.209    6.811   -9.407 -166.745   55.035 -152.857    1607339436986
01    16.838    3.706   -6.427 -130.115   39.485   28.052    1607339437001
02    16.842    6.394   -9.933 -163.845   20.778 -149.072    1607339437001
01    16.553    4.397   -6.398 -134.128   43.899   25.724    1607339437011
02    16.291    6.085   -9.038 -162.862   -4.579 -144.752    1607339437011
01    16.196    4.853   -6.522 -138.369   42.968   23.474    1607339437036
02    15.795    6.159   -8.626 -164.144  -18.732 -146.140    1607339437036
01    15.890    5.228   -6.629 -139.148   41.884   22.288    1607339437055
02    15.457    6.349   -8.235 -162.937  -23.635 -147.723    1607339437055
01    15.780    5.311   -6.580 -139.223   41.577   21.824    1607339437062
02    15.252    6.440   -7.921 -161.871  -25.466 -149.330    1607339437062
01    15.722    5.268   -6.546 -139.386   41.266   22.046    1607339437087
02    15.145    6.387   -7.732 -162.449  -26.421 -149.575    1607339437087
01    15.669    5.262   -6.493 -139.656   41.065   22.010    1607339437103
02    15.029    6.374   -7.646 -163.065  -27.717 -149.416    1607339437103
01    15.612    5.291   -6.441 -140.190   40.675   21.095    1607339437112
02    14.916    6.388   -7.590 -162.850  -29.498 -149.912    1607339437112
01    15.564    5.292   -6.400 -140.899   40.102   19.830    1607339437138
02    14.851    6.394   -7.465 -162.148  -30.450 -150.693    1607339437138
01    15.533    5.270   -6.409 -141.635   39.642   18.710    1607339437155
02    14.835    6.443   -7.329 -161.036  -30.162 -151.559    1607339437155
01    15.522    5.260   -6.439 -142.205   39.624   17.796    1607339437163
02    14.860    6.477   -7.244 -159.985  -29.290 -152.472    1607339437163
01    15.526    5.257   -6.502 -142.548   39.934   17.014    1607339437188
02    14.886    6.499   -7.244 -158.890  -28.417 -153.439    1607339437188
01    15.541    5.300   -6.550 -142.376   40.438   15.981    1607339437204
02    14.929    6.498   -7.242 -157.249  -27.491 -154.919    1607339437204
01    15.577    5.296   -6.622 -141.626   40.823   14.327    1607339437213
02    14.960    6.493   -7.289 -154.234  -26.977 -157.080    1607339437213
01    15.627    5.279   -6.708 -139.126   41.197   12.382    1607339437239
02    15.054    6.379   -7.325 -151.871  -26.107 -156.631    1607339437239
01    15.734    5.190   -6.754 -133.938   40.830   11.577    1607339437255
02    15.242    6.319   -7.167 -151.109  -20.214 -155.206    1607339437255
01    15.871    5.002   -6.775 -127.866   38.384   11.093    1607339437264
02    15.288    6.239   -7.448 -152.405  -12.890 -153.447    1607339437264
01    16.171    4.524   -6.752 -122.216   34.783   10.631    1607339437290
02    15.149    6.164   -8.295 -155.790   -3.992 -152.002    1607339437290
01    16.644    3.821   -6.597 -117.501   31.618   11.408    1607339437306
02    14.817    6.171  -10.234 -160.263    5.972 -152.615    1607339437306
01    17.113    3.301   -6.395 -113.819   29.920   12.445    1607339437315
02    14.815    6.122  -12.190 -164.368   17.439 -153.917    1607339437315
01    17.456    3.048   -6.295 -111.113   29.032   12.966    1607339437341
02    15.363    6.005  -13.213 -165.267   30.558 -153.805    1607339437341
01    17.692    2.964   -6.210 -109.055   28.199   13.636    1607339437355
02    16.201    5.939  -13.319 -165.622   44.637 -153.398    1607339437355
01    17.858    2.933   -6.146 -107.928   27.824   14.271    1607339437366
02    16.853    6.075  -13.005 -170.187   54.956 -159.055    1607339437366
01    17.959    2.905   -6.157 -107.616   27.790   14.860    1607339437391
02    17.232    6.212  -12.917 -173.879   60.118 -163.541    1607339437391
01    17.998    2.883   -6.222 -107.885   28.129   15.208    1607339437407
02    17.545    6.203  -12.856 -175.721   63.870 -165.189    1607339437407
01    18.015    2.944   -6.246 -107.713   28.576   15.631    1607339437416
02    17.801    6.160  -12.777 -177.972   66.689 -167.054    1607339437416
01    17.997    2.996   -6.248 -108.002   28.704   15.717    1607339437442
02    17.901    6.197  -12.765 -178.584   67.684 -167.926    1607339437442
01    17.937    3.110   -6.163 -108.319   28.601   16.209    1607339437455
02    17.926    6.221  -12.797 -177.725   67.617 -166.593    1607339437455
01    17.829    3.177   -6.076 -109.661   28.447   16.797    1607339437467
02    17.967    6.274  -12.540 -176.927   68.007 -165.542    1607339437467
01    17.684    3.221   -5.953 -112.068   29.211   17.843    1607339437492
02    17.978    6.333  -12.041 -172.146   65.989 -160.563    1607339437492
01    17.504    3.198   -5.897 -115.929   30.750   19.249    1607339437508
02    17.909    6.549  -11.125 -168.198   60.981 -157.162    1607339437508
01    17.287    3.219   -5.979 -123.269   34.496   20.946    1607339437518
02    17.773    6.569   -9.372 -167.139   52.151 -155.835    1607339437518
01    17.010    3.321   -6.263 -134.073   39.574   20.676    1607339437543
02    16.469    6.300   -9.802 -161.625   21.429 -152.289    1607339437543
01    16.536    4.183   -6.605 -137.830   43.633   16.532    1607339437555
02    15.764    6.067   -9.287 -155.814   -9.083 -148.514    1607339437555
01    16.238    4.567   -6.716 -142.931   43.545   15.662    1607339437570
02    15.522    5.859   -8.791 -160.175  -22.745 -148.466    1607339437570
01    16.021    4.910   -6.703 -143.596   42.909   15.590    1607339437585
02    15.345    5.956   -8.389 -161.020  -26.944 -148.998    1607339437585
01    15.917    5.042   -6.641 -143.254   42.391   15.826    1607339437595
02    15.232    6.064   -8.026 -160.769  -28.236 -149.819    1607339437595
01    15.863    5.055   -6.590 -143.141   41.897   15.958    1607339437620
02    15.164    6.093   -7.785 -161.037  -28.813 -149.816    1607339437620
01    15.819    5.074   -6.532 -143.263   41.417   15.410    1607339437643
02    15.074    6.113   -7.669 -160.895  -30.143 -150.139    1607339437643
01    15.768    5.100   -6.486 -143.628   40.719   13.981    1607339437655
02    15.014    6.130   -7.504 -159.904  -31.020 -151.492    1607339437655
01    15.735    5.121   -6.468 -143.875   40.254   12.349    1607339437672
02    14.980    6.218   -7.336 -157.754  -31.000 -153.659    1607339437672
01    15.726    5.109   -6.513 -144.112   40.168   10.882    1607339437688
02    14.997    6.246   -7.216 -155.967  -30.283 -155.790    1607339437688
01    15.745    5.074   -6.575 -144.391   40.522   10.002    1607339437697
02    15.056    6.228   -7.160 -154.920  -29.074 -157.651    1607339437697
01    15.767    5.064   -6.651 -144.290   41.001    9.645    1607339437723
02    15.091    6.240   -7.199 -153.841  -28.056 -159.171    1607339437723
01    15.800    5.069   -6.693 -143.607   41.458    9.537    1607339437739
02    15.107    6.262   -7.260 -152.199  -27.044 -160.537    1607339437739
01    15.835    5.077   -6.749 -142.218   41.698    9.457    1607339437756
02    15.132    6.199   -7.403 -150.495  -26.926 -160.699    1607339437756
01    15.890    5.047   -6.804 -139.305   41.385    9.750    1607339437775
02    15.320    6.151   -7.223 -149.231  -23.896 -159.146    1607339437775
01    16.010    4.908   -6.798 -133.867   40.235   10.568    1607339437791
02    15.459    6.097   -7.225 -149.481  -18.211 -157.397    1607339437791
01    16.174    4.666   -6.790 -128.297   38.077   11.396    1607339437800
02    15.496    6.001   -7.601 -151.103  -11.881 -155.742    1607339437800
01    16.462    4.249   -6.805 -123.630   36.209   11.664    1607339437826
02    15.416    5.940   -8.390 -153.951   -3.386 -154.557    1607339437826
01    16.828    3.729   -6.789 -119.341   34.395   12.346    1607339437842
02    15.205    5.907  -10.116 -157.542    5.271 -154.222    1607339437842
01    17.217    3.291   -6.668 -115.176   32.762   13.356    1607339437856
02    15.103    5.889  -12.063 -161.498   14.624 -153.912    1607339437856
01    17.533    3.067   -6.537 -111.818   31.504   14.325    1607339437872
02    15.544    5.834  -13.193 -164.234   26.972 -154.053    1607339437872
01    17.749    2.936   -6.402 -109.724   30.911   15.136    1607339437878
02    16.332    5.683  -13.490 -163.687   40.137 -151.175    1607339437878
01    17.877    2.921   -6.313 -108.464   30.617   15.764    1607339437904
02    17.054    5.809  -13.257 -163.618   51.550 -150.950    1607339437904
01    17.917    2.944   -6.273 -107.864   30.206   16.105    1607339437919
02    17.499    5.915  -13.031 -165.425   58.240 -153.281    1607339437919
01    17.909    2.918   -6.301 -108.545   29.828   15.945    1607339437929
02    17.783    5.899  -12.933 -166.950   62.196 -154.421    1607339437929
01    17.893    2.921   -6.300 -108.791   29.777   16.367    1607339437957
02    17.965    5.882  -12.887 -167.856   64.890 -154.518    1607339437957
01    17.874    2.931   -6.323 -108.962   29.939   16.724    1607339437973
02    18.135    5.887  -12.794 -169.284   67.185 -155.551    1607339437973
01    17.838    3.006   -6.241 -108.964   30.088   17.763    1607339437980
02    18.220    5.859  -12.714 -169.646   68.152 -155.577    1607339437980
01    17.746    3.075   -6.072 -110.007   30.359   19.299    1607339438005
02    18.313    5.974  -12.266 -170.114   69.352 -155.836    1607339438005
01    17.582    3.128   -5.943 -112.720   31.275   20.934    1607339438021
02    18.228    6.120  -11.753 -166.075   64.678 -151.686    1607339438021
01    17.384    3.119   -5.905 -117.133   32.705   22.770    1607339438030
02    18.031    6.364  -10.938 -163.937   57.763 -149.439    1607339438030
01    17.145    3.203   -5.978 -123.781   35.814   24.402    1607339438057
02    17.684    6.467   -9.837 -162.154   47.399 -148.336    1607339438057
01    16.870    3.376   -6.190 -131.386   39.264   24.391    1607339438072
02    16.920    6.249   -9.654 -159.881   25.676 -145.975    1607339438072
01    16.500    3.780   -6.620 -137.578   42.710   22.459    1607339438082
02    15.868    5.599  -10.148 -160.690   -9.624 -142.840    1607339438082
01    16.268    4.112   -6.775 -139.127   43.670   21.450    1607339438107
02    15.603    5.421   -9.568 -161.953  -21.859 -143.367    1607339438107
01    16.098    4.635   -6.663 -138.775   44.972   19.829    1607339438123
02    15.446    5.574   -8.979 -162.209  -25.919 -146.976    1607339438123
01    15.995    4.731   -6.577 -139.373   43.426   18.557    1607339438133
02    15.295    5.684   -8.484 -162.062  -29.773 -148.568    1607339438133
01    15.905    4.714   -6.526 -140.404   42.100   17.498    1607339438158
02    15.214    5.782   -7.974 -161.665  -30.624 -149.247    1607339438158
01    15.844    4.696   -6.499 -141.540   41.904   17.323    1607339438175
02    15.187    5.836   -7.629 -162.530  -30.093 -148.255    1607339438175
01    15.779    4.769   -6.503 -142.166   42.035   16.755    1607339438185
02    15.122    5.924   -7.500 -162.829  -30.035 -147.241    1607339438185
01    15.738    4.871   -6.460 -142.214   41.920   15.564    1607339438210
02    15.044    5.984   -7.461 -162.158  -30.850 -147.151    1607339438210
01    15.704    4.928   -6.463 -141.945   41.085   13.909    1607339438226
02    15.007    6.015   -7.384 -160.459  -31.541 -148.185    1607339438226
01    15.727    4.884   -6.467 -141.750   40.413   12.352    1607339438236
02    15.025    5.987   -7.294 -158.455  -31.866 -150.031    1607339438236
01    15.772    4.784   -6.503 -141.793   40.086   11.318    1607339438258
02    15.087    5.944   -7.184 -156.711  -31.269 -152.011    1607339438258
01    15.814    4.702   -6.566 -141.871   40.318   10.706    1607339438262
02    15.148    5.945   -7.151 -155.143  -30.134 -154.129    1607339438262
01    15.849    4.660   -6.675 -142.060   41.055    9.942    1607339438288
02    15.219    5.936   -7.168 -153.771  -28.638 -156.357    1607339438288
01    15.908    4.649   -6.776 -141.735   42.015    9.002    1607339438304
02    15.271    5.932   -7.252 -151.766  -27.470 -158.017    1607339438304
01    15.970    4.690   -6.893 -139.305   42.643    8.086    1607339438314
02    15.380    5.925   -7.261 -149.373  -25.440 -157.169    1607339438314
01    16.106    4.598   -6.962 -134.050   42.082    8.316    1607339438340
02    15.553    5.826   -7.264 -148.542  -20.373 -155.420    1607339438340
01    16.322    4.349   -6.979 -128.068   40.204    9.741    1607339438358
02    15.636    5.694   -7.613 -149.096  -12.786 -153.501    1607339438358
01    16.661    3.881   -7.011 -123.100   37.957   10.941    1607339438366
02    15.602    5.561   -8.367 -151.932   -4.277 -152.319    1607339438366
01    17.018    3.453   -6.953 -118.314   35.951   12.149    1607339438392
02    15.402    5.504  -10.054 -155.663    4.024 -152.667    1607339438392
01    17.387    3.026   -6.882 -114.013   33.910   13.223    1607339438408
02    15.296    5.615  -11.767 -159.795   13.349 -153.550    1607339438408
01    17.749    2.722   -6.723 -110.148   32.842   14.398    1607339438418
02    15.575    5.531  -12.870 -162.622   23.779 -153.903    1607339438418
01    17.994    2.609   -6.635 -107.344   32.034   14.765    1607339438443
02    16.160    5.529  -13.220 -162.997   35.538 -153.770    1607339438443
01    18.158    2.610   -6.575 -105.470   31.746   14.975    1607339438458
02    16.742    5.632  -13.184 -163.090   45.807 -154.284    1607339438458
01    18.273    2.584   -6.522 -104.678   31.672   15.436    1607339438468
02    17.176    5.716  -13.034 -165.373   52.876 -157.094    1607339438468
01    18.332    2.580   -6.500 -104.363   31.808   15.968    1607339438493
02    17.503    5.772  -12.940 -167.236   57.761 -159.598    1607339438493
01    18.351    2.575   -6.503 -104.316   31.888   16.708    1607339438509
02    17.671    5.825  -13.011 -167.797   59.927 -160.540    1607339438509
01    18.335    2.584   -6.547 -104.241   32.175   17.372    1607339438520
02    17.894    5.771  -12.924 -168.277   63.023 -160.642    1607339438520
01    18.324    2.583   -6.594 -104.238   32.627   17.944    1607339438535
02    18.075    5.712  -12.815 -169.081   64.976 -161.120    1607339438535
01    18.298    2.618   -6.566 -104.565   33.434   18.632    1607339438559
02    18.168    5.788  -12.613 -170.516   65.129 -162.978    1607339438559
01    18.217    2.734   -6.509 -105.767   35.161   19.335    1607339438571
02    18.223    5.950  -12.032 -170.962   63.768 -164.403    1607339438571
01    18.047    2.864   -6.395 -109.033   37.857   20.065    1607339438587
02    18.168    6.258  -11.000 -168.509   59.325 -163.355    1607339438587
01    17.776    2.957   -6.312 -116.174   40.805   19.893    1607339438596
02    17.931    6.471   -9.311 -163.093   50.181 -160.221    1607339438596
01    17.384    3.133   -6.375 -128.375   43.133   17.246    1607339438621
02    16.544    6.406   -9.703 -154.150   20.130 -155.711    1607339438621
01    16.646    4.049   -6.663 -134.788   43.442   12.644    1607339438637
02    15.643    5.906   -9.605 -149.151  -12.248 -153.386    1607339438637
01    16.271    4.226   -6.673 -140.273   41.806   11.095    1607339438659
02    15.442    5.521   -9.003 -152.345  -24.516 -152.107    1607339438659
01    16.041    4.495   -6.490 -141.889   41.585   10.208    1607339438671
02    15.292    5.486   -8.445 -153.579  -28.782 -153.343    1607339438671
01    15.907    4.580   -6.267 -142.648   40.539   10.110    1607339438687
02    15.122    5.466   -8.066 -154.834  -32.882 -154.179    1607339438687
01    15.743    4.644   -6.091 -143.232   38.554   10.221    1607339438697
02    14.959    5.500   -7.643 -156.193  -35.227 -154.351    1607339438697
01    15.588    4.709   -5.975 -144.005   37.146    9.661    1607339438722
02    14.829    5.603   -7.251 -156.653  -36.023 -154.886    1607339438722
01    15.483    4.746   -5.984 -144.705   36.569    8.696    1607339438738
02    14.749    5.724   -6.966 -155.994  -35.820 -156.386    1607339438738
01    15.442    4.769   -6.001 -145.307   36.876    7.853    1607339438759
02    14.713    5.806   -6.794 -155.160  -35.444 -158.195    1607339438759
01    15.429    4.822   -6.041 -145.756   37.379    6.843    1607339438773
02    14.688    5.883   -6.759 -154.145  -35.407 -159.904    1607339438773
01    15.432    4.886   -6.070 -145.882   37.718    5.641    1607339438789
02    14.677    5.950   -6.745 -152.686  -35.336 -161.623    1607339438789
01    15.462    4.923   -6.102 -145.715   37.965    4.497    1607339438798
02    14.711    5.967   -6.712 -151.058  -34.962 -163.289    1607339438798
01    15.503    4.912   -6.196 -145.556   38.146    3.400    1607339438823
02    14.769    5.978   -6.700 -149.186  -34.123 -164.843    1607339438823
01    15.569    4.826   -6.293 -145.739   38.573    2.589    1607339438839
02    14.849    5.945   -6.716 -147.941  -32.955 -165.972    1607339438839
01    15.631    4.782   -6.383 -145.877   39.360    2.001    1607339438860
02    14.918    5.943   -6.773 -146.916  -31.541 -166.826    1607339438860
01    15.678    4.779   -6.490 -145.849   40.475    1.390    1607339438874
02    14.980    5.931   -6.855 -146.280  -30.182 -166.900    1607339438874
01    15.709    4.815   -6.612 -143.978   41.255    1.291    1607339438890
02    15.074    5.917   -6.884 -146.003  -28.581 -164.816    1607339438890
01    15.795    4.815   -6.653 -139.248   41.278    1.979    1607339438900
02    15.204    5.956   -6.816 -146.571  -22.900 -162.164    1607339438900
01    15.955    4.586   -6.679 -133.099   39.280    3.819    1607339438925
02    15.239    5.905   -7.104 -149.188  -13.317 -158.263    1607339438925
01    16.244    4.162   -6.650 -126.777   36.563    6.054    1607339438940
02    15.166    5.857   -7.774 -152.931   -3.794 -156.387    1607339438940
01    16.604    3.697   -6.560 -121.731   34.257    7.711    1607339438950
02    14.920    5.896   -9.364 -156.942    4.422 -156.623    1607339438950
01    16.931    3.335   -6.413 -117.916   32.922    9.182    1607339438976
02    14.695    6.025  -11.094 -160.932   11.806 -156.998    1607339438976
01    17.180    3.076   -6.356 -115.301   31.872    9.976    1607339438991
02    14.886    6.091  -12.266 -164.100   21.285 -157.239    1607339438991
01    17.377    2.961   -6.282 -113.076   31.343   10.694    1607339439001
02    15.407    6.101  -12.791 -165.199   31.852 -156.728    1607339439001
01    17.533    2.872   -6.262 -111.348   30.651   11.272    1607339439026
02    16.109    5.982  -12.829 -165.879   42.556 -155.372    1607339439026
01    17.664    2.839   -6.183 -109.929   30.494   11.992    1607339439042
02    16.594    6.001  -12.693 -167.080   49.990 -156.623    1607339439042
01    17.734    2.874   -6.134 -109.100   30.323   12.408    1607339439052
02    16.916    6.033  -12.542 -169.604   54.584 -159.240    1607339439052
01    17.729    2.922   -6.074 -109.237   30.206   12.858    1607339439076
02    17.166    6.129  -12.235 -171.709   57.955 -161.580    1607339439076
01    17.674    2.949   -5.966 -110.768   30.990   13.927    1607339439093
02    17.349    6.215  -11.622 -171.742   58.363 -161.727    1607339439093
01    17.560    2.993   -5.878 -114.286   33.686   15.071    1607339439103
02    17.362    6.459  -10.692 -168.349   54.589 -159.838    1607339439103
01    17.340    3.040   -5.930 -120.425   36.846   15.346    1607339439118
02    17.236    6.508   -9.545 -165.430   46.187 -157.557    1607339439118
01    17.040    3.120   -6.101 -128.942   40.236   14.436    1607339439128
02    16.410    6.407   -9.445 -160.013   23.913 -155.841    1607339439128
01    16.674    3.379   -6.323 -139.498   43.295   12.343    1607339439153
02    15.222    5.939   -9.963 -154.932  -11.998 -154.101    1607339439153
01    16.401    3.744   -6.253 -145.477   44.565   10.624    1607339439176
02    15.015    5.571   -9.309 -156.610  -24.166 -152.142    1607339439176
01    15.930    4.404   -6.319 -147.782   43.999    9.206    1607339439178
02    14.948    5.671   -8.521 -158.295  -26.516 -151.894    1607339439178
01    15.629    4.822   -6.301 -148.018   44.007    9.625    1607339439204
02    14.863    5.798   -8.043 -159.662  -27.831 -151.945    1607339439204
01    15.468    5.057   -6.249 -147.252   43.705    9.844    1607339439220
02    14.781    5.938   -7.736 -159.939  -28.678 -152.419    1607339439220
01    15.416    5.133   -6.194 -146.605   43.159    9.138    1607339439229
02    14.698    6.045   -7.497 -159.033  -29.727 -153.349    1607339439229
01    15.399    5.159   -6.179 -146.508   42.644    7.173    1607339439255
02    14.653    6.108   -7.262 -157.344  -30.368 -154.799    1607339439255
