01    13.986    1.537  -11.805  107.906   23.437 -137.176    1606287891625
02    14.017   -2.530  -14.768 -133.934   73.864 -106.020    1606287891625
01    13.993    1.532  -11.803  107.893   23.446 -137.267    1606287891641
02    14.028   -2.550  -14.774 -133.755   73.879 -105.798    1606287891641
01    14.000    1.534  -11.803  107.894   23.440 -137.413    1606287891656
02    14.031   -2.531  -14.782 -133.801   73.954 -105.902    1606287891656
01    13.996    1.539  -11.811  107.904   23.379 -137.385    1606287891678
02    14.012   -2.546  -14.809 -133.936   73.841 -106.011    1606287891678
01    13.979    1.522  -11.834  107.914   23.381 -137.173    1606287891694
02    14.008   -2.564  -14.822 -134.054   73.799 -106.106    1606287891694
01    13.986    1.515  -11.827  107.902   23.388 -137.298    1606287891710
02    13.999   -2.576  -14.829 -134.078   73.755 -106.137    1606287891710
01    13.987    1.506  -11.834  107.865   23.445 -137.362    1606287891725
02    13.991   -2.566  -14.845 -134.068   73.747 -106.167    1606287891725
01    13.984    1.478  -11.855  107.844   23.505 -137.348    1606287891741
02    14.013   -2.582  -14.837 -133.818   73.761 -105.921    1606287891741
01    13.984    1.467  -11.864  107.858   23.538 -137.312    1606287891756
02    14.011   -2.571  -14.851 -133.776   73.773 -105.936    1606287891756
01    13.989    1.491  -11.868  107.919   23.493 -137.356    1606287891779
02    14.017   -2.595  -14.850 -133.662   73.769 -105.795    1606287891779
01    13.998    1.506  -11.858  107.953   23.489 -137.457    1606287891794
02    14.010   -2.585  -14.869 -133.760   73.774 -105.918    1606287891794
01    13.990    1.493  -11.876  107.925   23.476 -137.452    1606287891810
02    14.026   -2.593  -14.857 -133.428   73.813 -105.579    1606287891810
01    13.999    1.483  -11.875  107.879   23.492 -137.517    1606287891825
02    14.032   -2.597  -14.862 -133.354   73.825 -105.544    1606287891825
01    14.006    1.463  -11.875  107.834   23.548 -137.588    1606287891841
02    14.027   -2.597  -14.873 -133.288   73.821 -105.506    1606287891841
01    14.003    1.464  -11.886  107.838   23.526 -137.599    1606287891857
02    14.031   -2.598  -14.880 -133.297   73.845 -105.528    1606287891857
01    13.993    1.475  -11.898  107.874   23.489 -137.572    1606287891879
02    14.026   -2.619  -14.889 -133.305   73.840 -105.488    1606287891879
01    13.987    1.471  -11.911  107.872   23.467 -137.531    1606287891895
02    14.029   -2.613  -14.891 -133.183   73.852 -105.403    1606287891895
01    13.987    1.470  -11.915  107.864   23.455 -137.545    1606287891911
02    14.028   -2.618  -14.896 -133.127   73.828 -105.336    1606287891911
01    13.975    1.462  -11.936  107.857   23.434 -137.506    1606287891926
02    14.008   -2.647  -14.929 -133.122   73.769 -105.322    1606287891926
01    13.978    1.483  -11.935  107.932   23.397 -137.531    1606287891942
02    14.014   -2.639  -14.935 -133.094   73.793 -105.316    1606287891942
01    13.979    1.481  -11.933  107.923   23.380 -137.535    1606287891957
02    14.000   -2.638  -14.956 -133.229   73.771 -105.451    1606287891957
01    13.980    1.493  -11.926  107.918   23.286 -137.570    1606287891979
02    14.001   -2.622  -14.951 -133.127   73.811 -105.380    1606287891979
01    13.977    1.499  -11.923  107.968   23.251 -137.575    1606287891995
02    13.996   -2.618  -14.954 -133.297   73.825 -105.583    1606287891995
01    13.972    1.479  -11.927  107.979   23.310 -137.500    1606287892011
02    13.998   -2.626  -14.948 -133.168   73.816 -105.477    1606287892011
01    13.960    1.473  -11.931  108.014   23.318 -137.486    1606287892027
02    13.997   -2.665  -14.944 -132.904   73.774 -105.176    1606287892027
01    13.956    1.468  -11.931  108.077   23.363 -137.490    1606287892042
02    13.999   -2.653  -14.947 -132.785   73.811 -105.131    1606287892042
01    13.952    1.470  -11.936  108.121   23.337 -137.466    1606287892058
02    13.985   -2.648  -14.957 -132.820   73.784 -105.210    1606287892058
01    13.952    1.466  -11.935  108.099   23.320 -137.467    1606287892080
02    13.980   -2.634  -14.956 -132.796   73.801 -105.294    1606287892080
01    13.945    1.467  -11.936  108.119   23.283 -137.428    1606287892095
02    13.985   -2.620  -14.953 -132.799   73.898 -105.437    1606287892095
01    13.942    1.467  -11.934  108.124   23.281 -137.460    1606287892111
02    13.959   -2.625  -14.974 -133.409   73.726 -106.051    1606287892111
01    13.928    1.468  -11.942  108.188   23.272 -137.434    1606287892127
02    13.954   -2.632  -14.973 -133.211   73.758 -105.832    1606287892127
01    13.917    1.471  -11.954  108.265   23.225 -137.387    1606287892142
02    13.949   -2.635  -14.983 -133.070   73.713 -105.717    1606287892142
01    13.911    1.471  -11.953  108.327   23.258 -137.405    1606287892158
02    13.951   -2.642  -14.980 -132.830   73.718 -105.519    1606287892158
01    13.910    1.474  -11.950  108.362   23.221 -137.431    1606287892180
02    13.953   -2.644  -14.976 -132.661   73.769 -105.394    1606287892180
01    13.895    1.475  -11.966  108.383   23.202 -137.359    1606287892196
02    13.939   -2.652  -14.983 -132.756   73.700 -105.496    1606287892196
01    13.889    1.458  -11.969  108.410   23.249 -137.296    1606287892211
02    13.940   -2.669  -14.979 -132.617   73.676 -105.324    1606287892211
01    13.885    1.436  -11.976  108.374   23.302 -137.242    1606287892228
02    13.941   -2.683  -14.976 -132.274   73.643 -105.015    1606287892228
01    13.882    1.418  -11.989  108.368   23.372 -137.206    1606287892243
02    13.949   -2.684  -14.974 -131.790   73.706 -104.601    1606287892243
01    13.865    1.424  -12.017  108.438   23.340 -137.098    1606287892259
02    13.962   -2.677  -14.973 -131.471   73.809 -104.402    1606287892259
01    13.883    1.426  -11.992  108.424   23.329 -137.188    1606287892281
02    13.973   -2.671  -14.970 -130.614   73.940 -103.776    1606287892281
01    13.885    1.406  -12.005  108.384   23.371 -137.137    1606287892296
02    13.973   -2.676  -14.974 -129.905   73.918 -103.299    1606287892296
01    13.868    1.408  -12.022  108.383   23.297 -137.062    1606287892312
02    13.967   -2.716  -14.987 -128.821   73.573 -102.250    1606287892312
01    13.857    1.386  -12.039  108.338   23.286 -136.964    1606287892327
02    13.967   -2.729  -15.001 -127.982   73.768 -101.610    1606287892327
01    13.840    1.388  -12.067  108.395   23.254 -136.889    1606287892343
02    13.975   -2.772  -15.019 -126.327   73.928 -100.077    1606287892343
01    13.824    1.370  -12.093  108.419   23.263 -136.811    1606287892359
02    13.952   -2.859  -15.075 -124.693   73.759  -98.568    1606287892359
01    13.794    1.360  -12.143  108.472   23.195 -136.550    1606287892381
02    13.924   -2.914  -15.116 -122.181   73.377  -96.588    1606287892381
01    13.780    1.359  -12.179  108.491   23.049 -136.259    1606287892397
02    13.890   -2.956  -15.164 -121.502   72.875  -96.282    1606287892397
01    13.776    1.342  -12.212  108.366   22.912 -136.010    1606287892413
02    13.841   -2.985  -15.209 -121.305   72.447  -96.323    1606287892413
01    13.759    1.293  -12.258  108.337   23.138 -135.673    1606287892428
02    13.843   -3.043  -15.225 -120.317   72.072  -95.524    1606287892428
01    13.725    1.289  -12.313  108.371   23.047 -135.455    1606287892444
02    13.867   -3.100  -15.220 -118.810   71.870  -94.060    1606287892444
01    13.705    1.280  -12.353  108.479   23.040 -135.368    1606287892459
02    13.904   -3.089  -15.221 -117.638   72.186  -93.071    1606287892459
01    13.698    1.222  -12.394  108.480   23.219 -135.270    1606287892481
02    13.861   -3.095  -15.291 -117.540   72.092  -93.161    1606287892481
01    13.693    1.232  -12.422  108.596   23.163 -135.287    1606287892497
02    13.877   -3.098  -15.322 -117.245   72.187  -93.032    1606287892497
01    13.723    1.210  -12.417  108.460   23.213 -135.499    1606287892513
02    13.868   -3.153  -15.352 -117.274   72.074  -92.834    1606287892513
01    13.705    1.162  -12.467  108.385   23.380 -135.418    1606287892528
02    13.861   -3.225  -15.383 -116.773   71.819  -92.221    1606287892528
01    13.712    1.187  -12.481  108.449   23.398 -135.562    1606287892544
02    13.913   -3.169  -15.369 -115.841   72.137  -91.546    1606287892544
01    13.741    1.191  -12.468  108.430   23.482 -135.793    1606287892560
02    13.923   -3.210  -15.372 -115.260   72.021  -90.923    1606287892560
01    13.732    1.181  -12.496  108.506   23.521 -135.756    1606287892582
02    13.931   -3.234  -15.390 -114.851   71.913  -90.563    1606287892582
01    13.729    1.164  -12.521  108.527   23.584 -135.727    1606287892598
02    13.922   -3.200  -15.428 -114.878   72.004  -90.814    1606287892598
01    13.751    1.180  -12.508  108.554   23.634 -135.866    1606287892613
02    13.917   -3.242  -15.441 -114.777   71.919  -90.618    1606287892613
01    13.729    1.175  -12.542  108.617   23.600 -135.734    1606287892629
02    13.890   -3.292  -15.465 -115.093   71.691  -90.826    1606287892629
01    13.720    1.175  -12.563  108.729   23.672 -135.712    1606287892644
02    13.901   -3.279  -15.473 -114.675   71.727  -90.566    1606287892644
01    13.710    1.146  -12.588  108.742   23.759 -135.644    1606287892660
02    13.899   -3.255  -15.498 -114.627   71.799  -90.674    1606287892660
01    13.701    1.128  -12.607  108.794   23.826 -135.618    1606287892682
02    13.901   -3.309  -15.503 -114.347   71.663  -90.273    1606287892682
01    13.702    1.130  -12.617  108.844   23.819 -135.614    1606287892698
02    13.893   -3.330  -15.516 -114.516   71.610  -90.361    1606287892698
01    13.706    1.100  -12.617  108.811   23.891 -135.600    1606287892713
02    13.877   -3.323  -15.533 -114.879   71.636  -90.767    1606287892713
01    13.697    1.100  -12.626  108.829   23.871 -135.533    1606287892729
02    13.883   -3.324  -15.531 -114.724   71.629  -90.653    1606287892729
01    13.701    1.093  -12.622  108.854   23.912 -135.564    1606287892745
02    13.898   -3.323  -15.515 -114.395   71.638  -90.389    1606287892745
01    13.703    1.086  -12.619  108.859   23.938 -135.626    1606287892760
02    13.909   -3.312  -15.519 -114.270   71.748  -90.313    1606287892760
01    13.702    1.094  -12.623  108.918   23.928 -135.685    1606287892782
02    13.914   -3.320  -15.519 -114.075   71.750  -90.169    1606287892782
01    13.710    1.077  -12.622  108.917   23.971 -135.717    1606287892798
02    13.906   -3.324  -15.529 -114.084   71.690  -90.244    1606287892798
01    13.709    1.080  -12.626  109.014   24.019 -135.703    1606287892814
02    13.896   -3.340  -15.539 -114.176   71.624  -90.334    1606287892814
01    13.708    1.082  -12.628  109.110   24.057 -135.710    1606287892829
02    13.904   -3.347  -15.534 -114.130   71.633  -90.256    1606287892829
01    13.704    1.053  -12.644  109.032   24.204 -135.615    1606287892845
02    13.895   -3.359  -15.546 -114.275   71.575  -90.410    1606287892845
01    13.702    1.044  -12.655  109.029   24.166 -135.633    1606287892861
02    13.902   -3.367  -15.548 -114.193   71.583  -90.304    1606287892861
01    13.697    1.055  -12.669  109.096   24.132 -135.646    1606287892883
02    13.899   -3.378  -15.557 -114.115   71.549  -90.224    1606287892883
01    13.698    1.057  -12.682  109.143   24.130 -135.633    1606287892898
02    13.904   -3.375  -15.567 -114.120   71.577  -90.249    1606287892898
01    13.715    1.047  -12.674  109.110   24.223 -135.726    1606287892914
02    13.896   -3.381  -15.588 -114.219   71.557  -90.344    1606287892914
01    13.716    1.037  -12.680  109.093   24.240 -135.718    1606287892930
02    13.892   -3.403  -15.587 -114.262   71.504  -90.386    1606287892930
01    13.725    1.049  -12.678  109.117   24.192 -135.775    1606287892945
02    13.901   -3.399  -15.577 -114.256   71.514  -90.378    1606287892945
01    13.721    1.046  -12.683  109.129   24.179 -135.772    1606287892961
02    13.892   -3.369  -15.599 -114.433   71.577  -90.608    1606287892961
01    13.703    1.022  -12.705  109.099   24.189 -135.653    1606287892983
02    13.901   -3.371  -15.603 -114.461   71.604  -90.639    1606287892983
01    13.702    1.026  -12.710  109.169   24.151 -135.676    1606287892999
02    13.907   -3.351  -15.614 -114.527   71.706  -90.837    1606287892999
01    13.694    1.028  -12.722  109.229   24.112 -135.633    1606287893015
02    13.893   -3.346  -15.634 -114.996   71.673  -91.380    1606287893015
01    13.694    1.032  -12.726  109.264   24.085 -135.640    1606287893031
02    13.908   -3.348  -15.623 -114.705   71.743  -91.083    1606287893031
01    13.695    1.024  -12.730  109.267   24.124 -135.623    1606287893046
02    13.930   -3.349  -15.610 -114.316   71.849  -90.697    1606287893046
01    13.698    1.009  -12.733  109.257   24.171 -135.642    1606287893062
02    13.923   -3.358  -15.622 -114.515   71.786  -90.852    1606287893062
01    13.704    1.000  -12.737  109.268   24.213 -135.667    1606287893084
02    13.926   -3.367  -15.622 -114.555   71.743  -90.901    1606287893084
01    13.690    0.998  -12.761  109.362   24.242 -135.601    1606287893100
02    13.915   -3.385  -15.633 -114.809   71.639  -91.161    1606287893100
01    13.692    0.988  -12.764  109.412   24.302 -135.647    1606287893116
02    13.914   -3.382  -15.637 -114.899   71.636  -91.287    1606287893116
01    13.674    0.976  -12.776  109.451   24.247 -135.614    1606287893131
02    13.907   -3.375  -15.639 -115.563   71.657  -91.937    1606287893131
01    13.653    0.934  -12.790  109.525   24.199 -135.646    1606287893147
02    13.886   -3.348  -15.642 -120.198   71.659  -96.146    1606287893147
01    13.645    0.920  -12.789  109.826   24.055 -135.989    1606287893163
02    13.831   -3.255  -15.648 -127.672   71.997 -102.713    1606287893163
01    13.647    0.904  -12.770  110.379   23.954 -136.718    1606287893185
02    13.753   -3.178  -15.666 -133.901   71.704 -108.233    1606287893185
01    13.627    0.920  -12.748  111.293   23.531 -137.264    1606287893201
02    13.708   -3.099  -15.660 -140.664   71.582 -114.518    1606287893201
01    13.630    0.839  -12.696  111.400   23.577 -138.018    1606287893216
02    13.646   -2.784  -15.580 -152.281   70.987 -126.564    1606287893216
01    13.560    0.520  -12.624  113.076   24.180 -138.544    1606287893232
02    13.813   -2.285  -15.023 -170.998   67.211 -145.832    1606287893232
01    13.393    0.307  -12.596  118.689   24.321 -139.430    1606287893247
02    14.398   -2.022  -13.687  173.249   58.223 -159.957    1606287893247
01    13.207    0.311  -12.699  129.284   25.758 -139.759    1606287893263
02    14.248   -2.240  -13.063  163.433   40.177 -164.424    1606287893263
01    13.019    0.331  -12.939  143.383   29.341 -137.336    1606287893278
02    13.129   -2.373  -13.609  156.168   12.918 -164.361    1606287893278
01    12.924    0.054  -13.155  156.927   34.299 -130.635    1606287893301
02    12.479   -1.883  -13.896  154.685   -7.204 -166.064    1606287893301
01    12.932   -0.368  -13.151  161.769   36.506 -127.647    1606287893317
02    12.263   -1.533  -13.837  155.724  -15.771 -168.170    1606287893317
01    12.828   -0.366  -13.212  159.721   35.081 -130.691    1606287893332
02    12.146   -1.291  -13.793  156.430  -19.393 -170.434    1606287893332
01    12.754   -0.264  -13.298  156.517   34.317 -133.369    1606287893348
02    12.102   -1.100  -13.781  156.136  -21.076 -171.297    1606287893348
01    12.813   -0.161  -13.299  153.004   35.068 -136.040    1606287893364
02    12.119   -0.934  -13.763  155.767  -22.136 -171.272    1606287893364
01    12.894   -0.063  -13.282  150.283   36.004 -138.335    1606287893379
02    12.159   -0.796  -13.741  156.177  -23.036 -170.720    1606287893379
01    12.969    0.000  -13.279  148.429   37.015 -139.892    1606287893401
02    12.191   -0.689  -13.748  156.451  -23.759 -170.016    1606287893401
01    13.036    0.042  -13.300  147.427   38.059 -140.825    1606287893418
02    12.254   -0.651  -13.739  156.348  -23.315 -169.520    1606287893418
01    13.122    0.047  -13.310  146.782   39.344 -141.449    1606287893422
02    12.327   -0.630  -13.746  156.292  -22.322 -169.554    1606287893422
01    13.182    0.056  -13.350  146.568   40.363 -141.612    1606287893438
02    12.368   -0.629  -13.799  155.886  -21.386 -169.133    1606287893438
01    13.233    0.065  -13.407  146.668   41.336 -141.224    1606287893454
02    12.414   -0.627  -13.866  155.393  -19.955 -168.700    1606287893454
01    13.287    0.052  -13.456  147.005   42.413 -140.278    1606287893485
02    12.456   -0.655  -13.931  154.512  -18.067 -167.694    1606287893485
01    13.267   -0.020  -13.573  146.834   42.766 -139.101    1606287893501
02    12.494   -0.711  -13.978  153.670  -14.852 -167.181    1606287893501
01    13.338   -0.030  -13.538  142.824   42.581 -141.779    1606287893516
02    12.406   -0.617  -14.163  156.163  -10.455 -168.078    1606287893516
01    13.381    0.079  -13.429  137.097   39.921 -145.922    1606287893532
02    11.569   -0.588  -15.304  159.428   -4.385 -166.323    1606287893532
01    13.397    0.245  -13.282  129.238   34.121 -150.140    1606287893548
02    10.740   -1.527  -16.728  165.840    8.310 -159.261    1606287893548
01    13.398    0.474  -13.050  123.239   27.738 -151.200    1606287893563
02    11.086   -2.916  -17.188  178.441   29.118 -147.085    1606287893563
01    13.346    0.749  -12.854  119.903   22.814 -149.365    1606287893579
02    12.387   -3.676  -16.717 -161.784   52.638 -130.366    1606287893579
01    13.276    0.992  -12.779  117.470   19.364 -146.655    1606287893601
02    13.372   -3.616  -16.227 -133.857   67.509 -105.925    1606287893601
01    13.270    1.096  -12.755  115.097   17.936 -144.414    1606287893617
02    13.806   -3.624  -16.015 -112.065   69.935  -85.642    1606287893617
01    13.267    1.125  -12.801  113.134   17.432 -142.591    1606287893633
02    14.001   -3.647  -15.919 -100.394   69.699  -75.110    1606287893633
01    13.300    1.104  -12.859  111.416   17.804 -141.428    1606287893648
02    14.113   -3.718  -15.876  -94.871   68.926  -70.017    1606287893648
01    13.358    1.079  -12.919  109.754   18.427 -140.709    1606287893664
02    14.144   -3.820  -15.885  -92.441   68.386  -67.665    1606287893664
01    13.437    1.033  -12.978  107.906   19.264 -140.304    1606287893680
02    14.215   -3.914  -15.857  -89.088   67.950  -64.411    1606287893680
01    13.504    0.952  -13.056  106.114   20.340 -139.786    1606287893695
02    14.241   -3.958  -15.882  -87.827   67.938  -63.532    1606287893695
01    13.585    0.855  -13.099  104.553   21.492 -139.727    1606287893717
02    14.261   -4.087  -15.882  -87.500   67.015  -62.934    1606287893717
01    13.628    0.771  -13.149  103.511   22.263 -139.561    1606287893733
02    14.236   -4.144  -15.943  -88.099   67.000  -63.894    1606287893733
01    13.673    0.677  -13.177  102.956   23.002 -139.508    1606287893749
02    14.241   -4.196  -15.966  -87.826   66.804  -63.644    1606287893749
01    13.707    0.613  -13.197  102.905   23.437 -139.482    1606287893765
02    14.257   -4.253  -15.973  -87.133   66.564  -62.829    1606287893765
01    13.730    0.566  -13.221  102.944   23.603 -139.423    1606287893780
02    14.252   -4.294  -16.007  -87.507   66.415  -63.219    1606287893780
01    13.735    0.542  -13.254  103.210   23.661 -139.298    1606287893795
02    14.259   -4.364  -16.023  -87.592   65.963  -63.081    1606287893795
01    13.739    0.520  -13.281  103.409   23.637 -139.243    1606287893818
02    14.277   -4.389  -16.036  -87.215   65.931  -62.711    1606287893818
01    13.751    0.488  -13.301  103.401   23.673 -139.298    1606287893833
02    14.296   -4.477  -16.043  -87.346   65.516  -62.488    1606287893833
01    13.771    0.464  -13.312  103.389   23.675 -139.558    1606287893849
02    14.321   -4.484  -16.046  -87.243   65.670  -62.396    1606287893849
01    13.771    0.399  -13.341  103.513   23.808 -139.821    1606287893865
02    14.266   -4.386  -16.112  -90.986   66.592  -65.814    1606287893865
01    13.727    0.266  -13.434  104.442   24.548 -140.103    1606287893880
02    14.146   -4.198  -16.185 -101.113   68.374  -74.765    1606287893880
01    13.662    0.105  -13.607  107.023   26.199 -140.618    1606287893896
02    14.108   -3.992  -16.151 -116.619   69.758  -88.687    1606287893896
01    13.695   -0.091  -13.659  111.943   29.527 -142.454    1606287893902
02    14.031   -3.778  -16.101 -143.037   68.267 -113.165    1606287893918
01    13.662   -0.250  -13.652  116.104   31.043 -143.977    1606287893934
02    13.990   -3.461  -15.906 -163.114   64.165 -133.061    1606287893934
01    13.610   -0.364  -13.632  121.219   31.806 -144.913    1606287893950
02    14.425   -2.956  -14.972 -177.675   59.594 -147.919    1606287893950
01    13.564   -0.425  -13.685  130.021   34.136 -143.380    1606287893965
02    15.170   -3.085  -13.379  165.157   50.108 -159.389    1606287893965
01    13.459   -0.529  -13.910  142.068   37.453 -137.896    1606287893981
02    13.765   -3.718  -14.001  147.602   16.051 -161.549    1606287893981
01    13.349   -0.910  -14.227  153.765   41.689 -131.102    1606287893996
02    12.972   -2.661  -14.453  150.686  -14.529 -159.656    1606287893996
01    13.408   -1.010  -14.277  158.659   44.503 -130.066    1606287894018
02    12.826   -2.306  -14.535  152.821  -22.687 -160.397    1606287894018
01    13.465   -1.001  -14.248  158.252   45.670 -132.010    1606287894034
02    12.844   -2.165  -14.508  154.808  -24.350 -163.503    1606287894034
01    13.564   -0.911  -14.161  156.808   46.242 -134.077    1606287894050
02    12.841   -2.055  -14.519  156.323  -24.961 -167.067    1606287894050
01    13.578   -0.886  -14.116  156.273   45.963 -134.446    1606287894065
02    12.800   -1.952  -14.541  157.455  -25.823 -169.561    1606287894065
01    13.542   -0.863  -14.130  155.914   45.272 -134.524    1606287894081
02    12.796   -1.855  -14.524  158.702  -26.214 -171.215    1606287894081
01    13.520   -0.807  -14.126  155.858   45.074 -134.841    1606287894096
02    12.794   -1.774  -14.510  159.883  -26.533 -172.296    1606287894096
01    13.505   -0.799  -14.150  155.321   45.044 -135.275    1606287894103
02    12.814   -1.728  -14.483  160.567  -26.214 -173.139    1606287894103
01    13.501   -0.786  -14.171  154.687   45.297 -136.014    1606287894134
02    12.828   -1.722  -14.474  160.818  -25.566 -173.613    1606287894134
01    13.454   -0.756  -14.239  153.408   45.244 -136.943    1606287894150
02    12.833   -1.723  -14.483  160.571  -24.551 -173.947    1606287894150
01    13.452   -0.722  -14.288  150.373   45.427 -138.786    1606287894166
02    12.840   -1.732  -14.504  159.285  -22.911 -173.960    1606287894166
01    13.512   -0.719  -14.289  147.050   45.955 -140.552    1606287894181
02    12.850   -1.727  -14.534  157.787  -20.793 -173.760    1606287894181
01    13.594   -0.733  -14.226  144.517   46.574 -141.457    1606287894197
02    12.824   -1.538  -14.614  157.683  -16.782 -173.238    1606287894197
01    13.646   -0.685  -14.077  139.309   45.051 -144.048    1606287894203
02    12.027   -1.212  -15.597  159.135  -10.372 -170.967    1606287894203
01    13.638   -0.484  -13.881  129.891   38.588 -148.589    1606287894235
02    10.785   -1.962  -17.156  163.344    0.453 -164.108    1606287894235
01    13.554   -0.188  -13.651  122.599   31.008 -149.548    1606287894250
02    10.958   -3.365  -17.710  174.933   21.776 -151.913    1606287894250
01    13.492    0.065  -13.451  118.672   26.092 -148.140    1606287894266
02    12.208   -4.296  -17.272 -165.140   47.762 -134.011    1606287894266
01    13.444    0.170  -13.322  116.690   23.536 -145.944    1606287894281
02    13.248   -4.507  -16.752 -136.533   63.359 -107.741    1606287894281
01    13.396    0.219  -13.235  115.780   21.829 -143.846    1606287894297
02    13.745   -4.542  -16.495 -113.722   66.722  -86.600    1606287894297
01    13.313    0.271  -13.233  115.483   20.367 -141.714    1606287894304
02    14.038   -4.478  -16.316 -100.756   67.290  -74.839    1606287894304
01    13.262    0.357  -13.264  114.997   19.241 -140.330    1606287894319
02    14.140   -4.457  -16.258  -95.905   67.206  -70.375    1606287894319
01    13.233    0.353  -13.328  114.075   19.015 -139.361    1606287894351
02    14.231   -4.457  -16.207  -92.512   66.751  -66.988    1606287894351
01    13.265    0.350  -13.351  113.516   19.322 -139.349    1606287894366
02    14.288   -4.485  -16.184  -90.652   66.269  -64.933    1606287894366
01    13.292    0.304  -13.365  113.008   19.730 -139.393    1606287894382
02    14.325   -4.504  -16.191  -89.366   66.231  -63.369    1606287894382
01    13.346    0.232  -13.346  112.600   20.130 -139.695    1606287894398
02    14.367   -4.560  -16.177  -88.742   65.929  -62.362    1606287894398
01    13.352    0.161  -13.352  112.902   20.464 -139.664    1606287894404
02    14.316   -4.539  -16.241  -91.689   66.411  -65.252    1606287894404
01    13.334    0.114  -13.381  113.873   20.848 -139.646    1606287894435
02    14.290   -4.530  -16.274  -94.364   66.849  -67.269    1606287894435
01    13.333    0.093  -13.399  115.335   21.373 -140.019    1606287894451
02    14.317   -4.487  -16.281  -95.255   67.948  -67.577    1606287894451
01    13.333    0.086  -13.412  116.812   21.923 -140.264    1606287894466
02    14.344   -4.436  -16.296  -95.974   69.114  -67.766    1606287894466
01    13.320    0.099  -13.424  117.846   21.959 -140.244    1606287894482
02    14.355   -4.370  -16.328  -96.618   70.303  -68.401    1606287894482
01    13.321    0.112  -13.421  118.409   21.797 -140.124    1606287894498
02    14.357   -4.319  -16.352  -96.901   71.381  -68.652    1606287894498
01    13.308    0.097  -13.429  118.688   21.644 -139.927    1606287894504
02    14.306   -4.213  -16.399 -101.731   72.350  -73.646    1606287894504
01    13.300    0.061  -13.436  119.502   21.799 -139.821    1606287894520
02    14.181   -3.913  -16.409 -117.494   73.650  -89.203    1606287894520
01    13.240   -0.022  -13.523  122.429   22.756 -139.338    1606287894551
02    14.268   -3.268  -15.890 -154.400   72.455 -125.956    1606287894551
01    13.205   -0.122  -13.646  128.846   25.608 -138.752    1606287894567
02    14.757   -2.901  -14.600  174.597   61.208 -153.849    1606287894567
01    13.095   -0.270  -13.936  138.625   30.017 -135.950    1606287894583
02    14.539   -3.102  -14.002  159.661   39.604 -160.367    1606287894583
01    13.038   -0.588  -14.213  150.108   35.594 -130.066    1606287894598
02    13.547   -3.239  -14.341  150.229   10.963 -160.056    1606287894598
01    13.126   -1.161  -14.256  159.341   41.088 -123.465    1606287894605
02    12.937   -2.565  -14.527  151.849  -11.695 -159.859    1606287894605
01    13.106   -1.246  -14.233  161.710   42.378 -124.039    1606287894620
02    12.631   -2.300  -14.581  153.271  -19.152 -159.094    1606287894620
01    13.070   -1.210  -14.232  162.084   42.594 -125.499    1606287894652
02    12.493   -2.157  -14.565  154.751  -22.132 -160.170    1606287894652
01    13.057   -1.167  -14.232  162.555   43.098 -126.074    1606287894667
02    12.440   -2.084  -14.542  155.673  -22.924 -161.909    1606287894667
01    13.047   -1.171  -14.242  162.649   43.659 -126.381    1606287894683
02    12.407   -2.037  -14.530  156.488  -23.003 -163.616    1606287894683
01    13.034   -1.152  -14.252  162.459   44.112 -127.159    1606287894699
02    12.375   -2.010  -14.537  157.449  -23.244 -164.810    1606287894699
01    13.031   -1.139  -14.266  161.219   44.531 -128.290    1606287894705
02    12.372   -1.998  -14.538  157.975  -22.806 -165.708    1606287894705
01    13.017   -1.072  -14.317  158.941   44.871 -129.773    1606287894721
02    12.381   -1.999  -14.544  157.461  -21.687 -166.431    1606287894721
01    13.068   -1.024  -14.334  154.938   45.683 -131.954    1606287894752
02    12.401   -1.972  -14.563  156.279  -20.027 -167.048    1606287894752
01    13.163   -0.973  -14.295  151.202   46.582 -133.587    1606287894768
02    12.412   -1.935  -14.587  155.034  -17.866 -167.221    1606287894768
01    13.229   -1.024  -14.245  148.253   47.129 -133.902    1606287894783
02    12.332   -1.641  -14.711  156.085  -13.686 -167.774    1606287894783
01    13.265   -0.943  -14.094  140.991   44.681 -137.962    1606287894799
02    11.356   -1.449  -15.781  158.990   -7.447 -165.715    1606287894799
01    13.244   -0.730  -13.925  131.173   38.313 -142.956    1606287894805
02    10.219   -2.333  -17.178  163.809    2.433 -160.471    1606287894805
01    13.209   -0.358  -13.684  122.986   30.859 -145.217    1606287894821
02    10.746   -3.541  -17.476  174.471   23.026 -151.587    1606287894821
01    13.154   -0.036  -13.525  118.416   25.788 -144.136    1606287894837
02    11.986   -4.298  -17.051 -166.686   47.788 -135.376    1606287894837
01    13.130    0.207  -13.430  115.147   22.876 -142.294    1606287894868
02    12.881   -4.504  -16.639 -139.333   62.181 -110.267    1606287894868
01    13.187    0.234  -13.340  112.796   22.074 -140.648    1606287894884
02    13.356   -4.568  -16.382 -118.263   65.022  -90.596    1606287894884
01    13.207    0.162  -13.295  111.852   21.944 -139.013    1606287894899
02    13.592   -4.569  -16.264 -108.486   65.143  -81.711    1606287894899
01    13.161    0.135  -13.331  112.283   21.506 -137.457    1606287894905
02    13.701   -4.599  -16.213 -104.785   64.631  -78.433    1606287894905
01    13.127    0.155  -13.377  112.619   21.085 -136.773    1606287894921
02    13.743   -4.651  -16.206 -103.636   64.144  -77.204    1606287894921
01    13.106    0.175  -13.434  112.759   20.859 -136.618    1606287894937
02    13.828   -4.685  -16.178 -101.644   64.163  -75.011    1606287894937
01    13.130    0.127  -13.470  112.761   21.235 -136.944    1606287894968
02    13.830   -4.649  -16.219 -103.858   64.670  -76.949    1606287894968
01    13.132    0.011  -13.547  113.666   22.308 -137.136    1606287894984
02    13.772   -4.457  -16.268 -114.236   66.405  -86.059    1606287894984
01    13.145   -0.157  -13.641  116.221   24.376 -137.784    1606287894999
02    13.764   -4.107  -16.197 -135.338   67.802 -106.005    1606287894999
01    13.151   -0.316  -13.771  121.611   27.600 -137.925    1606287895006
02    13.989   -3.724  -15.757 -161.201   65.128 -130.282    1606287895006
01    13.140   -0.529  -13.966  129.198   31.788 -136.486    1606287895022
02    14.374   -3.458  -14.853  178.070   56.498 -147.094    1606287895022
01    13.144   -0.906  -14.183  141.515   37.892 -131.606    1606287895038
02    14.214   -3.523  -14.478  164.003   41.112 -155.716    1606287895038
01    13.166   -1.198  -14.323  152.610   41.990 -125.896    1606287895053
02    13.608   -3.640  -14.592  153.452   19.017 -159.117    1606287895053
01    13.030   -1.570  -14.584  159.870   43.862 -120.673    1606287895085
02    13.062   -3.114  -14.763  152.132   -6.083 -158.704    1606287895085
01    13.048   -1.587  -14.692  160.062   45.280 -121.515    1606287895100
02    12.805   -2.835  -14.830  151.827  -15.488 -156.623    1606287895100
01    13.156   -1.566  -14.684  158.672   46.952 -123.522    1606287895106
02    12.704   -2.661  -14.854  152.165  -18.385 -156.183    1606287895106
01    13.286   -1.587  -14.630  158.135   48.622 -124.816    1606287895122
02    12.679   -2.562  -14.860  153.108  -18.779 -156.816    1606287895122
01    13.376   -1.577  -14.587  157.934   49.652 -125.552    1606287895137
02    12.668   -2.524  -14.868  153.669  -18.635 -157.731    1606287895137
01    13.416   -1.580  -14.570  157.624   50.106 -125.876    1606287895153
02    12.666   -2.474  -14.884  154.140  -18.380 -159.116    1606287895153
01    13.452   -1.503  -14.550  156.895   50.196 -126.660    1606287895184
02    12.681   -2.443  -14.881  154.351  -17.840 -160.520    1606287895184
01    13.407   -1.486  -14.611  155.965   49.840 -126.901    1606287895200
02    12.673   -2.424  -14.890  154.041  -17.334 -161.755    1606287895200
01    13.406   -1.459  -14.651  154.664   50.051 -127.323    1606287895207
02    12.659   -2.399  -14.923  153.468  -16.269 -163.149    1606287895207
01    13.433   -1.461  -14.676  153.500   50.614 -127.377    1606287895222
02    12.662   -2.317  -14.976  153.124  -14.421 -164.422    1606287895222
01    13.469   -1.466  -14.647  151.732   51.058 -128.022    1606287895238
02    12.517   -1.931  -15.214  154.348  -10.980 -165.223    1606287895238
01    13.513   -1.369  -14.492  145.063   49.597 -132.797    1606287895254
02    11.654   -1.842  -16.222  157.124   -5.254 -163.114    1606287895254
01    13.491   -1.050  -14.337  132.886   43.105 -141.029    1606287895285
02    10.720   -2.750  -17.382  162.311    3.764 -157.275    1606287895285
01    13.471   -0.521  -14.123  122.653   34.792 -145.482    1606287895301
02    11.054   -4.075  -17.685  175.098   22.481 -145.769    1606287895301
01    13.476   -0.194  -13.977  116.965   30.215 -145.226    1606287895307
02    12.133   -4.999  -17.278 -162.834   44.942 -126.195    1606287895307
01    13.491   -0.120  -13.894  113.243   28.284 -143.753    1606287895323
02    13.100   -5.253  -16.817 -133.279   58.378  -99.409    1606287895323
01    13.462   -0.113  -13.844  111.488   27.061 -141.994    1606287895338
02    13.585   -5.294  -16.613 -112.856   61.301  -80.969    1606287895338
01    13.470   -0.094  -13.758  110.640   26.274 -140.576    1606287895354
02    13.866   -5.222  -16.505 -101.632   62.151  -71.439    1606287895354
01    13.417   -0.033  -13.764  110.564   25.505 -138.753    1606287895369
02    13.979   -5.218  -16.452  -96.947   62.338  -67.712    1606287895369
01    13.373    0.066  -13.811  110.282   24.943 -137.287    1606287895401
02    14.068   -5.177  -16.400  -93.641   62.810  -65.016    1606287895401
01    13.379    0.096  -13.887  109.094   25.248 -136.357    1606287895407
02    14.109   -5.176  -16.364  -92.280   62.546  -63.697    1606287895407
01    13.466    0.029  -13.905  107.117   26.218 -136.280    1606287895423
02    14.136   -5.231  -16.326  -91.581   61.705  -62.668    1606287895423
01    13.507   -0.048  -13.930  105.878   26.994 -136.047    1606287895439
02    14.131   -5.302  -16.307  -91.935   61.004  -62.885    1606287895439
01    13.538   -0.139  -13.921  105.175   27.530 -135.935    1606287895455
02    14.106   -5.315  -16.328  -93.011   61.148  -64.087    1606287895455
01    13.539   -0.296  -13.915  105.263   28.331 -135.694    1606287895470
02    14.038   -5.223  -16.383  -97.062   62.414  -67.775    1606287895470
01    13.519   -0.478  -13.905  107.207   29.402 -135.273    1606287895501
02    13.932   -4.997  -16.442 -108.921   65.411  -78.397    1606287895501
01    13.489   -0.667  -13.918  111.882   31.026 -134.517    1606287895508
02    13.898   -4.601  -16.340 -133.138   67.999 -102.080    1606287895508
01    13.378   -0.831  -14.065  120.774   33.341 -132.185    1606287895524
02    14.289   -3.922  -15.492 -160.901   65.339 -128.533    1606287895524
01    13.208   -1.118  -14.388  139.196   38.337 -124.609    1606287895539
02    14.854   -3.878  -14.070  175.292   56.426 -145.673    1606287895539
01    13.087   -1.577  -14.736  158.024   42.152 -114.988    1606287895555
02    13.812   -4.312  -14.278  151.339   24.217 -154.191    1606287895555
01    13.021   -2.168  -14.945  170.310   44.169 -107.474    1606287895570
02    13.045   -3.626  -14.667  150.220   -6.155 -151.731    1606287895570
01    13.137   -2.210  -14.928  172.100   46.174 -109.162    1606287895586
02    12.789   -3.338  -14.758  150.795  -15.219 -149.882    1606287895586
01    13.197   -2.172  -14.905  170.049   47.569 -112.355    1606287895608
02    12.677   -3.200  -14.802  151.106  -17.340 -150.699    1606287895608
01    13.310   -2.118  -14.851  168.807   49.039 -114.368    1606287895624
02    12.649   -3.118  -14.831  151.301  -16.737 -153.179    1606287895624
01    13.398   -2.097  -14.811  168.898   50.044 -114.720    1606287895639
02    12.634   -3.062  -14.883  152.012  -15.689 -157.059    1606287895639
01    13.403   -2.114  -14.812  169.450   50.322 -114.363    1606287895655
02    12.618   -2.999  -14.947  153.229  -15.026 -160.187    1606287895655
01    13.392   -2.082  -14.854  169.501   50.421 -114.576    1606287895671
02    12.610   -2.953  -14.997  154.192  -14.726 -161.586    1606287895671
01    13.377   -2.054  -14.903  168.835   50.584 -115.141    1606287895702
02    12.605   -2.914  -15.042  154.676  -14.559 -162.199    1606287895702
01    13.372   -2.034  -14.969  166.902   51.000 -116.161    1606287895708
02    12.617   -2.909  -15.070  154.106  -13.751 -162.254    1606287895708
01    13.420   -2.004  -14.973  163.820   51.972 -118.080    1606287895724
02    12.614   -2.872  -15.116  153.399  -12.843 -162.254    1606287895724
01    13.561   -1.898  -14.846  159.625   53.038 -121.339    1606287895740
02    12.585   -2.623  -15.222  154.114  -10.982 -162.353    1606287895740
01    13.556   -1.779  -14.776  153.124   52.039 -125.938    1606287895756
02    12.122   -2.327  -15.854  156.427   -6.616 -160.704    1606287895756
01    13.540   -1.572  -14.648  141.958   48.465 -133.966    1606287895771
02    11.507   -2.802  -16.680  160.466    0.596 -155.533    1606287895771
01    13.478   -1.194  -14.455  129.860   41.239 -141.066    1606287895787
02    11.056   -3.938  -17.368  169.212   11.485 -145.870    1606287895787
01    13.410   -0.763  -14.256  122.656   34.709 -143.034    1606287895809
02    11.309   -5.137  -17.505 -174.262   27.768 -131.231    1606287895809
01    13.390   -0.472  -14.101  118.466   30.923 -142.429    1606287895825
02    12.102   -5.809  -17.227 -151.368   44.060 -112.689    1606287895825
01    13.371   -0.345  -14.037  115.437   28.596 -140.783    1606287895840
02    12.916   -5.784  -16.915 -127.624   55.781  -93.475    1606287895840
01    13.358   -0.324  -13.986  113.430   27.452 -139.313    1606287895856
02    13.381   -5.650  -16.746 -112.082   59.869  -80.362    1606287895856
01    13.336   -0.263  -13.989  112.329   26.356 -137.964    1606287895871
02    13.701   -5.547  -16.593 -102.386   60.588  -72.013    1606287895871
01    13.333   -0.176  -14.011  111.367   25.602 -137.123    1606287895887
02    13.859   -5.469  -16.541  -98.965   60.704  -69.195    1606287895887
01    13.394   -0.163  -13.983  110.052   25.542 -136.875    1606287895909
02    13.982   -5.425  -16.486  -96.532   60.587  -66.971    1606287895909
01    13.411   -0.161  -14.016  108.841   25.678 -136.287    1606287895925
02    14.050   -5.415  -16.454  -95.435   60.541  -65.773    1606287895925
01    13.487   -0.206  -13.981  107.491   26.184 -136.368    1606287895941
02    14.068   -5.436  -16.441  -95.387   60.303  -65.650    1606287895941
01    13.484   -0.212  -13.986  107.009   26.278 -136.098    1606287895956
02    14.064   -5.414  -16.447  -95.762   60.425  -66.331    1606287895956
01    13.472   -0.272  -13.985  106.865   26.628 -136.001    1606287895972
02    14.058   -5.335  -16.454  -96.856   61.369  -67.785    1606287895972
01    13.417   -0.422  -14.013  107.758   27.561 -135.801    1606287895988
02    13.979   -5.217  -16.490 -104.842   62.634  -74.882    1606287895988
01    13.352   -0.607  -14.079  111.192   29.420 -135.650    1606287896010
02    13.899   -4.966  -16.472 -122.575   64.580  -91.390    1606287896010
01    13.301   -0.836  -14.168  117.633   32.610 -134.768    1606287896026
02    13.979   -4.497  -16.142 -146.153   63.894 -113.419    1606287896026
01    13.251   -1.079  -14.309  126.960   36.227 -132.293    1606287896041
02    14.221   -3.994  -15.380 -167.297   58.440 -131.537    1606287896041
01    13.176   -1.395  -14.490  142.192   40.710 -125.758    1606287896057
02    14.547   -3.995  -14.367  173.132   49.230 -145.121    1606287896057
01    13.074   -1.767  -14.743  157.753   43.554 -116.569    1606287896072
02    13.760   -4.506  -14.386  150.956   23.668 -152.943    1606287896072
01    13.057   -2.112  -14.852  168.808   45.451 -110.101    1606287896088
02    12.960   -3.792  -14.783  148.624   -5.185 -150.903    1606287896088
01    13.131   -2.130  -14.868  171.691   47.351 -110.172    1606287896110
02    12.685   -3.412  -14.907  148.997  -14.383 -149.912    1606287896110
01    13.211   -2.131  -14.840  172.774   48.996 -111.092    1606287896126
02    12.644   -3.146  -14.931  151.225  -16.998 -151.720    1606287896126
01    13.259   -2.071  -14.815  173.135   50.085 -112.459    1606287896142
02    12.642   -3.029  -14.941  152.998  -17.436 -153.783    1606287896142
01    13.295   -2.026  -14.788  171.963   50.785 -114.262    1606287896157
02    12.628   -2.925  -14.966  154.405  -17.458 -155.930    1606287896157
01    13.308   -1.927  -14.776  170.035   51.137 -116.424    1606287896173
02    12.617   -2.880  -14.980  154.928  -17.098 -157.277    1606287896173
01    13.272   -1.842  -14.807  167.388   51.070 -118.590    1606287896188
02    12.624   -2.843  -14.968  155.055  -16.310 -158.484    1606287896188
01    13.236   -1.760  -14.852  163.424   51.217 -121.021    1606287896210
02    12.583   -2.807  -14.999  153.989  -15.459 -159.422    1606287896210
01    13.290   -1.699  -14.823  158.775   51.950 -123.815    1606287896227
02    12.547   -2.755  -15.032  152.960  -13.512 -160.715    1606287896227
01    13.350   -1.658  -14.722  154.511   52.446 -125.854    1606287896242
02    12.379   -2.400  -15.212  154.349  -10.527 -162.167    1606287896242
01    13.364   -1.514  -14.532  145.594   50.293 -131.702    1606287896258
02    11.498   -2.262  -16.145  157.746   -4.999 -160.617    1606287896258
01    13.315   -1.208  -14.332  134.709   44.616 -138.220    1606287896273
02    10.622   -3.029  -17.191  163.328    3.801 -155.401    1606287896273
01    13.243   -0.778  -14.092  124.919   36.883 -141.844    1606287896289
02    10.834   -4.250  -17.483  173.906   19.297 -146.243    1606287896289
01    13.180   -0.395  -13.960  119.232   31.142 -141.572    1606287896311
02    11.724   -5.080  -17.214 -166.152   40.217 -129.713    1606287896311
01    13.186   -0.321  -13.863  115.443   28.594 -139.995    1606287896327
02    12.596   -5.297  -16.842 -140.264   54.856 -107.298    1606287896327
01    13.158   -0.340  -13.814  113.553   27.282 -138.200    1606287896343
02    13.103   -5.333  -16.630 -120.081   59.585  -89.277    1606287896343
01    13.136   -0.342  -13.770  112.898   26.406 -136.980    1606287896358
02    13.427   -5.323  -16.490 -108.176   61.032  -78.680    1606287896358
01    13.087   -0.274  -13.801  113.019   25.530 -135.927    1606287896374
02    13.626   -5.310  -16.391 -102.099   61.523  -73.149    1606287896374
01    13.104   -0.280  -13.793  112.418   25.587 -135.589    1606287896389
02    13.788   -5.350  -16.301  -98.085   61.242  -69.055    1606287896389
01    13.121   -0.304  -13.818  111.699   25.820 -135.347    1606287896411
02    13.888   -5.362  -16.252  -95.982   60.932  -67.125    1606287896411
01    13.153   -0.347  -13.829  111.112   26.205 -135.265    1606287896427
02    13.956   -5.368  -16.228  -95.185   60.901  -66.102    1606287896427
01    13.157   -0.415  -13.840  110.785   26.551 -135.327    1606287896443
02    13.943   -5.367  -16.248  -97.509   61.214  -68.121    1606287896443
01    13.148   -0.565  -13.845  111.806   27.520 -135.318    1606287896458
02    13.877   -5.203  -16.305 -106.135   63.546  -75.890    1606287896458
01    13.106   -0.719  -13.924  115.143   29.182 -135.015    1606287896474
02    13.824   -4.881  -16.289 -125.546   66.198  -93.996    1606287896474
01    13.106   -0.825  -14.022  120.692   31.651 -134.600    1606287896490
02    13.948   -4.503  -15.999 -152.930   65.240 -119.101    1606287896490
01    13.111   -1.039  -14.165  127.909   35.227 -132.620    1606287896512
02    14.321   -4.037  -15.127 -176.652   58.834 -138.665    1606287896512
01    13.121   -1.272  -14.328  138.636   39.469 -128.435    1606287896527
02    14.219   -4.004  -14.600  166.924   45.514 -148.566    1606287896527
01    13.079   -1.493  -14.473  148.942   42.231 -123.379    1606287896543
02    13.655   -4.094  -14.579  153.977   25.019 -152.768    1606287896543
01    13.004   -1.769  -14.656  159.905   44.310 -116.135    1606287896559
02    12.866   -3.809  -14.862  146.102   -2.178 -152.276    1606287896559
01    13.021   -1.952  -14.735  166.881   45.961 -113.019    1606287896574
02    12.613   -3.394  -14.904  147.844  -14.448 -151.959    1606287896574
01    13.125   -2.025  -14.709  170.475   47.753 -111.968    1606287896590
02    12.544   -3.117  -14.904  150.082  -19.149 -152.607    1606287896590
01    13.178   -2.021  -14.712  172.331   48.755 -111.923    1606287896612
02    12.530   -2.965  -14.893  152.363  -20.919 -153.158    1606287896612
01    13.212   -2.011  -14.726  172.456   49.379 -112.499    1606287896628
02    12.522   -2.917  -14.887  153.317  -21.185 -153.933    1606287896628
01    13.230   -1.971  -14.748  171.006   49.633 -114.051    1606287896643
02    12.556   -2.839  -14.875  154.541  -20.711 -155.402    1606287896643
01    13.253   -1.908  -14.768  168.569   50.114 -116.372    1606287896659
02    12.579   -2.819  -14.882  154.989  -19.682 -156.676    1606287896659
01    13.213   -1.854  -14.858  165.167   50.421 -119.018    1606287896674
02    12.612   -2.780  -14.898  155.364  -18.087 -158.295    1606287896674
01    13.228   -1.788  -14.924  160.429   51.291 -122.616    1606287896690
02    12.635   -2.747  -14.937  155.116  -15.984 -159.788    1606287896690
01    13.347   -1.777  -14.891  155.154   52.794 -126.286    1606287896712
02    12.654   -2.711  -14.999  154.442  -13.514 -160.916    1606287896712
01    13.418   -1.805  -14.849  151.108   53.508 -128.364    1606287896728
02    12.573   -2.506  -15.159  154.672  -10.558 -162.542    1606287896728
01    13.520   -1.683  -14.671  144.046   52.672 -133.706    1606287896743
02    11.686   -2.194  -16.132  157.292   -5.930 -162.427    1606287896743
01    13.529   -1.397  -14.486  133.838   47.655 -140.808    1606287896759
02    10.799   -2.879  -17.283  161.984    2.631 -157.875    1606287896759
01    13.472   -0.956  -14.307  124.015   39.490 -145.442    1606287896775
02    11.028   -4.209  -17.622  173.246   19.534 -147.614    1606287896775
01    13.435   -0.574  -14.135  118.215   33.574 -145.810    1606287896790
02    11.949   -5.192  -17.368 -167.362   40.377 -130.494    1606287896790
01    13.449   -0.388  -14.007  114.508   30.449 -144.361    1606287896813
02    12.921   -5.566  -16.939 -139.286   55.688 -105.170    1606287896813
01    13.440   -0.404  -13.914  112.241   28.860 -142.154    1606287896828
02    13.456   -5.540  -16.721 -116.269   61.130  -84.682    1606287896828
01    13.350   -0.477  -13.879  112.077   27.770 -139.564    1606287896844
02    13.733   -5.529  -16.580 -104.334   61.876  -73.918    1606287896844
01    13.269   -0.430  -13.867  112.582   26.417 -137.920    1606287896860
02    13.882   -5.419  -16.530  -98.696   62.661  -69.795    1606287896860
01    13.207   -0.373  -13.885  112.868   25.510 -136.854    1606287896875
02    13.960   -5.376  -16.509  -96.100   62.640  -67.906    1606287896875
01    13.187   -0.341  -13.902  112.764   25.092 -136.391    1606287896891
02    14.013   -5.369  -16.478  -94.503   62.297  -66.346    1606287896891
01    13.175   -0.371  -13.948  112.520   25.291 -136.040    1606287896914
02    14.018   -5.389  -16.473  -95.641   62.008  -67.043    1606287896914
01    13.188   -0.459  -13.983  112.903   26.221 -136.000    1606287896929
02    13.948   -5.259  -16.525 -102.653   63.189  -73.284    1606287896929
01    13.184   -0.625  -14.072  115.156   28.163 -135.500    1606287896945
02    13.882   -5.036  -16.523 -117.539   64.994  -86.322    1606287896945
01    13.198   -0.818  -14.180  119.945   31.210 -134.646    1606287896960
02    13.955   -4.659  -16.304 -141.508   65.891 -108.511    1606287896960
01    13.183   -0.979  -14.371  128.706   35.217 -131.594    1606287896976
02    14.371   -4.128  -15.509 -167.649   62.267 -130.996    1606287896976
01    13.184   -1.421  -14.669  144.150   41.578 -123.256    1606287896992
02    14.633   -4.207  -14.550  168.917   51.888 -146.525    1606287896992
01    13.291   -1.863  -14.815  161.157   46.657 -112.633    1606287897014
02    13.954   -4.441  -14.583  150.637   29.074 -154.361    1606287897014
01    13.351   -2.133  -14.881  172.395   48.279 -105.697    1606287897030
02    13.282   -3.884  -14.907  148.376    4.298 -153.260    1606287897030
01    13.362   -2.263  -14.947  177.222   48.721 -102.879    1606287897045
02    12.953   -3.512  -15.062  149.121   -7.388 -151.770    1606287897045
01    13.417   -2.274  -14.955  178.976   49.399 -102.161    1606287897061
02    12.820   -3.306  -15.132  149.859  -11.724 -151.483    1606287897061
01    13.443   -2.209  -14.993  179.183   49.850 -102.424    1606287897077
02    12.766   -3.185  -15.172  150.463  -12.998 -152.040    1606287897077
01    13.498   -2.223  -14.991  178.245   50.604 -103.070    1606287897092
02    12.749   -3.123  -15.201  150.778  -12.769 -152.694    1606287897092
01    13.501   -2.193  -15.029  176.533   50.937 -104.495    1606287897114
02    12.749   -3.057  -15.238  151.199  -12.266 -153.428    1606287897114
01    13.523   -2.143  -15.045  173.771   51.674 -106.705    1606287897130
02    12.739   -3.014  -15.276  150.969  -11.470 -153.786    1606287897130
01    13.516   -2.041  -15.081  169.463   52.189 -110.105    1606287897146
02    12.744   -2.979  -15.299  150.439  -10.061 -154.247    1606287897146
01    13.516   -1.961  -15.093  163.518   52.635 -114.001    1606287897161
02    12.717   -2.903  -15.352  149.959   -8.105 -155.880    1606287897161
01    13.538   -1.846  -15.018  153.740   52.621 -121.305    1606287897177
02    12.273   -2.360  -15.856  152.841   -5.419 -158.444    1606287897177
01    13.564   -1.553  -14.834  139.889   49.271 -132.293    1606287897193
02    11.340   -2.526  -16.905  157.442    1.016 -156.357    1606287897193
01    13.565   -1.182  -14.571  127.724   42.945 -140.234    1606287897215
02    10.982   -3.467  -17.562  164.642   11.573 -150.636    1606287897215
01    13.514   -0.755  -14.330  120.417   36.508 -142.698    1606287897231
02    11.410   -4.634  -17.580  176.823   27.198 -140.168    1606287897231
01    13.472   -0.508  -14.165  116.493   32.543 -142.045    1606287897246
02    12.226   -5.314  -17.243 -162.725   44.303 -123.359    1606287897246
01    13.435   -0.454  -14.049  114.120   30.334 -140.462    1606287897262
02    12.897   -5.541  -16.967 -139.327   55.034 -103.486    1606287897262
01    13.349   -0.467  -13.981  113.595   28.961 -138.496    1606287897278
02    13.303   -5.474  -16.806 -121.722   60.056  -88.827    1606287897278
01    13.216   -0.397  -14.002  113.972   27.340 -136.680    1606287897293
02    13.523   -5.403  -16.718 -111.944   61.622  -80.792    1606287897293
01    13.143   -0.348  -14.003  114.104   26.476 -135.576    1606287897315
02    13.667   -5.327  -16.624 -107.156   62.622  -76.762    1606287897315
01    13.130   -0.340  -13.979  113.912   26.246 -135.153    1606287897331
02    13.732   -5.282  -16.568 -105.818   62.717  -76.005    1606287897331
01    13.106   -0.334  -13.983  113.898   26.236 -134.872    1606287897346
02    13.777   -5.255  -16.526 -105.119   62.815  -75.560    1606287897346
01    13.121   -0.373  -13.951  113.701   26.551 -134.832    1606287897362
02    13.776   -5.248  -16.509 -105.802   62.623  -76.377    1606287897362
01    13.119   -0.422  -13.927  113.824   26.827 -134.668    1606287897378
02    13.736   -5.154  -16.505 -109.863   63.318  -80.744    1606287897378
01    13.096   -0.532  -13.926  115.290   27.585 -134.300    1606287897393
02    13.679   -4.870  -16.482 -123.199   64.798  -93.378    1606287897393
01    13.080   -0.689  -13.941  118.671   29.047 -133.613    1606287897415
02    13.807   -4.346  -16.128 -146.652   65.017 -115.560    1606287897415
01    13.061   -0.828  -14.003  124.939   31.043 -132.027    1606287897431
02    14.577   -3.746  -14.619 -172.852   61.014 -137.851    1606287897431
01    12.950   -0.932  -14.206  138.561   34.322 -126.429    1606287897447
02    14.391   -4.229  -13.847  162.766   46.039 -152.194    1606287897447
01    12.861   -1.253  -14.493  157.111   38.975 -116.611    1606287897462
02    12.732   -3.985  -14.629  147.504    5.966 -153.509    1606287897462
01    12.870   -1.659  -14.642  168.261   41.939 -110.675    1606287897478
02    12.334   -3.374  -14.739  148.569  -13.922 -150.679    1606287897478
01    12.932   -1.930  -14.682  171.918   43.732 -108.717    1606287897494
02    12.210   -3.092  -14.769  149.415  -21.544 -149.600    1606287897494
01    12.932   -2.026  -14.768  173.732   44.317 -108.030    1606287897516
02    12.202   -2.947  -14.761  150.958  -24.346 -150.260    1606287897516
01    12.996   -2.100  -14.808  175.697   45.358 -106.609    1606287897532
02    12.225   -2.906  -14.773  151.991  -25.140 -150.599    1606287897532
01    13.031   -2.173  -14.894  176.659   46.177 -105.787    1606287897547
02    12.278   -2.911  -14.792  152.821  -24.909 -151.279    1606287897547
01    13.105   -2.273  -14.928  176.435   47.340 -105.642    1606287897563
02    12.332   -2.939  -14.819  153.610  -24.112 -152.093    1606287897563
01    13.127   -2.205  -15.013  174.669   48.257 -107.104    1606287897579
02    12.398   -2.960  -14.841  154.092  -22.682 -153.357    1606287897579
01    13.144   -2.135  -15.090  170.180   49.493 -110.172    1606287897594
02    12.464   -2.997  -14.864  153.700  -20.205 -155.165    1606287897594
01    13.230   -2.046  -15.084  162.402   51.224 -115.708    1606287897616
02    12.487   -2.978  -14.932  152.595  -17.373 -157.608    1606287897616
01    13.368   -2.025  -14.962  156.248   52.591 -120.069    1606287897632
02    12.467   -2.710  -15.040  154.286  -14.034 -160.741    1606287897632
01    13.450   -1.885  -14.792  149.279   52.400 -125.322    1606287897648
02    11.859   -2.419  -15.749  157.290   -8.421 -161.048    1606287897648
01    13.441   -1.607  -14.592  138.794   48.604 -132.781    1606287897663
02    10.762   -2.927  -17.013  162.078    0.190 -157.407    1606287897663
01    13.411   -1.258  -14.392  128.099   41.357 -139.000    1606287897679
02    10.752   -3.928  -17.554  171.424   15.534 -150.401    1606287897679
01    13.357   -0.845  -14.176  121.185   33.987 -140.904    1606287897694
02    11.590   -4.741  -17.415 -171.872   37.742 -137.015    1606287897694
01    13.284   -0.587  -14.025  117.671   29.276 -139.695    1606287897717
02    12.471   -5.059  -17.107 -148.051   54.773 -115.896    1606287897717
01    13.241   -0.493  -13.888  116.699   26.854 -137.749    1606287897733
02    13.052   -5.155  -16.864 -126.110   61.033  -95.686    1606287897733
01    13.136   -0.422  -13.840  116.965   25.024 -135.826    1606287897749
02    13.383   -5.152  -16.734 -114.136   62.935  -84.998    1606287897749
01    13.055   -0.343  -13.841  117.147   23.423 -134.687    1606287897764
02    13.562   -5.104  -16.693 -108.058   63.894  -79.977    1606287897764
01    13.010   -0.273  -13.848  117.177   22.580 -134.200    1606287897780
02    13.663   -5.086  -16.663 -105.068   64.359  -77.296    1606287897780
01    12.993   -0.263  -13.864  117.023   22.377 -133.806    1606287897795
02    13.728   -5.058  -16.660 -102.827   64.603  -75.450    1606287897795
01    13.001   -0.274  -13.855  116.747   22.532 -133.720    1606287897817
02    13.820   -5.070  -16.610 -100.303   64.357  -72.930    1606287897817
01    13.020   -0.304  -13.849  116.596   22.758 -133.708    1606287897833
02    13.863   -5.058  -16.590 -100.353   64.525  -73.183    1606287897833
01    13.004   -0.414  -13.859  117.015   23.334 -133.517    1606287897849
02    13.861   -4.994  -16.588 -104.453   65.357  -76.853    1606287897849
01    12.975   -0.567  -13.892  119.358   24.561 -133.210    1606287897865
02    13.783   -4.790  -16.610 -118.839   66.955  -90.388    1606287897865
01    12.943   -0.655  -13.971  124.308   26.335 -132.678    1606287897880
02    13.786   -4.459  -16.463 -144.267   66.687 -114.782    1606287897880
01    12.918   -0.755  -14.116  131.841   29.190 -131.051    1606287897896
02    14.264   -3.807  -15.501 -168.606   62.216 -137.049    1606287897896
01    12.855   -0.977  -14.377  146.379   34.373 -124.655    1606287897917
02    14.743   -3.848  -14.155  171.432   52.046 -150.314    1606287897917
01    12.828   -1.391  -14.683  162.290   39.172 -115.569    1606287897933
02    13.477   -4.154  -14.543  153.108   23.265 -156.609    1606287897933
01    12.818   -1.781  -14.842  170.103   41.491 -111.660    1606287897949
02    12.708   -3.470  -14.857  153.243   -4.760 -152.615    1606287897949
01    12.874   -1.969  -14.871  170.997   43.524 -112.100    1606287897964
02    12.439   -3.111  -14.946  153.735  -15.788 -150.230    1606287897964
01    12.960   -1.998  -14.877  170.144   45.312 -113.683    1606287897980
02    12.361   -2.951  -14.973  154.334  -19.293 -149.717    1606287897980
01    13.062   -2.007  -14.890  169.284   46.932 -114.948    1606287897996
02    12.346   -2.859  -15.012  155.213  -19.834 -150.551    1606287897996
01    13.152   -1.993  -14.883  168.695   48.170 -115.917    1606287898018
02    12.377   -2.819  -15.045  156.057  -19.180 -151.753    1606287898018
01    13.217   -1.982  -14.885  168.242   49.080 -116.642    1606287898033
02    12.393   -2.797  -15.093  156.650  -18.705 -152.708    1606287898033
01    13.284   -1.981  -14.863  167.808   49.774 -117.083    1606287898049
02    12.420   -2.786  -15.125  157.060  -18.090 -153.415    1606287898049
01    13.314   -1.898  -14.860  166.672   49.908 -117.996    1606287898065
02    12.425   -2.807  -15.142  156.626  -17.468 -153.856    1606287898065
01    13.335   -1.863  -14.848  164.608   49.890 -118.633    1606287898080
02    12.424   -2.830  -15.138  155.361  -16.182 -154.545    1606287898080
01    13.314   -1.856  -14.852  162.606   49.643 -118.938    1606287898096
02    12.398   -2.760  -15.166  154.813  -14.597 -156.471    1606287898096
01    13.326   -1.865  -14.746  158.193   49.228 -120.860    1606287898118
02    12.189   -2.477  -15.392  156.916  -11.169 -158.756    1606287898118
01    13.305   -1.650  -14.560  147.722   45.900 -128.313    1606287898134
02    11.318   -2.507  -16.321  160.378   -5.205 -157.905    1606287898134
01    13.251   -1.290  -14.290  133.838   37.664 -136.632    1606287898149
02    10.544   -3.292  -17.339  165.747    3.441 -154.244    1606287898149
01    13.142   -0.825  -14.051  126.180   29.721 -138.619    1606287898165
02    10.754   -4.323  -17.671  176.497   19.670 -146.148    1606287898165
01    13.066   -0.461  -13.916  122.558   24.964 -137.425    1606287898181
02    11.663   -5.006  -17.430 -166.722   40.434 -133.087    1606287898181
01    13.034   -0.416  -13.823  120.063   22.995 -135.459    1606287898196
02    12.539   -5.156  -17.084 -145.011   56.119 -115.065    1606287898196
01    12.983   -0.397  -13.785  119.014   21.506 -133.662    1606287898212
02    13.036   -5.166  -16.889 -126.429   62.068  -98.854    1606287898212
01    12.930   -0.333  -13.782  118.487   20.229 -132.570    1606287898234
02    13.348   -5.145  -16.748 -114.925   63.839  -88.578    1606287898234
01    12.911   -0.302  -13.775  118.054   19.548 -131.795    1606287898250
02    13.503   -5.075  -16.709 -109.654   64.338  -84.325    1606287898250
01    12.968   -0.276  -13.718  117.246   19.235 -131.645    1606287898266
02    13.600   -5.073  -16.659 -106.408   64.356  -81.260    1606287898266
01    13.001   -0.280  -13.691  116.402   18.982 -131.380    1606287898281
02    13.684   -5.053  -16.621 -104.127   64.706  -79.171    1606287898281
01    13.000   -0.272  -13.694  116.065   18.704 -130.984    1606287898297
02    13.688   -5.080  -16.630 -104.350   64.374  -79.298    1606287898297
01    12.997   -0.289  -13.719  115.849   18.737 -130.769    1606287898312
02    13.739   -5.125  -16.592 -103.141   63.982  -77.710    1606287898312
01    12.989   -0.365  -13.747  115.969   19.204 -130.891    1606287898334
02    13.740   -5.109  -16.607 -104.998   64.163  -79.171    1606287898334
01    12.968   -0.511  -13.796  118.158   20.496 -130.984    1606287898350
02    13.714   -4.989  -16.642 -111.927   65.351  -85.256    1606287898350
01    12.942   -0.624  -13.878  123.101   22.333 -131.402    1606287898366
02    13.692   -4.746  -16.611 -129.239   66.394 -101.566    1606287898366
01    12.888   -0.745  -14.046  131.381   25.297 -130.730    1606287898381
02    13.984   -4.255  -16.090 -152.131   64.355 -123.600    1606287898381
01    12.761   -0.990  -14.412  142.223   29.145 -127.615    1606287898397
02    14.804   -3.750  -14.590 -172.048   57.685 -139.845    1606287898397
01    12.738   -1.396  -14.756  154.626   34.230 -121.866    1606287898413
02    14.523   -4.240  -14.029  168.022   41.760 -150.845    1606287898413
01    12.737   -1.952  -15.029  164.126   38.226 -115.185    1606287898435
02    13.077   -3.997  -14.760  153.717    4.089 -152.825    1606287898435
01    12.871   -2.152  -15.048  166.674   41.429 -115.075    1606287898450
02    12.619   -3.477  -15.001  153.776  -12.317 -150.636    1606287898450
01    13.037   -2.172  -14.997  166.181   44.004 -116.940    1606287898466
02    12.468   -3.281  -15.102  153.651  -17.331 -150.138    1606287898466
01    13.133   -2.122  -14.983  165.968   45.558 -118.408    1606287898481
02    12.437   -3.156  -15.148  154.351  -18.915 -151.483    1606287898481
01    13.236   -2.093  -14.944  166.385   46.833 -118.995    1606287898497
02    12.468   -3.054  -15.170  155.694  -19.227 -153.307    1606287898497
01    13.293   -2.033  -14.942  166.880   47.506 -119.343    1606287898519
02    12.491   -2.998  -15.190  156.588  -19.289 -154.858    1606287898519
01    13.348   -1.988  -14.934  166.932   47.925 -119.771    1606287898535
02    12.534   -2.957  -15.194  157.351  -18.901 -156.490    1606287898535
01    13.333   -1.922  -14.999  166.205   47.868 -120.469    1606287898550
02    12.533   -2.939  -15.245  157.459  -18.406 -157.991    1606287898550
01    13.307   -1.899  -15.076  164.263   48.002 -121.270    1606287898566
02    12.547   -2.960  -15.282  156.625  -16.622 -159.626    1606287898566
01    13.336   -1.853  -15.107  161.017   48.448 -122.829    1606287898581
02    12.559   -2.871  -15.342  156.112  -14.415 -161.771    1606287898581
01    13.365   -1.839  -15.073  157.562   48.563 -124.091    1606287898597
02    12.376   -2.590  -15.569  157.714  -10.566 -162.445    1606287898597
01    13.415   -1.742  -14.880  149.264   47.017 -129.435    1606287898612
02    11.190   -2.543  -16.804  161.169   -4.674 -160.339    1606287898612
01    13.412   -1.490  -14.690  138.314   41.715 -136.149    1606287898619
02    10.491   -3.425  -17.820  166.921    5.759 -155.074    1606287898619
01    13.369   -1.108  -14.466  128.780   34.503 -139.974    1606287898650
02    11.146   -4.435  -17.918  177.975   24.824 -146.266    1606287898650
01    13.318   -0.762  -14.276  123.777   29.511 -140.209    1606287898666
02    12.235   -5.013  -17.576 -163.120   46.505 -129.925    1606287898666
01    13.262   -0.601  -14.156  120.851   26.235 -138.664    1606287898681
02    13.036   -5.173  -17.266 -137.651   59.429 -106.536    1606287898681
01    13.255   -0.513  -14.031  119.214   24.007 -136.896    1606287898697
02    13.453   -5.214  -17.082 -119.817   62.750  -89.853    1606287898697
01    13.207   -0.439  -13.968  118.523   22.252 -135.303    1606287898713
02    13.695   -5.161  -16.976 -110.003   63.919  -81.253    1606287898713
01    13.160   -0.408  -13.930  118.491   21.084 -134.184    1606287898719
02    13.801   -5.161  -16.914 -105.835   63.869  -77.438    1606287898719
01    13.139   -0.374  -13.900  118.877   20.422 -133.800    1606287898751
02    13.907   -5.142  -16.863 -102.912   64.116  -74.635    1606287898751
01    13.104   -0.407  -13.918  119.599   20.405 -133.421    1606287898766
02    13.982   -5.122  -16.831 -100.740   64.180  -72.723    1606287898766
01    13.087   -0.464  -13.937  120.376   20.514 -133.426    1606287898782
02    13.996   -5.146  -16.842 -101.147   64.055  -72.938    1606287898782
01    13.048   -0.595  -13.980  122.131   21.210 -133.354    1606287898798
02    13.966   -5.056  -16.878 -105.661   64.906  -77.503    1606287898798
01    13.015   -0.709  -14.054  126.313   22.846 -132.947    1606287898813
02    13.886   -4.832  -16.889 -121.686   66.346  -92.633    1606287898813
01    12.923   -0.776  -14.247  132.722   24.794 -131.703    1606287898820
02    14.010   -4.471  -16.621 -145.594   66.264 -115.906    1606287898820
01    12.825   -0.927  -14.568  141.210   28.139 -128.593    1606287898851
02    14.544   -3.944  -15.659 -168.661   60.958 -135.937    1606287898851
01    12.781   -1.304  -14.946  154.174   33.848 -121.518    1606287898867
02    14.777   -3.999  -14.748  172.558   49.322 -147.940    1606287898867
01    12.919   -1.821  -15.135  165.256   39.668 -114.138    1606287898882
02    14.079   -4.176  -14.830  157.884   28.155 -154.684    1606287898882
01    13.091   -2.132  -15.150  170.397   43.581 -111.372    1606287898898
02    13.363   -3.657  -15.190  155.611    4.986 -155.411    1606287898898
01    13.192   -2.284  -15.134  169.815   45.414 -112.933    1606287898914
02    12.981   -3.423  -15.373  155.364   -5.699 -153.859    1606287898914
01    13.275   -2.216  -15.141  168.725   46.413 -115.121    1606287898920
02    12.763   -3.291  -15.495  154.995  -10.566 -152.736    1606287898920
01    13.311   -2.228  -15.180  168.608   47.021 -115.303    1606287898952
02    12.681   -3.220  -15.555  154.548  -12.138 -152.129    1606287898952
01    13.380   -2.267  -15.173  168.951   47.973 -115.113    1606287898967
02    12.682   -3.158  -15.574  154.780  -12.252 -152.546    1606287898967
01    13.453   -2.268  -15.147  169.066   48.721 -115.348    1606287898983
02    12.713   -3.146  -15.571  155.029  -11.794 -153.183    1606287898983
01    13.471   -2.262  -15.169  168.793   48.994 -115.717    1606287898999
02    12.719   -3.100  -15.603  155.543  -11.608 -154.034    1606287898999
01    13.510   -2.259  -15.160  167.987   49.267 -116.186    1606287899014
02    12.733   -3.106  -15.615  155.282  -11.025 -154.684    1606287899014
01    13.537   -2.227  -15.147  166.447   49.292 -116.920    1606287899020
02    12.737   -3.087  -15.622  154.957  -10.267 -155.819    1606287899020
01    13.513   -2.179  -15.174  164.467   48.893 -117.608    1606287899052
02    12.711   -3.037  -15.657  154.661   -9.272 -157.174    1606287899052
01    13.467   -2.183  -15.226  162.652   48.711 -117.582    1606287899068
02    12.550   -2.813  -15.820  156.278   -6.840 -158.857    1606287899068
01    13.488   -2.159  -15.110  156.685   48.283 -121.251    1606287899083
02    11.630   -2.731  -16.712  159.561   -2.845 -158.262    1606287899083
01    13.504   -1.996  -14.923  144.526   44.433 -129.834    1606287899099
02    10.758   -3.428  -17.741  164.488    4.881 -154.935    1606287899099
01    13.446   -1.671  -14.688  134.080   37.150 -135.717    1606287899115
02    11.011   -4.350  -18.075  173.075   19.102 -148.932    1606287899115
01    13.347   -1.223  -14.495  128.732   30.828 -137.059    1606287899121
02    11.962   -5.137  -17.836 -172.501   39.447 -136.692    1606287899121
01    13.247   -0.970  -14.406  125.477   27.219 -135.936    1606287899137
02    12.866   -5.413  -17.469 -151.304   55.407 -117.934    1606287899137
01    13.203   -0.803  -14.323  123.095   24.972 -134.960    1606287899168
02    13.415   -5.430  -17.228 -130.658   62.042  -99.329    1606287899168
01    13.162   -0.685  -14.298  121.504   23.444 -134.034    1606287899184
02    13.720   -5.461  -17.080 -117.949   63.647  -87.553    1606287899184
01    13.150   -0.567  -14.302  120.279   22.616 -133.505    1606287899199
02    13.907   -5.434  -17.009 -110.204   64.473  -80.841    1606287899199
01    13.185   -0.574  -14.274  118.730   22.850 -133.157    1606287899215
02    13.983   -5.434  -16.980 -106.527   64.716  -77.530    1606287899215
01    13.249   -0.559  -14.239  117.392   23.145 -133.072    1606287899221
02    14.031   -5.483  -16.930 -104.006   64.112  -75.468    1606287899221
01    13.257   -0.561  -14.239  116.449   23.409 -132.636    1606287899237
02    14.017   -5.480  -16.926 -104.820   64.047  -76.428    1606287899237
01    13.239   -0.651  -14.260  115.857   23.960 -132.194    1606287899252
02    13.925   -5.394  -16.965 -110.255   64.391  -82.014    1606287899252
01    13.215   -0.803  -14.282  116.379   24.797 -132.171    1606287899284
02    13.836   -5.139  -16.930 -124.230   65.083  -95.255    1606287899284
01    13.172   -0.970  -14.361  119.496   26.334 -132.129    1606287899299
02    13.937   -4.685  -16.604 -148.016   64.260 -118.079    1606287899299
01    13.159   -1.075  -14.474  125.823   28.918 -131.744    1606287899315
02    14.540   -4.028  -15.419 -170.266   59.120 -137.321    1606287899315
01    13.145   -1.216  -14.649  135.923   33.132 -128.355    1606287899321
02    14.673   -4.244  -14.418  170.133   46.586 -148.423    1606287899321
01    13.094   -1.589  -14.885  151.989   38.371 -119.594    1606287899337
02    13.319   -4.497  -14.911  152.976   17.777 -153.579    1606287899337
01    13.185   -2.007  -14.904  167.318   42.356 -111.234    1606287899353
02    12.698   -3.818  -15.128  152.669   -8.515 -152.206    1606287899353
01    13.176   -2.239  -14.923  173.468   42.926 -108.286    1606287899384
02    12.486   -3.455  -15.126  154.186  -19.600 -151.364    1606287899384
01    13.123   -2.264  -14.989  174.751   42.797 -108.389    1606287899400
02    12.406   -3.297  -15.087  155.559  -24.072 -151.434    1606287899400
01    13.110   -2.269  -15.047  174.178   43.332 -109.087    1606287899418
02    12.389   -3.174  -15.073  156.599  -25.224 -152.283    1606287899418
01    13.145   -2.285  -15.058  172.862   44.337 -110.233    1606287899429
02    12.390   -3.119  -15.077  157.093  -25.392 -152.487    1606287899429
01    13.205   -2.208  -15.042  171.810   45.251 -111.814    1606287899445
02    12.401   -3.059  -15.082  157.893  -25.281 -153.003    1606287899445
01    13.215   -2.218  -15.059  170.629   45.739 -112.721    1606287899461
02    12.421   -3.041  -15.085  158.126  -24.746 -153.409    1606287899461
01    13.218   -2.192  -15.084  168.901   46.086 -114.286    1606287899476
02    12.466   -3.007  -15.073  158.648  -23.757 -154.572    1606287899476
01    13.212   -2.099  -15.113  165.508   46.463 -117.240    1606287899492
02    12.470   -3.015  -15.085  158.268  -22.159 -155.718    1606287899492
01    13.243   -2.059  -15.102  160.305   47.146 -120.879    1606287899508
02    12.475   -2.983  -15.110  157.440  -19.699 -157.952    1606287899508
01    13.301   -2.015  -15.046  156.662   47.628 -123.400    1606287899522
02    12.463   -2.865  -15.154  157.774  -16.457 -161.125    1606287899522
01    13.321   -1.977  -14.957  153.361   47.399 -125.052    1606287899538
02    11.960   -2.508  -15.714  159.949  -11.394 -162.201    1606287899538
01    13.348   -1.837  -14.773  145.599   44.986 -129.966    1606287899553
02    10.895   -2.783  -16.867  163.078   -4.035 -159.863    1606287899553
01    13.284   -1.489  -14.545  134.747   38.264 -135.617    1606287899584
02    10.537   -3.544  -17.640  169.029    8.316 -155.343    1606287899584
01    13.175   -1.073  -14.366  127.301   31.032 -137.549    1606287899600
02    11.121   -4.332  -17.776 -179.783   28.694 -146.567    1606287899600
01    13.128   -0.738  -14.220  123.294   26.483 -137.164    1606287899616
02    12.060   -4.849  -17.515 -162.240   49.189 -130.796    1606287899616
01    13.137   -0.614  -14.087  120.393   23.940 -135.954    1606287899622
02    12.789   -5.100  -17.262 -140.003   60.354 -109.755    1606287899622
01    13.127   -0.596  -14.017  118.900   22.362 -134.519    1606287899638
02    13.250   -5.118  -17.096 -123.167   64.069  -94.710    1606287899638
01    13.099   -0.570  -13.958  118.750   21.185 -133.451    1606287899654
02    13.503   -5.108  -17.015 -114.866   65.144  -87.267    1606287899654
01    13.034   -0.537  -13.987  119.323   20.336 -132.428    1606287899685
02    13.660   -5.101  -16.973 -110.215   65.720  -83.185    1606287899685
01    12.982   -0.491  -14.039  119.731   19.784 -131.982    1606287899701
02    13.758   -5.152  -16.945 -107.038   65.488  -80.240    1606287899701
01    12.988   -0.524  -14.056  119.685   20.004 -131.898    1606287899716
02    13.872   -5.183  -16.887 -104.032   65.511  -77.311    1606287899716
01    12.983   -0.564  -14.082  119.692   20.135 -131.892    1606287899723
02    13.845   -5.115  -16.931 -108.054   66.382  -81.221    1606287899723
01    12.976   -0.652  -14.127  120.831   20.945 -131.938    1606287899739
02    13.741   -4.868  -16.959 -124.404   68.430  -96.893    1606287899739
01    12.967   -0.780  -14.194  123.632   22.514 -132.107    1606287899754
02    13.724   -4.513  -16.795 -150.893   67.496 -122.735    1606287899754
01    12.959   -0.922  -14.313  128.684   25.033 -131.631    1606287899770
02    14.028   -4.145  -16.131 -172.530   61.951 -142.840    1606287899770
01    12.904   -1.029  -14.547  137.207   28.579 -129.153    1606287899801
02    14.484   -3.894  -14.949  172.350   51.210 -154.215    1606287899801
01    12.807   -1.457  -14.923  153.746   34.892 -120.412    1606287899817
02    13.988   -4.055  -14.748  161.262   32.050 -158.740    1606287899817
01    12.919   -2.123  -15.054  168.302   40.525 -110.695    1606287899823
02    13.159   -3.427  -15.074  159.075    3.204 -158.834    1606287899823
01    12.982   -2.374  -15.095  172.915   42.454 -109.281    1606287899839
02    12.757   -3.261  -15.200  159.290   -9.621 -155.731    1606287899839
01    13.066   -2.413  -15.043  172.682   43.525 -110.937    1606287899855
02    12.528   -3.225  -15.252  159.190  -15.380 -154.081    1606287899855
01    13.047   -2.413  -15.093  171.598   43.530 -112.167    1606287899870
02    12.395   -3.248  -15.285  158.291  -17.467 -153.458    1606287899870
01    13.075   -2.397  -15.114  170.600   44.003 -113.027    1606287899901
02    12.343   -3.228  -15.309  158.050  -18.011 -153.892    1606287899901
01    13.095   -2.359  -15.126  170.602   44.584 -113.546    1606287899917
02    12.317   -3.178  -15.342  158.950  -18.449 -154.354    1606287899917
01    13.125   -2.298  -15.144  170.250   45.176 -114.343    1606287899923
02    12.314   -3.180  -15.359  159.320  -18.547 -154.341    1606287899923
01    13.155   -2.236  -15.179  169.458   45.773 -115.004    1606287899940
02    12.328   -3.179  -15.371  159.174  -18.106 -154.293    1606287899940
01    13.179   -2.183  -15.220  167.358   46.483 -115.895    1606287899955
02    12.347   -3.185  -15.384  157.754  -16.810 -154.691    1606287899955
01    13.229   -2.159  -15.225  164.015   47.226 -117.349    1606287899971
02    12.369   -3.131  -15.405  156.498  -15.115 -156.204    1606287899971
01    13.268   -2.087  -15.229  160.462   47.607 -119.020    1606287899986
02    12.370   -3.042  -15.443  155.906  -12.997 -158.206    1606287899986
01    13.275   -2.098  -15.217  156.848   47.809 -120.474    1606287900017
02    12.151   -2.747  -15.717  157.917   -9.475 -159.860    1606287900017
01    13.331   -2.014  -15.077  148.953   46.862 -125.799    1606287900024
02    11.236   -2.703  -16.707  161.290   -4.267 -158.810    1606287900024
01    13.340   -1.766  -14.888  136.717   41.649 -133.743    1606287900040
02    10.544   -3.426  -17.645  166.002    4.367 -155.109    1606287900040
01    13.303   -1.328  -14.632  127.299   34.669 -137.869    1606287900055
02    10.772   -4.375  -17.990  175.528   20.051 -147.868    1606287900055
01    13.266   -0.890  -14.423  122.473   29.388 -138.060    1606287900071
02    11.680   -5.053  -17.781 -169.088   40.736 -135.252    1606287900071
01    13.241   -0.700  -14.300  119.008   26.420 -136.624    1606287900086
02    12.558   -5.297  -17.451 -147.892   55.913 -116.595    1606287900086
01    13.224   -0.680  -14.207  117.006   24.701 -134.844    1606287900118
02    13.139   -5.367  -17.199 -128.261   61.544  -98.533    1606287900118
01    13.193   -0.685  -14.120  116.835   23.514 -133.267    1606287900124
02    13.373   -5.336  -17.128 -118.953   62.933  -90.471    1606287900124
01    13.104   -0.638  -14.117  117.765   22.301 -131.806    1606287900140
02    13.523   -5.311  -17.058 -113.712   63.660  -86.139    1606287900140
01    12.996   -0.586  -14.176  118.637   21.383 -130.880    1606287900156
02    13.597   -5.241  -17.010 -114.129   64.547  -86.557    1606287900156
01    12.932   -0.560  -14.278  119.859   21.434 -130.743    1606287900171
02    13.581   -5.049  -17.014 -122.766   64.901  -94.456    1606287900171
01    12.930   -0.638  -14.385  121.960   22.993 -131.124    1606287900187
02    13.609   -4.767  -16.901 -138.842   64.765 -109.359    1606287900187
01    12.947   -0.798  -14.544  126.452   26.095 -131.059    1606287900202
02    13.859   -4.392  -16.501 -157.364   62.752 -126.940    1606287900202
01    12.954   -0.972  -14.770  134.741   30.341 -128.908    1606287900225
02    14.521   -3.994  -15.403 -175.309   56.829 -141.488    1606287900225
01    12.986   -1.345  -15.029  146.065   35.986 -123.183    1606287900240
02    14.686   -4.335  -14.538  166.623   43.994 -151.392    1606287900240
01    13.090   -1.908  -15.258  163.576   42.441 -111.719    1606287900256
02    13.481   -4.127  -15.071  155.167   14.877 -153.557    1606287900256
01    13.228   -2.328  -15.321  173.866   45.617 -105.238    1606287900271
02    12.965   -3.713  -15.300  154.281   -3.700 -151.251    1606287900271
01    13.264   -2.500  -15.370  176.844   46.701 -104.219    1606287900287
02    12.753   -3.502  -15.362  154.286  -13.107 -149.347    1606287900287
01    13.298   -2.518  -15.373  177.278   47.542 -104.961    1606287900303
02    12.632   -3.412  -15.412  154.587  -17.360 -148.382    1606287900303
01    13.366   -2.512  -15.373  176.842   48.529 -105.823    1606287900325
02    12.619   -3.370  -15.409  154.787  -18.203 -148.380    1606287900325
01    13.393   -2.504  -15.402  175.631   49.291 -107.021    1606287900341
02    12.604   -3.322  -15.444  155.017  -18.382 -148.789    1606287900341
01    13.421   -2.463  -15.413  174.068   50.040 -108.554    1606287900357
02    12.594   -3.328  -15.475  154.758  -17.988 -149.061    1606287900357
01    13.462   -2.418  -15.381  171.776   50.689 -110.418    1606287900372
02    12.592   -3.316  -15.490  154.531  -17.374 -149.576    1606287900372
01    13.442   -2.332  -15.397  169.032   50.594 -112.546    1606287900388
02    12.584   -3.285  -15.501  154.498  -16.610 -150.311    1606287900388
01    13.484   -2.229  -15.323  165.448   50.745 -115.073    1606287900403
02    12.580   -3.235  -15.490  154.619  -14.794 -152.086    1606287900403
01    13.486   -2.152  -15.215  159.618   49.927 -118.590    1606287900426
02    12.370   -2.925  -15.695  157.410  -11.339 -155.103    1606287900426
01    13.480   -1.953  -15.030  149.576   47.141 -125.673    1606287900441
02    11.482   -2.926  -16.590  161.273   -5.575 -154.673    1606287900441
01    13.420   -1.642  -14.828  137.627   40.813 -132.922    1606287900457
02    10.572   -3.729  -17.625  166.809    2.624 -151.014    1606287900457
01    13.321   -1.268  -14.593  129.377   33.781 -135.962    1606287900473
02    10.837   -4.676  -17.935  176.545   17.399 -144.533    1606287900473
01    13.182   -0.926  -14.460  125.621   28.473 -135.673    1606287900488
02    11.712   -5.242  -17.760 -168.603   37.059 -133.810    1606287900488
01    13.146   -0.756  -14.336  123.426   25.756 -134.757    1606287900504
02    12.540   -5.391  -17.493 -150.365   52.540 -118.876    1606287900504
01    13.088   -0.612  -14.270  122.554   23.904 -133.331    1606287900526
02    13.084   -5.355  -17.322 -133.500   60.437 -104.119    1606287900526
01    13.038   -0.584  -14.239  121.740   22.781 -131.970    1606287900542
02    13.388   -5.263  -17.237 -122.592   64.026  -94.590    1606287900542
01    13.020   -0.558  -14.211  121.183   22.055 -131.078    1606287900558
02    13.588   -5.237  -17.156 -115.080   65.383  -87.537    1606287900558
01    13.003   -0.521  -14.201  120.956   21.662 -130.668    1606287900573
02    13.705   -5.207  -17.100 -111.504   66.096  -84.489    1606287900573
01    12.989   -0.501  -14.219  120.732   21.557 -130.478    1606287900589
02    13.791   -5.161  -17.083 -108.686   66.758  -81.915    1606287900589
01    13.007   -0.545  -14.211  120.381   21.950 -130.489    1606287900605
02    13.885   -5.122  -17.043 -105.779   66.764  -79.589    1606287900605
01    12.998   -0.584  -14.239  120.473   22.248 -130.464    1606287900627
02    13.892   -5.083  -17.053 -107.799   66.958  -81.333    1606287900627
01    12.966   -0.675  -14.286  121.368   22.914 -130.341    1606287900643
02    13.817   -4.976  -17.089 -117.288   67.256  -89.921    1606287900643
01    12.945   -0.830  -14.342  124.017   24.520 -130.148    1606287900658
02    13.728   -4.762  -17.086 -133.332   67.589 -104.845    1606287900658
01    12.920   -0.897  -14.455  129.296   26.628 -129.694    1606287900674
02    13.808   -4.450  -16.866 -154.457   66.476 -125.266    1606287900674
01    12.875   -1.019  -14.666  137.004   29.878 -127.506    1606287900689
02    14.257   -3.942  -16.003 -173.942   61.349 -142.798    1606287900689
01    12.876   -1.282  -14.906  149.259   35.312 -121.834    1606287900705
02    14.772   -3.825  -14.792  171.678   52.176 -152.833    1606287900705
01    12.934   -1.730  -15.133  162.534   40.275 -113.538    1606287900727
02    14.213   -4.164  -14.609  158.354   32.646 -158.071    1606287900727
01    13.044   -2.147  -15.164  171.958   43.483 -107.707    1606287900743
02    13.183   -3.503  -15.121  156.605    2.518 -155.812    1606287900743
01    13.148   -2.239  -15.156  176.290   45.236 -106.449    1606287900758
02    12.692   -3.244  -15.353  156.346  -10.301 -152.521    1606287900758
01    13.178   -2.189  -15.200  176.873   45.906 -107.399    1606287900774
02    12.497   -3.082  -15.453  156.646  -15.344 -150.686    1606287900774
01    13.186   -2.222  -15.223  176.146   46.381 -107.881    1606287900789
02    12.437   -3.050  -15.464  156.497  -17.154 -149.358    1606287900789
01    13.235   -2.204  -15.211  174.357   47.167 -109.281    1606287900805
02    12.413   -3.027  -15.480  156.270  -17.870 -148.660    1606287900805
01    13.289   -2.172  -15.200  172.421   48.023 -110.719    1606287900827
02    12.416   -3.008  -15.479  155.987  -18.048 -148.020    1606287900827
01    13.314   -2.136  -15.215  170.834   48.507 -111.874    1606287900843
02    12.416   -2.948  -15.496  156.094  -18.262 -147.817    1606287900843
01    13.359   -2.074  -15.216  169.763   49.202 -112.709    1606287900859
02    12.444   -2.928  -15.500  155.566  -17.716 -147.511    1606287900859
01    13.407   -1.996  -15.207  167.943   49.702 -113.808    1606287900874
02    12.472   -2.923  -15.490  154.389  -16.699 -147.323    1606287900874
01    13.458   -1.948  -15.170  165.830   50.028 -114.685    1606287900890
02    12.479   -2.877  -15.490  153.380  -15.834 -147.835    1606287900890
01    13.467   -1.939  -15.148  163.437   49.787 -115.205    1606287900905
02    12.494   -2.822  -15.472  152.487  -14.344 -149.134    1606287900905
01    13.455   -1.918  -15.118  160.345   49.209 -116.183    1606287900928
02    12.448   -2.577  -15.534  153.522  -12.033 -152.589    1606287900928
01    13.459   -1.802  -15.015  152.024   47.296 -121.892    1606287900943
02    12.088   -2.380  -15.978  156.736   -7.353 -153.535    1606287900943
01    13.422   -1.505  -14.849  139.702   41.874 -130.217    1606287900959
02    11.562   -2.660  -16.685  160.715   -0.472 -151.390    1606287900959
01    13.393   -1.129  -14.682  131.473   35.983 -134.883    1606287900975
02    11.259   -3.339  -17.300  166.006    8.480 -147.272    1606287900975
01    13.344   -0.878  -14.596  127.117   31.906 -136.246    1606287900990
02    11.377   -4.144  -17.583  174.996   22.092 -139.859    1606287900990
01    13.319   -0.781  -14.558  124.962   29.677 -135.918    1606287901006
02    11.782   -4.762  -17.615 -173.810   35.455 -131.213    1606287901006
01    13.310   -0.700  -14.564  123.709   28.566 -135.426    1606287901028
02    12.272   -5.210  -17.527 -160.806   46.108 -120.898    1606287901028
01    13.308   -0.687  -14.598  122.862   28.088 -134.840    1606287901044
02    12.783   -5.477  -17.391 -147.077   53.373 -109.770    1606287901044
01    13.310   -0.723  -14.660  121.908   28.229 -134.589    1606287901059
02    13.220   -5.594  -17.283 -134.918   57.888  -99.576    1606287901059
01    13.392   -0.768  -14.663  121.062   28.970 -134.889    1606287901075
02    13.605   -5.708  -17.167 -125.587   59.830  -91.109    1606287901075
01    13.425   -0.854  -14.715  120.448   29.859 -134.942    1606287901091
02    13.889   -5.830  -17.103 -119.521   60.267  -85.607    1606287901091
01    13.462   -0.967  -14.744  119.959   30.815 -135.023    1606287901106
02    14.081   -5.791  -17.068 -116.777   60.967  -83.701    1606287901106
01    13.495   -1.056  -14.765  120.089   31.555 -135.446    1606287901128
02    14.126   -5.579  -17.072 -124.138   61.968  -90.725    1606287901128
01    13.472   -1.212  -14.858  122.454   33.102 -134.874    1606287901144
02    14.288   -5.138  -16.844 -140.337   62.504 -105.563    1606287901144
01    13.471   -1.394  -14.978  128.192   36.353 -133.139    1606287901160
02    14.733   -4.649  -16.184 -162.685   61.221 -125.205    1606287901160
01    13.492   -1.684  -15.151  137.119   40.791 -128.733    1606287901175
02    15.217   -4.568  -15.107  173.173   53.138 -142.886    1606287901175
01    13.505   -2.182  -15.319  153.063   46.197 -117.997    1606287901191
02    14.790   -5.007  -14.759  154.215   35.184 -152.932    1606287901191
01    13.610   -2.560  -15.228  166.824   49.681 -108.708    1606287901206
02    13.843   -4.269  -15.163  152.106    8.719 -153.159    1606287901206
01    13.534   -2.564  -15.277  171.144   49.579 -107.465    1606287901229
02    13.347   -3.865  -15.337  153.130   -5.438 -152.412    1606287901229
01    13.493   -2.466  -15.296  171.182   49.564 -108.896    1606287901244
02    13.071   -3.606  -15.423  154.605  -12.801 -152.364    1606287901244
01    13.495   -2.431  -15.312  170.183   49.950 -109.985    1606287901260
02    12.901   -3.450  -15.485  155.100  -16.050 -152.501    1606287901260
01    13.534   -2.401  -15.303  168.113   50.765 -111.696    1606287901275
02    12.861   -3.349  -15.497  155.426  -16.447 -153.324    1606287901275
01    13.534   -2.359  -15.333  166.178   51.237 -113.393    1606287901291
02    12.822   -3.272  -15.535  155.674  -16.472 -154.010    1606287901291
01    13.564   -2.315  -15.342  164.326   51.891 -115.006    1606287901307
02    12.817   -3.204  -15.563  155.784  -15.971 -154.574    1606287901307
01    13.635   -2.239  -15.322  162.448   52.652 -116.685    1606287901329
02    12.833   -3.163  -15.574  155.542  -15.121 -154.964    1606287901329
01    13.665   -2.167  -15.313  160.309   53.044 -118.215    1606287901344
02    12.839   -3.126  -15.588  154.836  -14.205 -155.334    1606287901344
01    13.727   -2.111  -15.251  157.840   53.260 -119.688    1606287901360
02    12.840   -3.018  -15.605  154.371  -13.350 -156.088    1606287901360
01    13.723   -2.028  -15.236  156.146   52.692 -120.423    1606287901376
02    12.812   -2.919  -15.620  153.932  -11.936 -157.084    1606287901376
