01    17.209   -0.899   -6.497  -61.641   21.072   32.660    1608096321666
02    14.470    1.751  -10.606 -148.425   69.443  138.696    1608096321666
01    17.208   -0.906   -6.495  -61.668   21.072   32.637    1608096321681
02    14.465    1.758  -10.612 -148.564   69.471  138.573    1608096321681
01    17.212   -0.905   -6.492  -61.653   21.099   32.634    1608096321697
02    14.460    1.746  -10.620 -148.506   69.453  138.705    1608096321697
01    17.213   -0.906   -6.493  -61.644   21.089   32.600    1608096321719
02    14.467    1.740  -10.612 -148.622   69.518  138.694    1608096321719
01    17.213   -0.900   -6.489  -61.559   21.102   32.575    1608096321735
02    14.468    1.748  -10.606 -148.696   69.592  138.626    1608096321735
01    17.213   -0.908   -6.487  -61.656   21.053   32.506    1608096321750
02    14.458    1.756  -10.616 -149.130   69.591  138.253    1608096321750
01    17.214   -0.912   -6.487  -61.679   21.037   32.433    1608096321766
02    14.471    1.744  -10.606 -149.084   69.807  138.567    1608096321766
01    17.215   -0.913   -6.486  -61.625   21.013   32.391    1608096321782
02    14.468    1.752  -10.609 -149.256   69.920  138.392    1608096321782
01    17.218   -0.905   -6.480  -61.510   21.038   32.454    1608096321797
02    14.470    1.755  -10.606 -149.304   70.030  138.344    1608096321797
01    17.221   -0.905   -6.476  -61.494   21.043   32.451    1608096321819
02    14.470    1.754  -10.609 -149.453   70.071  138.290    1608096321819
01    17.224   -0.897   -6.471  -61.429   21.060   32.485    1608096321835
02    14.464    1.759  -10.618 -149.557   70.049  138.197    1608096321835
01    17.222   -0.897   -6.476  -61.421   21.054   32.445    1608096321851
02    14.459    1.766  -10.626 -149.673   70.049  138.034    1608096321851
01    17.223   -0.888   -6.478  -61.309   21.045   32.427    1608096321866
02    14.465    1.765  -10.618 -149.664   70.209  138.142    1608096321866
01    17.224   -0.889   -6.477  -61.329   21.039   32.399    1608096321882
02    14.467    1.770  -10.615 -149.678   70.303  138.111    1608096321882
01    17.224   -0.888   -6.482  -61.314   21.064   32.298    1608096321898
02    14.465    1.772  -10.618 -149.758   70.228  138.041    1608096321898
01    17.224   -0.904   -6.483  -61.460   20.995   32.253    1608096321920
02    14.465    1.769  -10.619 -149.829   70.257  138.029    1608096321920
01    17.223   -0.908   -6.485  -61.458   20.986   32.237    1608096321935
02    14.464    1.767  -10.618 -149.760   70.241  138.100    1608096321935
01    17.224   -0.904   -6.481  -61.386   20.971   32.289    1608096321951
02    14.462    1.765  -10.622 -149.638   70.173  138.229    1608096321951
01    17.223   -0.898   -6.483  -61.352   21.017   32.301    1608096321967
02    14.460    1.770  -10.623 -149.657   70.183  138.173    1608096321967
01    17.223   -0.893   -6.487  -61.319   21.059   32.297    1608096321982
02    14.460    1.776  -10.621 -149.631   70.204  138.159    1608096321982
01    17.225   -0.888   -6.484  -61.294   20.999   32.311    1608096321998
02    14.458    1.778  -10.623 -149.624   70.181  138.160    1608096321998
01    17.227   -0.884   -6.480  -61.260   21.022   32.394    1608096322020
02    14.458    1.774  -10.626 -149.637   70.152  138.207    1608096322020
01    17.227   -0.884   -6.479  -61.288   21.041   32.406    1608096322036
02    14.461    1.777  -10.624 -149.669   70.162  138.194    1608096322036
01    17.230   -0.882   -6.474  -61.311   21.047   32.462    1608096322051
02    14.468    1.777  -10.616 -149.551   70.233  138.309    1608096322051
01    17.237   -0.874   -6.462  -61.285   21.034   32.518    1608096322067
02    14.479    1.780  -10.604 -149.492   70.283  138.368    1608096322067
01    17.229   -0.862   -6.490  -61.301   21.094   32.426    1608096322082
02    14.474    1.786  -10.613 -149.551   70.224  138.289    1608096322082
01    17.227   -0.861   -6.494  -61.324   21.116   32.391    1608096322098
02    14.475    1.783  -10.609 -149.540   70.230  138.324    1608096322098
01    17.227   -0.856   -6.485  -61.303   21.107   32.417    1608096322120
02    14.474    1.789  -10.606 -149.509   70.244  138.326    1608096322120
01    17.223   -0.859   -6.500  -61.344   21.127   32.343    1608096322136
02    14.473    1.792  -10.603 -149.542   70.250  138.284    1608096322136
01    17.220   -0.864   -6.502  -61.394   21.146   32.328    1608096322151
02    14.467    1.795  -10.611 -149.637   70.195  138.177    1608096322151
01    17.223   -0.852   -6.493  -61.364   21.165   32.372    1608096322167
02    14.466    1.798  -10.613 -149.681   70.174  138.125    1608096322167
01    17.222   -0.865   -6.496  -61.417   21.164   32.353    1608096322183
02    14.472    1.800  -10.606 -149.621   70.201  138.193    1608096322183
01    17.222   -0.867   -6.490  -61.432   21.159   32.387    1608096322198
02    14.471    1.804  -10.606 -149.622   70.188  138.163    1608096322198
01    17.226   -0.864   -6.478  -61.413   21.137   32.445    1608096322221
02    14.473    1.801  -10.603 -149.587   70.183  138.207    1608096322221
01    17.229   -0.863   -6.473  -61.403   21.122   32.485    1608096322236
02    14.473    1.809  -10.599 -149.617   70.213  138.163    1608096322236
01    17.227   -0.854   -6.477  -61.394   21.141   32.469    1608096322252
02    14.474    1.811  -10.595 -149.573   70.233  138.202    1608096322252
01    17.225   -0.850   -6.483  -61.374   21.153   32.458    1608096322267
02    14.471    1.814  -10.602 -149.617   70.199  138.141    1608096322267
01    17.220   -0.845   -6.494  -61.386   21.196   32.409    1608096322283
02    14.467    1.832  -10.603 -149.683   70.222  137.978    1608096322283
01    17.221   -0.835   -6.491  -61.349   21.202   32.440    1608096322299
02    14.473    1.824  -10.597 -149.602   70.243  138.083    1608096322299
01    17.220   -0.827   -6.492  -61.330   21.216   32.436    1608096322321
02    14.477    1.832  -10.588 -149.468   70.288  138.186    1608096322321
01    17.220   -0.825   -6.491  -61.322   21.222   32.447    1608096322336
02    14.468    1.838  -10.603 -149.564   70.212  138.073    1608096322336
01    17.221   -0.831   -6.489  -61.365   21.229   32.446    1608096322352
02    14.463    1.839  -10.609 -149.616   70.177  138.022    1608096322352
01    17.223   -0.830   -6.487  -61.364   21.239   32.468    1608096322368
02    14.467    1.830  -10.604 -149.576   70.200  138.128    1608096322368
01    17.223   -0.821   -6.489  -61.345   21.252   32.462    1608096322383
02    14.471    1.835  -10.601 -149.578   70.205  138.123    1608096322383
01    17.225   -0.829   -6.482  -61.412   21.246   32.485    1608096322399
02    14.469    1.837  -10.605 -149.565   70.171  138.125    1608096322399
01    17.224   -0.829   -6.486  -61.451   21.271   32.471    1608096322421
02    14.471    1.831  -10.606 -149.594   70.153  138.160    1608096322421
01    17.226   -0.826   -6.485  -61.433   21.259   32.483    1608096322437
02    14.470    1.840  -10.608 -149.675   70.132  138.040    1608096322437
01    17.229   -0.825   -6.487  -61.444   21.269   32.484    1608096322452
02    14.476    1.840  -10.603 -149.604   70.144  138.117    1608096322452
01    17.233   -0.820   -6.483  -61.414   21.283   32.526    1608096322468
02    14.478    1.842  -10.602 -149.591   70.114  138.133    1608096322468
01    17.235   -0.817   -6.480  -61.435   21.294   32.603    1608096322484
02    14.481    1.848  -10.598 -149.561   70.112  138.133    1608096322484
01    17.232   -0.817   -6.491  -61.520   21.338   32.536    1608096322499
02    14.487    1.854  -10.594 -149.540   70.092  138.151    1608096322499
01    17.231   -0.806   -6.494  -61.482   21.373   32.556    1608096322521
02    14.494    1.875  -10.583 -149.522   70.109  138.132    1608096322521
01    17.232   -0.805   -6.496  -61.522   21.395   32.583    1608096322537
02    14.493    1.863  -10.594 -149.457   70.046  138.202    1608096322537
01    17.230   -0.811   -6.498  -61.590   21.386   32.573    1608096322553
02    14.498    1.869  -10.590 -149.356   70.037  138.271    1608096322553
01    17.230   -0.813   -6.499  -61.652   21.403   32.621    1608096322568
02    14.504    1.863  -10.587 -149.289   70.026  138.354    1608096322568
01    17.233   -0.803   -6.498  -61.583   21.401   32.659    1608096322584
02    14.505    1.878  -10.588 -149.278   70.035  138.312    1608096322584
01    17.238   -0.803   -6.490  -61.571   21.346   32.724    1608096322599
02    14.507    1.877  -10.590 -149.279   70.051  138.319    1608096322599
01    17.237   -0.804   -6.491  -61.620   21.369   32.714    1608096322622
02    14.500    1.872  -10.604 -149.291   69.973  138.303    1608096322622
01    17.237   -0.807   -6.490  -61.647   21.362   32.696    1608096322637
02    14.492    1.871  -10.616 -149.340   69.877  138.225    1608096322637
01    17.234   -0.809   -6.496  -61.692   21.387   32.640    1608096322653
02    14.493    1.878  -10.606 -149.205   69.931  138.303    1608096322653
01    17.233   -0.815   -6.495  -61.755   21.356   32.653    1608096322669
02    14.496    1.873  -10.603 -149.154   69.943  138.372    1608096322669
01    17.232   -0.814   -6.494  -61.743   21.362   32.698    1608096322684
02    14.492    1.866  -10.608 -149.171   69.877  138.362    1608096322684
01    17.232   -0.813   -6.488  -61.704   21.337   32.757    1608096322700
02    14.492    1.864  -10.608 -149.117   69.837  138.390    1608096322700
01    17.230   -0.804   -6.490  -61.671   21.377   32.740    1608096322722
02    14.489    1.863  -10.608 -148.883   69.797  138.567    1608096322722
01    17.227   -0.804   -6.490  -61.669   21.397   32.738    1608096322738
02    14.480    1.858  -10.617 -148.918   69.612  138.498    1608096322738
01    17.226   -0.805   -6.491  -61.678   21.396   32.724    1608096322753
02    14.471    1.857  -10.620 -148.806   69.571  138.558    1608096322753
01    17.225   -0.803   -6.488  -61.655   21.402   32.766    1608096322769
02    14.472    1.854  -10.614 -148.706   69.573  138.641    1608096322769
01    17.223   -0.804   -6.488  -61.668   21.416   32.755    1608096322784
02    14.476    1.849  -10.605 -148.599   69.614  138.757    1608096322784
01    17.221   -0.806   -6.490  -61.690   21.421   32.742    1608096322800
02    14.471    1.846  -10.610 -148.613   69.530  138.715    1608096322800
01    17.215   -0.813   -6.496  -61.735   21.452   32.702    1608096322822
02    14.468    1.850  -10.609 -148.630   69.518  138.602    1608096322822
01    17.204   -0.829   -6.510  -61.844   21.454   32.584    1608096322838
02    14.465    1.851  -10.608 -148.694   69.482  138.470    1608096322838
01    17.200   -0.817   -6.504  -61.792   21.474   32.619    1608096322853
02    14.459    1.841  -10.611 -148.617   69.322  138.601    1608096322853
01    17.192   -0.806   -6.504  -61.790   21.480   32.600    1608096322869
02    14.455    1.830  -10.604 -148.237   69.232  138.934    1608096322869
01    17.191   -0.790   -6.501  -61.770   21.561   32.657    1608096322885
02    14.459    1.808  -10.573 -147.094   68.986  140.037    1608096322885
01    17.183   -0.791   -6.503  -61.851   21.610   32.649    1608096322900
02    14.444    1.789  -10.542 -145.818   68.156  140.985    1608096322900
01    17.174   -0.805   -6.501  -62.176   21.746   32.722    1608096322922
02    14.427    1.737  -10.492 -144.467   67.045  142.101    1608096322922
01    17.168   -0.808   -6.496  -62.347   21.753   32.777    1608096322938
02    14.388    1.725  -10.492 -143.674   65.638  142.518    1608096322938
01    17.160   -0.802   -6.502  -62.477   21.976   32.757    1608096322954
02    14.361    1.707  -10.503 -142.924   64.619  143.012    1608096322954
01    17.151   -0.808   -6.499  -62.739   22.065   32.804    1608096322969
02    14.360    1.681  -10.486 -141.927   64.231  143.974    1608096322969
01    17.117   -0.794   -6.539  -63.229   22.674   32.688    1608096322985
02    14.385    1.644  -10.434 -139.137   63.311  146.389    1608096322985
01    17.024   -0.693   -6.646  -64.247   24.446   32.535    1608096323001
02    14.463    1.560  -10.278 -132.496   60.351  152.072    1608096323001
01    16.908   -0.609   -6.735  -66.139   26.632   32.487    1608096323023
02    14.497    1.415  -10.109 -126.278   54.520  156.777    1608096323023
01    16.782   -0.541   -6.849  -68.697   28.899   31.838    1608096323038
02    14.452    1.291   -9.983 -122.084   47.622  158.857    1608096323038
01    16.609   -0.421   -6.939  -71.799   31.335   31.013    1608096323054
02    14.415    1.257   -9.757 -118.068   40.450  159.409    1608096323054
01    16.385   -0.255   -6.971  -76.065   33.800   30.605    1608096323070
02    14.267    1.154   -9.593 -114.383   30.110  157.464    1608096323070
01    16.131   -0.145   -6.941  -81.907   35.741   30.867    1608096323085
02    14.150    0.883   -9.389 -111.071   17.309  155.068    1608096323085
01    15.855   -0.115   -6.966  -88.578   36.771   31.298    1608096323101
02    14.171    0.469   -9.086 -108.592    4.706  153.681    1608096323101
01    15.581   -0.159   -7.026  -95.188   36.984   32.085    1608096323123
02    14.409    0.178   -8.573 -105.677   -5.868  154.862    1608096323123
01    15.356   -0.129   -7.161  -98.703   35.922   31.779    1608096323139
02    14.454    0.200   -8.341 -104.892  -10.354  154.345    1608096323139
01    15.250   -0.156   -7.178  -99.404   33.751   31.995    1608096323154
02    14.445    0.125   -8.212 -105.481  -12.692  154.578    1608096323154
01    15.223   -0.144   -7.139  -98.549   31.750   32.367    1608096323170
02    14.466    0.083   -8.081 -105.592  -13.866  155.100    1608096323170
01    15.220   -0.197   -7.111  -97.653   30.113   32.759    1608096323186
02    14.488    0.058   -8.024 -105.236  -14.499  155.653    1608096323186
01    15.248   -0.197   -7.063  -96.519   29.097   33.391    1608096323201
02    14.504    0.009   -7.991 -104.992  -15.039  156.122    1608096323201
01    15.263   -0.200   -7.041  -95.508   28.320   33.953    1608096323223
02    14.524   -0.019   -7.960 -104.765  -15.540  156.464    1608096323223
01    15.280   -0.224   -7.021  -94.728   27.860   34.340    1608096323239
02    14.524   -0.049   -7.966 -104.551  -15.732  156.110    1608096323239
01    15.300   -0.225   -7.013  -94.015   27.847   34.465    1608096323255
02    14.535   -0.061   -7.952 -104.297  -15.645  155.738    1608096323255
01    15.319   -0.218   -7.025  -93.461   28.016   34.404    1608096323270
02    14.555   -0.048   -7.947 -103.978  -15.383  155.400    1608096323270
01    15.336   -0.201   -7.024  -92.942   28.129   34.459    1608096323286
02    14.575   -0.024   -7.929 -103.746  -15.183  155.544    1608096323286
01    15.348   -0.195   -7.024  -92.645   28.215   34.601    1608096323301
02    14.569   -0.033   -7.959 -103.724  -15.188  155.650    1608096323301
01    15.350   -0.173   -7.026  -92.408   28.362   34.756    1608096323324
02    14.571   -0.039   -7.971 -103.814  -15.131  156.034    1608096323324
01    15.348   -0.173   -7.051  -92.338   28.589   34.844    1608096323339
02    14.597   -0.023   -7.955 -103.911  -14.848  156.930    1608096323339
01    15.347   -0.173   -7.093  -92.191   29.014   34.832    1608096323355
02    14.622   -0.037   -7.971 -104.086  -14.382  157.920    1608096323355
01    15.357   -0.166   -7.137  -91.807   29.672   34.720    1608096323371
02    14.674   -0.040   -7.963 -104.330  -13.303  159.529    1608096323371
01    15.372   -0.164   -7.200  -91.263   30.540   34.255    1608096323386
02    14.748   -0.142   -7.936 -105.927  -10.362  161.889    1608096323386
01    15.411   -0.304   -7.265  -90.305   30.687   33.164    1608096323402
02    14.751   -0.395   -8.103 -111.735    1.036  165.818    1608096323402
01    15.581   -0.602   -7.151  -86.984   27.477   32.529    1608096323424
02    14.401   -0.617   -8.966 -121.010   18.077  163.757    1608096323424
01    15.967   -0.961   -6.681  -79.151   18.814   32.212    1608096323440
02    13.920   -0.127  -10.140 -131.315   36.629  155.451    1608096323440
01    16.380   -1.057   -6.132  -70.008    9.265   30.589    1608096323455
02    13.848    0.819  -10.828 -142.663   55.853  145.015    1608096323455
01    16.679   -0.972   -5.804  -63.502    3.813   28.338    1608096323471
02    14.225    1.555  -10.955 -155.312   73.848  134.814    1608096323471
01    16.864   -0.874   -5.683  -59.669    2.939   26.845    1608096323486
02    14.530    1.938  -10.786  158.029   83.839   90.632    1608096323486
01    16.974   -0.835   -5.687  -57.229    3.545   25.272    1608096323502
02    14.608    2.200  -10.628  109.256   80.097   42.446    1608096323502
01    17.018   -0.805   -5.670  -56.087    3.662   24.543    1608096323524
02    14.666    2.328  -10.509   94.945   76.146   29.644    1608096323524
01    17.024   -0.773   -5.636  -55.635    3.428   24.115    1608096323540
02    14.703    2.417  -10.433   88.639   73.485   24.467    1608096323540
01    17.017   -0.742   -5.624  -55.470    3.635   24.007    1608096323555
02    14.709    2.486  -10.366   87.032   71.770   23.045    1608096323555
01    17.010   -0.727   -5.616  -55.458    3.932   24.225    1608096323571
02    14.719    2.549  -10.306   86.422   70.586   22.218    1608096323571
01    17.009   -0.731   -5.622  -55.496    4.315   24.543    1608096323587
02    14.725    2.585  -10.281   86.252   70.113   21.951    1608096323587
01    17.016   -0.711   -5.637  -55.215    4.659   24.832    1608096323602
02    14.740    2.611  -10.255   85.255   69.554   20.882    1608096323602
01    17.026   -0.711   -5.638  -55.101    4.983   25.149    1608096323624
02    14.742    2.638  -10.248   85.649   69.279   21.023    1608096323624
01    17.030   -0.707   -5.669  -54.957    5.409   25.123    1608096323640
02    14.734    2.656  -10.249   86.584   69.361   21.708    1608096323640
01    17.038   -0.720   -5.678  -55.022    5.664   25.223    1608096323656
02    14.726    2.627  -10.251   87.574   70.065   22.659    1608096323656
01    17.036   -0.719   -5.714  -55.027    6.206   25.234    1608096323671
02    14.708    2.593  -10.261   89.318   71.025   24.100    1608096323671
01    17.031   -0.716   -5.748  -55.155    6.749   25.354    1608096323687
02    14.699    2.555  -10.276   90.666   72.235   25.149    1608096323687
01    17.023   -0.707   -5.782  -55.338    7.279   25.576    1608096323703
02    14.694    2.510  -10.298   91.926   73.639   26.148    1608096323703
01    17.002   -0.688   -5.819  -55.721    7.915   25.888    1608096323725
02    14.697    2.403  -10.321   94.551   76.490   28.639    1608096323725
01    16.937   -0.650   -5.925  -56.600    9.108   26.313    1608096323740
02    14.695    2.117  -10.343  109.662   82.232   43.600    1608096323740
01    16.794   -0.532   -6.124  -58.671   11.854   27.255    1608096323756
02    14.784    1.578  -10.080 -133.277   82.448  160.175    1608096323756
01    16.570   -0.344   -6.361  -62.415   16.135   28.639    1608096323772
02    14.786    1.503   -9.634 -111.618   62.811  175.173    1608096323772
01    16.257   -0.089   -6.627  -67.819   21.717   29.258    1608096323787
02    14.477    1.568   -9.337 -110.019   41.303  164.167    1608096323787
01    15.941    0.139   -6.711  -74.574   26.316   29.700    1608096323803
02    14.108    1.303   -9.177 -110.430   18.351  154.063    1608096323803
01    15.602    0.319   -6.673  -83.342   29.497   30.465    1608096323825
02    13.925    0.663   -8.945 -107.509   -1.017  149.814    1608096323825
01    15.266    0.014   -6.900  -93.980   29.401   27.651    1608096323841
02    13.982    0.329   -8.536 -103.966  -11.902  149.021    1608096323841
01    15.174   -0.085   -6.950  -96.322   28.483   27.230    1608096323856
02    14.118    0.172   -8.138 -103.028  -15.527  149.967    1608096323856
01    15.172   -0.127   -6.939  -95.742   27.107   27.837    1608096323872
02    14.239    0.107   -7.884 -101.943  -17.284  151.245    1608096323872
01    15.208   -0.125   -6.852  -94.591   25.893   29.345    1608096323888
02    14.332    0.077   -7.742 -101.600  -18.308  153.337    1608096323888
01    15.239   -0.129   -6.760  -94.052   25.074   30.920    1608096323903
02    14.391    0.050   -7.673 -102.083  -18.767  155.144    1608096323903
01    15.242   -0.146   -6.749  -94.044   24.578   31.592    1608096323925
02    14.416    0.003   -7.665 -102.872  -18.881  156.062    1608096323925
01    15.261   -0.182   -6.769  -93.887   24.363   31.731    1608096323941
02    14.443   -0.051   -7.678 -103.135  -18.880  156.181    1608096323941
01    15.298   -0.217   -6.801  -93.297   24.409   31.450    1608096323957
02    14.479   -0.107   -7.697 -102.737  -18.739  155.708    1608096323957
01    15.351   -0.255   -6.817  -92.370   24.365   30.979    1608096323979
02    14.527   -0.145   -7.697 -101.775  -18.717  155.096    1608096323979
01    15.401   -0.285   -6.831  -91.228   24.256   30.416    1608096323980
02    14.577   -0.182   -7.673 -100.859  -18.571  154.712    1608096323980
01    15.441   -0.314   -6.837  -90.238   24.285   29.938    1608096324012
02    14.629   -0.191   -7.628 -100.482  -17.743  155.081    1608096324012
01    15.487   -0.399   -6.822  -89.227   23.921   29.573    1608096324026
02    14.735   -0.213   -7.477 -101.625  -15.077  157.693    1608096324026
01    15.616   -0.678   -6.719  -87.272   21.744   29.214    1608096324041
02    14.739   -0.433   -7.503 -106.193   -7.589  161.556    1608096324041
01    15.948   -1.024   -6.328  -81.734   15.795   28.986    1608096324057
02    14.437   -0.700   -8.091 -114.427    6.270  162.391    1608096324057
01    16.346   -1.111   -5.839  -72.812    7.795   27.191    1608096324073
02    13.932   -0.505   -9.055 -127.936   27.658  155.391    1608096324073
01    16.709   -1.043   -5.429  -64.692    2.046   23.987    1608096324088
02    13.586    0.359   -9.957 -143.306   48.279  141.076    1608096324088
01    16.882   -0.877   -5.383  -59.426    1.672   21.957    1608096324104
02    13.714    1.124  -10.309 -159.403   65.582  126.408    1608096324104
01    16.970   -0.756   -5.462  -56.801    3.689   21.525    1608096324126
02    13.955    1.573  -10.318 -179.139   75.549  108.572    1608096324126
01    16.988   -0.732   -5.546  -56.040    5.282   21.565    1608096324142
02    14.071    1.861  -10.273  156.243   77.088   84.367    1608096324142
01    16.967   -0.705   -5.558  -56.057    5.750   22.130    1608096324157
02    14.208    2.009  -10.237  136.769   77.661   66.349    1608096324157
01    16.924   -0.703   -5.531  -56.786    5.486   22.771    1608096324173
02    14.356    2.097  -10.215  117.988   78.593   49.134    1608096324173
01    16.889   -0.717   -5.530  -57.625    5.313   23.064    1608096324188
02    14.463    2.178  -10.194  106.918   77.862   38.625    1608096324188
01    16.883   -0.725   -5.544  -58.065    5.370   23.300    1608096324204
02    14.545    2.268  -10.175  101.398   76.377   32.977    1608096324204
01    16.910   -0.716   -5.547  -58.016    5.708   23.727    1608096324226
02    14.614    2.336  -10.162   98.263   74.903   29.594    1608096324226
01    16.935   -0.739   -5.583  -58.019    6.164   23.845    1608096324242
02    14.637    2.411  -10.162   98.625   73.276   29.541    1608096324242
01    16.952   -0.739   -5.614  -57.844    6.516   23.946    1608096324258
02    14.637    2.474  -10.177   99.595   71.989   30.210    1608096324258
01    16.955   -0.744   -5.653  -57.913    6.892   24.077    1608096324273
02    14.644    2.462  -10.183  100.317   72.014   30.865    1608096324273
01    16.947   -0.738   -5.684  -58.112    7.305   24.347    1608096324289
02    14.642    2.457  -10.212  101.597   72.637   31.809    1608096324289
01    16.927   -0.730   -5.719  -58.473    7.765   24.655    1608096324304
02    14.654    2.433  -10.230  102.164   73.569   32.102    1608096324304
01    16.914   -0.719   -5.743  -58.845    8.207   25.009    1608096324327
02    14.672    2.438  -10.235  102.680   74.252   32.109    1608096324327
01    16.907   -0.723   -5.766  -59.291    8.615   25.412    1608096324342
02    14.689    2.428  -10.248  103.552   75.072   32.701    1608096324342
01    16.897   -0.714   -5.810  -59.702    9.242   25.910    1608096324358
02    14.708    2.359  -10.257  106.090   76.800   35.085    1608096324358
01    16.857   -0.652   -5.933  -60.333   10.794   26.687    1608096324373
02    14.716    2.201  -10.272  117.960   80.276   46.796    1608096324373
01    16.802   -0.559   -6.078  -61.507   13.536   28.197    1608096324389
02    14.737    1.906  -10.194  170.670   83.622   99.120    1608096324389
01    16.701   -0.456   -6.298  -63.298   17.195   29.231    1608096324405
02    14.728    1.702   -9.967 -126.598   72.624  158.043    1608096324405
01    16.542   -0.263   -6.530  -65.412   21.253   30.017    1608096324427
02    14.608    1.624   -9.703 -115.824   55.322  160.569    1608096324427
01    16.290   -0.002   -6.743  -69.159   26.164   30.384    1608096324442
02    14.366    1.555   -9.430 -112.108   37.943  154.007    1608096324442
01    15.994    0.345   -6.792  -75.211   31.339   31.449    1608096324458
02    14.060    1.196   -9.214 -108.790   17.217  147.323    1608096324458
01    15.646    0.314   -6.928  -86.035   35.133   30.366    1608096324474
02    14.322    0.545   -8.439 -103.925   -1.263  151.282    1608096324474
01    15.426    0.175   -7.091  -93.081   35.290   28.204    1608096324489
02    14.367    0.440   -8.146 -101.750   -8.235  149.879    1608096324489
01    15.328    0.104   -7.114  -94.834   33.660   27.847    1608096324505
02    14.366    0.356   -8.017 -101.349  -11.255  149.849    1608096324505
01    15.313    0.076   -7.049  -94.608   31.957   28.347    1608096324527
02    14.390    0.297   -7.902 -101.189  -12.998  150.805    1608096324527
01    15.310    0.048   -7.028  -94.383   30.947   28.726    1608096324543
02    14.438    0.268   -7.805 -101.279  -13.503  152.416    1608096324543
01    15.320    0.045   -7.014  -94.084   30.936   29.403    1608096324558
02    14.474    0.242   -7.789 -101.746  -13.372  153.738    1608096324558
01    15.325    0.014   -7.024  -94.008   31.139   29.880    1608096324574
02    14.499    0.227   -7.804 -102.110  -13.034  154.780    1608096324574
01    15.340   -0.019   -7.069  -93.586   31.453   30.010    1608096324590
02    14.549    0.194   -7.808 -102.284  -12.589  156.106    1608096324590
01    15.382   -0.051   -7.112  -92.451   31.945   29.955    1608096324605
02    14.615    0.143   -7.821 -101.959  -11.902  157.646    1608096324605
01    15.448   -0.039   -7.123  -90.399   32.419   29.512    1608096324628
02    14.680    0.026   -7.880 -102.174  -10.174  158.287    1608096324628
01    15.521   -0.200   -7.118  -89.171   31.193   28.637    1608096324644
02    14.789   -0.115   -7.863 -104.399   -3.478  160.870    1608096324644
01    15.685   -0.446   -6.981  -85.996   27.784   28.523    1608096324659
02    14.661   -0.279   -8.162 -110.425    7.678  161.023    1608096324659
01    16.030   -0.758   -6.607  -80.519   22.277   28.682    1608096324675
02    14.313   -0.188   -8.793 -119.009   21.150  157.150    1608096324675
01    16.406   -0.914   -6.161  -72.906   14.874   27.737    1608096324691
02    13.874    0.250   -9.602 -134.089   38.350  146.403    1608096324691
01    16.689   -0.906   -5.845  -66.426    9.173   25.733    1608096324706
02    13.717    1.017  -10.268 -148.891   54.549  133.864    1608096324706
01    16.808   -0.795   -5.744  -62.415    7.489   24.321    1608096324728
02    14.007    1.512  -10.468 -157.669   69.002  128.460    1608096324728
01    16.844   -0.751   -5.689  -61.117    6.991   23.823    1608096324743
02    14.250    1.930  -10.404 -179.633   78.330  107.775    1608096324743
01    16.869   -0.758   -5.605  -60.673    6.379   23.469    1608096324759
02    14.343    2.137  -10.342  148.011   79.158   76.629    1608096324759
01    16.883   -0.733   -5.519  -60.106    5.460   23.325    1608096324775
02    14.451    2.247  -10.268  124.041   78.396   54.149    1608096324775
01    16.896   -0.745   -5.440  -60.005    4.399   23.283    1608096324790
02    14.538    2.364  -10.206  108.157   75.853   39.381    1608096324790
01    16.925   -0.777   -5.406  -59.836    3.956   23.064    1608096324806
02    14.593    2.475  -10.137  101.217   72.292   33.184    1608096324806
01    16.955   -0.776   -5.437  -59.447    4.495   23.107    1608096324828
02    14.614    2.558  -10.084   99.770   69.197   32.190    1608096324828
01    16.986   -0.785   -5.494  -59.211    5.422   23.355    1608096324844
02    14.624    2.659  -10.043  100.329   67.188   32.327    1608096324844
01    16.999   -0.771   -5.559  -59.127    6.836   23.828    1608096324859
02    14.623    2.662  -10.035  101.939   67.544   33.434    1608096324859
01    16.974   -0.745   -5.666  -59.359    8.250   24.111    1608096324875
02    14.617    2.535  -10.064  106.341   71.068   37.430    1608096324875
01    16.922   -0.718   -5.748  -60.124    9.570   24.868    1608096324891
02    14.598    2.304  -10.092  121.816   76.562   52.254    1608096324891
01    16.843   -0.667   -5.842  -61.421   11.214   25.977    1608096324906
02    14.575    2.041  -10.055  164.165   79.961   93.743    1608096324906
01    16.757   -0.606   -5.935  -63.008   13.023   27.319    1608096324928
02    14.524    1.898   -9.994 -160.354   76.224  126.893    1608096324928
01    16.619   -0.465   -6.095  -64.952   15.725   28.919    1608096324944
02    14.504    1.760   -9.854 -140.909   70.032  143.536    1608096324944
01    16.330   -0.144   -6.387  -69.271   21.747   31.156    1608096324960
02    14.472    1.697   -9.618 -127.709   60.195  151.305    1608096324960
01    16.032    0.132   -6.564  -76.108   28.677   33.213    1608096324975
02    14.351    1.670   -9.322 -118.263   42.720  151.282    1608096324975
01    15.733    0.323   -6.732  -84.226   34.641   33.480    1608096324991
02    14.097    1.416   -9.235 -110.719   16.402  145.303    1608096324991
01    15.456    0.192   -7.037  -93.556   36.979   30.809    1608096325006
02    14.167    0.916   -8.800 -104.847   -1.622  147.101    1608096325006
01    15.329    0.213   -7.176  -96.226   36.942   29.146    1608096325029
02    14.297    0.686   -8.375 -104.222   -5.807  147.980    1608096325029
01    15.292    0.232   -7.198  -96.384   36.025   28.449    1608096325044
02    14.373    0.593   -8.135 -103.705   -7.623  148.799    1608096325044
01    15.284    0.214   -7.192  -96.274   35.085   27.973    1608096325060
02    14.413    0.524   -8.024 -103.352   -8.727  149.655    1608096325060
01    15.296    0.186   -7.179  -95.940   34.540   27.825    1608096325075
02    14.457    0.460   -7.958 -103.155   -9.050  151.005    1608096325075
01    15.307    0.162   -7.192  -95.470   34.229   27.845    1608096325091
02    14.494    0.432   -7.942 -102.948   -8.996  152.333    1608096325091
01    15.338    0.143   -7.209  -94.626   34.429   28.132    1608096325107
02    14.536    0.390   -7.953 -102.901   -8.480  153.707    1608096325107
01    15.363    0.127   -7.263  -93.573   35.080   28.005    1608096325129
02    14.578    0.364   -7.977 -102.986   -6.958  154.726    1608096325129
01    15.405    0.111   -7.295  -92.217   35.741   27.618    1608096325145
02    14.647    0.306   -7.954 -104.569   -2.704  155.522    1608096325145
01    15.489   -0.156   -7.287  -90.427   34.040   27.012    1608096325160
02    14.630    0.152   -8.033 -110.121    6.555  157.057    1608096325160
01    15.722   -0.522   -7.065  -85.613   28.943   27.387    1608096325176
02    14.334    0.102   -8.529 -119.474   19.029  154.622    1608096325176
01    16.182   -0.848   -6.550  -77.343   21.042   27.823    1608096325195
02    13.877    0.354   -9.288 -131.741   31.775  147.226    1608096325195
01    16.749   -0.994   -5.902  -66.730   11.197   26.012    1608096325210
02    13.460    1.213  -10.113 -152.828   48.243  130.140    1608096325210
01    17.049   -0.808   -5.699  -57.884    6.810   22.274    1608096325229
02    13.523    2.118  -10.328  173.851   61.931   99.665    1608096325229
01    17.193   -0.704   -5.640  -53.895    6.615   20.810    1608096325245
02    13.766    2.474  -10.229  144.373   67.112   74.098    1608096325245
01    17.266   -0.713   -5.606  -52.449    6.776   19.917    1608096325260
02    13.905    2.715  -10.094  127.388   66.122   58.609    1608096325260
01    17.288   -0.700   -5.558  -51.652    6.471   19.348    1608096325276
02    14.012    2.848  -10.001  117.319   64.374   49.434    1608096325276
01    17.312   -0.727   -5.440  -51.482    5.465   19.194    1608096325291
02    14.137    2.808   -9.965  109.704   65.108   43.643    1608096325291
01    17.343   -0.700   -5.381  -50.949    4.908   18.706    1608096325307
02    14.250    2.743   -9.922  104.046   65.895   38.848    1608096325307
01    17.383   -0.730   -5.364  -50.842    5.045   18.453    1608096325323
02    14.321    2.682   -9.877  102.717   66.077   37.337    1608096325323
01    17.417   -0.760   -5.401  -50.710    5.723   18.583    1608096325345
02    14.363    2.614   -9.854  103.533   66.358   37.652    1608096325345
01    17.415   -0.780   -5.496  -50.869    7.077   19.074    1608096325360
02    14.392    2.523   -9.851  105.931   67.511   39.245    1608096325360
01    17.385   -0.798   -5.616  -51.635    8.681   20.030    1608096325376
02    14.390    2.360   -9.886  112.916   70.445   45.377    1608096325376
01    17.323   -0.803   -5.728  -53.029   10.256   21.322    1608096325392
02    14.377    2.088   -9.903  132.060   75.299   63.922    1608096325392
01    17.239   -0.782   -5.824  -54.762   11.595   22.671    1608096325407
02    14.360    1.838   -9.842  171.225   77.093  101.520    1608096325407
01    17.106   -0.700   -5.969  -56.783   13.290   23.955    1608096325423
02    14.320    1.558   -9.663 -154.924   71.955  132.517    1608096325423
01    16.942   -0.586   -6.140  -59.685   16.023   25.544    1608096325445
02    14.261    1.402   -9.417 -135.323   61.788  147.004    1608096325445
01    16.602   -0.250   -6.466  -64.510   21.594   27.247    1608096325461
02    14.128    1.413   -9.244 -122.248   44.059  149.400    1608096325461
01    16.214    0.164   -6.638  -72.995   28.975   28.918    1608096325476
02    13.914    1.226   -9.162 -113.731   19.804  144.229    1608096325476
01    15.843    0.364   -6.636  -84.724   34.377   29.101    1608096325492
02    14.089    0.426   -8.600 -106.490   -2.777  145.996    1608096325492
01    15.488    0.189   -6.835  -94.772   33.154   26.016    1608096325508
02    14.188    0.380   -8.277 -102.125   -9.868  145.055    1608096325508
01    15.317    0.033   -6.931  -98.860   30.884   24.913    1608096325523
02    14.284    0.344   -7.987 -102.013  -12.477  146.919    1608096325523
01    15.257   -0.028   -6.971  -99.611   29.657   25.085    1608096325545
02    14.361    0.305   -7.836 -102.016  -13.513  148.902    1608096325545
01    15.260   -0.027   -6.997  -99.057   29.628   25.526    1608096325561
02    14.414    0.291   -7.809 -101.336  -13.626  149.932    1608096325561
01    15.289   -0.011   -7.021  -98.208   30.073   25.882    1608096325577
02    14.459    0.291   -7.826 -100.407  -13.685  150.465    1608096325577
01    15.314   -0.007   -7.039  -97.606   30.399   26.215    1608096325592
02    14.495    0.308   -7.826  -99.859  -13.681  150.981    1608096325592
01    15.322    0.004   -7.070  -97.093   30.767   26.181    1608096325608
02    14.504    0.322   -7.851  -99.549  -13.613  150.867    1608096325608
01    15.340    0.003   -7.090  -96.372   31.155   25.970    1608096325624
02    14.515    0.319   -7.861  -99.276  -13.500  150.424    1608096325624
01    15.372   -0.036   -7.127  -95.481   31.659   25.489    1608096325646
02    14.528    0.290   -7.879  -98.752  -13.210  149.641    1608096325646
01    15.431   -0.083   -7.166  -94.045   32.443   25.013    1608096325661
02    14.587    0.256   -7.850  -98.338  -12.109  149.992    1608096325661
01    15.497   -0.127   -7.206  -92.229   33.225   24.838    1608096325677
02    14.743    0.220   -7.671 -100.471   -7.097  153.305    1608096325677
01    15.619   -0.374   -7.161  -89.815   31.656   24.952    1608096325693
02    14.706   -0.031   -7.804 -107.433    2.762  156.962    1608096325693
01    16.013   -0.833   -6.819  -84.530   27.215   25.873    1608096325708
02    14.352   -0.087   -8.483 -118.648   18.229  155.297    1608096325708
01    16.557   -1.024   -6.253  -72.628   17.764   26.629    1608096325724
02    13.842    0.328   -9.385 -137.320   37.594  143.101    1608096325724
01    16.970   -0.901   -5.927  -61.244   10.695   24.751    1608096325746
02    13.533    1.398  -10.154 -162.375   54.546  119.419    1608096325746
01    17.175   -0.771   -5.913  -55.327   10.597   24.058    1608096325762
02    13.783    1.968  -10.321  171.834   67.848   97.218    1608096325762
01    17.284   -0.685   -5.970  -52.489   12.122   24.415    1608096325777
02    13.999    2.390  -10.251  144.197   71.458   70.333    1608096325777
01    17.333   -0.678   -6.007  -51.439   13.085   24.667    1608096325793
02    14.099    2.653  -10.173  128.126   68.604   54.753    1608096325793
01    17.351   -0.692   -5.970  -51.243   12.468   24.533    1608096325808
02    14.232    2.729  -10.138  116.547   67.349   45.566    1608096325808
01    17.349   -0.695   -5.906  -51.258   11.293   24.197    1608096325824
02    14.368    2.771  -10.109  107.192   66.976   37.948    1608096325824
01    17.348   -0.720   -5.852  -51.630   10.301   23.873    1608096325831
02    14.455    2.787  -10.088  102.558   66.046   34.244    1608096325831
01    17.353   -0.734   -5.812  -51.944    9.888   23.955    1608096325862
02    14.524    2.776  -10.062  101.147   65.810   32.768    1608096325862
01    17.338   -0.725   -5.834  -52.287   10.291   24.241    1608096325877
02    14.568    2.673  -10.079  103.210   68.320   34.583    1608096325877
01    17.280   -0.723   -5.921  -53.461   11.511   24.573    1608096325893
02    14.584    2.480  -10.114  112.491   73.420   43.123    1608096325893
01    17.193   -0.702   -6.012  -55.214   13.168   25.368    1608096325909
02    14.589    2.289  -10.131  133.673   77.868   63.306    1608096325909
01    17.116   -0.695   -6.077  -57.209   14.554   26.337    1608096325924
02    14.572    2.162  -10.145  160.843   78.680   89.330    1608096325924
01    17.045   -0.674   -6.116  -59.020   15.575   27.442    1608096325931
02    14.571    2.068  -10.145 -177.734   77.952  109.686    1608096325931
01    16.933   -0.566   -6.223  -60.844   17.369   28.517    1608096325962
02    14.613    1.930  -10.087 -150.762   75.497  135.466    1608096325962
01    16.635   -0.167   -6.507  -64.954   23.067   30.788    1608096325978
02    14.672    1.848   -9.869 -126.560   67.082  154.815    1608096325978
01    16.251    0.294   -6.754  -73.390   32.641   32.710    1608096325993
02    14.597    1.869   -9.623 -115.927   49.567  154.210    1608096325993
01    15.858    0.507   -6.945  -85.626   40.396   30.400    1608096326009
02    14.394    1.567   -9.337 -112.583   24.988  147.652    1608096326009
01    15.465    0.395   -7.234  -97.625   41.113   25.447    1608096326025
02    14.335    1.066   -8.999 -107.884    8.016  149.392    1608096326025
01    15.314    0.277   -7.349 -101.266   39.214   23.121    1608096326031
02    14.355    0.745   -8.645 -106.400    1.801  148.657    1608096326031
01    15.274    0.226   -7.385 -101.125   37.780   22.644    1608096326062
02    14.399    0.513   -8.441 -105.092   -1.215  148.541    1608096326062
01    15.285    0.244   -7.393 -100.048   37.277   22.592    1608096326078
02    14.465    0.442   -8.313 -103.559   -2.059  149.002    1608096326078
01    15.313    0.267   -7.357  -99.005   37.153   23.183    1608096326094
02    14.512    0.443   -8.235 -102.762   -2.151  149.923    1608096326094
01    15.313    0.284   -7.331  -98.559   36.833   23.685    1608096326109
02    14.528    0.466   -8.191 -102.759   -2.288  150.598    1608096326109
01    15.314    0.258   -7.301  -98.381   36.437   24.175    1608096326125
02    14.523    0.437   -8.177 -103.148   -2.757  150.874    1608096326125
01    15.325    0.191   -7.312  -98.025   36.090   24.114    1608096326131
02    14.524    0.381   -8.193 -103.141   -3.112  150.372    1608096326131
01    15.372    0.078   -7.360  -96.974   35.918   23.237    1608096326147
02    14.542    0.298   -8.242 -102.275   -3.040  148.510    1608096326163
01    15.501   -0.151   -7.377  -94.701   35.229   23.217    1608096326178
02    14.673    0.263   -8.090 -101.722   -1.881  149.925    1608096326178
01    15.694   -0.371   -7.305  -90.052   33.412   24.508    1608096326194
02    14.772    0.174   -7.902 -104.472    2.110  153.197    1608096326194
01    16.079   -0.723   -6.974  -83.389   28.533   26.566    1608096326210
02    14.650   -0.118   -8.115 -111.787   10.927  155.297    1608096326210
01    16.573   -0.928   -6.455  -72.370   19.754   27.947    1608096326225
02    14.259   -0.079   -8.766 -121.589   23.230  152.382    1608096326225
01    17.053   -0.950   -5.906  -62.157   11.590   26.794    1608096326232
02    13.803    0.402   -9.540 -137.233   38.807  141.916    1608096326232
01    17.350   -0.846   -5.681  -54.883    8.003   23.754    1608096326247
02    13.604    1.197  -10.048 -157.865   53.821  122.919    1608096326247
01    17.479   -0.694   -5.735  -50.870    9.291   22.544    1608096326279
02    13.754    1.672  -10.174 -177.339   65.460  106.009    1608096326279
01    17.527   -0.648   -5.818  -49.187   11.014   22.382    1608096326294
02    13.903    2.014  -10.135  163.830   70.522   88.223    1608096326294
01    17.501   -0.627   -5.877  -48.980   12.420   22.557    1608096326310
02    13.964    2.249  -10.092  149.064   69.952   73.954    1608096326310
01    17.451   -0.669   -5.868  -49.779   12.571   22.516    1608096326325
02    14.047    2.425  -10.066  135.911   69.329   62.380    1608096326325
01    17.403   -0.671   -5.812  -50.417   11.930   22.555    1608096326332
02    14.169    2.496  -10.037  124.322   70.015   52.705    1608096326332
01    17.381   -0.663   -5.739  -50.900   11.231   22.718    1608096326348
02    14.258    2.525   -9.999  119.125   70.303   48.114    1608096326348
01    17.382   -0.658   -5.708  -51.174   11.091   23.027    1608096326379
02    14.300    2.569   -9.980  118.609   69.844   47.163    1608096326379
01    17.391   -0.639   -5.721  -51.156   11.423   23.497    1608096326394
02    14.343    2.650   -9.956  116.244   68.560   44.475    1608096326394
01    17.390   -0.630   -5.780  -51.197   12.061   23.932    1608096326410
02    14.383    2.743   -9.935  113.669   67.129   41.890    1608096326410
01    17.359   -0.581   -5.883  -51.380   13.186   24.401    1608096326426
02    14.389    2.695   -9.953  117.311   68.477   44.974    1608096326426
01    17.300   -0.549   -6.003  -52.307   14.719   25.039    1608096326432
02    14.367    2.527   -9.993  132.037   72.293   58.660    1608096326432
01    17.204   -0.488   -6.141  -53.799   16.748   25.885    1608096326448
02    14.366    2.311   -9.980  159.345   75.259   84.737    1608096326448
01    17.022   -0.337   -6.334  -56.067   19.625   27.107    1608096326479
02    14.354    2.162   -9.895 -168.552   73.414  114.049    1608096326479
01    16.755   -0.162   -6.551  -60.586   24.111   28.433    1608096326495
02    14.319    2.024   -9.745 -145.716   66.804  132.965    1608096326495
01    16.480    0.006   -6.713  -66.350   28.327   28.804    1608096326510
02    14.260    1.923   -9.542 -130.184   55.986  142.382    1608096326510
01    16.184    0.254   -6.815  -72.585   31.869   28.651    1608096326526
02    14.087    1.789   -9.357 -117.703   35.744  143.295    1608096326526
01    15.894    0.461   -6.847  -80.014   35.350   28.428    1608096326533
02    13.967    0.988   -9.097 -108.452    8.634  140.899    1608096326533
01    15.673    0.318   -6.995  -88.319   36.627   26.730    1608096326548
02    14.187    0.618   -8.549 -101.272   -4.348  143.444    1608096326548
01    15.548    0.275   -7.110  -92.054   37.274   25.323    1608096326564
02    14.365    0.537   -8.151  -99.956   -6.835  145.269    1608096326564
01    15.484    0.250   -7.148  -93.365   37.126   24.717    1608096326595
02    14.423    0.517   -8.001  -99.452   -7.907  146.001    1608096326595
01    15.440    0.239   -7.171  -93.840   36.590   23.821    1608096326611
02    14.442    0.494   -7.919  -99.243   -8.577  146.330    1608096326611
01    15.439    0.188   -7.193  -93.772   36.098   23.044    1608096326626
02    14.459    0.445   -7.878  -98.817   -8.916  146.560    1608096326626
01    15.469    0.142   -7.229  -92.846   36.091   22.689    1608096326633
02    14.517    0.386   -7.843  -98.182   -8.466  147.203    1608096326633
01    15.528    0.098   -7.247  -90.949   36.273   23.092    1608096326648
02    14.599    0.356   -7.804  -97.396   -7.356  148.736    1608096326648
01    15.607    0.037   -7.241  -88.231   35.933   23.340    1608096326664
02    14.685    0.331   -7.770  -97.666   -4.622  150.506    1608096326664
01    15.754   -0.281   -7.148  -85.089   32.919   23.944    1608096326695
02    14.701    0.264   -7.744 -102.689    3.831  154.657    1608096326695
01    16.065   -0.572   -6.837  -78.495   27.297   25.529    1608096326711
02    14.398    0.116   -8.178 -113.762   17.038  154.529    1608096326711
01    16.520   -0.698   -6.361  -70.209   21.188   26.355    1608096326727
02    13.887    0.362   -8.897 -127.554   30.593  147.204    1608096326727
01    16.956   -0.657   -6.000  -60.832   14.922   25.045    1608096326733
02    13.463    1.050   -9.505 -144.684   43.040  132.972    1608096326733
01    17.150   -0.536   -5.980  -55.001   14.040   23.509    1608096326749
02    13.350    1.705   -9.880 -163.548   53.495  115.248    1608096326749
01    17.223   -0.463   -6.025  -52.743   15.082   23.261    1608096326764
02    13.522    2.015  -10.010 -172.952   61.986  107.665    1608096326764
01    17.226   -0.470   -6.038  -52.656   15.490   23.209    1608096326796
02    13.676    2.218  -10.044  178.895   66.940  100.587    1608096326796
01    17.238   -0.512   -5.935  -52.983   14.491   23.162    1608096326811
02    13.804    2.328  -10.063  168.720   69.907   92.116    1608096326811
01    17.235   -0.525   -5.836  -53.169   13.141   22.784    1608096326827
02    13.960    2.379  -10.068  157.388   72.878   82.700    1608096326827
01    17.227   -0.512   -5.758  -53.375   12.098   22.649    1608096326833
02    14.110    2.407  -10.024  147.314   75.047   73.350    1608096326833
01    17.204   -0.474   -5.771  -53.863   12.378   22.634    1608096326849
02    14.215    2.365   -9.990  146.941   76.136   72.757    1608096326849
01    17.147   -0.451   -5.859  -54.980   13.774   22.606    1608096326864
02    14.284    2.260   -9.956  157.401   77.185   82.362    1608096326864
01    17.055   -0.410   -5.977  -56.783   15.906   22.696    1608096326896
02    14.314    2.108   -9.915 -179.593   76.894  104.053    1608096326896
01    16.939   -0.364   -6.084  -59.319   18.208   23.156    1608096326911
02    14.316    1.925   -9.842 -155.861   73.480  126.114    1608096326911
01    16.822   -0.349   -6.187  -61.992   20.153   23.819    1608096326927
02    14.289    1.774   -9.762 -141.966   67.815  137.979    1608096326927
01    16.699   -0.290   -6.293  -64.110   21.967   24.768    1608096326933
02    14.263    1.666   -9.680 -133.767   62.148  143.807    1608096326933
01    16.490   -0.097   -6.465  -67.111   25.314   26.581    1608096326949
02    14.247    1.644   -9.519 -125.682   55.225  147.473    1608096326949
01    16.190    0.251   -6.700  -71.764   31.114   28.480    1608096326965
02    14.169    1.654   -9.307 -117.814   41.696  147.037    1608096326965
01    15.849    0.605   -6.893  -78.880   38.321   29.380    1608096326996
02    14.064    1.350   -9.049 -111.370   20.478  144.313    1608096326996
01    15.538    0.545   -7.155  -89.005   41.728   26.642    1608096327011
02    14.181    1.113   -8.612 -105.192    7.492  146.917    1608096327011
01    15.407    0.544   -7.237  -92.348   41.996   25.582    1608096327027
02    14.258    0.962   -8.308 -104.813    3.322  146.851    1608096327027
01    15.344    0.573   -7.289  -93.150   41.392   25.284    1608096327034
02    14.299    0.915   -8.179 -104.596    1.552  147.363    1608096327034
01    15.331    0.602   -7.313  -93.483   41.179   25.414    1608096327049
02    14.331    0.898   -8.119 -104.824    1.200  148.038    1608096327049
01    15.322    0.636   -7.333  -93.690   41.095   25.788    1608096327065
02    14.369    0.907   -8.087 -105.139    1.131  149.108    1608096327065
01    15.326    0.622   -7.330  -93.688   40.619   26.530    1608096327080
02    14.387    0.912   -8.093 -105.595    0.964  150.083    1608096327080
01    15.329    0.598   -7.357  -93.481   40.151   26.889    1608096327112
02    14.389    0.880   -8.141 -105.992    0.667  150.559    1608096327112
01    15.366    0.525   -7.387  -92.723   39.699   27.156    1608096327127
02    14.424    0.833   -8.167 -105.740    0.629  151.005    1608096327127
01    15.431    0.481   -7.436  -91.378   39.787   27.238    1608096327134
02    14.497    0.757   -8.177 -105.484    1.225  151.723    1608096327134
01    15.530    0.400   -7.450  -89.534   40.002   27.465    1608096327150
02    14.600    0.680   -8.142 -105.854    3.436  152.965    1608096327150
01    15.674    0.093   -7.440  -87.161   38.300   27.566    1608096327165
02    14.646    0.510   -8.216 -109.395    9.500  154.986    1608096327165
01    16.012   -0.315   -7.160  -81.457   33.021   28.996    1608096327181
02    14.455    0.452   -8.632 -116.655   19.861  153.890    1608096327181
01    16.537   -0.569   -6.636  -71.099   23.690   30.194    1608096327212
02    14.104    0.680   -9.247 -130.292   34.728  146.016    1608096327212
01    17.010   -0.608   -6.132  -61.323   14.382   28.567    1608096327228
02    13.728    1.414   -9.952 -151.608   50.372  128.662    1608096327228
01    17.272   -0.497   -5.913  -54.806   10.646   25.838    1608096327234
02    13.692    2.267  -10.251 -179.328   61.831  102.930    1608096327234
01    17.387   -0.433   -5.916  -51.924   10.949   24.171    1608096327250
02    13.890    2.557  -10.237  159.724   68.424   85.002    1608096327250
01    17.439   -0.420   -5.903  -50.750   11.369   23.287    1608096327265
02    14.012    2.716  -10.165  146.360   70.133   72.615    1608096327265
01    17.456   -0.410   -5.862  -50.300   11.164   22.651    1608096327281
02    14.092    2.769  -10.122  136.924   70.052   64.302    1608096327281
01    17.474   -0.428   -5.760  -50.175   10.150   22.228    1608096327312
02    14.185    2.813  -10.083  127.041   70.220   55.664    1608096327312
01    17.486   -0.395   -5.707  -49.757    9.428   21.613    1608096327328
02    14.258    2.836  -10.044  118.884   69.763   48.571    1608096327328
01    17.510   -0.425   -5.669  -49.696    9.270   21.353    1608096327334
02    14.297    2.836  -10.007  115.529   68.766   45.787    1608096327334
01    17.520   -0.410   -5.693  -49.362    9.859   21.450    1608096327350
02    14.336    2.786   -9.956  115.703   69.163   45.773    1608096327350
01    17.485   -0.365   -5.803  -49.424   11.504   22.143    1608096327366
02    14.342    2.596   -9.938  128.125   73.040   57.361    1608096327366
01    17.409   -0.324   -5.933  -50.538   13.657   23.212    1608096327381
02    14.350    2.354   -9.877  159.503   76.418   87.272    1608096327381
01    17.296   -0.303   -6.077  -52.537   15.783   24.399    1608096327413
02    14.339    2.126   -9.761 -162.432   73.352  122.583    1608096327413
01    17.193   -0.302   -6.164  -54.851   17.237   25.405    1608096327428
02    14.301    1.896   -9.587 -141.461   65.233  140.259    1608096327428
01    17.083   -0.297   -6.233  -57.288   18.239   25.577    1608096327435
02    14.206    1.616   -9.406 -132.249   55.949  146.273    1608096327435
01    16.921   -0.166   -6.322  -60.150   20.124   25.705    1608096327450
02    14.159    1.422   -9.164 -124.647   46.822  149.451    1608096327450
01    16.622    0.102   -6.447  -65.223   23.483   26.083    1608096327466
02    14.049    1.321   -8.971 -116.583   31.451  148.269    1608096327466
01    16.257    0.410   -6.538  -73.662   28.829   26.692    1608096327482
02    13.965    0.827   -8.798 -110.454   10.364  143.842    1608096327482
01    15.941    0.335   -6.641  -85.599   32.756   25.934    1608096327497
02    14.374    0.423   -8.054 -104.192   -3.949  148.147    1608096327497
01    15.737    0.236   -6.756  -92.252   33.737   24.307    1608096327528
02    14.508    0.439   -7.762 -102.977   -7.265  148.432    1608096327528
01    15.613    0.176   -6.837  -95.168   33.349   24.302    1608096327535
02    14.543    0.428   -7.673 -103.789   -8.519  149.961    1608096327535
01    15.531    0.169   -6.887  -96.537   32.970   24.880    1608096327551
02    14.537    0.446   -7.677 -104.789   -9.018  151.495    1608096327551
01    15.479    0.170   -6.941  -97.383   32.928   25.274    1608096327566
02    14.528    0.460   -7.708 -105.484   -9.175  152.616    1608096327566
01    15.456    0.170   -7.015  -97.626   33.351   25.489    1608096327582
02    14.533    0.490   -7.756 -105.602   -8.955  153.237    1608096327582
01    15.454    0.192   -7.102  -97.066   34.013   25.554    1608096327598
02    14.536    0.481   -7.832 -105.483   -8.607  153.246    1608096327598
01    15.483    0.186   -7.173  -95.816   34.472   25.410    1608096327629
02    14.539    0.474   -7.916 -104.567   -8.366  152.595    1608096327629
01    15.542    0.152   -7.203  -93.771   34.036   24.848    1608096327635
02    14.560    0.435   -7.959 -103.031   -8.677  151.567    1608096327635
01    15.637    0.067   -7.178  -91.282   32.836   24.395    1608096327651
02    14.613    0.364   -7.929 -101.539   -9.043  150.885    1608096327651
01    15.770   -0.045   -7.099  -88.286   31.519   24.795    1608096327667
02    14.725    0.319   -7.799 -101.096   -7.838  152.081    1608096327667
01    15.934   -0.301   -7.020  -85.273   29.231   25.526    1608096327682
02    14.822    0.237   -7.688 -103.444   -3.205  154.954    1608096327682
01    16.271   -0.634   -6.740  -79.862   24.690   27.047    1608096327698
02    14.746    0.014   -7.883 -109.583    5.470  157.062    1608096327698
01    16.799   -0.855   -6.212  -70.962   17.203   27.897    1608096327729
02    14.419   -0.020   -8.487 -121.208   20.899  154.400    1608096327729
01    17.277   -0.816   -5.752  -60.652    9.074   25.477    1608096327736
02    13.902    0.499   -9.434 -140.349   40.036  140.771    1608096327736
01    17.552   -0.638   -5.587  -53.104    6.239   22.697    1608096327751
02    13.692    1.528  -10.094 -165.932   56.494  116.037    1608096327751
01    17.708   -0.502   -5.634  -49.018    7.196   21.741    1608096327767
02    13.920    2.062  -10.222  166.981   67.365   92.122    1608096327767
01    17.793   -0.446   -5.718  -46.816    8.747   21.609    1608096327782
02    14.097    2.455  -10.188  142.523   69.726   69.028    1608096327782
01    17.829   -0.438   -5.753  -45.957    9.335   21.616    1608096327798
02    14.168    2.744  -10.112  128.425   66.457   55.478    1608096327798
01    17.836   -0.401   -5.750  -45.488    9.481   21.717    1608096327814
02    14.232    2.897  -10.056  119.979   64.121   48.752    1608096327814
01    17.834   -0.393   -5.733  -45.364    9.180   21.392    1608096327836
02    14.304    2.986  -10.014  113.833   63.406   44.235    1608096327836
01    17.836   -0.379   -5.726  -45.209    9.177   21.144    1608096327851
02    14.338    3.022   -9.966  111.846   62.904   42.492    1608096327851
