01    19.802   -6.252   -6.802   60.020   44.522  -80.425    1599638806849
02    15.973   -9.732   -9.714 -165.333   61.532  127.866    1599638806849
01    19.811   -6.242   -6.775   59.998   44.474  -80.565    1599638806870
02    15.980   -9.705   -9.717 -165.371   61.537  127.721    1599638806870
01    19.807   -6.255   -6.753   59.877   44.428  -80.647    1599638806885
02    15.982   -9.719   -9.689 -165.186   61.589  127.944    1599638806885
01    19.808   -6.240   -6.759   59.993   44.454  -80.572    1599638806901
02    15.970   -9.716   -9.701 -165.203   61.489  127.879    1599638806901
01    19.802   -6.234   -6.777   60.169   44.522  -80.390    1599638806917
02    15.964   -9.735   -9.677 -165.105   61.549  128.034    1599638806917
01    19.796   -6.236   -6.783   60.175   44.516  -80.333    1599638806932
02    15.972   -9.728   -9.672 -165.141   61.563  127.961    1599638806932
01    19.803   -6.235   -6.762   60.103   44.480  -80.461    1599638806948
02    15.957   -9.733   -9.686 -165.307   61.489  127.816    1599638806948
01    19.801   -6.234   -6.769   60.198   44.522  -80.345    1599638806964
02    15.960   -9.727   -9.682 -165.343   61.501  127.769    1599638806964
01    19.793   -6.253   -6.770   60.077   44.550  -80.358    1599638806979
02    15.954   -9.730   -9.681 -165.422   61.509  127.715    1599638806979
01    19.785   -6.268   -6.775   60.060   44.624  -80.328    1599638806995
02    15.954   -9.718   -9.684 -165.512   61.475  127.589    1599638806995
01    19.785   -6.271   -6.761   60.000   44.661  -80.440    1599638807011
02    15.941   -9.730   -9.689 -165.601   61.397  127.592    1599638807011
01    19.783   -6.272   -6.773   60.038   44.680  -80.353    1599638807026
02    15.939   -9.731   -9.690 -165.624   61.360  127.591    1599638807026
01    19.780   -6.276   -6.763   59.981   44.683  -80.404    1599638807042
02    15.938   -9.725   -9.689 -165.656   61.330  127.550    1599638807042
01    19.784   -6.275   -6.746   59.942   44.660  -80.501    1599638807057
02    15.935   -9.726   -9.687 -165.680   61.330  127.515    1599638807057
01    19.780   -6.279   -6.739   59.875   44.668  -80.535    1599638807073
02    15.951   -9.713   -9.669 -165.478   61.458  127.627    1599638807073
01    19.778   -6.270   -6.757   60.014   44.708  -80.391    1599638807089
02    15.952   -9.721   -9.656 -165.445   61.503  127.718    1599638807089
01    19.772   -6.263   -6.774   60.110   44.764  -80.235    1599638807104
02    15.943   -9.721   -9.661 -165.576   61.445  127.602    1599638807104
01    19.781   -6.252   -6.767   60.106   44.774  -80.308    1599638807135
02    15.929   -9.731   -9.663 -165.714   61.385  127.540    1599638807135
01    19.788   -6.247   -6.753   60.061   44.800  -80.406    1599638807151
02    15.936   -9.711   -9.663 -165.724   61.403  127.437    1599638807151
01    19.789   -6.243   -6.750   60.055   44.815  -80.409    1599638807167
02    15.931   -9.712   -9.660 -165.745   61.380  127.446    1599638807167
01    19.790   -6.236   -6.748   60.028   44.826  -80.428    1599638807182
02    15.925   -9.703   -9.674 -165.985   61.320  127.181    1599638807182
01    19.788   -6.227   -6.755   60.096   44.824  -80.344    1599638807198
02    15.927   -9.692   -9.670 -165.956   61.333  127.179    1599638807198
01    19.792   -6.217   -6.737   60.072   44.819  -80.449    1599638807214
02    15.930   -9.691   -9.667 -165.993   61.329  127.143    1599638807214
01    19.789   -6.199   -6.739   60.130   44.811  -80.435    1599638807229
02    15.935   -9.678   -9.658 -165.974   61.379  127.107    1599638807229
01    19.780   -6.194   -6.757   60.233   44.823  -80.336    1599638807245
02    15.916   -9.690   -9.684 -166.211   61.258  126.923    1599638807245
01    19.778   -6.187   -6.762   60.358   44.808  -80.245    1599638807260
02    15.903   -9.692   -9.690 -166.567   61.250  126.611    1599638807260
01    19.771   -6.195   -6.752   60.314   44.851  -80.293    1599638807276
02    15.915   -9.683   -9.672 -166.210   61.338  126.873    1599638807276
01    19.758   -6.209   -6.767   60.333   44.872  -80.176    1599638807292
02    15.916   -9.673   -9.666 -166.182   61.277  126.907    1599638807292
01    19.750   -6.229   -6.776   60.280   44.904  -80.068    1599638807307
02    15.915   -9.670   -9.665 -166.147   61.285  126.920    1599638807307
01    19.745   -6.226   -6.787   60.339   44.894  -79.981    1599638807323
02    15.909   -9.674   -9.667 -166.165   61.245  126.964    1599638807323
01    19.750   -6.235   -6.770   60.181   44.866  -80.148    1599638807339
02    15.905   -9.674   -9.676 -166.238   61.220  126.907    1599638807339
01    19.758   -6.241   -6.753   60.035   44.861  -80.317    1599638807370
02    15.893   -9.682   -9.689 -166.405   61.155  126.832    1599638807370
01    19.763   -6.241   -6.742   59.971   44.867  -80.403    1599638807385
02    15.905   -9.669   -9.683 -166.346   61.226  126.801    1599638807385
01    19.761   -6.246   -6.745   59.970   44.857  -80.357    1599638807401
02    15.905   -9.665   -9.694 -166.468   61.201  126.674    1599638807401
01    19.766   -6.234   -6.746   60.064   44.803  -80.328    1599638807417
02    15.892   -9.667   -9.706 -166.718   61.113  126.472    1599638807417
01    19.768   -6.229   -6.747   60.071   44.792  -80.319    1599638807432
02    15.891   -9.667   -9.701 -166.664   61.143  126.522    1599638807432
01    19.777   -6.215   -6.743   60.120   44.787  -80.329    1599638807448
02    15.906   -9.650   -9.687 -166.480   61.186  126.620    1599638807448
01    19.767   -6.233   -6.761   60.089   44.884  -80.172    1599638807464
02    15.904   -9.647   -9.696 -166.588   61.155  126.487    1599638807464
01    19.766   -6.247   -6.754   59.982   44.909  -80.274    1599638807479
02    15.908   -9.656   -9.682 -166.480   61.204  126.620    1599638807479
01    19.760   -6.260   -6.762   59.953   44.950  -80.222    1599638807495
02    15.912   -9.656   -9.684 -166.510   61.200  126.588    1599638807495
01    19.773   -6.235   -6.758   60.077   44.869  -80.272    1599638807510
02    15.910   -9.669   -9.679 -166.488   61.189  126.658    1599638807510
01    19.779   -6.229   -6.752   60.077   44.864  -80.303    1599638807526
02    15.910   -9.672   -9.676 -166.446   61.175  126.711    1599638807526
01    19.781   -6.227   -6.749   60.088   44.888  -80.283    1599638807542
02    15.906   -9.672   -9.690 -166.545   61.126  126.601    1599638807542
01    19.789   -6.202   -6.757   60.264   44.841  -80.221    1599638807557
02    15.909   -9.670   -9.688 -166.558   61.144  126.584    1599638807557
01    19.791   -6.202   -6.757   60.279   44.810  -80.193    1599638807573
02    15.914   -9.659   -9.690 -166.602   61.155  126.496    1599638807573
01    19.787   -6.226   -6.750   60.169   44.826  -80.214    1599638807589
02    15.934   -9.641   -9.670 -166.556   61.265  126.472    1599638807589
01    19.780   -6.233   -6.777   60.283   44.861  -79.953    1599638807604
02    15.941   -9.625   -9.672 -166.655   61.275  126.305    1599638807604
01    19.775   -6.245   -6.772   60.233   44.863  -79.980    1599638807636
02    15.937   -9.633   -9.661 -166.627   61.300  126.374    1599638807636
01    19.773   -6.250   -6.777   60.251   44.854  -79.923    1599638807651
02    15.919   -9.648   -9.679 -166.769   61.210  126.299    1599638807651
01    19.781   -6.225   -6.761   60.314   44.809  -80.018    1599638807667
02    15.909   -9.669   -9.668 -166.787   61.205  126.361    1599638807667
01    19.784   -6.231   -6.741   60.205   44.805  -80.153    1599638807682
02    15.919   -9.657   -9.659 -166.740   61.229  126.350    1599638807682
01    19.778   -6.226   -6.752   60.298   44.824  -80.054    1599638807698
02    15.926   -9.657   -9.645 -166.731   61.301  126.382    1599638807698
01    19.783   -6.215   -6.740   60.308   44.769  -80.128    1599638807714
02    15.924   -9.654   -9.648 -166.773   61.307  126.312    1599638807714
01    19.784   -6.225   -6.723   60.211   44.772  -80.227    1599638807729
02    15.921   -9.650   -9.654 -166.793   61.278  126.261    1599638807729
01    19.776   -6.239   -6.729   60.216   44.810  -80.159    1599638807745
02    15.921   -9.658   -9.647 -166.711   61.282  126.333    1599638807745
01    19.777   -6.221   -6.746   60.387   44.796  -80.009    1599638807761
02    15.913   -9.657   -9.659 -166.866   61.220  126.181    1599638807761
01    19.769   -6.231   -6.760   60.425   44.879  -79.926    1599638807776
02    15.902   -9.665   -9.666 -167.023   61.169  126.074    1599638807776
01    19.771   -6.220   -6.764   60.528   44.852  -79.870    1599638807792
02    15.906   -9.668   -9.653 -166.975   61.204  126.133    1599638807792
01    19.772   -6.216   -6.766   60.543   44.845  -79.890    1599638807807
02    15.901   -9.673   -9.651 -167.005   61.173  126.132    1599638807807
01    19.767   -6.216   -6.777   60.593   44.890  -79.797    1599638807823
02    15.910   -9.671   -9.639 -166.877   61.171  126.216    1599638807823
01    19.772   -6.231   -6.754   60.457   44.909  -79.964    1599638807839
02    15.907   -9.677   -9.645 -166.989   61.129  126.147    1599638807839
01    19.776   -6.232   -6.750   60.473   44.963  -79.979    1599638807854
02    15.915   -9.669   -9.635 -166.913   61.171  126.180    1599638807870
01    19.781   -6.232   -6.747   60.439   44.938  -79.996    1599638807885
02    15.920   -9.675   -9.621 -166.865   61.205  126.250    1599638807885
01    19.781   -6.224   -6.754   60.545   44.944  -79.929    1599638807901
02    15.918   -9.668   -9.634 -167.007   61.152  126.072    1599638807901
01    19.785   -6.220   -6.751   60.568   44.952  -79.940    1599638807917
02    15.915   -9.667   -9.645 -167.125   61.098  125.949    1599638807917
01    19.784   -6.224   -6.744   60.555   44.966  -79.961    1599638807932
02    15.919   -9.668   -9.639 -167.083   61.109  125.994    1599638807932
01    19.782   -6.233   -6.737   60.494   44.985  -80.008    1599638807948
02    15.930   -9.658   -9.626 -166.988   61.151  126.043    1599638807948
01    19.782   -6.249   -6.725   60.354   45.056  -80.122    1599638807964
02    15.931   -9.661   -9.621 -166.865   61.155  126.160    1599638807964
01    19.782   -6.253   -6.722   60.322   45.035  -80.137    1599638807979
02    15.930   -9.654   -9.629 -166.950   61.126  126.048    1599638807979
01    19.780   -6.234   -6.743   60.489   45.042  -80.009    1599638807995
02    15.922   -9.672   -9.630 -167.023   61.117  126.072    1599638807995
01    19.778   -6.236   -6.748   60.497   45.024  -80.033    1599638808010
02    15.915   -9.680   -9.639 -167.136   61.060  125.982    1599638808010
01    19.775   -6.242   -6.762   60.530   45.023  -79.970    1599638808026
02    15.914   -9.691   -9.631 -167.129   61.096  126.046    1599638808026
01    19.773   -6.244   -6.764   60.522   45.013  -79.971    1599638808042
02    15.910   -9.703   -9.623 -167.085   61.087  126.129    1599638808042
01    19.771   -6.254   -6.773   60.540   45.031  -79.923    1599638808057
02    15.906   -9.705   -9.627 -167.154   61.055  126.065    1599638808057
01    19.769   -6.266   -6.764   60.424   45.008  -80.013    1599638808073
02    15.904   -9.709   -9.629 -167.121   61.052  126.113    1599638808073
01    19.767   -6.255   -6.773   60.518   45.049  -79.950    1599638808089
02    15.903   -9.711   -9.624 -167.125   61.053  126.124    1599638808089
01    19.767   -6.259   -6.767   60.495   45.067  -79.953    1599638808104
02    15.911   -9.700   -9.618 -167.030   61.083  126.174    1599638808104
01    19.770   -6.238   -6.777   60.664   45.037  -79.865    1599638808135
02    15.907   -9.702   -9.625 -167.088   61.044  126.122    1599638808135
01    19.776   -6.231   -6.759   60.619   44.994  -79.990    1599638808151
02    15.908   -9.695   -9.629 -167.181   61.033  125.998    1599638808151
01    19.796   -6.216   -6.708   60.446   44.920  -80.458    1599638808167
02    15.911   -9.688   -9.635 -167.176   61.014  125.967    1599638808167
01    19.789   -6.240   -6.706   60.367   44.962  -80.376    1599638808182
02    15.915   -9.681   -9.633 -167.210   61.024  125.920    1599638808182
01    19.800   -6.241   -6.688   60.235   44.902  -80.516    1599638808198
02    15.916   -9.670   -9.643 -167.390   61.000  125.674    1599638808198
01    19.786   -6.246   -6.733   60.501   45.048  -80.063    1599638808214
02    15.919   -9.670   -9.633 -167.310   61.015  125.695    1599638808214
01    19.778   -6.265   -6.741   60.451   45.131  -80.016    1599638808229
02    15.922   -9.665   -9.634 -167.298   60.985  125.654    1599638808229
01    19.779   -6.270   -6.733   60.333   45.110  -80.088    1599638808245
02    15.925   -9.667   -9.627 -167.269   61.063  125.705    1599638808245
01    19.779   -6.252   -6.751   60.497   45.145  -79.938    1599638808260
02    15.919   -9.672   -9.633 -167.351   60.987  125.672    1599638808260
01    19.776   -6.273   -6.737   60.273   45.205  -80.110    1599638808276
02    15.907   -9.685   -9.639 -167.405   60.948  125.684    1599638808276
01    19.779   -6.252   -6.747   60.412   45.190  -80.039    1599638808292
02    15.909   -9.685   -9.634 -167.336   60.957  125.733    1599638808292
01    19.781   -6.244   -6.750   60.433   45.177  -80.060    1599638808307
02    15.905   -9.686   -9.636 -167.330   60.928  125.770    1599638808307
01    19.783   -6.247   -6.750   60.421   45.152  -80.049    1599638808323
02    15.928   -9.665   -9.618 -167.115   61.058  125.856    1599638808323
01    19.784   -6.253   -6.737   60.310   45.143  -80.153    1599638808339
02    15.926   -9.667   -9.618 -167.176   61.045  125.831    1599638808339
01    19.782   -6.243   -6.758   60.473   45.167  -79.980    1599638808370
02    15.926   -9.667   -9.625 -167.242   61.028  125.783    1599638808370
01    19.786   -6.237   -6.755   60.466   45.106  -80.003    1599638808385
02    15.923   -9.661   -9.638 -167.331   60.997  125.680    1599638808385
01    19.792   -6.248   -6.730   60.301   45.096  -80.191    1599638808401
02    15.920   -9.664   -9.648 -167.369   60.953  125.678    1599638808401
01    19.795   -6.250   -6.712   60.253   45.086  -80.315    1599638808417
02    15.917   -9.654   -9.657 -167.363   60.923  125.639    1599638808417
01    19.793   -6.248   -6.715   60.291   45.087  -80.287    1599638808432
02    15.920   -9.648   -9.654 -167.288   60.964  125.685    1599638808432
01    19.788   -6.243   -6.734   60.384   45.079  -80.147    1599638808448
02    15.921   -9.663   -9.640 -167.249   60.999  125.786    1599638808448
01    19.787   -6.239   -6.741   60.423   45.069  -80.072    1599638808464
02    15.908   -9.650   -9.667 -167.461   60.880  125.519    1599638808464
01    19.784   -6.239   -6.743   60.422   45.074  -80.056    1599638808479
02    15.893   -9.670   -9.668 -167.460   60.845  125.607    1599638808479
01    19.779   -6.241   -6.747   60.438   45.140  -80.039    1599638808495
02    15.900   -9.658   -9.661 -167.380   60.874  125.621    1599638808495
01    19.780   -6.231   -6.748   60.519   45.166  -80.008    1599638808510
02    15.903   -9.658   -9.647 -167.306   60.900  125.674    1599638808510
01    19.773   -6.225   -6.757   60.581   45.173  -79.929    1599638808526
02    15.900   -9.670   -9.639 -167.231   60.895  125.801    1599638808526
01    19.774   -6.220   -6.746   60.578   45.141  -79.998    1599638808542
02    15.893   -9.667   -9.649 -167.346   60.854  125.675    1599638808542
01    19.776   -6.213   -6.743   60.593   45.129  -80.058    1599638808557
02    15.897   -9.670   -9.630 -167.159   60.917  125.874    1599638808557
01    19.780   -6.199   -6.751   60.652   45.137  -80.019    1599638808573
02    15.902   -9.666   -9.619 -167.123   60.924  125.902    1599638808573
01    19.778   -6.207   -6.745   60.630   45.172  -80.033    1599638808589
02    15.896   -9.669   -9.628 -167.246   60.896  125.806    1599638808589
01    19.767   -6.222   -6.760   60.621   45.219  -79.894    1599638808620
02    15.896   -9.664   -9.630 -167.265   60.904  125.761    1599638808620
01    19.758   -6.235   -6.769   60.596   45.246  -79.849    1599638808636
02    15.889   -9.673   -9.631 -167.285   60.880  125.756    1599638808636
01    19.755   -6.237   -6.774   60.617   45.274  -79.803    1599638808651
02    15.890   -9.670   -9.630 -167.287   60.911  125.763    1599638808651
01    19.752   -6.249   -6.767   60.513   45.277  -79.822    1599638808667
02    15.889   -9.655   -9.648 -167.405   60.854  125.567    1599638808667
01    19.757   -6.255   -6.756   60.400   45.296  -79.963    1599638808682
02    15.882   -9.663   -9.650 -167.399   60.836  125.602    1599638808682
01    19.761   -6.253   -6.745   60.376   45.305  -80.010    1599638808698
02    15.889   -9.648   -9.650 -167.430   60.848  125.534    1599638808698
01    19.765   -6.245   -6.734   60.342   45.312  -80.146    1599638808714
02    15.893   -9.654   -9.636 -167.258   60.902  125.747    1599638808714
01    19.771   -6.246   -6.727   60.263   45.243  -80.211    1599638808729
02    15.906   -9.644   -9.632 -167.158   60.943  125.777    1599638808729
01    19.787   -6.226   -6.699   60.252   45.226  -80.343    1599638808745
02    15.902   -9.647   -9.636 -167.228   60.930  125.727    1599638808745
01    19.779   -6.242   -6.719   60.286   45.261  -80.245    1599638808760
02    15.897   -9.637   -9.659 -167.443   60.865  125.475    1599638808760
01    19.766   -6.227   -6.753   60.372   45.304  -80.118    1599638808776
02    15.898   -9.646   -9.647 -167.250   60.915  125.696    1599638808776
01    19.767   -6.219   -6.766   60.436   45.256  -80.080    1599638808792
02    15.894   -9.650   -9.657 -167.324   60.902  125.644    1599638808792
01    19.773   -6.222   -6.751   60.374   45.245  -80.211    1599638808807
02    15.896   -9.656   -9.655 -167.179   60.900  125.809    1599638808807
01    19.770   -6.213   -6.770   60.482   45.282  -80.119    1599638808823
02    15.901   -9.656   -9.645 -167.131   60.968  125.877    1599638808823
01    19.773   -6.214   -6.773   60.442   45.288  -80.165    1599638808839
02    15.909   -9.650   -9.646 -167.071   60.993  125.900    1599638808839
01    19.773   -6.210   -6.778   60.476   45.305  -80.139    1599638808870
02    15.907   -9.655   -9.648 -167.052   60.999  125.926    1599638808870
01    19.775   -6.218   -6.769   60.405   45.323  -80.211    1599638808885
02    15.905   -9.664   -9.646 -167.018   61.024  126.009    1599638808885
01    19.778   -6.210   -6.774   60.461   45.280  -80.215    1599638808901
02    15.910   -9.665   -9.654 -166.985   61.027  126.031    1599638808901
01    19.787   -6.195   -6.777   60.547   45.252  -80.217    1599638808917
02    15.895   -9.682   -9.676 -167.098   60.944  125.989    1599638808917
01    19.787   -6.198   -6.787   60.554   45.225  -80.197    1599638808932
02    15.897   -9.698   -9.670 -167.031   61.007  126.112    1599638808932
01    19.786   -6.210   -6.786   60.508   45.242  -80.220    1599638808948
02    15.908   -9.692   -9.672 -167.036   61.040  126.096    1599638808948
01    19.785   -6.225   -6.780   60.400   45.277  -80.322    1599638808964
02    15.922   -9.680   -9.664 -166.852   61.135  126.196    1599638808964
01    19.792   -6.227   -6.771   60.331   45.254  -80.454    1599638808979
02    15.923   -9.691   -9.670 -166.862   61.128  126.249    1599638808979
01    19.790   -6.234   -6.777   60.289   45.305  -80.497    1599638808995
02    15.930   -9.696   -9.662 -166.751   61.182  126.426    1599638808995
01    19.789   -6.239   -6.792   60.331   45.328  -80.469    1599638809010
02    15.927   -9.697   -9.679 -166.951   61.106  126.302    1599638809010
01    19.782   -6.250   -6.820   60.311   45.403  -80.482    1599638809026
02    15.927   -9.713   -9.679 -167.178   61.170  126.299    1599638809026
01    19.752   -6.304   -6.826   60.358   46.579  -80.961    1599638809042
02    15.958   -9.700   -9.669 -168.700   61.871  125.068    1599638809042
01    19.706   -6.360   -6.778   61.155   49.808  -83.741    1599638809057
02    16.117   -9.586   -9.460  175.005   65.162  111.358    1599638809057
01    19.598   -6.350   -6.786   65.150   55.648  -87.608    1599638809073
02    15.975   -9.732   -9.166  137.790   59.932   85.001    1599638809073
01    19.276   -6.396   -7.008   75.940   64.794  -87.417    1599638809089
02    15.800   -9.376   -9.212  115.439   35.674   73.205    1599638809089
01    18.344   -7.462   -7.740  103.989   73.962  -63.758    1599638809120
02    16.149   -8.294   -9.139  110.046   11.246   65.710    1599638809120
01    18.272   -7.318   -8.056  118.524   74.482  -55.660    1599638809135
02    16.567   -7.941   -8.653  110.184    6.759   64.395    1599638809135
01    18.201   -7.470   -8.194  123.425   74.791  -51.920    1599638809151
02    16.883   -7.707   -8.344  111.812    6.107   61.863    1599638809151
01    18.201   -7.699   -8.338  122.602   75.663  -51.263    1599638809167
02    17.076   -7.574   -8.288  111.621    6.440   60.657    1599638809167
01    18.306   -7.769   -8.304  119.877   76.760  -52.819    1599638809182
02    17.106   -7.729   -8.313  109.757    7.707   61.713    1599638809182
01    18.340   -7.874   -8.342  118.864   76.878  -52.207    1599638809198
02    17.167   -7.776   -8.282  108.877    8.550   62.716    1599638809198
01    18.413   -7.897   -8.282  118.382   77.108  -51.325    1599638809214
02    17.132   -7.970   -8.299  107.494    9.200   64.821    1599638809214
01    18.451   -7.852   -8.324  119.282   76.553  -49.107    1599638809229
02    17.168   -7.896   -8.319  107.690    8.789   66.413    1599638809229
01    18.376   -7.889   -8.516  116.272   74.916  -48.624    1599638809245
02    17.234   -7.703   -8.347  107.519    8.230   66.415    1599638809245
01    18.557   -7.464   -8.607   98.815   70.856  -62.964    1599638809260
02    17.509   -7.378   -8.114  107.086    8.595   61.643    1599638809260
01    18.846   -7.044   -8.444   80.940   63.466  -76.004    1599638809276
02    18.076   -6.549   -7.751  110.909   16.585   53.823    1599638809276
01    19.204   -6.716   -7.987   66.296   50.890  -83.360    1599638809292
02    17.544   -6.640   -9.232  117.544   28.950   54.933    1599638809292
01    19.510   -6.441   -7.502   60.828   40.580  -82.246    1599638809307
02    16.831   -7.617  -10.249  132.176   44.413   66.579    1599638809307
01    19.756   -6.280   -7.156   59.077   36.957  -80.115    1599638809323
02    16.351   -8.835  -10.296  161.147   56.647   95.919    1599638809323
01    19.931   -6.328   -7.029   56.541   37.209  -78.508    1599638809339
02    16.097   -9.473  -10.179 -176.626   58.970  120.110    1599638809339
01    20.058   -6.459   -6.986   53.481   38.357  -77.801    1599638809370
02    15.959   -9.818  -10.050 -165.068   58.414  133.674    1599638809370
01    20.111   -6.610   -6.991   50.852   39.811  -77.953    1599638809385
02    15.893  -10.014   -9.880 -159.193   57.795  141.095    1599638809385
01    20.102   -6.722   -6.960   49.231   40.490  -78.802    1599638809401
02    15.825  -10.111   -9.874 -157.330   56.788  143.134    1599638809401
01    20.083   -6.670   -6.940   49.543   40.404  -79.331    1599638809417
02    15.776  -10.230   -9.922 -156.707   57.302  143.415    1599638809417
01    20.051   -6.589   -6.876   50.306   39.976  -80.112    1599638809432
02    15.824  -10.262   -9.931 -155.120   58.860  143.802    1599638809432
01    19.979   -6.534   -6.863   51.450   39.794  -80.199    1599638809448
02    15.862  -10.277   -9.960 -155.093   60.135  142.974    1599638809448
01    19.923   -6.514   -6.842   52.164   39.669  -80.327    1599638809464
02    15.917  -10.266   -9.924 -155.173   61.618  142.466    1599638809464
01    19.875   -6.500   -6.851   52.950   39.651  -80.059    1599638809479
02    15.933  -10.251   -9.929 -157.054   62.431  140.840    1599638809479
01    19.832   -6.482   -6.845   53.961   39.802  -79.629    1599638809495
02    15.958  -10.181   -9.908 -159.904   63.382  138.360    1599638809495
01    19.765   -6.464   -6.855   55.793   40.910  -79.094    1599638809510
02    15.986  -10.034   -9.905 -169.446   65.185  130.212    1599638809510
01    19.678   -6.453   -6.833   58.297   43.408  -79.553    1599638809526
02    16.042   -9.803   -9.783  163.250   67.547  106.464    1599638809526
01    19.500   -6.445   -6.834   64.043   48.869  -81.392    1599638809542
02    15.862   -9.583   -9.826  120.647   52.484   76.380    1599638809542
01    19.240   -6.378   -6.956   75.739   58.534  -83.001    1599638809557
02    15.935   -8.511   -9.745  104.059   22.682   69.273    1599638809557
01    18.985   -6.301   -7.197   94.172   67.026  -76.005    1599638809573
02    16.693   -7.748   -8.545  103.152    7.291   58.593    1599638809573
01    18.593   -6.726   -7.732  106.195   70.810  -65.870    1599638809589
02    17.147   -7.399   -8.046  105.940    4.477   56.452    1599638809589
01    18.335   -7.215   -8.094  112.875   73.186  -58.310    1599638809620
02    17.248   -7.452   -8.035  106.919    4.350   55.583    1599638809620
01    18.272   -7.525   -8.297  112.348   74.630  -56.903    1599638809635
02    17.228   -7.616   -8.201  105.998    4.522   55.564    1599638809635
01    18.290   -7.714   -8.381  112.284   75.716  -54.944    1599638809651
02    17.237   -7.723   -8.288  105.050    4.985   56.181    1599638809651
01    18.304   -7.811   -8.476  113.416   76.162  -51.996    1599638809667
02    17.271   -7.720   -8.353  104.769    5.344   57.025    1599638809667
01    18.372   -7.816   -8.496  110.628   76.265  -53.218    1599638809682
02    17.309   -7.753   -8.369  103.748    6.087   57.543    1599638809682
01    18.457   -7.712   -8.570  103.171   75.393  -58.857    1599638809698
02    17.391   -7.661   -8.382  103.047    6.806   57.303    1599638809698
01    18.624   -7.538   -8.481   86.929   72.559  -72.457    1599638809714
02    17.606   -7.499   -8.270  102.482    9.620   54.461    1599638809714
01    18.959   -7.095   -8.266   72.591   64.082  -83.285    1599638809729
02    17.964   -7.013   -8.320  105.151   17.331   49.559    1599638809729
01    19.282   -6.778   -7.905   63.383   53.226  -86.994    1599638809745
02    17.539   -7.317   -9.330  111.561   30.320   52.955    1599638809745
01    19.551   -6.593   -7.539   56.973   42.569  -86.546    1599638809760
02    16.973   -8.033  -10.159  129.824   47.683   68.193    1599638809760
01    19.751   -6.523   -7.280   52.956   37.915  -85.224    1599638809776
02    16.579   -8.966  -10.270  162.264   59.980  100.710    1599638809776
01    19.919   -6.596   -7.211   49.707   38.527  -84.201    1599638809792
02    16.343   -9.519  -10.203 -174.314   61.144  125.662    1599638809792
01    20.011   -6.730   -7.246   46.436   40.523  -83.510    1599638809807
02    16.206   -9.846  -10.051 -162.298   59.678  139.023    1599638809807
01    20.081   -6.842   -7.277   43.859   42.488  -83.572    1599638809823
02    16.051  -10.054   -9.995 -158.908   57.615  143.263    1599638809823
01    20.094   -6.951   -7.279   42.038   44.170  -83.578    1599638809839
02    15.929  -10.153   -9.939 -158.259   56.654  144.088    1599638809839
01    20.074   -6.961   -7.296   41.494   45.501  -83.053    1599638809854
02    15.837  -10.168   -9.944 -161.607   57.754  140.949    1599638809854
01    19.946   -6.992   -7.333   42.172   47.569  -81.998    1599638809885
02    15.881   -9.991   -9.898 -170.088   61.870  132.528    1599638809885
01    19.756   -6.991   -7.309   44.611   49.932  -81.707    1599638809901
02    15.953   -9.722   -9.826  165.128   65.484  109.979    1599638809901
01    19.555   -6.942   -7.144   49.545   52.390  -83.642    1599638809917
02    15.788   -9.603   -9.742  129.184   57.991   82.468    1599638809917
01    19.299   -6.832   -7.031   58.936   56.297  -84.573    1599638809932
02    15.709   -9.034   -9.774  111.731   36.651   73.072    1599638809932
01    18.948   -6.729   -7.092   76.027   62.951  -80.217    1599638809948
02    16.140   -8.558   -9.043  103.178   19.199   62.091    1599638809948
01    18.603   -6.834   -7.460   96.362   68.029  -68.456    1599638809964
02    16.620   -7.955   -8.470  104.118   12.171   58.872    1599638809964
01    18.333   -7.090   -7.764  109.070   70.901  -59.633    1599638809979
02    16.897   -7.739   -8.222  105.382   10.081   57.671    1599638809979
01    18.157   -7.361   -8.039  116.052   72.531  -53.888    1599638809995
02    17.047   -7.681   -8.196  106.559    9.550   56.395    1599638809995
01    18.086   -7.610   -8.214  117.693   73.958  -51.880    1599638810010
02    17.142   -7.696   -8.237  107.026    9.892   55.158    1599638810010
01    18.095   -7.780   -8.337  117.058   75.077  -51.587    1599638810026
02    17.207   -7.764   -8.272  106.759   10.977   54.497    1599638810026
01    18.120   -7.932   -8.438  114.850   75.988  -52.161    1599638810042
02    17.228   -7.851   -8.404  106.137   11.766   54.746    1599638810042
01    18.176   -7.995   -8.535  108.502   76.300  -55.939    1599638810057
02    17.223   -7.909   -8.572  104.747   12.357   55.739    1599638810057
01    18.270   -7.943   -8.687   96.529   74.821  -63.786    1599638810073
02    17.283   -7.848   -8.671  103.013   12.588   57.149    1599638810073
01    18.597   -7.607   -8.594   76.854   68.942  -79.262    1599638810089
02    17.578   -7.596   -8.432  102.838   14.992   53.720    1599638810089
01    19.020   -7.236   -8.187   63.100   58.318  -87.554    1599638810104
02    17.619   -7.330   -8.776  106.614   22.567   52.850    1599638810104
01    19.365   -6.951   -7.736   56.036   46.471  -87.790    1599638810135
02    17.353   -7.512   -9.359  116.615   36.274   59.487    1599638810135
01    19.630   -6.718   -7.338   52.441   37.655  -85.490    1599638810151
02    16.927   -8.189   -9.726  144.430   53.395   85.770    1599638810151
01    19.856   -6.620   -7.131   49.677   34.973  -83.310    1599638810167
02    16.592   -8.759   -9.902  171.960   58.567  113.491    1599638810167
01    20.034   -6.693   -6.996   45.802   35.186  -82.747    1599638810182
02    16.284   -9.295  -10.004 -172.293   58.996  130.231    1599638810182
01    20.201   -6.760   -6.883   42.524   35.869  -83.004    1599638810198
02    16.115   -9.634   -9.948 -163.891   58.644  139.730    1599638810198
01    20.275   -6.840   -6.856   40.086   36.970  -83.043    1599638810214
02    15.968   -9.829   -9.893 -160.706   57.524  143.704    1599638810214
01    20.303   -6.908   -6.792   38.315   37.408  -83.410    1599638810229
02    15.887   -9.943   -9.845 -159.058   57.016  145.443    1599638810229
01    20.309   -6.914   -6.742   37.841   37.346  -83.324    1599638810245
02    15.827   -9.995   -9.852 -159.250   57.214  145.029    1599638810245
01    20.308   -6.898   -6.660   37.807   36.978  -83.406    1599638810260
02    15.816  -10.016   -9.821 -159.595   58.016  144.377    1599638810260
01    20.284   -6.887   -6.649   37.571   36.865  -83.483    1599638810276
02    15.822   -9.983   -9.793 -161.434   58.999  142.206    1599638810276
01    20.266   -6.893   -6.649   36.962   37.190  -84.022    1599638810292
02    15.838   -9.903   -9.750 -165.338   60.100  138.302    1599638810292
01    20.199   -6.942   -6.763   35.675   39.084  -84.794    1599638810307
02    15.827   -9.801   -9.699 -174.258   61.495  130.765    1599638810307
01    20.077   -7.016   -6.913   33.491   42.544  -87.085    1599638810323
02    15.821   -9.601   -9.665  166.054   62.425  114.681    1599638810323
01    19.928   -7.077   -6.953   32.192   46.540  -92.532    1599638810339
02    15.741   -9.351   -9.639  138.995   56.450   94.239    1599638810339
01    19.689   -7.085   -6.992   34.675   53.332 -100.734    1599638810354
02    15.790   -8.837   -9.652  116.237   38.110   78.126    1599638810354
01    19.133   -7.240   -7.163   49.556   65.618 -103.108    1599638810385
02    16.331   -8.537   -8.796  101.639   21.567   60.402    1599638810385
01    18.599   -7.345   -7.715   76.354   73.997  -88.813    1599638810401
02    16.686   -8.246   -8.387  103.537   15.806   59.894    1599638810401
01    18.310   -7.531   -8.097   97.783   76.416  -73.503    1599638810417
02    16.944   -8.015   -8.235  106.956   13.580   59.323    1599638810417
01    18.205   -7.793   -8.325  105.838   77.874  -66.666    1599638810432
02    17.059   -8.034   -8.253  107.998   13.537   58.936    1599638810432
01    18.186   -8.050   -8.427  109.630   79.354  -61.630    1599638810448
02    17.112   -8.108   -8.348  108.021   13.930   59.311    1599638810448
01    18.232   -8.223   -8.454  111.789   80.599  -57.975    1599638810464
02    17.126   -8.291   -8.400  107.141   14.995   59.486    1599638810464
01    18.253   -8.303   -8.538  111.954   80.934  -55.985    1599638810479
02    17.199   -8.271   -8.434  106.961   15.578   58.738    1599638810479
01    18.248   -8.319   -8.694  105.748   80.450  -59.391    1599638810495
02    17.211   -8.259   -8.545  105.661   15.946   58.184    1599638810495
01    18.334   -8.230   -8.794   88.154   78.139  -72.558    1599638810510
02    17.230   -8.146   -8.688  103.909   15.719   57.914    1599638810510
01    18.613   -7.807   -8.624   71.184   71.552  -85.076    1599638810526
02    17.627   -7.699   -8.466  104.040   19.031   53.216    1599638810526
01    19.020   -7.315   -8.237   60.497   60.462  -90.108    1599638810542
02    17.549   -7.516   -9.054  108.992   28.585   54.073    1599638810542
01    19.370   -6.965   -7.762   55.146   49.567  -89.042    1599638810557
02    17.152   -7.925   -9.711  121.835   43.137   64.400    1599638810557
01    19.608   -6.796   -7.359   51.330   40.323  -86.283    1599638810573
02    16.719   -8.762   -9.948  155.673   58.329   97.180    1599638810573
01    19.818   -6.723   -7.127   49.017   36.343  -83.076    1599638810589
02    16.432   -9.272   -9.913 -175.891   59.977  127.139    1599638810589
01    20.039   -6.706   -6.902   46.194   35.154  -81.568    1599638810604
02    16.195   -9.584   -9.880 -165.322   57.968  139.094    1599638810620
01    20.144   -6.780   -6.832   43.277   35.592  -80.810    1599638810635
02    16.062   -9.709   -9.784 -161.026   57.138  143.920    1599638810635
01    20.182   -6.848   -6.840   40.676   36.816  -80.990    1599638810651
02    15.932   -9.796   -9.726 -160.016   55.861  145.174    1599638810651
01    20.209   -6.861   -6.759   38.802   37.484  -82.051    1599638810667
02    15.826   -9.862   -9.707 -159.870   55.647  145.072    1599638810667
01    20.222   -6.803   -6.666   38.145   37.460  -82.494    1599638810682
02    15.774   -9.900   -9.693 -160.048   56.488  144.211    1599638810682
01    20.197   -6.768   -6.606   37.854   37.396  -82.818    1599638810698
02    15.755   -9.879   -9.667 -161.064   57.399  142.371    1599638810698
01    20.142   -6.746   -6.610   37.681   37.877  -83.210    1599638810714
02    15.736   -9.836   -9.658 -164.603   58.526  138.596    1599638810714
01    20.008   -6.791   -6.733   37.256   39.881  -83.779    1599638810729
02    15.769   -9.695   -9.616 -172.965   60.807  130.907    1599638810729
01    19.864   -6.848   -6.772   36.732   42.935  -86.457    1599638810745
02    15.745   -9.561   -9.559  164.181   62.473  112.527    1599638810745
01    19.631   -6.870   -6.843   38.388   47.521  -90.784    1599638810760
02    15.673   -9.251   -9.535  133.330   53.804   89.430    1599638810760
01    19.333   -6.865   -6.833   46.833   56.389  -96.659    1599638810776
02    15.752   -8.406   -9.614  111.637   28.972   75.746    1599638810776
01    18.878   -6.725   -7.284   72.284   66.585  -87.101    1599638810792
02    16.168   -7.939   -9.053  103.689   13.336   65.283    1599638810792
01    18.420   -6.998   -7.754   94.298   72.740  -72.062    1599638810807
02    16.569   -7.703   -8.530  104.835   10.525   61.522    1599638810807
01    18.157   -7.369   -8.075  107.014   75.406  -61.381    1599638810823
02    16.777   -7.679   -8.341  106.315   10.890   60.820    1599638810823
01    18.056   -7.745   -8.243  110.982   77.212  -55.881    1599638810838
02    16.880   -7.705   -8.350  106.695   11.770   61.066    1599638810838
01    18.052   -7.965   -8.375  115.467   78.375  -48.861    1599638810854
02    16.928   -7.806   -8.393  105.699   12.543   62.027    1599638810854
01    18.088   -8.122   -8.494  120.862   79.287  -40.248    1599638810885
02    16.965   -7.892   -8.447  104.340   13.061   63.643    1599638810885
01    18.158   -8.150   -8.643  120.176   79.483  -37.671    1599638810901
02    17.000   -7.925   -8.515  102.732   13.020   65.219    1599638810901
01    18.303   -8.041   -8.712  105.381   79.050  -49.138    1599638810917
02    17.128   -7.816   -8.496  101.310   12.612   64.880    1599638810917
01    18.586   -7.741   -8.629   79.585   74.393  -71.511    1599638810932
02    17.560   -7.470   -8.167  101.205   15.666   58.700    1599638810932
01    19.009   -7.305   -8.292   62.762   64.101  -83.982    1599638810948
02    17.627   -7.155   -8.641  105.807   24.804   56.450    1599638810948
01    19.360   -6.943   -7.830   56.264   52.795  -85.649    1599638810963
02    17.192   -7.554   -9.444  116.017   38.231   63.334    1599638810963
01    19.572   -6.753   -7.385   52.841   43.397  -84.931    1599638810979
02    16.637   -8.526   -9.842  142.675   53.953   87.355    1599638810979
01    19.730   -6.612   -7.111   51.348   37.895  -82.756    1599638810995
02    16.307   -9.146   -9.880  173.811   59.075  117.932    1599638810995
01    19.882   -6.562   -6.950   48.978   36.446  -81.454    1599638811010
02    16.106   -9.453   -9.868 -170.340   58.218  133.936    1599638811010
01    19.962   -6.641   -6.903   46.481   37.138  -80.883    1599638811026
02    15.941   -9.681   -9.822 -163.719   57.193  141.344    1599638811026
01    20.009   -6.673   -6.859   44.498   38.018  -81.008    1599638811042
02    15.846   -9.769   -9.732 -160.955   56.394  144.125    1599638811042
01    20.017   -6.690   -6.810   43.208   38.517  -81.324    1599638811057
02    15.758   -9.809   -9.706 -161.620   56.241  143.229    1599638811057
01    20.003   -6.655   -6.763   42.518   38.853  -81.730    1599638811073
02    15.726   -9.785   -9.689 -163.152   57.197  140.845    1599638811073
01    19.954   -6.619   -6.741   42.410   39.340  -82.084    1599638811088
02    15.714   -9.746   -9.624 -166.991   58.703  136.540    1599638811088
01    19.782   -6.636   -6.844   43.341   41.336  -81.599    1599638811104
02    15.665   -9.691   -9.581 -177.355   60.453  127.794    1599638811104
01    19.584   -6.668   -6.840   45.083   44.816  -82.928    1599638811135
02    15.613   -9.515   -9.542  157.506   60.928  107.586    1599638811135
01    19.323   -6.711   -6.803   49.310   50.176  -85.989    1599638811151
02    15.513   -9.189   -9.583  128.455   49.820   87.916    1599638811151
01    18.853   -6.944   -7.042   63.342   62.148  -84.275    1599638811167
02    15.800   -8.177   -9.538  111.291   28.018   75.168    1599638811167
01    18.366   -7.071   -7.536   90.344   70.033  -68.997    1599638811182
02    16.205   -7.867   -8.945  106.384   17.986   66.399    1599638811182
01    18.104   -7.288   -7.809  110.447   74.313  -55.366    1599638811198
02    16.589   -7.647   -8.446  107.705   14.159   63.782    1599638811198
01    17.952   -7.522   -8.105  123.313   75.697  -45.390    1599638811213
02    16.849   -7.607   -8.206  109.239   13.805   62.599    1599638811213
01    17.889   -7.831   -8.281  127.922   77.591  -40.597    1599638811229
02    16.901   -7.773   -8.333  109.452   14.170   62.626    1599638811229
01    17.904   -8.076   -8.372  130.588   79.315  -36.705    1599638811245
02    16.943   -7.920   -8.398  109.279   15.795   62.765    1599638811245
01    17.946   -8.236   -8.573  128.360   80.515  -35.933    1599638811260
02    16.993   -7.970   -8.570  108.161   17.218   62.619    1599638811260
01    18.042   -8.312   -8.740  108.212   80.352  -50.429    1599638811276
02    17.028   -8.000   -8.753  105.049   17.892   63.067    1599638811276
01    18.489   -7.818   -8.639   76.705   73.959  -77.114    1599638811292
02    17.344   -7.838   -8.564  103.376   20.432   58.498    1599638811292
01    19.020   -7.350   -8.252   60.737   62.249  -87.476    1599638811307
02    17.419   -7.671   -8.843  107.454   28.509   58.275    1599638811307
01    19.401   -7.073   -7.809   54.597   52.063  -87.885    1599638811323
02    17.187   -7.929   -9.312  117.169   40.308   65.757    1599638811323
01    19.649   -6.933   -7.435   51.429   44.992  -86.624    1599638811338
02    16.822   -8.558   -9.622  141.359   53.787   88.207    1599638811338
01    19.832   -6.817   -7.238   49.460   40.636  -84.609    1599638811354
02    16.542   -9.069   -9.718  171.595   58.863  118.075    1599638811370
01    19.984   -6.813   -7.160   46.458   39.086  -83.326    1599638811385
02    16.255   -9.548   -9.791 -171.625   57.577  135.517    1599638811385
01    20.081   -6.882   -7.144   43.306   39.423  -82.883    1599638811401
02    16.066   -9.847   -9.787 -163.824   56.607  143.798    1599638811401
01    20.178   -6.920   -7.099   40.669   39.949  -83.081    1599638811417
02    15.933  -10.015   -9.760 -160.515   55.769  147.243    1599638811417
01    20.217   -6.978   -7.033   38.645   40.345  -83.242    1599638811432
02    15.850  -10.056   -9.767 -159.745   55.568  147.330    1599638811432
01    20.226   -6.976   -6.990   37.800   40.431  -82.729    1599638811448
02    15.801  -10.027   -9.750 -161.029   56.108  145.506    1599638811448
01    20.252   -6.887   -6.910   37.855   40.104  -82.396    1599638811469
02    15.804   -9.925   -9.695 -163.146   56.989  142.566    1599638811469
01    20.201   -6.849   -6.900   38.321   40.715  -81.939    1599638811477
02    15.771   -9.836   -9.646 -168.813   58.078  137.507    1599638811477
01    20.081   -6.871   -6.909   39.162   42.364  -81.874    1599638811493
02    15.738   -9.673   -9.645 -179.413   59.245  128.403    1599638811493
01    19.898   -6.886   -6.941   41.270   45.704  -82.787    1599638811508
02    15.713   -9.460   -9.625  161.666   59.565  112.662    1599638811508
01    19.652   -6.902   -6.880   45.722   50.970  -86.055    1599638811524
02    15.657   -9.178   -9.582  136.043   52.582   94.021    1599638811524
01    19.278   -6.931   -7.007   59.837   62.211  -86.281    1599638811539
02    15.750   -8.303   -9.735  113.643   28.991   80.879    1599638811539
01    18.657   -7.222   -7.485   89.219   72.777  -66.823    1599638811555
02    16.239   -7.980   -9.054  105.556   15.788   70.663    1599638811555
01    18.327   -7.355   -7.750  113.803   75.797  -49.729    1599638811586
02    16.573   -7.899   -8.485  105.363   12.968   66.746    1599638811586
01    18.062   -7.576   -8.082  126.577   75.490  -40.116    1599638811602
02    16.795   -7.820   -8.238  107.502   11.928   64.914    1599638811602
01    17.994   -7.814   -8.158  128.858   76.884  -38.275    1599638811618
02    16.909   -7.922   -8.146  107.748   12.486   62.978    1599638811618
01    17.973   -8.039   -8.294  130.028   77.824  -35.898    1599638811633
02    16.959   -7.998   -8.269  107.721   12.911   62.318    1599638811633
01    18.015   -8.157   -8.438  128.005   78.952  -36.036    1599638811649
02    17.052   -8.008   -8.325  107.132   14.422   61.104    1599638811649
01    18.117   -8.220   -8.567  113.963   79.764  -46.550    1599638811664
02    17.126   -8.005   -8.470  104.677   15.396   59.658    1599638811664
01    18.294   -8.126   -8.648   92.132   78.078  -62.968    1599638811680
02    17.268   -7.937   -8.511  101.587   16.119   58.529    1599638811680
01    18.738   -7.677   -8.449   71.166   70.900  -79.392    1599638811696
02    17.614   -7.656   -8.430  102.086   21.306   54.615    1599638811696
01    19.202   -7.228   -8.132   61.498   60.091  -82.974    1599638811711
02    17.483   -7.667   -8.941  108.763   32.629   58.199    1599638811711
01    19.583   -6.983   -7.683   55.446   51.195  -83.280    1599638811727
02    17.155   -8.031   -9.457  123.137   45.677   69.057    1599638811727
01    19.847   -6.850   -7.382   51.985   45.678  -81.865    1599638811743
02    16.769   -8.687   -9.635  154.288   57.077   99.059    1599638811743
01    20.039   -6.824   -7.225   49.050   43.297  -80.005    1599638811758
02    16.475   -9.119   -9.656  177.357   58.132  123.072    1599638811758
01    20.132   -6.875   -7.119   46.234   42.568  -78.831    1599638811774
02    16.257   -9.359   -9.627 -174.389   57.424  132.030    1599638811774
01    20.147   -6.924   -7.064   44.575   42.719  -77.901    1599638811789
02    16.082   -9.428   -9.591 -175.440   57.237  131.437    1599638811789
01    20.118   -6.903   -7.039   43.634   43.279  -77.950    1599638811805
02    15.911   -9.414   -9.572  179.489   56.829  126.877    1599638811805
01    20.012   -6.888   -7.071   42.866   44.981  -78.496    1599638811836
02    15.730   -9.401   -9.571  170.079   56.827  119.153    1599638811836
01    19.841   -6.879   -7.113   42.447   48.251  -80.660    1599638811852
02    15.595   -9.255   -9.599  151.910   55.760  104.759    1599638811852
01    19.616   -6.881   -7.077   42.967   52.816  -86.586    1599638811868
02    15.394   -9.109   -9.611  129.007   47.092   91.142    1599638811868
01    19.314   -6.928   -7.104   47.141   60.650  -93.200    1599638811883
02    15.559   -8.405   -9.610  114.386   29.104   81.849    1599638811883
01    18.908   -7.071   -7.434   61.201   70.565  -89.048    1599638811899
02    15.961   -8.054   -9.141  108.371   19.419   72.773    1599638811899
01    18.505   -7.352   -7.699   81.282   78.290  -77.310    1599638811914
02    16.245   -8.005   -8.718  106.517   16.114   67.171    1599638811914
01    18.176   -7.720   -7.968  101.918   80.941  -60.032    1599638811930
02    16.453   -7.965   -8.475  107.070   14.389   64.075    1599638811930
01    17.992   -8.051   -8.198  110.988   81.849  -50.520    1599638811946
02    16.575   -7.978   -8.411  106.996   13.661   62.478    1599638811946
01    17.980   -8.220   -8.369  110.093   82.583  -49.116    1599638811961
02    16.665   -7.988   -8.430  105.585   13.609   61.502    1599638811961
01    18.060   -8.282   -8.471   95.637   82.647  -59.477    1599638811977
02    16.743   -7.974   -8.475  103.047   13.690   61.022    1599638811977
01    18.239   -8.101   -8.488   79.887   79.976  -70.873    1599638811993
02    17.147   -7.725   -8.257  102.126   16.287   59.310    1599638811993
01    18.627   -7.618   -8.387   66.339   73.087  -79.962    1599638812008
02    17.345   -7.519   -8.359  104.556   23.523   58.167    1599638812008
01    19.078   -7.225   -7.948   56.328   63.305  -84.706    1599638812024
02    17.045   -7.741   -8.949  112.264   34.725   63.443    1599638812024
01    19.402   -6.946   -7.543   52.392   54.568  -84.024    1599638812039
02    16.608   -8.317   -9.402  129.557   47.314   77.406    1599638812039
01    19.586   -6.773   -7.217   50.682   48.029  -82.595    1599638812055
02    16.210   -8.964   -9.513  160.358   55.874  107.231    1599638812055
01    19.712   -6.740   -7.043   48.329   43.349  -80.658    1599638812086
02    15.951   -9.345   -9.583 -179.729   56.394  127.323    1599638812086
01    19.835   -6.762   -6.880   45.340   40.728  -79.901    1599638812102
02    15.813   -9.549   -9.543 -169.153   56.024  138.492    1599638812102
01    19.953   -6.755   -6.784   42.848   40.065  -79.629    1599638812118
02    15.711   -9.654   -9.486 -164.989   55.155  143.267    1599638812118
01    20.011   -6.827   -6.723   40.405   40.085  -80.038    1599638812133
02    15.633   -9.689   -9.465 -164.173   54.506  144.453    1599638812133
01    20.059   -6.839   -6.650   38.972   40.121  -80.661    1599638812149
02    15.599   -9.700   -9.454 -164.166   54.661  144.283    1599638812149
01    20.087   -6.793   -6.610   38.577   40.048  -81.012    1599638812164
02    15.620   -9.665   -9.426 -165.414   55.964  142.504    1599638812164
01    20.055   -6.784   -6.592   38.777   40.539  -81.239    1599638812180
02    15.633   -9.631   -9.398 -170.159   57.462  138.045    1599638812180
01    19.938   -6.825   -6.689   39.958   42.366  -80.586    1599638812196
02    15.624   -9.536   -9.456 -179.375   58.824  130.088    1599638812196
01    19.764   -6.855   -6.710   42.134   45.364  -81.464    1599638812211
02    15.646   -9.359   -9.496  160.884   60.256  113.543    1599638812211
01    19.528   -6.893   -6.632   46.502   50.203  -84.792    1599638812227
02    15.639   -9.114   -9.481  132.878   53.343   92.846    1599638812227
01    19.205   -6.858   -6.781   58.147   59.435  -86.267    1599638812243
02    15.834   -8.242   -9.481  112.677   32.580   79.076    1599638812243
01    18.709   -7.038   -7.274   82.453   70.043  -73.178    1599638812258
02    16.379   -7.707   -8.776  107.308   19.073   69.536    1599638812258
01    18.353   -7.295   -7.582  103.686   75.114  -58.830    1599638812274
02    16.686   -7.637   -8.281  107.312   14.683   67.175    1599638812274
01    18.046   -7.560   -7.976  118.763   75.654  -46.313    1599638812289
02    16.820   -7.625   -8.119  108.914   13.328   66.638    1599638812289
01    17.968   -7.787   -8.150  121.676   76.617  -43.387    1599638812305
02    16.885   -7.715   -8.092  109.110   13.820   66.278    1599638812305
01    17.937   -8.005   -8.385  124.146   77.519  -39.192    1599638812336
02    16.937   -7.806   -8.179  108.592   14.770   66.345    1599638812336
01    17.996   -8.157   -8.539  119.406   78.830  -41.040    1599638812352
02    16.966   -7.862   -8.351  107.041   16.225   66.859    1599638812352
01    18.112   -8.177   -8.714  101.990   78.364  -52.550    1599638812368
02    17.046   -7.867   -8.492  104.274   16.876   67.199    1599638812368
01    18.661   -7.705   -8.516   70.470   71.360  -78.927    1599638812383
02    17.358   -7.728   -8.303  103.585   20.929   61.854    1599638812383
01    19.148   -7.376   -8.083   56.123   60.411  -86.826    1599638812399
02    17.296   -7.705   -8.716  109.326   30.894   63.187    1599638812399
01    19.500   -7.177   -7.609   51.048   51.038  -86.161    1599638812414
02    17.018   -8.019   -9.226  121.908   43.069   72.097    1599638812414
01    19.696   -7.031   -7.262   49.470   44.925  -84.064    1599638812430
02    16.659   -8.673   -9.419  148.037   54.850   96.335    1599638812430
01    19.841   -6.945   -7.111   48.203   41.728  -81.762    1599638812446
02    16.309   -9.210   -9.526  174.232   57.100  122.069    1599638812446
01    19.954   -6.940   -7.020   45.796   40.383  -80.583    1599638812461
02    16.003   -9.603   -9.586 -172.962   55.925  135.157    1599638812461
01    20.026   -6.960   -6.958   43.503   40.022  -79.846    1599638812477
02    15.804   -9.825   -9.550 -168.119   55.378  140.525    1599638812477
01    20.074   -6.968   -6.895   41.435   40.256  -79.871    1599638812493
02    15.709   -9.824   -9.507 -167.848   55.179  140.400    1599638812493
01    20.073   -6.960   -6.887   39.816   40.831  -79.858    1599638812508
02    15.634   -9.738   -9.474 -173.293   56.248  135.038    1599638812508
01    19.998   -7.038   -6.895   37.288   42.402  -81.071    1599638812524
02    15.547   -9.601   -9.428  171.424   58.126  122.780    1599638812524
01    19.889   -7.061   -6.840   35.212   44.595  -84.507    1599638812539
02    15.445   -9.383   -9.416  144.852   55.113  101.815    1599638812539
01    19.720   -7.080   -6.781   34.879   47.526  -90.104    1599638812555
02    15.499   -8.847   -9.384  124.976   42.718   86.530    1599638812555
01    19.449   -7.131   -6.822   37.184   52.539  -96.729    1599638812586
02    15.772   -8.064   -9.371  113.483   25.776   78.370    1599638812586
01    19.178   -7.060   -7.104   45.586   59.595  -98.583    1599638812602
02    16.226   -7.846   -8.811  105.736   17.547   68.339    1599638812602
01    18.798   -7.182   -7.405   60.993   69.055  -94.289    1599638812618
02    16.556   -7.761   -8.473  104.119   14.999   62.649    1599638812618
01    18.465   -7.444   -7.677   77.499   74.837  -83.719    1599638812633
02    16.749   -7.790   -8.305  104.071   14.344   60.334    1599638812633
01    18.215   -7.727   -7.960   91.838   76.944  -70.790    1599638812649
02    16.863   -7.837   -8.262  104.344   14.355   59.467    1599638812649
01    18.145   -7.903   -8.115   96.664   77.813  -65.164    1599638812664
02    16.918   -7.895   -8.289  103.795   14.555   59.332    1599638812664
01    18.074   -8.128   -8.330   98.550   78.436  -60.056    1599638812680
02    16.929   -7.949   -8.382  102.564   14.719   60.304    1599638812680
01    18.119   -8.179   -8.530   94.193   78.303  -59.413    1599638812696
02    16.952   -7.944   -8.464  100.646   14.435   62.418    1599638812696
01    18.421   -7.836   -8.635   79.725   75.565  -69.114    1599638812711
02    17.239   -7.755   -8.217  100.276   16.469   60.012    1599638812711
01    18.992   -7.362   -8.247   61.937   67.460  -81.590    1599638812727
02    17.353   -7.497   -8.404  103.955   23.696   59.065    1599638812727
01    19.401   -7.130   -7.815   54.737   58.025  -82.711    1599638812742
02    17.118   -7.661   -8.939  112.385   35.260   64.477    1599638812742
01    19.683   -7.016   -7.384   51.021   50.777  -81.791    1599638812758
02    16.724   -8.291   -9.254  136.754   51.963   86.359    1599638812758
01    19.857   -6.991   -7.171   48.712   46.417  -79.981    1599638812774
02    16.429   -8.759   -9.323  168.082   57.829  117.654    1599638812774
01    19.990   -7.031   -7.074   45.435   44.506  -78.828    1599638812789
02    16.168   -9.074   -9.365 -176.004   56.341  133.684    1599638812789
01    20.074   -7.068   -7.035   42.273   44.552  -78.644    1599638812805
02    15.931   -9.297   -9.374 -170.554   54.983  139.270    1599638812805
01    20.076   -7.145   -7.099   39.431   46.430  -79.080    1599638812836
02    15.793   -9.358   -9.341 -169.602   54.117  139.935    1599638812836
01    20.078   -7.151   -7.157   36.917   48.553  -80.265    1599638812852
02    15.645   -9.412   -9.374 -170.746   53.420  138.577    1599638812852
01    20.072   -7.101   -7.159   35.611   49.534  -81.265    1599638812869
02    15.535   -9.437   -9.414 -174.279   54.416  134.972    1599638812869
01    19.977   -7.081   -7.178   35.601   50.506  -81.402    1599638812873
02    15.452   -9.375   -9.409  174.373   56.505  125.908    1599638812873
01    19.845   -7.068   -7.129   36.256   51.891  -83.420    1599638812889
02    15.329   -9.191   -9.463  147.938   54.730  105.871    1599638812889
01    19.664   -7.062   -7.023   38.699   54.379  -87.200    1599638812904
02    15.454   -8.501   -9.506  123.677   41.451   87.399    1599638812904
01    19.287   -7.164   -7.088   45.068   59.601  -89.226    1599638812935
02    15.972   -7.680   -9.264  108.288   23.516   73.181    1599638812935
01    18.794   -7.301   -7.288   59.946   68.032  -86.326    1599638812951
02    16.429   -7.591   -8.557  102.320   15.759   63.071    1599638812951
01    18.446   -7.374   -7.598   82.129   74.239  -74.073    1599638812967
02    16.670   -7.554   -8.256  102.624   12.791   59.995    1599638812967
01    18.205   -7.547   -7.941   99.977   76.574  -60.454    1599638812982
02    16.790   -7.584   -8.199  103.743   11.842   58.984    1599638812982
01    18.040   -7.864   -8.241  108.241   77.742  -51.421    1599638812998
02    16.853   -7.633   -8.252  103.810   11.772   58.775    1599638812998
01    18.026   -8.049   -8.443  108.080   78.684  -48.723    1599638813014
02    16.900   -7.678   -8.365  102.378   11.767   59.178    1599638813014
01    18.173   -8.065   -8.510   97.828   79.121  -55.211    1599638813029
02    16.987   -7.693   -8.422  100.158   12.618   60.094    1599638813029
01    18.493   -7.739   -8.438   80.198   75.195  -69.396    1599638813045
02    17.317   -7.546   -8.314  100.603   18.645   56.708    1599638813045
01    18.951   -7.251   -8.104   66.366   64.369  -78.352    1599638813061
02    17.254   -7.627   -8.693  106.228   30.672   59.639    1599638813061
01    19.356   -6.891   -7.572   59.637   52.627  -80.104    1599638813076
02    17.006   -7.882   -9.174  120.906   43.883   69.760    1599638813076
01    19.574   -6.759   -7.186   56.748   44.717  -79.209    1599638813092
02    16.628   -8.489   -9.399  149.559   55.179   97.303    1599638813092
01    19.792   -6.647   -6.951   54.315   40.045  -78.086    1599638813107
02    16.357   -8.901   -9.500  173.770   57.800  121.540    1599638813107
01    19.956   -6.691   -6.805   50.348   37.693  -77.744    1599638813123
02    16.090   -9.300   -9.557 -172.903   57.143  135.901    1599638813123
01    20.065   -6.791   -6.785   46.477   37.708  -77.654    1599638813139
02    15.903   -9.535   -9.528 -166.446   55.844  143.207    1599638813139
01    20.147   -6.874   -6.779   42.870   38.680  -78.413    1599638813170
02    15.766   -9.632   -9.533 -163.922   54.332  145.862    1599638813170
01    20.189   -6.949   -6.767   40.199   39.461  -79.122    1599638813186
02    15.667   -9.672   -9.561 -163.689   53.917  145.880    1599638813186
01    20.210   -6.967   -6.738   38.604   39.910  -79.776    1599638813201
02    15.651   -9.623   -9.521 -165.898   55.021  143.327    1599638813201
01    20.191   -6.984   -6.773   37.873   40.916  -79.937    1599638813217
02    15.620   -9.556   -9.482 -173.544   56.721  137.009    1599638813217
01    20.131   -6.983   -6.792   37.714   42.164  -80.236    1599638813232
02    15.601   -9.338   -9.537  171.457   58.209  124.602    1599638813232
01    20.000   -6.997   -6.791   38.342   44.218  -81.495    1599638813248
02    15.631   -9.082   -9.483  150.007   57.262  106.397    1599638813248
01    19.789   -7.008   -6.802   40.859   47.679  -83.708    1599638813264
02    15.665   -8.707   -9.391  130.605   48.845   90.815    1599638813264
01    19.536   -6.973   -6.798   46.980   53.594  -87.051    1599638813279
02    15.722   -8.197   -9.427  116.782   33.461   81.685    1599638813279
01    18.940   -7.141   -7.042   65.351   66.341  -82.638    1599638813295
02    16.067   -8.096   -8.743  102.465   17.397   69.130    1599638813295
01    18.482   -7.149   -7.499   94.116   72.856  -63.549    1599638813311
02    16.455   -7.748   -8.262  103.750   11.612   66.550    1599638813311
01    18.139   -7.389   -7.864  112.543   74.465  -48.342    1599638813326
02    16.654   -7.633   -8.054  105.147   10.460   65.826    1599638813326
01    17.948   -7.604   -8.171  119.482   74.573  -40.971    1599638813342
02    16.770   -7.555   -8.032  105.688   10.472   65.144    1599638813342
01    17.930   -7.757   -8.350  117.871   75.414  -40.381    1599638813357
02    16.870   -7.501   -8.109  104.917   11.139   64.557    1599638813357
01    18.058   -7.801   -8.419  106.747   76.143  -48.315    1599638813373
02    16.967   -7.450   -8.225  103.048   11.855   64.048    1599638813373
01    18.323   -7.596   -8.377   87.960   73.495  -63.110    1599638813389
02    17.383   -7.189   -7.999  102.700   14.777   60.989    1599638813389
01    18.767   -7.162   -8.110   71.839   65.092  -74.681    1599638813404
02    17.519   -7.049   -8.187  105.359   22.983   58.449    1599638813404
01    19.203   -6.885   -7.647   63.012   54.650  -77.930    1599638813436
02    17.150   -7.335   -8.915  114.797   35.370   64.616    1599638813436
01    19.503   -6.724   -7.235   58.772   46.696  -77.564    1599638813451
02    16.612   -8.148   -9.419  131.271   47.512   79.166    1599638813451
01    19.747   -6.622   -6.977   55.937   41.986  -76.751    1599638813467
02    16.227   -8.800   -9.535  159.074   55.614  107.008    1599638813467
01    19.927   -6.649   -6.855   52.092   39.816  -76.286    1599638813482
02    15.972   -9.172   -9.553  178.287   55.817  127.199    1599638813482
01    20.021   -6.773   -6.771   47.619   38.988  -76.463    1599638813498
02    15.832   -9.374   -9.462 -172.123   55.175  137.839    1599638813498
01    20.087   -6.818   -6.728   44.057   39.048  -76.972    1599638813514
02    15.718   -9.423   -9.399 -170.181   54.346  140.135    1599638813514
01    20.073   -6.871   -6.748   40.909   39.981  -77.937    1599638813529
02    15.614   -9.400   -9.367 -172.856   53.981  137.440    1599638813529
01    19.966   -6.910   -6.885   37.854   42.604  -79.244    1599638813545
02    15.516   -9.345   -9.338  178.941   54.816  130.348    1599638813545
01    19.807   -6.966   -6.893   35.844   45.598  -82.315    1599638813561
02    15.463   -9.190   -9.319  164.232   55.200  117.507    1599638813561
01    19.592   -6.989   -6.897   36.108   49.525  -87.305    1599638813576
02    15.388   -9.054   -9.263  142.340   50.494  101.729    1599638813576
01    19.299   -7.083   -6.876   38.805   55.842  -93.286    1599638813592
02    15.421   -8.616   -9.353  124.500   37.148   89.200    1599638813592
01    18.801   -7.099   -7.211   53.112   64.842  -89.265    1599638813607
02    15.816   -8.313   -8.937  109.241   26.380   72.461    1599638813607
01    18.332   -7.295   -7.466   76.700   73.776  -75.468    1599638813623
02    16.199   -8.066   -8.504  105.028   20.260   67.450    1599638813623
01    17.985   -7.563   -7.816  102.808   76.277  -53.842    1599638813639
02    16.460   -7.907   -8.290  103.701   16.910   65.458    1599638813639
01    17.842   -7.800   -8.021  115.365   76.698  -41.846    1599638813670
02    16.633   -7.828   -8.234  102.610   15.441   64.950    1599638813670
01    17.826   -7.973   -8.164  120.377   77.241  -35.164    1599638813685
02    16.764   -7.778   -8.259  101.336   15.420   65.316    1599638813685
01    17.866   -8.109   -8.313  121.533   77.724  -30.526    1599638813701
02    16.824   -7.766   -8.380   99.366   15.596   67.216    1599638813701
01    18.072   -7.975   -8.461  111.955   77.261  -35.938    1599638813717
02    17.021   -7.646   -8.361   97.395   15.470   67.625    1599638813717
01    18.550   -7.511   -8.404   85.191   73.083  -58.630    1599638813732
02    17.354   -7.471   -8.054   96.815   18.286   63.185    1599638813732
01    19.059   -7.186   -7.987   65.718   63.984  -72.865    1599638813748
02    17.329   -7.367   -8.366  101.453   27.416   62.471    1599638813748
01    19.452   -6.991   -7.543   57.043   55.068  -76.061    1599638813764
02    16.938   -7.676   -8.982  113.055   40.146   69.738    1599638813764
01    19.698   -6.931   -7.194   52.596   48.520  -76.097    1599638813779
02    16.455   -8.383   -9.221  133.479   52.117   87.512    1599638813779
01    19.859   -6.915   -6.984   49.324   43.852  -75.052    1599638813795
02    16.114   -8.763   -9.298  158.885   56.401  111.534    1599638813795
01    19.980   -6.942   -6.875   45.673   41.902  -74.695    1599638813810
02    15.884   -8.946   -9.344  173.735   55.787  125.796    1599638813810
01    20.011   -7.052   -6.862   42.093   42.493  -75.157    1599638813826
02    15.726   -9.054   -9.364 -179.526   54.941  132.139    1599638813826
01    20.024   -7.175   -6.883   38.176   44.643  -76.662    1599638813842
02    15.607   -9.122   -9.357 -176.474   54.146  134.872    1599638813842
01    20.030   -7.197   -6.950   35.794   46.773  -77.915    1599638813857
02    15.480   -9.202   -9.323 -177.516   53.835  133.925    1599638813857
01    19.993   -7.213   -6.989   34.547   48.439  -78.687    1599638813873
02    15.351   -9.218   -9.279  175.165   54.264  128.340    1599638813873
01    19.887   -7.201   -7.025   34.672   50.078  -79.267    1599638813889
02    15.251   -9.072   -9.343  159.988   53.787  116.691    1599638813889
01    19.721   -7.177   -6.970   36.254   51.775  -81.289    1599638813920
02    15.138   -8.849   -9.462  138.470   48.711  101.924    1599638813920
01    19.498   -7.136   -6.867   40.727   54.465  -84.162    1599638813935
02    15.330   -8.227   -9.476  120.246   36.529   88.481    1599638813935
01    18.994   -7.281   -6.963   49.748   60.214  -83.760    1599638813951
02    15.902   -7.538   -9.122  107.182   22.163   75.092    1599638813951
01    18.476   -7.367   -7.290   69.701   68.334  -75.840    1599638813967
02    16.216   -7.557   -8.655  100.765   15.252   68.740    1599638813967
01    18.161   -7.445   -7.604   91.840   73.306  -62.183    1599638813982
02    16.456   -7.547   -8.382  100.384   12.817   65.496    1599638813982
01    17.952   -7.661   -7.853  105.423   74.555  -50.462    1599638813998
02    16.582   -7.596   -8.293  100.207   11.904   65.074    1599638813998
01    17.897   -7.750   -8.047  110.024   74.334  -45.133    1599638814014
02    16.683   -7.603   -8.282   99.599   11.309   65.560    1599638814014
01    17.930   -7.783   -8.144  108.992   74.263  -44.364    1599638814029
02    16.801   -7.565   -8.255   98.498   11.159   65.926    1599638814029
01    17.984   -7.771   -8.297  105.049   73.759  -45.318    1599638814045
02    16.869   -7.549   -8.286   96.683   11.232   67.221    1599638814045
01    18.225   -7.535   -8.397   92.775   72.050  -54.286    1599638814060
02    17.272   -7.370   -7.964   95.954   12.422   63.603    1599638814060
01    18.665   -7.191   -8.164   74.429   65.843  -67.890    1599638814076
02    17.458   -7.165   -7.923   98.660   19.541   60.001    1599638814076
01    19.107   -6.938   -7.742   63.569   56.872  -73.135    1599638814092
02    17.062   -7.319   -8.713  108.030   32.502   64.333    1599638814092
01    19.451   -6.819   -7.317   57.208   49.407  -74.336    1599638814107
02    16.486   -7.995   -9.282  124.873   45.537   77.159    1599638814107
01    19.684   -6.829   -7.074   52.816   44.706  -73.743    1599638814123
02    16.035   -8.652   -9.381  153.729   54.535  104.731    1599638814123
01    19.915   -6.876   -6.874   47.993   41.951  -73.280    1599638814139
02    15.801   -8.916   -9.386  173.027   55.043  123.920    1599638814139
01    20.084   -6.934   -6.697   43.676   40.652  -73.594    1599638814154
02    15.664   -9.063   -9.363 -178.496   54.486  132.785    1599638814154
01    20.167   -6.964   -6.611   40.805   40.461  -74.179    1599638814185
02    15.569   -9.144   -9.365 -176.365   54.162  135.235    1599638814185
01    20.179   -6.975   -6.559   38.907   40.712  -75.327    1599638814201
02    15.530   -9.140   -9.358 -178.440   54.979  132.692    1599638814201
01    20.095   -6.962   -6.603   37.938   42.232  -76.851    1599638814217
02    15.443   -9.185   -9.377  169.854   56.560  123.595    1599638814217
01    19.898   -6.986   -6.710   37.826   45.470  -79.584    1599638814232
02    15.439   -9.016   -9.472  149.335   55.515  106.931    1599638814232
01    19.633   -6.995   -6.763   39.122   50.678  -85.564    1599638814248
02    15.454   -8.861   -9.455  129.513   49.492   92.925    1599638814248
01    19.307   -7.044   -6.864   43.343   58.665  -91.899    1599638814264
02    15.640   -8.502   -9.343  116.567   38.576   83.103    1599638814264
01    18.945   -7.116   -7.143   54.775   69.684  -92.294    1599638814279
02    16.060   -8.286   -8.859  106.563   29.241   70.401    1599638814279
01    18.580   -7.390   -7.463   75.310   79.104  -80.463    1599638814295
02    16.405   -8.135   -8.530  104.570   24.334   66.103    1599638814295
01    18.162   -7.839   -7.852  107.737   82.298  -50.736    1599638814310
02    16.593   -8.095   -8.394  104.415   21.686   64.921    1599638814310
01    17.934   -8.204   -8.142  129.079   82.437  -28.469    1599638814326
02    16.644   -8.130   -8.429  103.721   20.044   65.360    1599638814326
01    17.815   -8.573   -8.284  140.456   82.416  -13.720    1599638814342
02    16.691   -8.135   -8.474  102.285   19.303   66.480    1599638814342
01    17.824   -8.672   -8.404  143.485   81.965   -6.618    1599638814357
02    16.718   -8.124   -8.520  100.213   18.510   68.553    1599638814357
01    17.926   -8.484   -8.613  132.895   80.998  -12.816    1599638814373
02    16.784   -8.006   -8.549   97.610   16.592   70.873    1599638814373
01    18.355   -7.821   -8.732   98.619   77.999  -44.074    1599638814389
02    17.053   -7.784   -8.305   95.497   15.765   67.688    1599638814389
01    18.934   -7.312   -8.254   69.440   69.456  -69.139    1599638814420
02    17.276   -7.528   -8.095   96.925   20.190   64.307    1599638814420
01    19.335   -7.020   -7.712   59.409   59.089  -74.206    1599638814435
02    16.939   -7.534   -8.697  104.585   30.492   66.748    1599638814435
01    19.612   -6.876   -7.193   54.140   50.311  -74.673    1599638814451
02    16.465   -7.818   -9.252  117.461   41.113   74.596    1599638814451
01    19.760   -6.803   -6.886   50.636   42.829  -73.105    1599638814467
02    16.060   -8.313   -9.315  139.538   51.649   93.231    1599638814467
01    19.864   -6.774   -6.741   47.533   39.705  -72.029    1599638814482
02    15.758   -8.582   -9.302  159.685   54.322  111.926    1599638814482
01    19.928   -6.834   -6.645   43.968   39.741  -72.447    1599638814498
02    15.569   -8.679   -9.274  170.132   53.794  121.710    1599638814498
01    19.954   -6.864   -6.633   41.225   41.266  -73.159    1599638814514
02    15.469   -8.704   -9.216  174.873   53.276  125.840    1599638814514
01    19.959   -6.892   -6.611   39.015   42.570  -74.226    1599638814529
02    15.397   -8.718   -9.181  176.103   52.945  126.470    1599638814529
01    19.934   -6.843   -6.637   38.832   43.495  -74.294    1599638814545
02    15.327   -8.741   -9.126  173.202   53.157  123.862    1599638814545
01    19.847   -6.846   -6.642   39.299   44.825  -74.383    1599638814560
02    15.246   -8.713   -9.125  164.047   53.001  116.852    1599638814560
01    19.699   -6.869   -6.613   40.777   46.906  -75.681    1599638814576
02    15.142   -8.622   -9.193  145.507   50.209  104.411    1599638814576
01    19.495   -6.904   -6.555   44.143   50.048  -78.121    1599638814592
02    15.230   -8.141   -9.282  126.226   39.714   91.731    1599638814592
01    19.241   -6.872   -6.509   50.856   54.835  -80.462    1599638814607
02    15.714   -7.235   -9.123  112.288   24.912   81.345    1599638814607
01    18.928   -6.782   -6.711   66.022   61.904  -76.908    1599638814623
02    16.159   -7.150   -8.555  101.110   14.370   71.653    1599638814623
01    18.570   -6.822   -7.107   86.322   68.076  -65.372    1599638814639
02    16.569   -7.074   -8.040   99.298   10.068   66.448    1599638814639
01    18.304   -7.029   -7.430   99.768   71.612  -55.938    1599638814654
02    16.797   -7.143   -7.830   99.177    9.952   64.384    1599638814654
01    18.145   -7.293   -7.760  107.690   73.823  -48.244    1599638814685
02    16.907   -7.221   -7.877   99.309   10.967   64.228    1599638814685
01    18.085   -7.585   -8.044  110.048   76.036  -43.255    1599638814701
02    16.959   -7.333   -8.020   98.358   12.509   65.358    1599638814701
01    18.101   -7.823   -8.346  107.451   77.633  -41.253    1599638814717
02    17.030   -7.392   -8.174   96.870   13.516   67.411    1599638814717
01    18.475   -7.604   -8.439   85.488   76.105  -59.637    1599638814732
02    17.253   -7.437   -8.045   95.713   16.356   64.523    1599638814732
01    18.964   -7.358   -8.207   63.547   68.561  -76.487    1599638814748
02    17.376   -7.403   -8.156   98.683   24.352   62.521    1599638814748
01    19.408   -7.152   -7.771   53.843   58.898  -80.877    1599638814764
02    17.202   -7.607   -8.603  106.939   36.631   66.851    1599638814764
01    19.720   -7.080   -7.346   49.377   51.238  -80.834    1599638814779
02    16.878   -8.137   -8.963  127.498   51.752   83.412    1599638814779
01    19.880   -7.077   -7.206   47.403   46.989  -78.839    1599638814795
02    16.455   -8.809   -9.157  159.997   59.020  114.575    1599638814795
01    20.043   -7.084   -7.062   44.822   44.489  -77.948    1599638814810
02    16.059   -9.227   -9.376  177.626   57.350  131.996    1599638814810
01    20.149   -7.135   -6.972   41.804   43.363  -77.461    1599638814826
02    15.826   -9.417   -9.421 -175.434   56.087  138.869    1599638814826
01    20.203   -7.162   -6.938   39.208   43.298  -77.329    1599638814842
02    15.683   -9.425   -9.417 -175.032   55.432  139.129    1599638814842
01    20.196   -7.151   -6.959   37.442   44.078  -77.525    1599638814857
02    15.571   -9.363   -9.407 -178.340   55.102  135.755    1599638814857
01    20.096   -7.138   -7.034   36.879   45.819  -77.517    1599638814873
02    15.482   -9.220   -9.468  173.087   55.681  128.028    1599638814873
01    19.928   -7.154   -7.043   37.078   48.407  -78.890    1599638814889
02    15.427   -9.006   -9.536  154.813   55.650  112.993    1599638814889
01    19.705   -7.111   -7.001   39.759   52.001  -82.124    1599638814904
02    15.381   -8.744   -9.525  131.589   48.926   96.650    1599638814920
01    19.433   -7.057   -6.948   45.798   57.519  -85.399    1599638814935
02    15.548   -8.136   -9.488  115.624   34.674   85.342    1599638814935
01    18.973   -6.939   -7.089   61.612   65.811  -81.617    1599638814951
02    15.973   -7.995   -8.812  102.685   22.719   72.493    1599638814951
01    18.437   -7.055   -7.453   87.946   72.480  -64.471    1599638814967
02    16.294   -7.775   -8.387  100.748   15.931   68.075    1599638814967
01    18.080   -7.280   -7.693  106.770   74.432  -49.988    1599638814982
02    16.479   -7.672   -8.183  100.573   12.884   66.362    1599638814982
01    17.843   -7.523   -7.931  116.946   74.562  -39.952    1599638814998
02    16.590   -7.600   -8.128  100.563   11.489   65.861    1599638814998
01    17.763   -7.703   -8.080  121.029   74.937  -34.126    1599638815014
02    16.676   -7.560   -8.131   99.605   11.353   65.840    1599638815014
01    17.750   -7.826   -8.230  121.593   75.388  -30.579    1599638815029
02    16.743   -7.526   -8.180   97.967   11.610   66.329    1599638815029
01    17.821   -7.837   -8.368  116.607   75.690  -31.585    1599638815045
02    16.831   -7.486   -8.204   95.817   11.829   67.350    1599638815045
01    18.092   -7.596   -8.405  100.307   74.533  -44.491    1599638815060
02    17.157   -7.407   -7.885   95.286   15.213   63.585    1599638815060
01    18.536   -7.243   -8.199   79.094   69.209  -61.465    1599638815076
02    17.230   -7.230   -8.032   99.564   23.868   62.149    1599638815076
01    18.986   -6.960   -7.818   66.162   61.077  -69.415    1599638815092
02    16.934   -7.413   -8.561  108.571   35.670   67.152    1599638815092
01    19.329   -6.870   -7.426   58.344   54.400  -72.304    1599638815107
02    16.501   -7.837   -9.055  124.479   47.051   79.347    1599638815107
01    19.553   -6.856   -7.163   53.196   49.879  -73.064    1599638815123
02    16.160   -8.313   -9.135  147.342   55.284  100.805    1599638815123
01    19.718   -6.910   -7.022   48.635   48.089  -73.375    1599638815139
02    15.895   -8.532   -9.190  161.070   55.631  114.850    1599638815139
01    19.853   -6.954   -6.946   45.053   47.883  -73.864    1599638815154
02    15.737   -8.600   -9.182  166.619   54.797  120.790    1599638815154
01    19.885   -7.002   -6.959   42.618   48.883  -74.322    1599638815185
02    15.614   -8.637   -9.186  167.903   54.043  122.633    1599638815185
01    19.817   -7.021   -7.039   41.957   50.586  -74.228    1599638815201
02    15.488   -8.665   -9.204  163.996   53.646  119.860    1599638815201
01    19.648   -7.038   -7.094   43.287   52.770  -73.772    1599638815217
02    15.407   -8.617   -9.203  154.580   53.005  112.231    1599638815217
01    19.408   -7.048   -6.991   46.981   55.436  -74.239    1599638815232
02    15.253   -8.534   -9.253  139.002   48.960  101.723    1599638815232
01    19.131   -6.985   -6.784   54.862   59.124  -74.812    1599638815248
02    15.261   -8.123   -9.284  122.461   37.981   91.586    1599638815248
01    18.724   -7.006   -6.861   69.508   64.467  -69.034    1599638815264
02    15.595   -7.403   -9.111  110.855   21.968   83.182    1599638815264
01    18.314   -7.071   -7.133   91.995   69.295  -55.523    1599638815279
02    15.918   -7.263   -8.662  105.562   14.297   77.628    1599638815279
01    17.987   -7.221   -7.398  114.180   72.821  -39.888    1599638815295
02    16.134   -7.301   -8.330  103.306   12.018   74.282    1599638815295
01    17.728   -7.448   -7.676  130.359   73.428  -26.144    1599638815310
02    16.272   -7.358   -8.164  102.780   11.205   73.338    1599638815310
01    17.582   -7.693   -7.864  138.735   73.676  -17.272    1599638815326
02    16.364   -7.417   -8.100  102.126   11.322   73.636    1599638815326
01    17.506   -7.953   -7.992  144.382   73.793   -9.405    1599638815342
02    16.439   -7.483   -8.069  100.870   12.002   74.565    1599638815342
01    17.500   -8.127   -8.116  148.630   73.861   -2.749    1599638815357
02    16.496   -7.554   -8.073   99.282   12.994   75.839    1599638815357
01    17.528   -8.236   -8.166  149.975   74.219    1.001    1599638815373
02    16.531   -7.625   -8.098   97.441   13.757   77.095    1599638815373
01    17.568   -8.241   -8.235  148.687   74.246    1.599    1599638815389
02    16.576   -7.669   -8.096   95.875   14.444   77.616    1599638815389
01    17.620   -8.201   -8.274  145.679   74.498   -0.216    1599638815404
02    16.595   -7.745   -8.063   94.697   15.436   77.135    1599638815404
01    17.672   -8.185   -8.252  140.699   75.180   -3.892    1599638815435
02    16.582   -7.801   -8.033   94.688   16.729   77.075    1599638815435
01    17.730   -8.145   -8.198  134.749   75.669   -8.705    1599638815451
02    16.551   -7.831   -8.025   95.509   18.394   77.460    1599638815451
01    17.804   -8.080   -8.139  128.491   75.891  -14.114    1599638815467
02    16.504   -7.845   -8.052   96.804   20.156   78.100    1599638815467
01    17.854   -8.024   -8.095  123.082   75.758  -18.753    1599638815482
02    16.443   -7.858   -8.092   98.047   21.804   78.817    1599638815482
01    17.911   -7.944   -8.050  118.735   75.347  -22.677    1599638815498
02    16.380   -7.869   -8.126   99.062   22.973   79.575    1599638815498
01    17.953   -7.900   -7.976  115.447   75.108  -25.564    1599638815513
02    16.321   -7.867   -8.139   99.837   23.551   80.390    1599638815513
