01     9.174   -6.134  -14.257   64.187   54.407  156.542    1607412870097
02     7.989   -6.114  -15.046   54.016   36.111   -5.327    1607412870097
01     9.175   -6.137  -14.255   64.164   54.423  156.527    1607412870119
02     7.988   -6.114  -15.047   54.010   36.121   -5.328    1607412870119
01     9.172   -6.136  -14.259   64.180   54.418  156.556    1607412870134
02     7.974   -6.133  -15.048   53.912   36.269   -5.318    1607412870134
01     9.171   -6.136  -14.262   64.175   54.408  156.571    1607412870144
02     7.974   -6.117  -15.059   53.983   36.173   -5.274    1607412870144
01     9.171   -6.133  -14.266   64.195   54.408  156.592    1607412870169
02     7.983   -6.104  -15.063   54.013   36.085   -5.292    1607412870169
01     9.172   -6.137  -14.267   64.122   54.402  156.540    1607412870185
02     7.983   -6.099  -15.069   54.010   36.039   -5.237    1607412870185
01     9.172   -6.135  -14.268   64.085   54.402  156.530    1607412870197
02     8.000   -6.093  -15.064   53.979   35.967   -5.354    1607412870197
01     9.178   -6.133  -14.266   64.069   54.384  156.497    1607412870220
02     8.013   -6.084  -15.062   54.012   35.910   -5.396    1607412870220
01     9.175   -6.130  -14.267   64.090   54.385  156.510    1607412870236
02     8.022   -6.083  -15.055   54.024   35.883   -5.472    1607412870236
01     9.172   -6.128  -14.269   64.090   54.381  156.526    1607412870245
02     8.030   -6.074  -15.055   54.064   35.861   -5.480    1607412870245
01     9.171   -6.130  -14.270   64.092   54.400  156.519    1607412870270
02     8.024   -6.064  -15.060   54.164   35.850   -5.397    1607412870270
01     9.168   -6.130  -14.271   64.125   54.412  156.549    1607412870286
02     8.029   -6.072  -15.053   54.111   35.857   -5.487    1607412870286
01     9.164   -6.128  -14.272   64.146   54.413  156.575    1607412870298
02     8.010   -6.082  -15.058   54.087   35.954   -5.426    1607412870298
01     9.158   -6.139  -14.273   64.143   54.503  156.595    1607412870321
02     7.998   -6.076  -15.065   54.119   35.959   -5.343    1607412870321
01     9.158   -6.136  -14.277   64.194   54.488  156.642    1607412870336
02     8.002   -6.081  -15.064   54.102   35.997   -5.394    1607412870336
01     9.155   -6.136  -14.282   64.183   54.500  156.643    1607412870347
02     7.991   -6.083  -15.074   54.127   36.048   -5.319    1607412870347
01     9.165   -6.140  -14.278   64.063   54.498  156.507    1607412870362
02     7.992   -6.094  -15.072   54.039   36.082   -5.391    1607412870362
01     9.169   -6.140  -14.279   63.992   54.495  156.455    1607412870387
02     7.994   -6.090  -15.075   54.048   36.091   -5.362    1607412870387
01     9.179   -6.136  -14.279   63.945   54.443  156.401    1607412870398
02     8.004   -6.087  -15.075   54.033   36.052   -5.405    1607412870398
01     9.194   -6.126  -14.282   63.914   54.383  156.331    1607412870414
02     8.007   -6.093  -15.074   53.976   36.080   -5.435    1607412870414
01     9.216   -6.132  -14.266   63.608   54.379  156.020    1607412870422
02     8.015   -6.097  -15.071   53.906   36.052   -5.491    1607412870422
01     9.228   -6.119  -14.270   63.695   54.319  156.061    1607412870448
02     8.018   -6.092  -15.073   53.882   36.007   -5.459    1607412870448
01     9.208   -6.119  -14.286   63.813   54.321  156.291    1607412870464
02     8.019   -6.081  -15.079   53.921   35.976   -5.385    1607412870464
01     9.208   -6.111  -14.290   63.865   54.302  156.372    1607412870473
02     8.020   -6.080  -15.078   53.874   35.962   -5.374    1607412870473
01     9.203   -6.110  -14.297   63.972   54.343  156.475    1607412870498
02     8.021   -6.086  -15.076   53.764   36.007   -5.350    1607412870498
01     9.195   -6.116  -14.305   64.013   54.362  156.589    1607412870514
02     8.017   -6.089  -15.078   53.748   36.040   -5.233    1607412870514
01     9.202   -6.122  -14.301   63.916   54.397  156.515    1607412870524
02     8.021   -6.084  -15.082   53.784   36.011   -5.157    1607412870524
01     9.218   -6.127  -14.293   63.781   54.410  156.379    1607412870549
02     8.024   -6.077  -15.090   53.821   35.960   -5.030    1607412870549
01     9.225   -6.131  -14.291   63.681   54.399  156.298    1607412870565
02     8.028   -6.075  -15.093   53.803   35.950   -5.023    1607412870565
01     9.239   -6.132  -14.286   63.633   54.392  156.194    1607412870575
02     8.038   -6.082  -15.094   53.699   35.957   -5.146    1607412870575
01     9.247   -6.136  -14.288   63.568   54.412  156.135    1607412870600
02     8.047   -6.072  -15.102   53.777   35.882   -5.126    1607412870600
01     9.254   -6.148  -14.283   63.436   54.418  156.018    1607412870616
02     8.055   -6.080  -15.099   53.708   35.887   -5.235    1607412870616
01     9.245   -6.148  -14.293   63.431   54.397  156.059    1607412870626
02     8.056   -6.083  -15.097   53.668   35.897   -5.297    1607412870626
01     9.254   -6.141  -14.290   63.381   54.363  155.980    1607412870651
02     8.088   -6.071  -15.092   53.659   35.786   -5.423    1607412870651
01     9.251   -6.136  -14.290   63.414   54.354  156.004    1607412870667
02     8.080   -6.074  -15.089   53.658   35.820   -5.442    1607412870667
01     9.249   -6.135  -14.289   63.433   54.334  156.021    1607412870677
02     8.074   -6.083  -15.087   53.643   35.866   -5.479    1607412870677
01     9.253   -6.123  -14.289   63.440   54.269  156.026    1607412870702
02     8.078   -6.071  -15.088   53.681   35.804   -5.448    1607412870702
01     9.247   -6.126  -14.290   63.496   54.290  156.092    1607412870718
02     8.070   -6.079  -15.086   53.699   35.872   -5.425    1607412870718
01     9.250   -6.129  -14.285   63.514   54.323  156.063    1607412870727
02     8.069   -6.079  -15.086   53.731   35.897   -5.404    1607412870727
01     9.246   -6.132  -14.287   63.557   54.356  156.111    1607412870753
02     8.057   -6.079  -15.092   53.724   35.905   -5.347    1607412870753
01     9.240   -6.136  -14.289   63.563   54.378  156.136    1607412870768
02     8.062   -6.086  -15.087   53.700   35.904   -5.404    1607412870768
01     9.248   -6.138  -14.284   63.509   54.384  156.063    1607412870778
02     8.068   -6.098  -15.079   53.638   35.925   -5.463    1607412870778
01     9.252   -6.137  -14.283   63.481   54.384  156.026    1607412870803
02     8.071   -6.096  -15.081   53.617   35.911   -5.467    1607412870803
01     9.251   -6.137  -14.285   63.493   54.387  156.037    1607412870819
02     8.074   -6.094  -15.080   53.603   35.902   -5.488    1607412870819
01     9.250   -6.143  -14.282   63.429   54.417  155.999    1607412870829
02     8.081   -6.085  -15.081   53.635   35.858   -5.487    1607412870829
01     9.250   -6.146  -14.281   63.353   54.426  155.957    1607412870854
02     8.079   -6.075  -15.087   53.669   35.841   -5.445    1607412870854
01     9.246   -6.141  -14.287   63.438   54.387  156.059    1607412870870
02     8.083   -6.073  -15.085   53.653   35.817   -5.458    1607412870870
01     9.248   -6.136  -14.288   63.450   54.379  156.070    1607412870879
02     8.093   -6.072  -15.080   53.624   35.778   -5.501    1607412870879
01     9.244   -6.139  -14.292   63.425   54.405  156.095    1607412870904
02     8.084   -6.063  -15.088   53.630   35.761   -5.392    1607412870904
01     9.232   -6.140  -14.300   63.449   54.429  156.232    1607412870921
02     8.079   -6.077  -15.084   53.520   35.815   -5.403    1607412870921
01     9.232   -6.149  -14.297   63.307   54.483  156.134    1607412870930
02     8.082   -6.079  -15.081   53.482   35.830   -5.428    1607412870930
01     9.228   -6.142  -14.306   63.433   54.498  156.260    1607412870946
02     8.082   -6.076  -15.084   53.466   35.806   -5.396    1607412870946
01     9.232   -6.145  -14.302   63.297   54.505  156.133    1607412870955
02     8.086   -6.084  -15.081   53.391   35.838   -5.480    1607412870955
01     9.232   -6.143  -14.302   63.298   54.511  156.121    1607412870981
02     8.080   -6.086  -15.084   53.376   35.877   -5.451    1607412870981
01     9.236   -6.142  -14.305   63.279   54.524  156.063    1607412870999
02     8.079   -6.086  -15.087   53.393   35.872   -5.482    1607412870999
01     9.237   -6.145  -14.302   63.225   54.549  156.002    1607412871006
02     8.082   -6.088  -15.085   53.362   35.849   -5.548    1607412871006
01     9.242   -6.152  -14.294   63.104   54.568  155.852    1607412871032
02     8.086   -6.087  -15.084   53.354   35.840   -5.603    1607412871032
01     9.241   -6.145  -14.297   63.196   54.523  155.919    1607412871048
02     8.088   -6.082  -15.084   53.373   35.788   -5.617    1607412871048
01     9.243   -6.141  -14.297   63.273   54.470  155.964    1607412871058
02     8.086   -6.079  -15.084   53.416   35.779   -5.613    1607412871058
01     9.245   -6.139  -14.295   63.249   54.461  155.920    1607412871083
02     8.086   -6.077  -15.084   53.449   35.757   -5.608    1607412871083
01     9.237   -6.138  -14.298   63.314   54.477  156.027    1607412871099
02     8.087   -6.068  -15.084   53.492   35.690   -5.591    1607412871099
01     9.236   -6.135  -14.295   63.346   54.480  156.008    1607412871109
02     8.089   -6.067  -15.079   53.519   35.688   -5.654    1607412871109
01     9.230   -6.138  -14.294   63.330   54.506  156.024    1607412871134
02     8.075   -6.067  -15.083   53.563   35.733   -5.546    1607412871134
01     9.233   -6.135  -14.291   63.307   54.481  155.971    1607412871150
02     8.071   -6.068  -15.085   53.589   35.740   -5.551    1607412871150
01     9.231   -6.135  -14.292   63.344   54.492  156.002    1607412871160
02     8.064   -6.066  -15.087   53.637   35.770   -5.526    1607412871160
01     9.230   -6.138  -14.290   63.317   54.516  155.960    1607412871185
02     8.065   -6.071  -15.084   53.617   35.776   -5.583    1607412871185
01     9.229   -6.135  -14.292   63.365   54.510  155.989    1607412871199
02     8.058   -6.073  -15.089   53.625   35.814   -5.561    1607412871199
01     9.235   -6.140  -14.289   63.273   54.510  155.892    1607412871211
02     8.067   -6.068  -15.088   53.646   35.787   -5.589    1607412871211
01     9.239   -6.141  -14.292   63.276   54.512  155.880    1607412871235
02     8.070   -6.075  -15.089   53.573   35.781   -5.625    1607412871235
01     9.240   -6.132  -14.298   63.323   54.468  155.909    1607412871251
02     8.077   -6.082  -15.086   53.537   35.774   -5.689    1607412871251
01     9.241   -6.136  -14.300   63.321   54.486  155.895    1607412871262
02     8.077   -6.080  -15.091   53.539   35.761   -5.673    1607412871262
01     9.243   -6.134  -14.303   63.316   54.463  155.879    1607412871287
02     8.084   -6.082  -15.091   53.512   35.752   -5.726    1607412871287
01     9.249   -6.137  -14.302   63.282   54.467  155.803    1607412871299
02     8.088   -6.083  -15.093   53.514   35.731   -5.726    1607412871299
01     9.248   -6.141  -14.304   63.245   54.484  155.782    1607412871313
02     8.089   -6.081  -15.099   53.552   35.727   -5.709    1607412871313
01     9.250   -6.141  -14.308   63.272   54.460  155.784    1607412871328
02     8.104   -6.091  -15.094   53.527   35.712   -5.815    1607412871328
01     9.249   -6.143  -14.310   63.318   54.479  155.820    1607412871354
02     8.098   -6.083  -15.108   53.573   35.697   -5.757    1607412871354
01     9.259   -6.147  -14.307   63.276   54.477  155.729    1607412871363
02     8.100   -6.086  -15.111   53.583   35.703   -5.770    1607412871363
01     9.258   -6.151  -14.312   63.309   54.460  155.764    1607412871379
02     8.109   -6.086  -15.110   53.602   35.656   -5.848    1607412871379
01     9.275   -6.144  -14.309   63.229   54.389  155.630    1607412871399
02     8.104   -6.099  -15.113   53.557   35.735   -5.853    1607412871399
01     9.289   -6.146  -14.305   63.210   54.377  155.527    1607412871414
02     8.109   -6.107  -15.111   53.537   35.737   -5.919    1607412871414
01     9.274   -6.156  -14.318   63.300   54.434  155.677    1607412871430
02     8.104   -6.114  -15.112   53.542   35.784   -5.909    1607412871430
01     9.270   -6.162  -14.321   63.290   54.465  155.654    1607412871439
02     8.110   -6.119  -15.113   53.513   35.788   -5.949    1607412871439
01     9.274   -6.170  -14.320   63.260   54.511  155.599    1607412871465
02     8.117   -6.134  -15.108   53.474   35.815   -6.040    1607412871465
01     9.262   -6.173  -14.329   63.274   54.509  155.687    1607412871487
02     8.114   -6.128  -15.113   53.500   35.805   -5.992    1607412871487
01     9.256   -6.173  -14.334   63.303   54.531  155.761    1607412871499
02     8.121   -6.130  -15.114   53.461   35.797   -6.032    1607412871499
01     9.256   -6.179  -14.333   63.317   54.559  155.764    1607412871515
02     8.129   -6.139  -15.111   53.450   35.787   -6.093    1607412871515
01     9.257   -6.189  -14.332   63.256   54.602  155.704    1607412871531
02     8.120   -6.138  -15.118   53.433   35.772   -6.048    1607412871531
01     9.268   -6.184  -14.331   63.186   54.560  155.611    1607412871541
02     8.117   -6.133  -15.124   53.446   35.782   -6.035    1607412871541
01     9.279   -6.184  -14.326   63.140   54.541  155.527    1607412871566
02     8.109   -6.153  -15.122   53.376   35.891   -6.064    1607412871566
01     9.286   -6.182  -14.324   63.077   54.514  155.457    1607412871582
02     8.105   -6.147  -15.129   53.386   35.880   -6.013    1607412871582
01     9.296   -6.182  -14.321   63.014   54.506  155.401    1607412871600
02     8.123   -6.145  -15.120   53.371   35.834   -6.095    1607412871600
01     9.301   -6.179  -14.322   63.007   54.494  155.378    1607412871617
02     8.133   -6.139  -15.119   53.401   35.820   -6.109    1607412871617
01     9.304   -6.173  -14.325   63.021   54.468  155.397    1607412871633
02     8.129   -6.138  -15.121   53.369   35.822   -6.108    1607412871633
01     9.306   -6.168  -14.324   62.993   54.441  155.365    1607412871643
02     8.132   -6.135  -15.120   53.359   35.799   -6.111    1607412871643
01     9.301   -6.165  -14.327   63.032   54.403  155.465    1607412871668
02     8.138   -6.135  -15.118   53.338   35.778   -6.139    1607412871668
01     9.300   -6.174  -14.322   62.953   54.438  155.409    1607412871684
02     8.133   -6.123  -15.125   53.403   35.762   -6.060    1607412871684
01     9.300   -6.169  -14.323   62.955   54.429  155.431    1607412871700
02     8.140   -6.120  -15.123   53.386   35.730   -6.094    1607412871700
01     9.302   -6.168  -14.321   62.943   54.436  155.402    1607412871719
02     8.149   -6.106  -15.123   53.386   35.639   -6.076    1607412871719
01     9.297   -6.161  -14.327   62.994   54.421  155.481    1607412871734
02     8.138   -6.103  -15.128   53.373   35.657   -6.010    1607412871734
01     9.296   -6.157  -14.329   63.012   54.408  155.509    1607412871744
02     8.137   -6.107  -15.126   53.359   35.668   -6.013    1607412871744
01     9.303   -6.154  -14.326   63.002   54.373  155.489    1607412871769
02     8.136   -6.109  -15.125   53.347   35.688   -6.006    1607412871769
01     9.302   -6.156  -14.326   63.003   54.380  155.511    1607412871785
02     8.139   -6.103  -15.124   53.352   35.682   -5.973    1607412871785
01     9.306   -6.148  -14.328   63.071   54.338  155.587    1607412871800
02     8.143   -6.101  -15.120   53.298   35.640   -5.944    1607412871800
01     9.300   -6.148  -14.328   63.148   54.337  155.814    1607412871820
02     8.143   -6.103  -15.118   53.208   35.618   -5.722    1607412871820
01     9.293   -6.154  -14.330   63.156   54.452  156.003    1607412871836
02     8.142   -6.099  -15.118   53.123   35.553   -5.397    1607412871836
01     9.298   -6.151  -14.329   63.174   54.411  156.090    1607412871845
02     8.141   -6.091  -15.117   52.941   35.352   -4.949    1607412871845
01     9.299   -6.155  -14.327   63.082   54.520  156.114    1607412871871
02     8.141   -6.090  -15.108   52.895   35.225   -4.675    1607412871871
01     9.304   -6.155  -14.327   62.913   54.569  156.125    1607412871886
02     8.131   -6.082  -15.107   52.849   34.943   -4.074    1607412871886
01     9.322   -6.153  -14.322   62.586   54.533  155.841    1607412871900
02     8.127   -6.079  -15.098   52.580   34.691   -4.004    1607412871900
01     9.329   -6.172  -14.321   62.039   54.752  155.631    1607412871916
02     8.132   -6.074  -15.086   52.357   34.421   -4.080    1607412871921
01     9.409   -6.213  -14.299   60.334   54.776  154.118    1607412871937
02     8.105   -6.063  -15.118   52.388   34.852   -3.838    1607412871937
01     9.571   -6.279  -14.259   56.068   54.662  150.533    1607412871946
02     7.929   -6.037  -15.345   53.297   37.576   -2.612    1607412871946
01     9.783   -6.384  -14.178   50.197   54.111  145.662    1607412871962
02     7.462   -6.293  -15.681   55.858   45.559   -0.634    1607412871962
01    10.018   -6.419  -14.103   43.623   52.391  140.188    1607412871972
02     6.902   -6.788  -15.960   60.986   56.509    2.425    1607412871972
01    10.333   -6.494  -13.937   36.216   49.249  133.990    1607412872001
02     6.315   -7.598  -16.068   70.434   70.001    9.209    1607412872001
01    10.504   -6.630  -13.824   29.683   46.032  129.603    1607412872016
02     5.953   -8.311  -15.962   99.230   81.849   36.014    1607412872016
01    10.694   -6.691  -13.710   24.790   42.538  126.647    1607412872022
02     5.802   -8.714  -15.780 -174.186   81.990  121.203    1607412872022
01    10.796   -6.744  -13.640   21.170   39.946  125.048    1607412872048
02     5.742   -8.833  -15.622 -152.905   74.695  141.684    1607412872048
01    10.848   -6.764  -13.609   18.813   37.979  124.512    1607412872063
02     5.777   -8.777  -15.512 -148.623   68.962  145.016    1607412872063
01    10.896   -6.749  -13.574   17.414   36.518  124.366    1607412872072
02     5.828   -8.707  -15.432 -146.199   64.952  146.505    1607412872072
01    10.930   -6.698  -13.560   16.705   35.091  124.848    1607412872101
02     5.866   -8.688  -15.382 -143.699   62.070  148.138    1607412872101
01    10.973   -6.614  -13.540   16.798   33.716  125.508    1607412872117
02     5.893   -8.676  -15.348 -141.923   60.190  149.159    1607412872117
01    11.051   -6.602  -13.433   16.506   32.137  125.484    1607412872124
02     5.969   -8.644  -15.325 -140.031   59.361  150.398    1607412872124
01    11.077   -6.549  -13.417   16.733   31.088  126.252    1607412872150
02     5.978   -8.626  -15.325 -139.326   58.603  150.854    1607412872150
01    11.116   -6.509  -13.372   16.982   30.151  126.618    1607412872165
02     5.987   -8.593  -15.329 -139.139   58.294  150.917    1607412872165
01    11.117   -6.498  -13.365   16.889   29.609  127.179    1607412872175
02     6.004   -8.575  -15.320 -139.259   58.317  151.105    1607412872175
01    11.117   -6.496  -13.354   16.862   29.215  127.560    1607412872201
02     6.000   -8.547  -15.322 -139.942   58.381  150.704    1607412872201
01    11.140   -6.471  -13.336   17.012   28.876  127.768    1607412872217
02     6.010   -8.481  -15.339 -140.749   58.828  149.780    1607412872217
01    11.134   -6.473  -13.329   16.963   28.778  127.870    1607412872226
02     6.031   -8.444  -15.334 -141.181   59.253  149.457    1607412872226
01    11.126   -6.436  -13.339   17.358   28.790  128.097    1607412872251
02     6.026   -8.384  -15.357 -142.518   59.813  148.307    1607412872251
01    11.125   -6.413  -13.341   17.740   28.792  128.072    1607412872267
02     6.005   -8.363  -15.365 -143.499   60.050  147.696    1607412872267
01    11.140   -6.388  -13.328   18.037   28.668  128.061    1607412872276
02     5.989   -8.348  -15.373 -144.012   60.227  147.308    1607412872276
01    11.116   -6.374  -13.345   18.265   28.835  128.189    1607412872302
02     5.998   -8.320  -15.377 -144.470   60.654  146.984    1607412872302
01    11.097   -6.376  -13.352   18.426   29.029  128.103    1607412872317
02     6.008   -8.303  -15.378 -145.133   61.288  146.677    1607412872317
01    11.073   -6.361  -13.369   18.793   29.239  128.283    1607412872327
02     6.075   -8.105  -15.456 -147.492   63.171  144.461    1607412872327
01    11.002   -6.320  -13.427   19.698   30.102  128.840    1607412872352
02     6.276   -7.687  -15.592 -154.164   67.742  138.396    1607412872352
01    10.811   -6.194  -13.559   22.177   31.801  130.292    1607412872368
02     6.753   -7.091  -15.656  175.745   77.323  110.558    1607412872368
01    10.426   -6.000  -13.803   29.245   36.063  135.056    1607412872378
02     7.532   -6.539  -15.494   89.404   76.053   29.380    1607412872378
01     9.939   -5.882  -14.026   39.104   41.114  142.491    1607412872403
02     8.325   -6.301  -15.061   54.969   57.800    0.560    1607412872403
01     9.560   -5.913  -14.088   50.955   45.590  151.693    1607412872419
02     8.603   -6.443  -14.615   43.904   38.023   -3.718    1607412872419
01     9.689   -5.712  -13.998   61.094   45.690  157.169    1607412872429
02     8.486   -5.520  -14.861   44.873   21.446    4.903    1607412872429
01     9.546   -5.605  -14.097   67.594   46.431  161.118    1607412872454
02     8.417   -5.557  -14.852   48.049   18.922    3.527    1607412872454
01     9.477   -5.618  -14.139   69.593   47.050  162.181    1607412872470
02     8.424   -5.610  -14.849   49.903   18.282    2.208    1607412872470
01     9.450   -5.645  -14.174   69.668   47.618  161.972    1607412872479
02     8.430   -5.662  -14.857   50.478   18.299    1.132    1607412872479
01     9.464   -5.690  -14.182   68.599   48.142  161.067    1607412872501
02     8.425   -5.729  -14.882   50.497   18.776    0.119    1607412872501
01     9.433   -5.796  -14.200   67.072   49.382  160.335    1607412872505
02     8.423   -5.823  -14.897   50.017   19.643   -1.281    1607412872505
01     9.421   -5.884  -14.215   65.531   50.651  159.834    1607412872530
02     8.405   -5.914  -14.924   49.376   20.580   -2.530    1607412872530
01     9.389   -5.951  -14.244   64.474   51.773  160.187    1607412872546
02     8.387   -5.878  -15.026   49.587   21.668   -3.003    1607412872546
01     9.483   -5.982  -14.219   61.794   51.768  158.180    1607412872556
02     8.203   -5.841  -15.282   50.567   25.778   -3.126    1607412872556
01     9.694   -5.998  -14.130   56.342   50.302  153.107    1607412872581
02     7.798   -6.005  -15.642   53.220   34.886   -2.947    1607412872581
01     9.963   -6.034  -14.004   49.306   47.486  146.735    1607412872602
02     7.128   -6.615  -16.004   56.487   47.780   -2.525    1607412872602
01    10.166   -6.115  -13.902   42.910   44.746  141.654    1607412872606
02     6.500   -7.472  -16.103   61.024   64.323    0.172    1607412872606
01    10.332   -6.239  -13.810   37.129   42.482  137.416    1607412872632
02     6.038   -8.023  -16.033   80.866   79.791   19.481    1607412872632
01    10.400   -6.332  -13.794   33.093   41.080  134.832    1607412872647
02     5.855   -8.290  -15.870  168.834   83.098  107.272    1607412872647
01    10.444   -6.355  -13.788   31.079   40.150  133.641    1607412872657
02     5.830   -8.389  -15.731 -161.647   76.691  136.228    1607412872657
01    10.474   -6.319  -13.789   30.739   39.580  133.596    1607412872683
02     5.888   -8.404  -15.652 -153.966   72.722  142.780    1607412872683
01    10.446   -6.267  -13.820   31.471   39.497  134.342    1607412872702
02     5.967   -8.425  -15.600 -148.926   70.705  146.871    1607412872702
01    10.419   -6.233  -13.822   32.587   39.514  135.087    1607412872708
02     6.056   -8.383  -15.603 -146.682   70.007  148.087    1607412872708
01    10.328   -6.183  -13.862   34.495   40.049  136.565    1607412872733
02     6.196   -8.291  -15.627 -145.675   71.379  148.400    1607412872733
01    10.158   -6.111  -13.942   38.173   41.437  139.266    1607412872749
02     6.573   -8.018  -15.676 -147.263   78.320  146.371    1607412872749
01     9.919   -6.068  -14.019   43.882   43.771  143.531    1607412872759
02     7.251   -7.514  -15.653   62.480   85.752   -4.954    1607412872759
01     9.576   -6.083  -14.110   51.567   46.891  149.834    1607412872784
02     8.016   -7.089  -15.344   46.250   67.051  -19.271    1607412872784
01     9.388   -5.996  -14.216   62.002   49.808  157.173    1607412872802
02     8.525   -6.981  -14.752   43.481   48.887  -16.288    1607412872802
01     9.293   -5.968  -14.245   68.343   50.824  160.963    1607412872810
02     8.436   -6.625  -14.867   47.569   41.730  -11.434    1607412872810
01     9.297   -5.939  -14.270   69.779   50.962  161.524    1607412872835
02     8.340   -6.422  -15.003   49.814   38.859   -8.733    1607412872835
01     9.317   -5.960  -14.284   68.774   51.160  160.674    1607412872851
02     8.300   -6.333  -15.080   50.539   37.847   -7.887    1607412872851
01     9.277   -6.020  -14.313   67.597   51.637  160.160    1607412872861
02     8.280   -6.338  -15.110   50.475   37.793   -8.017    1607412872861
01     9.276   -6.084  -14.312   66.093   52.182  159.290    1607412872886
02     8.278   -6.358  -15.137   50.127   38.062   -8.544    1607412872886
01     9.260   -6.151  -14.326   64.912   53.127  158.989    1607412872902
02     8.229   -6.370  -15.188   49.956   38.844   -8.535    1607412872902
01     9.296   -6.196  -14.329   63.427   53.984  157.975    1607412872911
02     8.097   -6.366  -15.315   50.469   41.004   -7.946    1607412872911
01     9.417   -6.218  -14.293   60.228   53.921  155.016    1607412872936
02     7.825   -6.495  -15.506   51.550   46.505   -7.203    1607412872936
01     9.641   -6.232  -14.202   54.435   52.278  149.541    1607412872952
02     7.426   -6.842  -15.699   53.235   55.858   -6.870    1607412872952
01     9.945   -6.267  -14.051   47.310   49.373  143.404    1607412872962
02     6.770   -7.669  -15.861   55.566   69.491   -6.918    1607412872962
01    10.257   -6.355  -13.880   38.772   45.089  137.202    1607412872987
02     6.236   -8.447  -15.849   74.635   87.197   10.386    1607412872987
01    10.375   -6.486  -13.807   32.265   41.959  133.612    1607412873002
02     6.026   -8.694  -15.761 -139.398   80.064  156.121    1607412873002
01    10.461   -6.542  -13.774   28.679   40.109  131.930    1607412873013
02     5.970   -8.684  -15.666 -141.552   73.208  154.161    1607412873013
01    10.502   -6.498  -13.773   27.746   39.049  131.775    1607412873028
02     5.952   -8.632  -15.590 -143.595   69.066  151.932    1607412873038
01    10.537   -6.457  -13.745   27.935   38.273  132.042    1607412873054
02     5.997   -8.588  -15.541 -143.572   67.050  151.107    1607412873054
01    10.488   -6.383  -13.774   29.448   38.385  133.359    1607412873063
02     6.081   -8.462  -15.567 -144.783   67.533  148.921    1607412873063
01    10.332   -6.261  -13.868   32.771   39.574  136.189    1607412873079
02     6.396   -8.151  -15.627 -148.284   73.388  144.632    1607412873079
01    10.029   -6.160  -13.997   38.891   42.408  141.210    1607412873102
02     7.037   -7.661  -15.647  176.647   86.284  108.676    1607412873102
01     9.695   -6.101  -14.079   48.117   45.786  148.524    1607412873114
02     7.676   -7.236  -15.493   54.212   74.879  -12.983    1607412873114
01     9.445   -6.054  -14.145   58.985   48.831  157.066    1607412873130
02     8.216   -6.873  -15.133   49.971   58.370  -13.677    1607412873130
01     9.407   -5.948  -14.167   66.968   50.004  161.705    1607412873139
02     8.096   -6.297  -15.285   52.826   45.719   -5.361    1607412873139
01     9.384   -5.864  -14.226   71.536   50.606  164.613    1607412873165
02     8.187   -6.204  -15.250   52.632   40.875   -5.626    1607412873165
01     9.365   -5.892  -14.281   71.714   51.460  165.257    1607412873180
02     8.212   -6.242  -15.239   51.827   39.406   -6.244    1607412873180
01     9.345   -5.975  -14.320   70.224   52.598  164.801    1607412873203
02     8.211   -6.306  -15.257   50.809   39.454   -7.214    1607412873203
01     9.351   -6.082  -14.346   68.095   53.896  163.492    1607412873216
02     8.148   -6.370  -15.341   50.333   40.863   -7.996    1607412873216
01     9.462   -6.155  -14.310   63.848   54.133  159.508    1607412873232
02     7.930   -6.496  -15.530   50.886   45.589   -8.039    1607412873232
01     9.655   -6.210  -14.235   57.504   52.801  153.601    1607412873242
02     7.579   -6.835  -15.724   51.545   54.315   -8.740    1607412873242
01     9.886   -6.267  -14.128   49.824   50.095  146.880    1607412873267
02     7.174   -7.354  -15.848   52.212   65.829  -10.170    1607412873267
01    10.149   -6.374  -13.983   42.738   46.962  141.581    1607412873283
02     6.596   -8.154  -15.875   52.471   77.514  -10.863    1607412873283
01    10.296   -6.476  -13.905   36.557   43.894  137.783    1607412873303
02     6.239   -8.494  -15.837  123.236   88.682   59.728    1607412873303
01    10.384   -6.509  -13.851   32.938   41.537  135.733    1607412873318
02     6.109   -8.512  -15.765 -151.171   81.355  145.852    1607412873318
01    10.386   -6.500  -13.850   31.695   40.374  135.354    1607412873333
02     6.043   -8.496  -15.700 -150.040   75.785  147.298    1607412873333
01    10.383   -6.415  -13.861   32.257   39.835  136.038    1607412873343
02     6.103   -8.419  -15.674 -149.691   73.707  147.184    1607412873343
01    10.336   -6.349  -13.888   33.783   40.110  137.342    1607412873368
02     6.305   -8.198  -15.686 -153.734   76.083  142.707    1607412873368
01    10.166   -6.308  -13.964   36.926   41.815  139.993    1607412873384
02     6.780   -7.783  -15.683  176.484   84.228  113.069    1607412873384
01     9.877   -6.272  -14.075   42.637   44.783  144.893    1607412873403
02     7.447   -7.403  -15.497   57.402   77.797   -5.071    1607412873403
01     9.591   -6.305  -14.141   50.550   48.286  151.619    1607412873419
02     7.990   -7.151  -15.170   46.581   60.757  -12.494    1607412873419
01     9.526   -6.214  -14.158   57.783   49.618  155.976    1607412873435
02     7.974   -6.619  -15.268   48.845   47.333   -4.712    1607412873435
01     9.452   -6.126  -14.221   63.821   50.339  159.910    1607412873445
02     8.084   -6.461  -15.221   48.987   41.128   -4.627    1607412873445
01     9.398   -6.125  -14.257   66.280   50.866  161.644    1607412873470
02     8.174   -6.407  -15.176   48.992   37.966   -5.301    1607412873470
01     9.374   -6.141  -14.281   66.593   51.236  161.880    1607412873486
02     8.204   -6.412  -15.161   48.693   36.700   -6.032    1607412873486
01     9.361   -6.176  -14.302   65.745   51.684  161.529    1607412873504
02     8.230   -6.434  -15.159   48.133   36.231   -6.970    1607412873504
01     9.341   -6.253  -14.325   64.172   52.630  161.024    1607412873521
02     8.198   -6.440  -15.217   47.763   36.748   -7.497    1607412873521
01     9.390   -6.308  -14.321   61.617   53.356  159.205    1607412873537
02     8.029   -6.453  -15.395   48.326   40.039   -7.241    1607412873537
01     9.526   -6.334  -14.280   57.293   52.739  155.478    1607412873546
02     7.655   -6.682  -15.631   49.627   48.219   -6.992    1607412873546
01     9.758   -6.367  -14.175   50.788   50.553  149.765    1607412873571
02     7.219   -7.146  -15.790   50.961   59.789   -7.821    1607412873571
01    10.071   -6.451  -13.997   43.945   47.674  144.250    1607412873572
02     6.592   -7.978  -15.872   52.454   72.945   -8.191    1607412873572
01    10.271   -6.533  -13.899   36.582   43.743  139.444    1607412873604
02     6.162   -8.458  -15.840   91.429   87.801   29.874    1607412873604
01    10.379   -6.583  -13.849   31.999   40.948  136.796    1607412873620
02     6.010   -8.493  -15.779 -153.793   81.065  144.726    1607412873620
01    10.470   -6.556  -13.806   30.214   39.134  135.735    1607412873623
02     5.942   -8.495  -15.690 -151.461   74.645  147.555    1607412873623
01    10.504   -6.503  -13.792   30.018   38.141  135.900    1607412873648
02     5.915   -8.497  -15.637 -150.245   70.381  148.499    1607412873648
01    10.518   -6.438  -13.798   30.509   37.573  136.607    1607412873664
02     5.944   -8.475  -15.612 -148.708   68.227  149.442    1607412873664
01    10.510   -6.390  -13.805   31.322   37.367  137.448    1607412873674
02     6.024   -8.377  -15.617 -148.831   68.290  148.686    1607412873674
01    10.409   -6.333  -13.866   33.195   38.118  139.137    1607412873699
02     6.212   -8.111  -15.669 -154.827   72.162  142.546    1607412873699
01    10.195   -6.274  -13.972   36.984   40.209  142.434    1607412873720
02     6.737   -7.709  -15.677 -178.969   82.464  118.749    1607412873720
01     9.910   -6.226  -14.075   43.221   43.090  147.441    1607412873724
02     7.372   -7.331  -15.564   60.457   78.389   -0.432    1607412873724
01     9.702   -6.199  -14.138   50.694   45.919  152.874    1607412873750
02     8.155   -6.935  -15.146   47.433   60.926  -10.190    1607412873750
01     9.644   -6.096  -14.178   56.906   47.394  156.232    1607412873765
02     8.153   -6.229  -15.293   48.935   45.895   -2.138    1607412873765
01     9.616   -6.018  -14.230   61.026   48.345  158.612    1607412873775
02     8.271   -6.123  -15.233   48.408   38.992   -1.822    1607412873775
01     9.584   -6.049  -14.256   61.667   49.243  159.094    1607412873800
02     8.325   -6.139  -15.195   48.067   36.390   -2.163    1607412873800
01     9.538   -6.112  -14.283   61.223   49.895  159.139    1607412873821
02     8.352   -6.162  -15.183   47.714   35.339   -2.647    1607412873821
01     9.518   -6.157  -14.301   60.226   50.236  158.751    1607412873826
02     8.356   -6.203  -15.188   47.111   35.180   -3.343    1607412873826
01     9.520   -6.215  -14.310   58.600   50.709  157.948    1607412873851
02     8.365   -6.207  -15.219   46.468   35.366   -4.182    1607412873851
01     9.587   -6.250  -14.295   55.904   50.655  155.797    1607412873867
02     8.234   -6.192  -15.375   46.931   37.862   -4.001    1607412873867
01     9.754   -6.283  -14.218   51.218   49.269  151.616    1607412873877
02     7.846   -6.332  -15.656   49.110   45.524   -2.979    1607412873877
01     9.996   -6.311  -14.090   45.114   46.379  146.390    1607412873902
02     7.324   -6.720  -15.895   52.782   57.462   -1.896    1607412873902
01    10.322   -6.392  -13.894   37.628   42.015  141.205    1607412873921
02     6.663   -7.449  -16.035   58.287   70.783    1.246    1607412873921
01    10.590   -6.460  -13.725   30.924   37.142  137.440    1607412873928
02     6.222   -7.957  -16.019   90.811   84.015   31.831    1607412873928
01    10.684   -6.494  -13.666   27.308   34.313  135.955    1607412873953
02     6.073   -8.034  -15.956 -173.896   81.534  125.870    1607412873953
01    10.762   -6.429  -13.627   26.339   32.418  135.739    1607412873969
02     6.018   -8.054  -15.871 -160.466   74.931  138.702    1607412873969
01    10.844   -6.366  -13.575   26.298   31.100  135.930    1607412873980
02     6.051   -8.062  -15.800 -155.125   71.088  143.092    1607412873980
01    10.855   -6.291  -13.579   26.820   30.569  136.740    1607412873995
02     6.111   -8.062  -15.763 -151.761   69.169  145.810    1607412873995
01    10.843   -6.245  -13.579   27.698   30.511  137.461    1607412874005
02     6.184   -7.956  -15.771 -152.534   69.361  144.357    1607412874005
01    10.727   -6.188  -13.659   29.616   31.705  138.906    1607412874030
02     6.398   -7.718  -15.792 -158.891   73.083  137.622    1607412874030
01    10.465   -6.080  -13.824   33.600   34.532  141.847    1607412874046
02     6.861   -7.337  -15.793  170.027   82.144  106.989    1607412874046
01    10.112   -6.028  -13.976   40.092   38.565  146.521    1607412874056
02     7.487   -6.969  -15.641   65.517   76.974    4.484    1607412874056
01     9.791   -6.029  -14.096   48.498   43.055  152.791    1607412874081
02     8.244   -6.635  -15.174   50.329   59.988   -6.627    1607412874081
01     9.716   -5.930  -14.167   56.942   46.098  157.501    1607412874097
02     8.315   -6.024  -15.217   49.126   44.281   -1.138    1607412874097
01     9.650   -5.915  -14.215   61.222   47.750  160.367    1607412874107
02     8.384   -5.913  -15.166   48.363   36.696    0.080    1607412874107
01     9.588   -5.955  -14.271   61.883   48.541  161.399    1607412874133
02     8.420   -5.945  -15.128   47.468   33.657   -0.045    1607412874133
01     9.553   -6.030  -14.300   60.699   49.074  161.120    1607412874148
02     8.413   -5.988  -15.139   46.692   32.727   -0.390    1607412874148
01     9.557   -6.100  -14.310   58.542   49.415  160.212    1607412874158
02     8.422   -6.054  -15.146   45.365   32.615   -1.410    1607412874158
01     9.587   -6.193  -14.294   55.555   49.762  158.485    1607412874183
02     8.389   -6.076  -15.199   44.375   33.140   -2.336    1607412874183
01     9.718   -6.250  -14.237   51.564   49.084  155.496    1607412874199
02     8.243   -6.019  -15.391   45.098   35.964   -2.195    1607412874199
01     9.979   -6.329  -14.083   45.103   46.460  150.074    1607412874209
02     7.832   -6.135  -15.689   47.807   44.355   -1.316    1607412874209
01    10.299   -6.411  -13.863   38.056   42.088  144.702    1607412874234
02     7.287   -6.518  -15.935   52.071   56.737    0.054    1607412874234
01    10.676   -6.515  -13.584   30.729   36.255  140.630    1607412874250
02     6.546   -7.201  -16.102   58.891   70.080    4.843    1607412874250
01    10.876   -6.613  -13.420   24.490   31.020  138.688    1607412874259
02     6.170   -7.567  -16.066   90.084   82.121   33.965    1607412874259
01    10.990   -6.635  -13.336   20.990   27.760  138.261    1607412874285
02     6.034   -7.608  -15.972  170.293   81.155  112.941    1607412874285
01    11.053   -6.609  -13.291   19.689   25.892  138.576    1607412874300
02     6.002   -7.582  -15.886 -170.622   75.196  131.151    1607412874300
01    11.086   -6.555  -13.259   19.450   24.838  139.152    1607412874310
02     6.056   -7.553  -15.823 -163.682   71.926  137.192    1607412874310
01    11.070   -6.485  -13.270   19.944   24.750  139.770    1607412874335
02     6.116   -7.488  -15.807 -161.227   70.689  138.651    1607412874335
01    10.978   -6.392  -13.355   21.697   25.823  140.440    1607412874351
02     6.280   -7.261  -15.828 -167.952   73.126  131.084    1607412874351
01    10.710   -6.267  -13.554   25.335   29.221  142.067    1607412874360
02     6.686   -6.882  -15.813  159.474   79.554   98.729    1607412874360
01    10.253   -6.140  -13.824   32.486   35.142  146.230    1607412874385
02     7.291   -6.590  -15.658   77.612   76.681   19.044    1607412874385
01     9.773   -6.131  -14.007   42.939   41.996  153.346    1607412874401
02     7.841   -6.399  -15.360   54.306   61.780   -0.470    1607412874401
01     9.414   -6.056  -14.190   56.406   47.862  162.794    1607412874411
02     8.185   -6.357  -14.998   46.578   47.256   -3.524    1607412874411
01     9.308   -5.963  -14.256   65.590   49.686  168.758    1607412874436
02     8.220   -6.154  -14.997   46.902   40.232   -1.150    1607412874436
01     9.272   -5.932  -14.303   68.187   49.709  170.846    1607412874452
02     8.201   -6.057  -15.041   47.087   36.489    0.217    1607412874452
01     9.257   -6.010  -14.309   67.443   50.008  170.677    1607412874462
02     8.190   -6.029  -15.077   46.754   34.743    0.369    1607412874462
01     9.251   -6.094  -14.314   65.749   50.618  169.847    1607412874487
02     8.167   -6.059  -15.112   45.929   34.514   -0.258    1607412874487
01     9.245   -6.201  -14.320   63.582   51.695  168.955    1607412874502
02     8.136   -6.103  -15.153   45.074   34.937   -1.016    1607412874502
01     9.318   -6.300  -14.299   60.192   52.386  166.349    1607412874513
02     8.028   -6.124  -15.266   45.066   36.778   -1.617    1607412874513
01     9.549   -6.379  -14.202   53.856   51.493  160.288    1607412874538
02     7.715   -6.202  -15.501   47.065   42.826   -1.074    1607412874538
01     9.868   -6.467  -14.031   45.413   48.602  152.213    1607412874554
02     7.205   -6.506  -15.760   51.059   53.323   -0.045    1607412874554
01    10.120   -6.579  -13.870   37.480   44.820  145.435    1607412874563
02     6.441   -7.273  -15.961   56.618   66.076    2.287    1607412874563
01    10.358   -6.685  -13.699   30.868   40.790  140.479    1607412874579
02     5.952   -7.927  -15.938   77.221   81.235   19.907    1607412874579
01    10.493   -6.769  -13.604   25.937   37.454  137.335    1607412874589
02     5.764   -8.149  -15.841 -176.631   82.372  124.040    1607412874589
01    10.574   -6.789  -13.563   23.393   35.347  135.881    1607412874614
02     5.705   -8.202  -15.731 -158.102   74.691  141.592    1607412874614
01    10.611   -6.725  -13.563   22.808   34.219  135.729    1607412874630
02     5.731   -8.237  -15.630 -153.202   69.831  145.470    1607412874630
01    10.582   -6.665  -13.600   23.184   34.137  136.161    1607412874639
02     5.796   -8.181  -15.611 -152.254   68.092  145.231    1607412874639
01    10.462   -6.580  -13.698   24.962   35.368  137.396    1607412874665
02     6.005   -7.945  -15.642 -156.455   71.128  140.012    1607412874665
01    10.200   -6.470  -13.855   28.875   38.525  139.992    1607412874680
02     6.505   -7.588  -15.662 -174.883   80.663  121.034    1607412874680
01     9.801   -6.381  -14.022   36.342   43.430  145.177    1607412874690
02     7.125   -7.234  -15.573   72.924   80.567    9.284    1607412874690
01     9.403   -6.387  -14.117   46.901   48.897  153.330    1607412874715
02     7.641   -6.962  -15.303   54.092   65.133   -6.458    1607412874715
01     9.147   -6.253  -14.288   59.782   53.246  162.592    1607412874731
02     7.873   -6.672  -15.129   50.562   50.739   -4.794    1607412874731
01     9.072   -6.156  -14.348   67.237   54.402  167.835    1607412874741
02     7.915   -6.492  -15.119   50.762   44.400   -2.904    1607412874741
01     9.079   -6.189  -14.347   67.778   54.734  168.523    1607412874766
02     7.925   -6.419  -15.136   50.277   41.328   -2.158    1607412874766
01     9.081   -6.266  -14.354   65.928   55.044  167.761    1607412874782
02     7.960   -6.401  -15.144   49.236   39.635   -2.375    1607412874782
01     9.105   -6.346  -14.344   63.144   55.343  166.173    1607412874791
02     7.973   -6.391  -15.178   48.195   38.823   -2.886    1607412874791
01     9.142   -6.468  -14.319   59.575   55.924  163.501    1607412874817
02     7.936   -6.394  -15.237   47.555   38.978   -3.695    1607412874817
01     9.293   -6.525  -14.268   54.767   55.423  158.780    1607412874832
02     7.789   -6.420  -15.377   47.925   41.239   -3.916    1607412874832
01     9.558   -6.586  -14.144   47.371   53.184  151.288    1607412874842
02     7.400   -6.558  -15.620   50.387   47.658   -2.768    1607412874842
01     9.827   -6.648  -13.997   39.861   49.550  144.207    1607412874867
02     6.929   -6.921  -15.810   54.098   57.509   -1.255    1607412874867
01    10.081   -6.752  -13.836   33.430   45.675  139.218    1607412874883
02     6.347   -7.590  -15.907   59.227   68.489    1.815    1607412874883
01    10.253   -6.829  -13.725   27.857   41.517  135.813    1607412874893
02     5.916   -8.044  -15.890   82.821   81.145   23.604    1607412874893
01    10.335   -6.863  -13.679   24.692   38.760  134.288    1607412874918
02     5.742   -8.191  -15.806  166.560   82.714  106.467    1607412874918
01    10.404   -6.806  -13.652   23.917   36.969  134.000    1607412874934
02     5.700   -8.238  -15.718 -167.722   77.135  131.669    1607412874934
01    10.414   -6.746  -13.657   24.276   36.218  134.583    1607412874943
02     5.744   -8.233  -15.667 -161.043   73.903  137.467    1607412874943
01    10.341   -6.651  -13.723   25.917   36.673  135.999    1607412874969
02     5.954   -8.030  -15.678 -164.426   75.361  133.168    1607412874969
01    10.151   -6.555  -13.837   29.094   38.833  138.370    1607412874984
02     6.450   -7.654  -15.675  164.362   82.315  102.025    1607412874984
01     9.785   -6.488  -13.999   35.160   42.921  143.202    1607412874993
02     7.121   -7.265  -15.538   67.892   77.841    6.731    1607412874993
01     9.442   -6.476  -14.089   44.033   47.399  150.171    1607412875019
02     7.667   -7.000  -15.246   51.319   62.421   -6.079    1607412875019
01     9.331   -6.370  -14.169   52.540   50.291  155.599    1607412875035
02     7.866   -6.651  -15.124   48.239   47.727   -3.434    1607412875035
01     9.281   -6.305  -14.207   57.803   51.833  158.988    1607412875045
02     7.950   -6.481  -15.091   48.006   41.471   -2.377    1607412875045
01     9.248   -6.327  -14.242   59.452   52.883  160.368    1607412875070
02     7.960   -6.441  -15.102   47.638   38.883   -2.031    1607412875070
01     9.226   -6.400  -14.264   59.024   53.805  160.240    1607412875086
02     7.970   -6.467  -15.119   46.917   37.708   -2.566    1607412875086
01     9.229   -6.473  -14.282   57.348   54.338  159.163    1607412875095
02     7.965   -6.491  -15.169   46.181   37.451   -3.412    1607412875095
01     9.327   -6.552  -14.244   53.843   54.160  156.034    1607412875120
02     7.919   -6.502  -15.278   45.795   38.456   -4.453    1607412875120
01     9.539   -6.617  -14.150   48.104   52.475  150.639    1607412875136
02     7.631   -6.588  -15.533   47.040   43.687   -4.341    1607412875136
01     9.827   -6.687  -13.996   40.693   48.948  143.970    1607412875146
02     7.195   -6.896  -15.773   49.295   52.949   -4.351    1607412875146
01    10.209   -6.758  -13.776   33.890   44.432  138.893    1607412875171
02     6.596   -7.504  -15.939   52.409   64.417   -3.542    1607412875171
01    10.487   -6.851  -13.588   26.450   38.392  134.909    1607412875187
02     6.068   -8.105  -15.945   62.351   79.094    4.278    1607412875187
01    10.630   -6.865  -13.516   21.921   33.897  133.637    1607412875196
02     5.812   -8.222  -15.908  169.345   84.648  109.515    1607412875196
01    10.713   -6.806  -13.484   20.165   31.091  133.913    1607412875208
02     5.737   -8.207  -15.820 -161.302   76.547  138.146    1607412875208
01    10.771   -6.711  -13.453   19.944   29.384  135.037    1607412875222
02     5.756   -8.168  -15.742 -155.582   71.211  143.124    1607412875222
01    10.779   -6.618  -13.439   20.546   28.656  136.316    1607412875247
02     5.797   -8.117  -15.705 -152.448   68.342  145.351    1607412875247
01    10.760   -6.471  -13.463   22.464   28.589  137.861    1607412875263
02     5.958   -7.912  -15.725 -154.204   69.487  142.315    1607412875263
01    10.570   -6.310  -13.592   25.916   30.690  140.153    1607412875273
02     6.327   -7.520  -15.769 -166.721   76.342  129.389    1607412875273
01    10.209   -6.163  -13.788   31.986   34.862  144.019    1607412875298
02     6.920   -7.129  -15.719  110.765   83.663   47.598    1607412875298
01     9.772   -6.108  -13.948   41.111   40.332  150.363    1607412875308
02     7.553   -6.811  -15.474   56.929   69.651   -3.642    1607412875308
01     9.449   -6.075  -14.093   51.933   45.868  157.810    1607412875323
02     8.117   -6.726  -14.930   47.405   52.858   -8.264    1607412875323
01     9.301   -5.991  -14.214   60.519   49.120  163.033    1607412875349
02     8.183   -6.416  -14.926   47.553   43.145   -4.141    1607412875349
01     9.299   -5.976  -14.257   62.951   50.079  164.437    1607412875365
02     8.178   -6.225  -14.984   47.969   37.905   -1.392    1607412875365
01     9.304   -6.030  -14.267   61.900   50.404  163.889    1607412875374
02     8.197   -6.147  -15.011   47.540   34.776   -0.200    1607412875374
01     9.312   -6.076  -14.276   60.031   50.446  162.879    1607412875400
02     8.195   -6.106  -15.047   46.974   32.989    0.306    1607412875400
01     9.326   -6.133  -14.272   57.727   50.587  161.659    1607412875408
02     8.215   -6.096  -15.067   45.931   32.189   -0.026    1607412875408
01     9.361   -6.216  -14.254   54.699   50.892  159.936    1607412875425
02     8.239   -6.118  -15.060   44.418   31.729   -1.149    1607412875425
01     9.458   -6.276  -14.212   51.274   50.659  157.247    1607412875450
02     8.247   -6.082  -15.105   43.312   31.436   -2.324    1607412875450
01     9.668   -6.340  -14.104   46.068   49.160  152.368    1607412875466
02     8.093   -5.975  -15.312   44.180   34.091   -1.962    1607412875466
01     9.923   -6.403  -13.964   39.846   46.266  146.568    1607412875476
02     7.691   -6.058  -15.614   46.973   42.313   -0.992    1607412875476
01    10.256   -6.524  -13.745   32.960   42.154  140.914    1607412875501
02     7.139   -6.432  -15.883   50.784   53.844    0.167    1607412875501
01    10.525   -6.612  -13.558   26.176   36.918  136.547    1607412875509
02     6.495   -7.070  -16.050   56.090   66.561    3.288    1607412875509
01    10.715   -6.660  -13.436   21.567   32.679  134.323    1607412875527
02     6.127   -7.569  -16.028   80.537   81.959   25.354    1607412875527
01    10.806   -6.669  -13.393   19.173   30.274  133.686    1607412875552
02     6.038   -7.739  -15.951 -179.244   83.087  124.153    1607412875552
01    10.856   -6.645  -13.377   18.406   29.002  133.891    1607412875568
02     6.010   -7.829  -15.865 -157.734   76.660  145.123    1607412875568
01    10.875   -6.583  -13.379   18.563   28.290  134.797    1607412875577
02     6.006   -7.845  -15.821 -153.177   72.481  149.102    1607412875577
01    10.856   -6.492  -13.397   19.706   28.177  136.148    1607412875604
02     6.066   -7.765  -15.812 -152.457   71.011  148.834    1607412875604
01    10.743   -6.347  -13.484   22.211   29.154  138.191    1607412875609
02     6.240   -7.511  -15.845 -158.113   73.725  142.143    1607412875609
01    10.430   -6.149  -13.678   27.342   32.182  141.986    1607412875629
02     6.740   -7.070  -15.842  166.833   83.228  106.289    1607412875629
01    10.015   -5.995  -13.853   35.359   36.397  147.796    1607412875654
02     7.433   -6.697  -15.678   56.938   75.770   -2.540    1607412875654
01     9.713   -5.921  -13.968   44.928   40.641  154.306    1607412875670
02     8.085   -6.423  -15.306   45.851   58.444   -9.594    1607412875670
01     9.586   -5.839  -14.074   52.616   44.095  158.757    1607412875680
02     8.393   -6.188  -15.003   42.596   42.872   -7.230    1607412875680
01     9.602   -5.787  -14.104   56.251   45.494  160.730    1607412875695
02     8.497   -5.984  -14.971   42.616   36.031   -4.614    1607412875695
01     9.606   -5.854  -14.129   55.789   46.411  160.830    1607412875709
02     8.509   -5.906  -15.005   42.402   32.885   -3.056    1607412875709
01     9.619   -5.943  -14.132   54.001   47.012  159.816    1607412875731
02     8.502   -5.889  -15.037   41.820   31.293   -2.597    1607412875731
01     9.646   -6.040  -14.124   51.562   47.366  158.023    1607412875746
02     8.509   -5.908  -15.062   41.068   30.547   -3.284    1607412875746
01     9.751   -6.117  -14.078   48.143   46.878  154.956    1607412875756
02     8.455   -5.880  -15.171   40.934   31.395   -3.740    1607412875756
01     9.941   -6.231  -13.968   42.766   45.173  150.104    1607412875781
02     8.220   -5.850  -15.421   42.244   35.842   -3.192    1607412875781
01    10.201   -6.369  -13.790   35.871   41.997  144.094    1607412875797
02     7.739   -5.998  -15.748   45.175   44.889   -2.148    1607412875797
01    10.516   -6.525  -13.568   29.658   38.091  139.682    1607412875809
02     7.208   -6.374  -15.974   49.235   56.888   -1.044    1607412875809
01    10.723   -6.667  -13.396   22.756   33.059  136.367    1607412875832
02     6.608   -6.961  -16.084   54.960   69.387    2.411    1607412875832
01    10.876   -6.728  -13.269   17.914   28.832  134.962    1607412875848
02     6.240   -7.314  -16.065   84.595   82.636   29.758    1607412875848
01    10.980   -6.727  -13.205   15.144   26.050  135.027    1607412875857
02     6.091   -7.433  -15.978  175.866   82.061  119.970    1607412875857
01    11.075   -6.715  -13.129   13.670   23.986  135.658    1607412875883
02     6.048   -7.428  -15.906 -165.771   76.022  137.486    1607412875883
01    11.110   -6.655  -13.118   13.235   22.945  136.801    1607412875898
02     6.058   -7.389  -15.850 -161.122   72.406  141.521    1607412875898
01    11.108   -6.574  -13.127   13.914   22.765  137.877    1607412875909
02     6.158   -7.227  -15.829 -163.188   72.217  138.517    1607412875909
01    11.019   -6.427  -13.210   15.961   23.870  139.005    1607412875933
02     6.385   -6.866  -15.843 -179.338   75.782  121.723    1607412875933
01    10.779   -6.204  -13.405   20.352   26.981  141.121    1607412875949
02     6.871   -6.444  -15.765  125.423   79.626   67.353    1607412875949
01    10.356   -6.020  -13.656   27.479   32.230  145.035    1607412875959
02     7.473   -6.195  -15.564   67.417   70.883   12.733    1607412875959
01     9.930   -5.926  -13.853   36.969   38.223  151.228    1607412875984
02     8.005   -6.053  -15.236   50.777   55.947    0.838    1607412875984
01     9.668   -5.823  -14.025   47.554   43.760  158.327    1607412876000
02     8.347   -6.043  -14.879   43.084   41.742   -1.766    1607412876000
01     9.598   -5.776  -14.082   54.585   46.357  162.694    1607412876010
02     8.455   -5.822  -14.841   42.478   33.546    0.202    1607412876010
01     9.591   -5.777  -14.101   56.743   46.883  164.393    1607412876035
02     8.494   -5.678  -14.858   42.521   28.645    1.725    1607412876035
01     9.585   -5.819  -14.111   56.563   47.052  164.801    1607412876051
02     8.512   -5.596  -14.885   42.536   26.056    2.376    1607412876051
01     9.552   -5.902  -14.125   55.745   47.584  164.801    1607412876060
02     8.513   -5.566  -14.913   42.349   24.964    2.138    1607412876060
01     9.549   -5.981  -14.129   54.450   48.205  164.278    1607412876086
02     8.488   -5.588  -14.954   41.813   24.900    1.300    1607412876086
01     9.625   -6.055  -14.107   51.922   48.381  162.294    1607412876101
02     8.442   -5.571  -15.041   41.742   25.421    0.228    1607412876101
01     9.864   -6.144  -13.996   46.606   47.119  157.184    1607412876111
02     8.216   -5.520  -15.297   43.706   29.417    0.380    1607412876111
01    10.181   -6.294  -13.803   38.971   44.114  149.955    1607412876136
02     7.741   -5.657  -15.650   47.596   39.018    1.294    1607412876136
01    10.467   -6.460  -13.617   31.727   40.418  144.044    1607412876152
02     7.042   -6.149  -15.971   52.718   52.555    3.128    1607412876152
01    10.678   -6.631  -13.469   25.129   36.448  139.692    1607412876162
02     6.431   -6.774  -16.105   59.767   65.503    7.570    1607412876162
01    10.820   -6.737  -13.368   20.000   33.053  136.742    1607412876187
02     6.147   -7.168  -16.057   82.288   78.381   27.540    1607412876187
01    10.838   -6.798  -13.372   17.065   31.360  135.501    1607412876203
02     5.997   -7.337  -15.970  144.519   81.679   88.428    1607412876203
01    10.862   -6.790  -13.375   15.975   30.568  135.202    1607412876213
02     5.965   -7.396  -15.885  176.353   77.921  119.350    1607412876213
01    10.836   -6.738  -13.427   16.160   30.843  135.505    1607412876237
02     6.090   -7.284  -15.846  178.677   76.761  120.569    1607412876237
01    10.670   -6.641  -13.569   17.859   32.817  136.648    1607412876253
02     6.475   -6.991  -15.797  151.978   80.046   93.626    1607412876253
01    10.368   -6.471  -13.780   22.349   36.649  139.497    1607412876263
02     7.054   -6.729  -15.675   82.639   78.274   25.644    1607412876263
01     9.932   -6.365  -13.982   29.916   41.998  144.789    1607412876279
02     7.628   -6.557  -15.438   53.120   65.281   -1.801    1607412876279
01     9.586   -6.301  -14.090   40.012   47.162  152.179    1607412876289
02     8.011   -6.413  -15.155   46.287   51.033   -4.824    1607412876289
01     9.527   -6.164  -14.140   48.515   49.727  157.250    1607412876314
02     8.095   -6.045  -15.154   45.709   39.351   -0.649    1607412876314
01     9.491   -6.116  -14.183   53.034   51.178  160.321    1607412876330
02     8.153   -5.962  -15.111   45.196   34.442    0.145    1607412876330
01     9.474   -6.184  -14.190   53.232   52.094  160.828    1607412876339
02     8.181   -5.948  -15.103   44.387   32.224   -0.117    1607412876339
01     9.446   -6.256  -14.208   52.421   52.705  160.623    1607412876365
02     8.196   -5.985  -15.112   43.509   31.505   -1.139    1607412876365
01     9.487   -6.336  -14.190   50.342   52.773  158.816    1607412876380
02     8.183   -5.992  -15.168   43.195   31.763   -2.312    1607412876380
01     9.656   -6.418  -14.106   45.877   51.601  154.420    1607412876390
02     8.037   -6.005  -15.336   44.092   34.736   -2.732    1607412876390
01     9.933   -6.531  -13.947   38.845   48.633  147.682    1607412876416
02     7.707   -6.129  -15.589   46.425   41.828   -2.671    1607412876416
01    10.213   -6.678  -13.754   31.529   44.546  141.473    1607412876431
02     7.241   -6.509  -15.819   49.169   52.078   -2.791    1607412876431
01    10.445   -6.817  -13.602   25.804   40.513  137.740    1607412876441
02     6.556   -7.205  -15.992   52.760   64.268   -1.428    1607412876441
01    10.595   -6.915  -13.508   20.613   36.251  135.365    1607412876467
02     6.148   -7.604  -16.005   67.308   78.621   11.124    1607412876467
01    10.705   -6.906  -13.454   17.716   33.070  134.486    1607412876482
02     5.982   -7.669  -15.945  139.979   83.999   82.958    1607412876482
01    10.740   -6.896  -13.436   16.554   31.366  134.448    1607412876492
02     5.916   -7.642  -15.881  179.456   79.074  122.142    1607412876492
01    10.748   -6.815  -13.450   16.862   30.648  135.151    1607412876517
02     5.960   -7.589  -15.833 -172.294   75.897  129.746    1607412876517
01    10.700   -6.727  -13.495   18.367   31.078  136.010    1607412876533
02     6.168   -7.384  -15.819 -177.959   77.063  123.321    1607412876533
01    10.505   -6.590  -13.638   21.691   33.471  137.856    1607412876543
02     6.630   -7.044  -15.774  139.204   81.686   80.953    1607412876543
01    10.166   -6.449  -13.842   27.513   37.755  141.489    1607412876567
02     7.291   -6.756  -15.584   66.057   74.943    9.511    1607412876567
01     9.734   -6.400  -14.017   35.893   43.329  147.650    1607412876583
02     7.804   -6.622  -15.293   48.731   59.924   -4.334    1607412876583
01     9.505   -6.295  -14.137   45.273   47.530  153.861    1607412876593
02     8.095   -6.559  -15.006   42.965   45.480   -5.581    1607412876593
01     9.452   -6.200  -14.160   52.344   49.478  158.016    1607412876619
02     8.177   -6.356  -14.962   43.669   38.132   -3.227    1607412876619
01     9.433   -6.192  -14.172   54.765   50.108  159.856    1607412876635
02     8.224   -6.228  -14.962   43.930   34.079   -2.168    1607412876635
01     9.422   -6.233  -14.173   54.519   50.369  160.039    1607412876645
02     8.247   -6.152  -14.982   43.755   31.616   -1.882    1607412876645
01     9.404   -6.285  -14.178   53.622   50.751  159.799    1607412876670
02     8.253   -6.140  -14.997   43.214   30.352   -2.331    1607412876670
01     9.423   -6.337  -14.166   51.993   51.063  158.789    1607412876685
02     8.261   -6.136  -15.020   42.558   29.774   -3.227    1607412876685
01     9.506   -6.391  -14.126   49.062   50.748  156.471    1607412876695
02     8.240   -6.082  -15.122   42.521   30.404   -4.150    1607412876695
01     9.744   -6.473  -13.992   43.552   48.924  151.417    1607412876720
02     7.989   -6.066  -15.393   44.099   35.578   -3.969    1607412876720
01    10.050   -6.567  -13.805   36.525   45.344  145.275    1607412876736
02     7.555   -6.279  -15.679   46.600   45.465   -3.948    1607412876736
01    10.375   -6.708  -13.596   30.131   41.359  140.752    1607412876746
02     6.945   -6.791  -15.925   49.423   57.401   -3.512    1607412876746
01    10.583   -6.778  -13.476   23.910   36.452  137.529    1607412876771
02     6.369   -7.348  -16.022   55.047   71.143    0.441    1607412876771
01    10.706   -6.805  -13.408   20.020   32.792  136.068    1607412876787
02     6.120   -7.574  -15.979   85.261   82.908   29.300    1607412876787
01    10.760   -6.770  -13.401   18.580   30.760  135.964    1607412876797
02     6.008   -7.601  -15.920  164.633   82.449  108.152    1607412876797
01    10.812   -6.695  -13.387   18.691   29.529  136.618    1607412876810
02     5.986   -7.613  -15.857 -173.488   77.512  129.425    1607412876810
01    10.820   -6.637  -13.386   19.377   29.131  137.489    1607412876822
02     6.011   -7.582  -15.826 -167.615   74.842  134.525    1607412876822
01    10.751   -6.524  -13.450   21.199   29.653  138.889    1607412876848
02     6.183   -7.361  -15.842 -173.239   76.149  127.674    1607412876848
01    10.521   -6.358  -13.613   25.081   31.978  141.577    1607412876864
02     6.605   -7.007  -15.819  149.510   81.204   90.328    1607412876864
01    10.148   -6.204  -13.796   31.740   35.915  146.055    1607412876874
02     7.253   -6.719  -15.645   69.162   76.227   11.342    1607412876874
01     9.749   -6.139  -13.919   41.000   40.528  152.902    1607412876899
02     7.801   -6.550  -15.353   49.624   60.692   -4.874    1607412876899
01     9.530   -6.016  -14.041   51.252   44.498  159.530    1607412876910
02     8.178   -6.508  -14.957   43.232   45.565   -6.894    1607412876910
01     9.411   -5.921  -14.134   58.042   46.358  163.721    1607412876924
02     8.270   -6.257  -14.932   43.039   37.116   -4.280    1607412876924
01     9.449   -5.905  -14.148   59.366   46.670  164.271    1607412876950
02     8.341   -6.082  -14.955   43.099   32.570   -2.764    1607412876950
01     9.470   -5.980  -14.147   58.034   47.056  163.457    1607412876965
02     8.368   -6.018  -14.985   42.690   30.195   -2.253    1607412876965
01     9.488   -6.061  -14.151   56.102   47.504  162.171    1607412876975
02     8.375   -6.031  -15.008   42.004   29.224   -2.604    1607412876975
01     9.534   -6.155  -14.142   53.261   47.895  159.948    1607412877000
02     8.397   -6.029  -15.034   41.463   28.693   -3.590    1607412877000
01     9.651   -6.242  -14.091   49.394   47.567  156.272    1607412877010
02     8.363   -5.984  -15.144   41.567   29.479   -4.395    1607412877010
01     9.890   -6.365  -13.952   43.464   45.783  150.533    1607412877025
02     8.109   -5.972  -15.421   43.224   34.572   -4.225    1607412877025
01    10.163   -6.479  -13.783   36.649   42.515  144.513    1607412877051
02     7.671   -6.181  -15.727   45.915   44.457   -4.351    1607412877051
01    10.456   -6.622  -13.583   30.374   38.643  140.051    1607412877066
02     7.094   -6.686  -15.969   48.690   56.731   -4.352    1607412877066
01    10.653   -6.738  -13.436   24.232   34.123  136.945    1607412877076
02     6.500   -7.310  -16.074   52.916   70.427   -1.923    1607412877076
01    10.760   -6.781  -13.372   20.442   30.826  135.820    1607412877102
02     6.188   -7.595  -16.047   79.159   83.218   22.952    1607412877102
01    10.821   -6.758  -13.346   18.827   28.829  135.798    1607412877113
02     6.033   -7.664  -15.970  170.464   82.959  113.964    1607412877113
01    10.864   -6.703  -13.323   18.561   27.709  136.365    1607412877133
02     6.015   -7.598  -15.913 -173.117   77.973  129.886    1607412877133
01    10.858   -6.600  -13.351   19.452   27.478  137.591    1607412877153
02     6.072   -7.550  -15.859 -168.468   75.656  133.934    1607412877153
01    10.770   -6.485  -13.425   21.468   28.145  139.068    1607412877164
02     6.244   -7.302  -15.864 -177.370   77.004  124.140    1607412877164
01    10.560   -6.316  -13.574   25.501   30.393  141.599    1607412877185
02     6.670   -6.934  -15.813  138.529   81.138   80.193    1607412877185
01    10.210   -6.193  -13.754   31.771   34.337  145.608    1607412877203
02     7.305   -6.661  -15.610   67.339   73.964   11.585    1607412877203
01     9.817   -6.137  -13.900   40.404   39.193  151.852    1607412877215
02     7.806   -6.544  -15.301   49.086   58.283   -2.424    1607412877215
01     9.551   -6.042  -14.027   50.807   43.678  159.060    1607412877235
02     8.077   -6.577  -14.965   41.428   43.007   -5.038    1607412877235
01     9.413   -5.958  -14.120   58.481   45.791  164.019    1607412877254
02     8.185   -6.321  -14.934   41.507   34.234   -2.404    1607412877254
01     9.385   -5.946  -14.161   60.924   46.164  165.808    1607412877266
02     8.240   -6.177  -14.935   41.732   29.397   -1.261    1607412877266
01     9.395   -5.981  -14.167   60.688   46.345  165.877    1607412877286
02     8.299   -6.101  -14.936   41.790   26.610   -1.178    1607412877286
01     9.404   -6.016  -14.180   59.757   46.609  165.554    1607412877296
02     8.326   -6.083  -14.946   41.524   25.286   -1.547    1607412877296
01     9.407   -6.108  -14.185   57.828   47.165  164.781    1607412877317
02     8.347   -6.112  -14.953   40.847   24.906   -2.111    1607412877317
01     9.446   -6.226  -14.177   55.063   48.133  163.301    1607412877337
02     8.342   -6.118  -14.991   40.177   24.905   -2.570    1607412877337
01     9.512   -6.344  -14.159   51.731   49.080  160.809    1607412877347
02     8.328   -6.068  -15.086   40.124   25.559   -3.441    1607412877347
01     9.743   -6.462  -14.047   46.026   48.218  155.474    1607412877367
02     8.137   -5.991  -15.364   41.855   30.338   -3.563    1607412877367
01    10.062   -6.612  -13.847   38.279   45.319  148.324    1607412877386
02     7.711   -6.180  -15.673   44.521   40.932   -3.771    1607412877386
01    10.431   -6.761  -13.612   30.727   40.970  142.327    1607412877398
02     6.988   -6.742  -15.985   47.582   53.965   -3.328    1607412877398
01    10.666   -6.872  -13.465   23.776   35.865  138.153    1607412877418
02     6.336   -7.357  -16.107   53.437   70.187    0.644    1607412877418
01    10.766   -6.948  -13.402   19.117   32.343  136.271    1607412877437
02     6.050   -7.641  -16.055   85.580   83.388   31.583    1607412877437
01    10.849   -6.929  -13.378   17.106   30.188  135.997    1607412877449
02     5.967   -7.659  -15.979  169.075   82.384  114.481    1607412877449
01    10.859   -6.904  -13.377   16.388   29.234  136.456    1607412877470
02     5.972   -7.659  -15.893 -171.575   77.449  133.396    1607412877470
01    10.862   -6.832  -13.391   16.715   28.766  137.481    1607412877483
02     6.005   -7.643  -15.840 -164.915   74.595  139.353    1607412877483
01    10.844   -6.772  -13.398   17.475   28.647  138.545    1607412877499
02     6.074   -7.566  -15.823 -162.796   73.642  140.392    1607412877499
01    10.762   -6.626  -13.479   19.688   29.426  140.139    1607412877520
02     6.266   -7.293  -15.858 -172.704   76.547  129.572    1607412877520
01    10.540   -6.459  -13.632   23.729   31.948  142.645    1607412877534
02     6.818   -6.905  -15.822  125.641   83.275   67.656    1607412877534
01    10.180   -6.316  -13.814   30.349   36.074  146.970    1607412877551
02     7.516   -6.640  -15.626   51.812   71.594   -5.161    1607412877551
01     9.795   -6.244  -13.955   39.061   40.862  153.362    1607412877570
02     8.161   -6.430  -15.250   43.164   54.969   -9.764    1607412877570
01     9.637   -6.113  -14.090   48.558   45.101  159.106    1607412877585
02     8.429   -6.054  -15.084   41.798   40.568   -5.434    1607412877585
01     9.616   -6.010  -14.145   54.238   46.965  162.460    1607412877602
02     8.455   -5.912  -15.087   42.629   35.265   -3.360    1607412877602
01     9.609   -6.079  -14.162   54.757   48.063  162.968    1607412877620
02     8.472   -5.905  -15.100   42.705   33.087   -3.048    1607412877621
01     9.587   -6.180  -14.187   53.524   48.955  162.526    1607412877636
02     8.472   -5.984  -15.122   42.006   32.494   -3.789    1607412877636
01     9.592   -6.278  -14.191   51.513   49.589  161.379    1607412877653
02     8.481   -6.067  -15.147   41.044   32.480   -4.903    1607412877653
01     9.598   -6.396  -14.191   49.069   50.251  159.906    1607412877663
02     8.475   -6.102  -15.201   40.353   32.954   -5.991    1607412877663
01     9.712   -6.509  -14.136   45.229   50.079  156.658    1607412877687
02     8.342   -6.107  -15.373   40.651   35.586   -6.564    1607412877687
01     9.961   -6.607  -14.004   39.414   48.114  151.145    1607412877704
02     8.001   -6.220  -15.643   41.942   41.996   -6.724    1607412877704
01    10.246   -6.724  -13.820   32.574   44.431  145.007    1607412877714
02     7.546   -6.516  -15.885   43.774   51.457   -7.197    1607412877714
01    10.537   -6.845  -13.623   26.669   40.272  140.689    1607412877734
02     6.955   -7.073  -16.070   45.831   63.165   -7.596    1607412877734
01    10.710   -6.917  -13.509   21.117   35.607  137.844    1607412877753
02     6.469   -7.532  -16.122   52.451   78.345   -2.878    1607412877753
01    10.822   -6.938  -13.442   17.718   32.231  136.619    1607412877766
02     6.296   -7.623  -16.070  127.970   86.872   71.812    1607412877766
01    10.850   -6.883  -13.443   16.673   30.679  136.760    1607412877786
02     6.223   -7.553  -16.018 -177.218   82.045  126.249    1607412877786
01    10.836   -6.796  -13.470   17.307   30.418  137.310    1607412877796
02     6.306   -7.384  -15.969 -178.461   79.988  124.178    1607412877796
01    10.653   -6.656  -13.622   19.745   32.413  139.019    1607412877817
02     6.694   -7.048  -15.900  145.039   82.762   87.339    1607412877817
01    10.347   -6.496  -13.820   24.748   36.344  141.968    1607412877837
02     7.347   -6.730  -15.740   66.580   77.562    9.476    1607412877837
01     9.916   -6.405  -14.023   32.686   41.989  147.422    1607412877847
02     7.856   -6.549  -15.495   49.583   64.311   -5.190    1607412877847
01     9.583   -6.377  -14.134   42.621   47.512  154.903    1607412877867
02     8.186   -6.456  -15.188   44.422   50.850   -7.253    1607412877867
01     9.479   -6.280  -14.202   50.043   50.119  159.585    1607412877886
02     8.210   -6.189  -15.198   44.734   41.580   -3.543    1607412877886
01     9.496   -6.216  -14.224   53.646   50.805  161.721    1607412877898
02     8.258   -6.112  -15.179   44.329   37.305   -2.787    1607412877898
01     9.495   -6.243  -14.234   53.738   51.095  162.084    1607412877918
02     8.287   -6.112  -15.174   43.362   35.259   -3.040    1607412877918
01     9.493   -6.303  -14.238   52.521   51.359  161.583    1607412877937
02     8.308   -6.137  -15.178   42.314   34.397   -3.755    1607412877937
01     9.490   -6.387  -14.233   50.589   51.691  160.595    1607412877949
02     8.331   -6.157  -15.191   41.349   34.079   -4.751    1607412877949
01     9.546   -6.460  -14.203   48.024   51.597  158.622    1607412877969
02     8.285   -6.157  -15.269   40.912   34.947   -5.514    1607412877969
01     9.713   -6.537  -14.118   43.514   50.293  154.460    1607412877979
02     8.131   -6.192  -15.432   41.426   38.645   -5.944    1607412877979
01     9.952   -6.653  -13.972   36.998   47.484  148.471    1607412878000
02     7.832   -6.348  -15.637   42.686   45.710   -6.397    1607412878000
01    10.314   -6.841  -13.733   30.585   43.783  143.231    1607412878020
02     7.218   -6.813  -15.927   44.276   54.835   -6.820    1607412878020
01    10.583   -7.008  -13.533   23.064   38.363  138.258    1607412878030
02     6.636   -7.398  -16.055   46.360   68.481   -6.661    1607412878030
01    10.749   -7.049  -13.451   18.355   33.872  136.023    1607412878052
02     6.300   -7.684  -16.054   58.134   81.755    4.186    1607412878052
01    10.803   -7.059  -13.430   15.967   31.517  135.176    1607412878070
02     6.225   -7.662  -16.012  138.123   86.211   83.985    1607412878070
01    10.808   -7.051  -13.434   15.135   30.545  135.113    1607412878082
02     6.203   -7.574  -15.982  174.909   82.624  120.713    1607412878082
01    10.799   -6.976  -13.465   15.697   30.460  135.634    1607412878103
02     6.315   -7.445  -15.952  176.018   81.532  121.367    1607412878103
01    10.697   -6.869  -13.559   17.577   31.685  136.911    1607412878120
02     6.703   -7.178  -15.900  139.745   84.079   84.600    1607412878120
01    10.435   -6.670  -13.749   22.089   34.812  139.821    1607412878133
02     7.331   -6.852  -15.776   61.253   78.294    6.316    1607412878133
01    10.073   -6.476  -13.935   29.574   38.940  144.861    1607412878153
02     7.881   -6.660  -15.543   44.677   64.839   -8.880    1607412878153
01     9.768   -6.371  -14.034   38.554   42.882  151.286    1607412878163
02     8.292   -6.501  -15.223   40.929   50.823   -9.871    1607412878163
01     9.730   -6.232  -14.067   45.460   44.684  155.066    1607412878184
02     8.411   -6.157  -15.170   40.675   39.176   -6.071    1607412878184
01     9.728   -6.167  -14.073   48.760   45.323  156.913    1607412878202
02     8.512   -6.039  -15.105   40.596   34.060   -5.465    1607412878202
01     9.723   -6.177  -14.082   49.426   45.713  157.426    1607412878214
02     8.564   -6.012  -15.078   40.212   31.631   -5.529    1607412878214
01     9.701   -6.228  -14.093   48.905   46.097  157.284    1607412878235
02     8.608   -6.017  -15.066   39.724   30.421   -6.085    1607412878235
01     9.727   -6.276  -14.086   47.824   46.248  156.498    1607412878253
02     8.628   -6.052  -15.080   39.112   30.141   -6.864    1607412878253
01     9.779   -6.329  -14.064   46.020   46.162  154.804    1607412878265
02     8.591   -6.035  -15.169   38.972   30.880   -7.524    1607412878265
01     9.916   -6.400  -13.993   42.771   45.154  151.644    1607412878286
02     8.403   -6.069  -15.379   39.461   34.738   -7.964    1607412878286
01    10.099   -6.487  -13.886   38.194   43.087  147.544    1607412878304
02     8.042   -6.236  -15.654   40.612   42.017   -8.512    1607412878304
01    10.344   -6.588  -13.744   33.645   40.390  144.087    1607412878316
02     7.624   -6.538  -15.892   41.942   51.332   -9.405    1607412878316
01    10.560   -6.718  -13.595   28.096   36.698  140.552    1607412878336
02     7.060   -7.058  -16.089   43.067   62.195   -9.966    1607412878336
01    10.672   -6.773  -13.523   24.021   33.467  138.639    1607412878350
02     6.649   -7.381  -16.153   47.108   74.589   -6.798    1607412878350
01    10.708   -6.785  -13.509   22.069   31.702  137.961    1607412878367
02     6.462   -7.454  -16.133   66.513   83.036   12.540    1607412878367
01    10.706   -6.744  -13.526   21.902   31.142  137.992    1607412878385
02     6.486   -7.353  -16.086  104.455   84.890   50.433    1607412878387
01    10.637   -6.662  -13.589   23.187   31.732  138.715    1607412878401
02     6.782   -7.082  -16.004   90.724   82.621   36.515    1607412878401
01    10.436   -6.555  -13.724   26.181   34.079  140.457    1607412878418
02     7.429   -6.788  -15.777   56.804   74.259    3.556    1607412878418
01    10.129   -6.441  -13.899   31.517   37.694  143.961    1607412878436
02     8.010   -6.681  -15.429   43.086   60.509   -8.256    1607412878436
01     9.797   -6.380  -14.036   38.996   41.960  149.734    1607412878453
02     8.354   -6.631  -15.069   38.479   45.818   -9.266    1607412878453
01     9.722   -6.267  -14.072   45.547   43.734  153.412    1607412878468
02     8.407   -6.237  -15.077   39.178   34.778   -4.975    1607412878468
01     9.725   -6.183  -14.085   49.000   44.123  155.275    1607412878478
02     8.494   -6.120  -15.016   39.582   29.517   -4.339    1607412878478
01     9.724   -6.180  -14.094   50.023   44.345  155.855    1607412878503
02     8.560   -6.073  -14.983   39.735   26.780   -4.497    1607412878503
01     9.712   -6.218  -14.098   49.765   44.624  155.798    1607412878519
02     8.599   -6.060  -14.971   39.647   25.358   -4.968    1607412878519
01     9.703   -6.265  -14.108   48.988   45.027  155.515    1607412878529
02     8.624   -6.093  -14.966   39.229   24.749   -5.714    1607412878529
01     9.716   -6.324  -14.111   47.587   45.483  154.834    1607412878554
02     8.628   -6.098  -14.992   38.721   24.587   -6.231    1607412878554
01     9.745   -6.389  -14.106   45.645   45.908  153.461    1607412878570
02     8.605   -6.045  -15.097   38.792   25.552   -6.746    1607412878570
01     9.885   -6.471  -14.026   42.152   45.234  150.372    1607412878580
02     8.410   -6.048  -15.325   39.750   30.567   -6.981    1607412878580
01    10.156   -6.616  -13.856   37.143   43.296  146.061    1607412878595
02     8.047   -6.220  -15.598   41.355   39.276   -7.548    1607412878595
01    10.502   -6.806  -13.634   29.553   39.341  140.442    1607412878605
02     7.321   -6.757  -15.972   43.034   49.915   -8.182    1607412878605
01    10.719   -6.989  -13.488   21.736   34.826  136.096    1607412878631
02     6.640   -7.357  -16.150   46.058   67.056   -7.515    1607412878631
01    10.791   -7.128  -13.451   16.131   32.042  134.168    1607412878646
02     6.281   -7.607  -16.159   60.198   81.159    5.842    1607412878646
01    10.830   -7.150  -13.469   13.496   30.838  133.715    1607412878656
02     6.109   -7.631  -16.099  143.299   85.118   89.207    1607412878656
01    10.842   -7.104  -13.489   12.825   30.440  134.054    1607412878681
02     6.120   -7.564  -16.016  175.736   81.150  121.391    1607412878681
01    10.801   -6.982  -13.556   13.849   30.927  135.244    1607412878697
02     6.197   -7.445  -15.987  179.139   79.408  123.976    1607412878697
01    10.604   -6.804  -13.707   16.963   33.029  137.614    1607412878706
02     6.591   -7.176  -15.965  155.812   82.957   99.627    1607412878706
01    10.316   -6.591  -13.869   22.972   36.331  141.437    1607412878732
02     7.235   -6.888  -15.860   65.567   80.699    8.678    1607412878732
01     9.930   -6.425  -14.019   31.972   40.637  147.802    1607412878746
02     7.869   -6.682  -15.618   44.318   66.968  -11.782    1607412878746
01     9.626   -6.352  -14.119   42.553   45.144  155.669    1607412878757
02     8.350   -6.528  -15.240   40.519   51.933  -12.076    1607412878757
01     9.536   -6.251  -14.165   50.109   47.614  159.734    1607412878782
02     8.297   -6.098  -15.320   42.690   41.113   -4.845    1607412878782
01     9.511   -6.197  -14.205   54.514   49.091  161.639    1607412878798
02     8.319   -6.075  -15.269   42.802   37.204   -4.144    1607412878798
01     9.484   -6.241  -14.233   55.160   50.146  161.682    1607412878808
02     8.337   -6.114  -15.236   42.495   35.647   -4.381    1607412878808
01     9.474   -6.334  -14.239   54.019   51.047  160.558    1607412878833
02     8.342   -6.205  -15.216   41.795   35.263   -5.250    1607412878833
01     9.477   -6.406  -14.249   52.300   51.741  159.206    1607412878849
02     8.353   -6.282  -15.215   40.979   35.175   -6.233    1607412878849
01     9.516   -6.509  -14.238   49.337   52.190  156.988    1607412878869
02     8.360   -6.357  -15.216   40.019   35.288   -7.519    1607412878869
01     9.606   -6.620  -14.188   45.240   51.962  153.508    1607412878884
02     8.293   -6.378  -15.309   39.671   36.426   -8.187    1607412878884
01     9.810   -6.719  -14.077   39.662   50.166  148.371    1607412878900
02     8.075   -6.434  -15.508   40.440   40.936   -8.331    1607412878900
01    10.094   -6.836  -13.906   33.126   46.896  142.647    1607412878920
02     7.666   -6.660  -15.751   41.818   48.760   -8.660    1607412878920
01    10.416   -7.036  -13.690   25.839   42.620  137.318    1607412878935
02     6.968   -7.215  -16.017   43.432   59.513   -8.941    1607412878935
01    10.593   -7.169  -13.572   19.361   38.138  133.748    1607412878951
02     6.402   -7.669  -16.118   47.832   74.422   -5.831    1607412878951
01    10.666   -7.233  -13.543   15.548   35.222  132.246    1607412878969
02     6.146   -7.807  -16.082   81.492   85.251   27.485    1607412878969
01    10.712   -7.189  -13.547   14.277   33.712  132.118    1607412878986
02     6.045   -7.801  -16.017  168.899   84.094  115.185    1607412878986
01    10.710   -7.103  -13.582   14.579   33.397  132.609    1607412879002
02     6.109   -7.703  -15.958 -178.182   81.024  127.603    1607412879002
01    10.616   -6.993  -13.670   16.268   34.490  133.623    1607412879020
02     6.396   -7.452  -15.924  165.564   82.463  110.507    1607412879020
01    10.346   -6.840  -13.860   20.188   37.712  136.254    1607412879037
02     7.031   -7.121  -15.804   76.934   82.046   21.902    1607412879037
01     9.975   -6.683  -14.058   27.186   42.177  141.160    1607412879053
02     7.676   -6.900  -15.570   46.521   68.777   -7.628    1607412879053
01     9.574   -6.636  -14.179   36.676   47.200  148.791    1607412879063
02     8.129   -6.802  -15.239   40.489   53.863  -10.580    1607412879063
01     9.524   -6.501  -14.218   45.464   49.657  153.905    1607412879083
02     8.244   -6.487  -15.183   39.922   41.127   -6.298    1607412879083
01     9.510   -6.408  -14.234   50.649   50.313  156.916    1607412879102
02     8.277   -6.373  -15.157   40.757   35.819   -4.653    1607412879104
01     9.499   -6.405  -14.243   52.175   50.537  157.864    1607412879114
02     8.299   -6.361  -15.135   40.730   33.369   -4.474    1607412879114
01     9.479   -6.444  -14.247   51.869   50.812  157.733    1607412879135
02     8.320   -6.370  -15.129   40.558   32.226   -4.819    1607412879135
01     9.462   -6.496  -14.254   50.816   51.127  157.168    1607412879153
02     8.346   -6.398  -15.125   40.140   31.713   -5.377    1607412879153
01     9.488   -6.559  -14.250   48.735   51.370  155.811    1607412879165
02     8.375   -6.448  -15.114   39.301   31.477   -6.375    1607412879165
01     9.557   -6.642  -14.212   45.545   51.383  153.234    1607412879185
02     8.367   -6.441  -15.167   38.672   31.528   -7.258    1607412879185
01     9.712   -6.718  -14.134   41.108   50.283  149.172    1607412879204
02     8.205   -6.408  -15.370   39.121   34.557   -7.300    1607412879204
01     9.983   -6.848  -13.973   35.100   47.842  143.732    1607412879216
02     7.867   -6.543  -15.621   40.278   41.933   -7.642    1607412879216
01    10.323   -7.020  -13.757   28.278   44.051  138.264    1607412879236
02     7.231   -7.027  -15.930   41.440   51.740   -8.645    1607412879236
01    10.569   -7.111  -13.619   21.770   39.212  133.922    1607412879247
02     6.564   -7.663  -16.098   42.544   68.335   -9.983    1607412879247
01    10.665   -7.179  -13.569   17.514   35.751  131.766    1607412879267
02     6.207   -8.019  -16.095   46.748   83.965   -6.996    1607412879267
01    10.692   -7.165  -13.571   15.768   33.952  131.182    1607412879287
02     6.059   -8.126  -16.036 -157.371   85.709  148.717    1607412879287
01    10.724   -7.112  -13.579   15.596   33.131  131.351    1607412879298
02     6.038   -8.149  -15.962 -150.007   79.565  155.861    1607412879298
01    10.697   -7.069  -13.606   16.034   33.118  131.990    1607412879318
02     6.099   -8.084  -15.914 -150.034   76.658  155.064    1607412879318
01    10.615   -6.959  -13.692   17.819   33.773  133.599    1607412879336
02     6.293   -7.804  -15.935 -158.875   78.884  145.523    1607412879336
01    10.484   -6.792  -13.794   21.246   35.334  136.153    1607412879349
02     6.705   -7.455  -15.924  162.255   85.186  107.017    1607412879349
01    10.215   -6.635  -13.937   26.810   38.328  140.275    1607412879369
02     7.342   -7.128  -15.804   52.345   79.243   -2.450    1607412879369
01     9.945   -6.512  -14.038   34.134   41.497  145.525    1607412879387
02     7.944   -6.895  -15.551   40.549   64.472  -12.948    1607412879387
01     9.804   -6.425  -14.101   40.561   44.147  149.606    1607412879400
02     8.372   -6.755  -15.200   37.656   49.659  -12.751    1607412879400
01     9.774   -6.340  -14.129   45.084   45.656  151.939    1607412879420
02     8.444   -6.327  -15.229   38.727   38.146   -6.950    1607412879420
01     9.736   -6.350  -14.160   47.200   47.016  153.184    1607412879430
02     8.501   -6.239  -15.171   38.886   33.413   -5.487    1607412879430
01     9.702   -6.395  -14.181   47.633   48.078  153.364    1607412879451
02     8.507   -6.227  -15.158   38.998   31.514   -5.140    1607412879451
01     9.683   -6.460  -14.195   47.261   48.895  152.843    1607412879470
02     8.511   -6.258  -15.153   38.935   30.772   -5.612    1607412879470
01     9.702   -6.537  -14.191   45.654   49.231  151.293    1607412879481
02     8.507   -6.316  -15.159   38.410   30.496   -6.678    1607412879481
01     9.771   -6.593  -14.161   43.159   48.812  148.884    1607412879502
02     8.433   -6.319  -15.263   38.303   31.263   -7.177    1607412879502
01     9.946   -6.656  -14.062   39.205   47.100  145.066    1607412879520
02     8.185   -6.321  -15.518   39.567   35.536   -6.895    1607412879520
01    10.135   -6.754  -13.946   34.073   44.526  140.775    1607412879532
02     7.732   -6.544  -15.802   41.391   44.563   -7.068    1607412879532
01    10.366   -6.874  -13.792   29.207   41.700  137.230    1607412879552
02     7.108   -7.011  -16.050   43.266   55.732   -7.305    1607412879552
01    10.511   -6.975  -13.698   23.870   38.340  134.243    1607412879563
02     6.533   -7.568  -16.155   45.713   69.233   -6.608    1607412879563
01    10.569   -7.017  -13.664   20.384   35.951  132.686    1607412879581
02     6.269   -7.854  -16.121   55.122   82.148    1.350    1607412879581
01    10.580   -6.990  -13.670   19.089   34.785  132.284    1607412879601
02     6.262   -7.813  -16.083  123.984   87.043   69.432    1607412879601
01    10.514   -6.912  -13.737   19.591   35.095  132.984    1607412879614
02     6.579   -7.532  -16.003  106.706   85.785   51.815    1607412879614
01    10.341   -6.782  -13.869   22.255   37.221  135.117    1607412879634
02     7.169   -7.187  -15.856   56.975   79.085    2.561    1607412879634
01    10.027   -6.636  -14.042   27.651   40.927  139.469    1607412879652
02     7.726   -6.959  -15.629   43.543   67.318   -9.905    1607412879652
01     9.676   -6.572  -14.158   35.668   45.519  146.356    1607412879665
02     8.166   -6.802  -15.306   39.606   54.195  -11.538    1607412879665
