01    15.481   -1.063   -7.220  103.473   38.232 -117.947    1610529587546
02    12.996   -3.082   -9.096  144.878   40.032 -100.235    1610529587546
01    15.487   -1.058   -7.211  103.407   38.251 -118.094    1610529587562
02    12.997   -3.077   -9.099  144.864   40.022 -100.247    1610529587562
01    15.491   -1.063   -7.201  103.331   38.377 -118.194    1610529587568
02    12.999   -3.070   -9.101  144.833   40.024 -100.274    1610529587568
01    15.491   -1.060   -7.203  103.330   38.332 -118.178    1610529587599
02    12.999   -3.062   -9.102  144.830   40.031 -100.294    1610529587599
01    15.486   -1.058   -7.207  103.383   38.345 -118.105    1610529587615
02    13.003   -3.054   -9.097  144.818   40.073 -100.337    1610529587615
01    15.481   -1.053   -7.212  103.469   38.313 -118.039    1610529587631
02    12.999   -3.062   -9.095  144.806   40.086 -100.303    1610529587631
01    15.480   -1.052   -7.209  103.436   38.300 -118.059    1610529587646
02    12.990   -3.063   -9.099  144.796   40.053 -100.274    1610529587646
01    15.478   -1.048   -7.207  103.434   38.276 -118.045    1610529587662
02    12.984   -3.064   -9.096  144.764   40.058 -100.269    1610529587662
01    15.476   -1.038   -7.201  103.446   38.268 -118.093    1610529587668
02    12.981   -3.045   -9.095  144.756   40.009 -100.321    1610529587668
01    15.477   -1.027   -7.185  103.408   38.241 -118.183    1610529587684
02    12.982   -3.035   -9.091  144.758   40.011 -100.336    1610529587684
01    15.476   -1.004   -7.189  103.475   38.189 -118.187    1610529587715
02    12.977   -3.028   -9.096  144.753   39.973 -100.349    1610529587715
01    15.474   -1.002   -7.192  103.485   38.182 -118.189    1610529587731
02    12.976   -3.019   -9.107  144.768   39.951 -100.364    1610529587731
01    15.474   -1.002   -7.192  103.475   38.182 -118.214    1610529587747
02    12.979   -3.023   -9.103  144.758   39.982 -100.367    1610529587747
01    15.477   -1.008   -7.191  103.418   38.195 -118.263    1610529587762
02    12.984   -3.025   -9.102  144.759   40.018 -100.364    1610529587762
01    15.474   -1.017   -7.198  103.365   38.223 -118.246    1610529587768
02    12.982   -3.025   -9.113  144.769   40.015 -100.343    1610529587768
01    15.476   -1.009   -7.203  103.352   38.220 -118.259    1610529587784
02    12.982   -3.025   -9.115  144.751   40.023 -100.362    1610529587784
01    15.475   -1.011   -7.200  103.308   38.253 -118.279    1610529587815
02    12.980   -3.023   -9.117  144.763   40.027 -100.350    1610529587815
01    15.476   -1.005   -7.196  103.295   38.248 -118.316    1610529587831
02    12.977   -3.019   -9.118  144.758   40.032 -100.365    1610529587831
01    15.475   -0.998   -7.192  103.286   38.221 -118.344    1610529587847
02    12.967   -3.011   -9.125  144.749   40.003 -100.375    1610529587847
01    15.476   -0.989   -7.184  103.242   38.188 -118.430    1610529587862
02    12.969   -2.998   -9.120  144.757   40.009 -100.411    1610529587862
01    15.466   -0.994   -7.197  103.271   38.137 -118.310    1610529587869
02    12.971   -2.993   -9.111  144.733   40.020 -100.454    1610529587869
01    15.462   -0.994   -7.199  103.275   38.160 -118.285    1610529587885
02    12.967   -2.986   -9.118  144.743   39.981 -100.464    1610529587885
01    15.460   -0.993   -7.207  103.306   38.145 -118.239    1610529587900
02    12.962   -2.979   -9.127  144.727   39.928 -100.482    1610529587900
01    15.463   -0.985   -7.204  103.299   38.147 -118.302    1610529587932
02    12.965   -2.988   -9.127  144.701   39.973 -100.485    1610529587932
01    15.466   -0.983   -7.205  103.273   38.146 -118.345    1610529587947
02    12.969   -2.995   -9.127  144.679   40.007 -100.490    1610529587947
01    15.466   -0.980   -7.209  103.268   38.139 -118.353    1610529587963
02    12.975   -2.990   -9.126  144.666   40.056 -100.538    1610529587963
01    15.469   -0.980   -7.211  103.266   38.146 -118.377    1610529587969
02    12.976   -2.994   -9.129  144.677   40.099 -100.518    1610529587969
01    15.469   -0.979   -7.213  103.243   38.140 -118.412    1610529587985
02    12.975   -2.997   -9.136  144.686   40.106 -100.518    1610529587985
01    15.464   -0.983   -7.224  103.259   38.121 -118.381    1610529588001
02    12.977   -2.995   -9.136  144.688   40.149 -100.568    1610529588001
01    15.461   -0.991   -7.228  103.258   38.138 -118.364    1610529588032
02    12.973   -3.001   -9.142  144.709   40.137 -100.533    1610529588032
01    15.462   -0.992   -7.224  103.244   38.144 -118.396    1610529588048
02    12.976   -3.006   -9.136  144.710   40.210 -100.545    1610529588048
01    15.462   -0.993   -7.223  103.240   38.150 -118.408    1610529588063
02    12.974   -3.014   -9.133  144.720   40.236 -100.506    1610529588063
01    15.462   -0.998   -7.220  103.226   38.145 -118.418    1610529588070
02    12.970   -3.021   -9.136  144.729   40.207 -100.453    1610529588070
01    15.461   -0.999   -7.223  103.217   38.115 -118.408    1610529588085
02    12.970   -3.020   -9.136  144.731   40.188 -100.455    1610529588085
01    15.463   -0.997   -7.219  103.205   38.108 -118.458    1610529588101
02    12.966   -3.021   -9.144  144.714   40.153 -100.436    1610529588101
01    15.464   -0.992   -7.222  103.243   38.063 -118.455    1610529588133
02    12.969   -3.023   -9.145  144.710   40.154 -100.435    1610529588133
01    15.470   -0.991   -7.217  103.189   38.067 -118.585    1610529588148
02    12.974   -3.026   -9.144  144.703   40.171 -100.442    1610529588148
01    15.471   -0.997   -7.217  103.133   38.127 -118.600    1610529588164
02    12.976   -3.030   -9.146  144.700   40.177 -100.441    1610529588164
01    15.472   -0.998   -7.219  103.150   38.110 -118.588    1610529588170
02    12.980   -3.036   -9.148  144.715   40.194 -100.442    1610529588170
01    15.474   -1.004   -7.218  103.094   38.143 -118.635    1610529588186
02    12.982   -3.031   -9.154  144.733   40.179 -100.464    1610529588186
01    15.473   -1.007   -7.222  103.150   38.151 -118.592    1610529588201
02    12.987   -3.046   -9.148  144.737   40.223 -100.445    1610529588201
01    15.474   -1.023   -7.224  103.103   38.154 -118.607    1610529588233
02    12.982   -3.055   -9.155  144.757   40.211 -100.408    1610529588233
01    15.468   -1.038   -7.237  103.125   38.154 -118.552    1610529588248
02    12.984   -3.054   -9.152  144.770   40.213 -100.405    1610529588248
01    15.471   -1.032   -7.227  103.099   38.152 -118.610    1610529588264
02    12.983   -3.065   -9.148  144.769   40.252 -100.373    1610529588264
01    15.470   -1.045   -7.230  103.077   38.143 -118.587    1610529588271
02    12.980   -3.072   -9.154  144.753   40.250 -100.344    1610529588271
01    15.468   -1.033   -7.236  103.117   38.137 -118.573    1610529588286
02    12.980   -3.064   -9.159  144.771   40.229 -100.350    1610529588286
01    15.474   -1.040   -7.225  103.057   38.158 -118.628    1610529588302
02    12.981   -3.064   -9.164  144.779   40.224 -100.329    1610529588302
01    15.477   -1.042   -7.228  103.041   38.151 -118.649    1610529588317
02    12.980   -3.067   -9.172  144.773   40.209 -100.318    1610529588317
01    15.483   -1.038   -7.226  103.016   38.163 -118.699    1610529588349
02    12.983   -3.063   -9.174  144.780   40.210 -100.333    1610529588349
01    15.484   -1.040   -7.228  103.013   38.186 -118.706    1610529588364
02    12.985   -3.061   -9.177  144.791   40.214 -100.338    1610529588364
01    15.481   -1.035   -7.237  103.050   38.172 -118.685    1610529588371
02    12.990   -3.061   -9.172  144.786   40.260 -100.366    1610529588371
01    15.481   -1.042   -7.239  103.026   38.180 -118.690    1610529588386
02    12.989   -3.062   -9.174  144.789   40.268 -100.363    1610529588386
01    15.483   -1.045   -7.233  102.977   38.192 -118.753    1610529588402
02    12.989   -3.064   -9.174  144.817   40.286 -100.332    1610529588402
01    15.480   -1.045   -7.234  102.989   38.179 -118.743    1610529588418
02    12.988   -3.065   -9.170  144.821   40.316 -100.333    1610529588418
01    15.478   -1.043   -7.234  103.008   38.164 -118.736    1610529588449
02    12.988   -3.061   -9.168  144.799   40.315 -100.378    1610529588449
01    15.478   -1.035   -7.232  103.035   38.144 -118.730    1610529588465
02    12.988   -3.061   -9.163  144.812   40.325 -100.360    1610529588465
01    15.475   -1.036   -7.232  103.050   38.167 -118.689    1610529588471
02    12.982   -3.067   -9.166  144.797   40.290 -100.308    1610529588471
01    15.475   -1.029   -7.230  103.069   38.139 -118.683    1610529588487
02    12.981   -3.064   -9.164  144.793   40.290 -100.308    1610529588487
01    15.479   -1.020   -7.226  103.067   38.132 -118.699    1610529588502
02    12.983   -3.058   -9.163  144.816   40.305 -100.322    1610529588502
01    15.476   -1.017   -7.232  103.076   38.113 -118.663    1610529588518
02    12.983   -3.057   -9.163  144.800   40.301 -100.326    1610529588518
01    15.478   -1.015   -7.228  103.054   38.105 -118.720    1610529588534
02    12.984   -3.053   -9.163  144.771   40.299 -100.360    1610529588534
01    15.479   -1.022   -7.221  102.972   38.116 -118.805    1610529588565
02    12.987   -3.054   -9.161  144.751   40.332 -100.375    1610529588565
01    15.476   -1.020   -7.220  102.994   38.073 -118.916    1610529588571
02    12.987   -3.052   -9.165  144.742   40.312 -100.374    1610529588571
01    15.472   -1.021   -7.216  102.973   37.892 -119.242    1610529588587
02    12.988   -3.052   -9.164  144.715   40.327 -100.398    1610529588587
01    15.462   -1.016   -7.195  102.796   37.366 -119.970    1610529588603
02    12.988   -3.054   -9.165  144.701   40.325 -100.377    1610529588603
01    15.443   -1.014   -7.193  102.804   36.821 -120.314    1610529588618
02    12.984   -3.053   -9.169  144.678   40.294 -100.363    1610529588618
01    15.422   -1.007   -7.176  102.685   36.301 -120.965    1610529588634
02    12.984   -3.052   -9.165  144.632   40.296 -100.338    1610529588634
01    15.406   -0.991   -7.160  102.575   35.746 -121.416    1610529588665
02    12.979   -3.040   -9.168  144.559   40.136 -100.362    1610529588665
01    15.391   -0.967   -7.129  102.464   35.254 -122.025    1610529588672
02    12.977   -3.039   -9.165  144.358   40.074 -100.336    1610529588672
01    15.370   -0.952   -7.102  102.125   34.593 -123.287    1610529588688
02    12.968   -3.055   -9.162  143.070   39.649 -100.160    1610529588688
01    15.325   -1.112   -7.032  101.351   34.280 -126.278    1610529588703
02    12.842   -3.309   -9.106  135.211   36.211 -100.288    1610529588703
01    15.198   -1.345   -6.996  103.469   34.587 -128.474    1610529588719
02    12.582   -2.992   -9.243  121.031   20.145  -99.319    1610529588719
01    15.008   -1.271   -7.141  110.765   34.751 -126.064    1610529588734
02    13.043   -2.597   -8.441  108.385    3.596 -101.903    1610529588734
01    14.892   -1.343   -7.237  111.757   34.555 -127.126    1610529588765
02    13.374   -2.109   -7.914  110.471   -2.485 -104.665    1610529588765
01    14.873   -1.343   -7.254  111.952   34.219 -128.725    1610529588772
02    13.513   -1.905   -7.727  111.995   -3.552 -104.691    1610529588772
01    14.865   -1.313   -7.305  112.050   33.742 -129.355    1610529588788
02    13.574   -1.800   -7.676  112.543   -3.983 -104.857    1610529588788
01    14.882   -1.311   -7.328  111.575   33.766 -129.801    1610529588803
02    13.598   -1.774   -7.700  112.212   -4.001 -104.877    1610529588803
01    14.908   -1.309   -7.328  111.206   33.926 -130.162    1610529588819
02    13.620   -1.752   -7.719  111.838   -4.161 -105.020    1610529588819
01    14.929   -1.285   -7.340  111.130   33.881 -130.232    1610529588834
02    13.628   -1.735   -7.741  111.278   -4.571 -104.848    1610529588834
01    14.948   -1.282   -7.356  111.162   33.933 -129.821    1610529588850
02    13.636   -1.710   -7.752  110.607   -5.254 -104.319    1610529588850
01    14.965   -1.243   -7.393  111.399   33.794 -129.039    1610529588873
02    13.644   -1.666   -7.771  109.803   -6.192 -103.607    1610529588873
01    14.983   -1.129   -7.504  111.410   33.520 -127.900    1610529588888
02    13.742   -1.451   -7.751  109.704   -6.928 -105.377    1610529588888
01    15.102   -1.006   -7.560  109.207   33.563 -127.471    1610529588904
02    14.062   -1.246   -7.548  110.377   -3.653 -112.196    1610529588904
01    15.363   -0.760   -7.494  103.187   31.633 -128.511    1610529588920
02    14.149   -0.944   -7.767  117.728    8.250 -118.883    1610529588920
01    15.749   -0.558   -7.256   91.368   27.049 -130.863    1610529588935
02    13.665   -1.259   -8.911  130.155   22.760 -115.816    1610529588935
01    16.092   -0.504   -7.239   82.752   26.146 -129.981    1610529588951
02    13.333   -2.342   -9.751  145.140   39.088 -102.822    1610529588951
01    16.417   -0.676   -7.192   74.913   28.230 -130.189    1610529588973
02    13.395   -3.123  -10.125  159.968   52.470  -89.964    1610529588973
01    16.658   -0.783   -7.148   70.195   28.921 -130.631    1610529588989
02    13.588   -3.773  -10.167  175.295   61.791  -75.228    1610529588989
01    16.808   -0.881   -7.137   68.017   29.359 -131.008    1610529589004
02    13.714   -4.188  -10.159 -170.337   64.667  -60.815    1610529589004
01    16.910   -0.955   -7.118   66.828   28.918 -131.690    1610529589020
02    13.852   -4.453  -10.172 -160.618   65.927  -51.444    1610529589020
01    16.972   -1.011   -7.136   66.490   28.438 -132.260    1610529589036
02    14.010   -4.677  -10.182 -153.375   67.192  -44.111    1610529589036
01    17.030   -1.045   -7.117   66.510   27.820 -133.070    1610529589051
02    14.151   -4.832  -10.191 -147.432   67.636  -38.069    1610529589051
01    17.047   -1.057   -7.156   67.033   27.266 -133.382    1610529589073
02    14.251   -4.955  -10.257 -143.850   67.652  -34.643    1610529589073
01    17.058   -1.073   -7.171   67.664   26.801 -133.890    1610529589089
02    14.347   -5.059  -10.311 -140.914   68.005  -31.865    1610529589089
01    17.048   -1.074   -7.197   68.509   26.448 -134.276    1610529589105
02    14.441   -5.133  -10.350 -137.963   68.136  -29.322    1610529589105
01    17.043   -1.088   -7.203   69.288   26.045 -134.764    1610529589120
02    14.512   -5.223  -10.400 -136.290   68.401  -27.779    1610529589120
01    17.029   -1.065   -7.220   70.333   25.718 -135.040    1610529589136
02    14.585   -5.272  -10.413 -134.911   68.959  -26.569    1610529589136
01    17.002   -1.054   -7.264   71.306   25.597 -135.168    1610529589151
02    14.650   -5.284  -10.437 -134.327   69.427  -26.182    1610529589151
01    16.973   -1.065   -7.314   72.277   25.588 -135.348    1610529589174
02    14.673   -5.332  -10.480 -134.717   69.658  -26.411    1610529589174
01    16.940   -1.071   -7.347   73.331   25.803 -135.803    1610529589190
02    14.706   -5.332  -10.532 -136.027   70.297  -27.657    1610529589190
01    16.896   -1.108   -7.360   74.334   26.163 -136.603    1610529589205
02    14.735   -5.324  -10.573 -137.971   71.115  -29.550    1610529589205
01    16.821   -1.144   -7.400   76.288   26.916 -137.576    1610529589221
02    14.780   -5.291  -10.617 -141.164   72.448  -32.870    1610529589221
01    16.636   -1.268   -7.496   79.102   28.403 -138.734    1610529589237
02    14.833   -5.173  -10.651 -147.740   74.386  -39.988    1610529589237
01    16.331   -1.460   -7.666   83.725   30.870 -139.883    1610529589252
02    14.929   -4.835  -10.587 -169.091   77.086  -62.838    1610529589252
01    16.002   -1.823   -7.848   89.618   34.524 -140.557    1610529589274
02    14.943   -4.755  -10.118  137.083   72.101 -113.026    1610529589274
01    15.711   -2.103   -8.077   98.496   39.247 -138.618    1610529589290
02    14.305   -4.907   -9.982  115.986   44.833 -114.124    1610529589290
01    15.454   -2.269   -8.364  108.283   43.321 -131.968    1610529589306
02    14.399   -4.005   -9.239  114.453   15.524 -115.233    1610529589306
01    15.404   -2.242   -8.466  110.482   43.378 -132.414    1610529589321
02    14.370   -3.295   -8.868  116.789    4.564 -112.071    1610529589321
01    15.449   -2.287   -8.377  111.445   44.390 -132.696    1610529589337
02    14.301   -3.071   -8.764  116.617    2.877 -109.798    1610529589337
01    15.461   -2.210   -8.349  113.608   44.642 -131.937    1610529589353
02    14.214   -3.006   -8.773  116.366    1.947 -108.080    1610529589353
01    15.445   -2.233   -8.339  115.931   45.285 -129.861    1610529589375
02    14.204   -2.958   -8.723  116.324    1.631 -107.858    1610529589375
01    15.440   -2.227   -8.326  118.522   45.810 -127.937    1610529589390
02    14.205   -2.936   -8.695  116.105    1.222 -108.002    1610529589390
01    15.439   -2.197   -8.358  121.066   46.165 -125.459    1610529589406
02    14.207   -2.901   -8.685  115.790    0.839 -108.125    1610529589406
01    15.430   -2.176   -8.429  122.137   46.173 -123.237    1610529589422
02    14.211   -2.879   -8.700  114.787    0.432 -108.145    1610529589422
01    15.432   -2.121   -8.550  121.908   46.090 -121.600    1610529589438
02    14.280   -2.748   -8.674  114.093    0.445 -109.967    1610529589438
01    15.512   -2.077   -8.583  119.192   47.095 -121.212    1610529589453
02    14.574   -2.420   -8.464  116.220    5.696 -114.612    1610529589453
01    15.661   -1.897   -8.555  112.498   46.370 -123.338    1610529589475
02    14.572   -2.111   -8.923  122.174   16.719 -117.395    1610529589475
01    15.963   -1.592   -8.293   99.053   41.643 -128.952    1610529589491
02    14.229   -2.403   -9.888  132.259   31.015 -114.348    1610529589491
01    16.368   -1.353   -7.818   86.102   35.679 -132.231    1610529589507
02    14.013   -3.539  -10.446  149.155   48.754 -100.428    1610529589507
01    16.612   -1.263   -7.650   77.621   33.126 -131.059    1610529589522
02    14.116   -4.312  -10.450  171.379   62.642  -79.932    1610529589522
01    16.843   -1.252   -7.537   71.830   33.235 -129.330    1610529589538
02    14.166   -4.709  -10.315 -168.577   66.959  -59.738    1610529589538
01    17.000   -1.287   -7.388   67.704   34.018 -128.560    1610529589554
02    14.174   -4.825  -10.204 -157.995   67.056  -49.575    1610529589554
01    17.101   -1.233   -7.259   66.271   34.060 -127.891    1610529589576
02    14.181   -4.852  -10.160 -153.654   67.238  -45.623    1610529589576
01    17.150   -1.183   -7.163   65.874   33.809 -127.146    1610529589592
02    14.218   -4.824  -10.096 -151.762   68.350  -43.984    1610529589592
01    17.176   -1.178   -7.047   65.901   33.267 -126.822    1610529589607
02    14.232   -4.783  -10.054 -151.938   68.733  -44.248    1610529589607
01    17.159   -1.127   -6.980   67.041   32.424 -125.942    1610529589623
02    14.249   -4.720  -10.030 -152.958   69.122  -45.570    1610529589623
01    17.141   -1.046   -6.884   68.594   31.451 -125.332    1610529589639
02    14.273   -4.644   -9.989 -154.411   69.615  -47.256    1610529589639
01    17.090   -0.974   -6.859   70.316   30.765 -124.447    1610529589654
02    14.275   -4.575   -9.959 -156.620   69.559  -49.499    1610529589654
01    17.037   -0.912   -6.865   71.643   30.167 -123.937    1610529589676
02    14.249   -4.527   -9.957 -159.606   69.240  -52.238    1610529589676
01    16.986   -0.879   -6.858   72.577   29.840 -124.115    1610529589692
02    14.237   -4.462   -9.960 -162.514   69.184  -55.049    1610529589692
01    16.934   -0.874   -6.853   73.370   29.674 -125.021    1610529589708
02    14.221   -4.420   -9.976 -166.242   69.304  -58.170    1610529589708
01    16.867   -0.900   -6.860   74.266   29.679 -126.510    1610529589724
02    14.241   -4.350  -10.004 -172.127   70.047  -63.639    1610529589724
01    16.766   -0.960   -6.897   75.750   29.820 -128.411    1610529589739
02    14.300   -4.238  -10.034  178.564   71.161  -73.006    1610529589739
01    16.615   -1.069   -6.956   78.101   30.075 -130.824    1610529589755
02    14.454   -4.023  -10.008  164.039   71.811  -87.993    1610529589755
01    16.360   -1.290   -7.062   83.271   31.610 -133.970    1610529589777
02    14.571   -3.892   -9.808  137.038   67.447 -113.735    1610529589777
01    15.983   -1.592   -7.243   91.945   34.780 -135.105    1610529589793
02    14.417   -3.990   -9.600  119.893   52.992 -121.977    1610529589793
01    15.630   -1.765   -7.503  104.426   39.085 -131.853    1610529589808
02    13.901   -3.910   -9.700  110.790   24.069 -110.248    1610529589808
01    15.303   -1.768   -7.947  114.059   39.044 -125.745    1610529589824
02    13.853   -3.311   -9.451  115.008    8.972 -107.919    1610529589824
01    15.252   -1.834   -8.091  116.761   40.045 -125.669    1610529589839
02    13.985   -2.969   -9.115  115.137    6.114 -110.656    1610529589839
01    15.285   -1.885   -8.139  118.155   41.532 -125.323    1610529589855
02    14.124   -2.777   -8.882  115.684    6.277 -111.569    1610529589855
01    15.291   -1.924   -8.218  119.796   42.636 -124.512    1610529589877
02    14.200   -2.717   -8.795  116.081    6.899 -111.698    1610529589877
01    15.299   -2.015   -8.282  120.808   43.929 -123.640    1610529589893
02    14.265   -2.713   -8.758  116.329    7.649 -111.932    1610529589893
01    15.311   -2.070   -8.368  121.955   44.946 -122.607    1610529589909
02    14.307   -2.745   -8.772  116.390    8.282 -112.036    1610529589909
01    15.348   -2.117   -8.439  122.308   46.038 -121.671    1610529589924
02    14.337   -2.790   -8.810  115.986    8.954 -112.197    1610529589924
01    15.395   -2.103   -8.547  122.050   46.771 -120.362    1610529589940
02    14.378   -2.801   -8.858  115.455    9.761 -112.850    1610529589940
01    15.493   -2.012   -8.713  120.419   47.775 -119.027    1610529589956
02    14.501   -2.659   -8.859  117.220   13.294 -115.501    1610529589956
01    15.716   -1.902   -8.718  112.328   47.861 -121.433    1610529589978
02    14.503   -2.597   -9.133  121.915   21.499 -116.080    1610529589978
01    16.101   -1.660   -8.454   98.614   44.771 -127.000    1610529589994
02    14.319   -2.864   -9.715  131.511   33.211 -112.162    1610529589994
01    16.467   -1.541   -8.101   83.468   39.791 -130.482    1610529590009
02    14.174   -3.832  -10.208  155.602   53.436  -92.753    1610529590009
01    16.732   -1.540   -7.895   72.802   37.784 -130.082    1610529590025
02    14.234   -4.627  -10.267 -177.353   65.124  -68.142    1610529590025
01    16.952   -1.564   -7.764   66.894   38.875 -128.840    1610529590041
02    14.247   -5.024  -10.169 -158.661   66.969  -49.318    1610529590041
01    17.105   -1.550   -7.619   63.638   39.777 -128.065    1610529590056
02    14.211   -5.166  -10.100 -150.725   65.941  -41.625    1610529590056
01    17.175   -1.509   -7.483   62.563   39.807 -127.528    1610529590078
02    14.210   -5.171  -10.054 -147.698   66.203  -39.426    1610529590078
01    17.202   -1.447   -7.377   62.721   39.242 -126.782    1610529590095
02    14.230   -5.138  -10.011 -146.719   67.210  -38.851    1610529590095
01    17.207   -1.387   -7.291   63.232   38.446 -126.067    1610529590110
02    14.244   -5.076   -9.967 -146.901   67.744  -39.189    1610529590110
01    17.205   -1.314   -7.200   64.046   37.501 -125.393    1610529590126
02    14.259   -5.005   -9.935 -148.354   68.384  -40.746    1610529590126
01    17.199   -1.270   -7.103   65.014   36.668 -124.899    1610529590141
02    14.272   -4.911   -9.920 -150.921   69.141  -43.520    1610529590141
01    17.170   -1.200   -7.027   66.321   35.937 -124.447    1610529590157
02    14.275   -4.823   -9.922 -153.915   69.452  -46.585    1610529590157
01    17.110   -1.138   -7.015   67.991   35.283 -123.922    1610529590179
02    14.282   -4.746   -9.923 -156.316   69.657  -49.076    1610529590179
01    17.036   -1.077   -6.991   69.838   34.675 -123.948    1610529590195
02    14.291   -4.696   -9.929 -158.629   69.791  -51.305    1610529590195
01    16.942   -1.047   -6.971   71.911   34.278 -124.811    1610529590210
02    14.305   -4.649   -9.954 -162.208   70.127  -54.650    1610529590210
01    16.796   -1.071   -7.012   74.749   34.248 -125.852    1610529590226
02    14.344   -4.594   -9.992 -168.168   70.955  -60.581    1610529590226
01    16.604   -1.148   -7.072   78.367   34.670 -127.312    1610529590242
02    14.417   -4.490  -10.031 -177.993   72.020  -70.976    1610529590242
01    16.369   -1.280   -7.201   84.850   36.075 -128.854    1610529590257
02    14.529   -4.362   -9.995  164.826   72.185  -88.396    1610529590257
01    16.041   -1.450   -7.460   93.015   38.215 -129.254    1610529590279
02    14.563   -4.290   -9.828  139.192   66.404 -111.501    1610529590279
01    15.739   -1.652   -7.800  101.398   41.291 -127.929    1610529590296
02    14.353   -4.379   -9.680  122.382   49.974 -116.846    1610529590296
01    15.552   -1.765   -8.131  110.622   45.306 -124.170    1610529590311
02    13.852   -4.348   -9.737  112.262   22.110 -101.342    1610529590311
01    15.488   -1.882   -8.407  112.946   45.880 -121.712    1610529590326
02    13.847   -3.712   -9.504  112.830    7.124 -104.226    1610529590326
01    15.512   -2.030   -8.478  112.656   46.973 -121.909    1610529590342
02    14.031   -3.193   -9.089  112.873    2.676 -106.448    1610529590342
01    15.565   -2.168   -8.461  112.893   48.369 -122.017    1610529590358
02    14.155   -2.969   -8.852  112.432    2.466 -106.358    1610529590358
01    15.589   -2.223   -8.468  114.573   49.366 -121.420    1610529590380
02    14.244   -2.859   -8.741  112.649    2.614 -106.599    1610529590380
01    15.606   -2.250   -8.513  116.258   50.062 -120.695    1610529590396
02    14.307   -2.815   -8.706  112.716    2.843 -107.141    1610529590396
01    15.638   -2.242   -8.547  116.994   50.532 -120.572    1610529590411
02    14.357   -2.822   -8.697  112.437    3.243 -107.837    1610529590411
01    15.668   -2.224   -8.632  116.420   50.750 -120.445    1610529590427
02    14.414   -2.769   -8.719  112.229    3.543 -109.030    1610529590427
01    15.749   -2.226   -8.655  113.053   51.313 -121.504    1610529590443
02    14.550   -2.677   -8.665  112.413    5.788 -111.802    1610529590443
01    15.856   -2.167   -8.693  108.777   51.585 -122.030    1610529590458
02    14.688   -2.476   -8.741  115.665   12.574 -115.598    1610529590458
01    16.063   -2.031   -8.623  100.083   50.309 -124.960    1610529590480
02    14.597   -2.501   -9.231  122.284   23.619 -115.398    1610529590480
01    16.356   -1.886   -8.414   88.345   47.010 -128.280    1610529590496
02    14.331   -3.058   -9.932  133.186   36.756 -109.279    1610529590496
01    16.744   -1.740   -8.026   75.017   42.278 -129.861    1610529590512
02    14.245   -3.875  -10.229  153.664   54.413  -92.239    1610529590512
01    17.024   -1.652   -7.686   67.063   39.454 -129.330    1610529590527
02    14.253   -4.394  -10.240  175.914   63.863  -72.056    1610529590527
01    17.163   -1.575   -7.464   64.152   37.809 -127.349    1610529590543
02    14.228   -4.701  -10.151 -168.272   66.056  -56.474    1610529590543
01    17.222   -1.518   -7.193   63.387   35.747 -125.752    1610529590559
02    14.198   -4.801  -10.077 -160.304   66.067  -49.276    1610529590559
01    17.203   -1.408   -7.020   65.127   33.780 -123.096    1610529590580
02    14.183   -4.794  -10.028 -159.001   66.948  -48.632    1610529590580
01    17.166   -1.278   -6.839   67.618   31.682 -120.709    1610529590596
02    14.179   -4.725   -9.955 -160.191   68.062  -50.107    1610529590596
01    17.117   -1.152   -6.653   70.199   29.471 -118.762    1610529590612
02    14.172   -4.604   -9.878 -163.172   68.611  -53.332    1610529590612
01    17.042   -1.017   -6.552   73.020   27.477 -116.835    1610529590627
02    14.142   -4.453   -9.829 -169.262   68.606  -59.239    1610529590627
01    16.962   -0.873   -6.466   75.486   25.838 -115.821    1610529590643
02    14.105   -4.255   -9.789 -178.062   68.168  -67.728    1610529590643
01    16.894   -0.764   -6.359   77.182   24.587 -116.389    1610529590659
02    14.081   -4.029   -9.730  170.977   67.326  -78.111    1610529590659
01    16.782   -0.730   -6.348   78.807   24.126 -118.210    1610529590681
02    14.065   -3.745   -9.681  157.663   64.878  -90.942    1610529590681
01    16.591   -0.765   -6.404   81.261   24.649 -120.968    1610529590697
02    14.053   -3.379   -9.587  143.704   60.602 -103.626    1610529590697
01    16.324   -0.915   -6.554   85.258   26.462 -123.569    1610529590712
02    14.008   -3.173   -9.431  130.850   53.125 -112.707    1610529590712
01    16.017   -1.090   -6.799   92.154   29.852 -125.150    1610529590728
02    13.795   -3.016   -9.380  117.824   34.929 -115.068    1610529590728
01    15.771   -1.235   -7.046  102.722   34.887 -124.166    1610529590744
02    13.833   -2.948   -8.892  108.322   14.406 -110.939    1610529590744
01    15.536   -1.235   -7.471  110.235   36.495 -122.379    1610529590759
02    14.030   -2.267   -8.456  112.632    4.999 -109.582    1610529590759
01    15.467   -1.354   -7.703  111.811   38.604 -123.032    1610529590781
02    14.135   -2.148   -8.346  112.735    3.836 -109.257    1610529590781
01    15.483   -1.449   -7.828  112.288   40.271 -123.251    1610529590797
02    14.234   -2.095   -8.320  112.901    4.088 -108.896    1610529590797
01    15.510   -1.529   -7.907  112.949   41.779 -123.147    1610529590813
02    14.305   -2.107   -8.338  113.038    4.710 -109.072    1610529590813
01    15.548   -1.571   -7.966  114.105   43.125 -122.548    1610529590828
02    14.353   -2.151   -8.380  113.069    5.289 -109.272    1610529590828
01    15.570   -1.610   -8.054  115.752   44.336 -121.091    1610529590844
02    14.390   -2.196   -8.430  113.062    5.840 -109.529    1610529590844
01    15.587   -1.679   -8.162  116.635   45.354 -119.803    1610529590860
02    14.434   -2.208   -8.483  113.030    6.295 -110.250    1610529590860
01    15.616   -1.720   -8.264  116.447   46.181 -118.862    1610529590882
02    14.479   -2.244   -8.530  112.681    7.121 -111.624    1610529590882
01    15.680   -1.729   -8.338  115.351   47.235 -118.237    1610529590897
02    14.597   -2.150   -8.497  114.488   10.598 -114.317    1610529590897
01    15.798   -1.633   -8.359  111.261   47.024 -119.139    1610529590913
02    14.601   -2.076   -8.732  118.733   17.881 -115.669    1610529590913
01    16.043   -1.408   -8.282  102.931   44.845 -121.967    1610529590929
02    14.480   -2.182   -9.246  126.319   28.285 -114.649    1610529590929
01    16.363   -1.241   -8.089   92.217   41.804 -124.382    1610529590945
02    14.201   -3.043  -10.045  143.561   45.863 -103.380    1610529590945
01    16.630   -1.238   -7.864   79.145   38.937 -126.568    1610529590960
02    14.242   -3.934  -10.258  166.917   61.217  -83.683    1610529590960
01    16.810   -1.303   -7.732   71.683   38.939 -126.105    1610529590982
02    14.285   -4.512  -10.184 -172.503   66.811  -63.588    1610529590982
01    16.973   -1.318   -7.582   67.953   39.133 -125.462    1610529590998
02    14.257   -4.792  -10.089 -159.831   66.621  -50.905    1610529590998
01    17.057   -1.322   -7.473   66.674   39.250 -124.238    1610529591013
02    14.224   -4.879  -10.027 -154.620   66.039  -46.399    1610529591013
01    17.078   -1.310   -7.377   66.958   38.997 -122.859    1610529591029
02    14.189   -4.879  -10.029 -154.423   66.415  -46.855    1610529591029
01    17.068   -1.260   -7.261   68.380   38.043 -121.441    1610529591045
02    14.188   -4.852   -9.973 -154.510   67.305  -47.252    1610529591045
01    17.022   -1.207   -7.152   70.513   36.710 -119.866    1610529591060
02    14.173   -4.793   -9.929 -156.271   67.648  -49.069    1610529591060
01    16.957   -1.126   -7.072   73.288   35.394 -118.484    1610529591082
02    14.155   -4.704   -9.917 -159.915   67.929  -52.711    1610529591082
01    16.883   -1.063   -7.004   75.811   34.106 -118.132    1610529591098
02    14.170   -4.569   -9.911 -166.068   68.766  -58.678    1610529591098
01    16.776   -1.018   -6.973   78.481   33.154 -118.882    1610529591114
02    14.192   -4.414   -9.939 -176.088   69.463  -68.366    1610529591114
01    16.634   -1.025   -6.978   81.339   32.773 -120.838    1610529591129
02    14.266   -4.209   -9.935  169.605   69.896  -83.051    1610529591129
01    16.449   -1.101   -7.020   84.977   33.113 -123.196    1610529591145
02    14.345   -4.044   -9.844  151.408   68.123 -100.638    1610529591145
01    16.234   -1.225   -7.109   90.226   34.374 -125.071    1610529591161
02    14.336   -3.985   -9.688  134.970   61.326 -113.251    1610529591161
01    15.894   -1.441   -7.332   98.781   36.989 -125.143    1610529591182
02    14.152   -3.926   -9.613  121.383   43.614 -116.225    1610529591182
01    15.595   -1.602   -7.616  109.020   39.980 -122.771    1610529591199
02    13.963   -3.680   -9.335  112.973   20.202 -111.081    1610529591199
01    15.367   -1.665   -7.979  113.389   39.912 -121.565    1610529591214
02    13.886   -3.116   -9.098  114.285    9.128 -108.140    1610529591214
01    15.322   -1.750   -8.137  114.691   41.178 -121.939    1610529591230
02    14.095   -2.640   -8.767  116.388    6.809 -109.504    1610529591230
01    15.359   -1.831   -8.178  115.179   42.698 -122.234    1610529591245
02    14.194   -2.571   -8.668  116.232    7.206 -109.881    1610529591245
01    15.408   -1.895   -8.183  116.387   44.138 -121.561    1610529591261
02    14.212   -2.583   -8.692  115.831    7.305 -109.480    1610529591261
01    15.436   -1.949   -8.188  118.122   45.154 -119.992    1610529591283
02    14.253   -2.602   -8.688  115.455    7.308 -109.620    1610529591283
01    15.450   -1.977   -8.198  120.124   45.688 -118.415    1610529591298
02    14.272   -2.620   -8.708  115.081    7.006 -109.694    1610529591298
01    15.451   -1.974   -8.231  121.987   45.878 -116.805    1610529591314
02    14.273   -2.639   -8.740  114.527    6.523 -109.478    1610529591314
01    15.453   -1.971   -8.276  122.575   45.648 -115.546    1610529591330
02    14.263   -2.637   -8.766  113.482    5.751 -109.086    1610529591330
01    15.446   -1.906   -8.394  121.669   44.941 -114.516    1610529591345
02    14.309   -2.509   -8.755  113.035    5.136 -109.963    1610529591345
01    15.511   -1.806   -8.467  118.380   44.946 -114.999    1610529591361
02    14.582   -2.152   -8.544  115.481    9.696 -114.650    1610529591361
01    15.673   -1.613   -8.456  110.951   43.774 -117.604    1610529591376
02    14.519   -1.962   -9.019  122.270   20.246 -116.155    1610529591376
01    15.980   -1.380   -8.263   99.098   40.396 -121.362    1610529591399
02    14.184   -2.427   -9.907  132.942   33.663 -111.915    1610529591399
01    16.415   -1.236   -7.872   82.826   35.360 -125.176    1610529591414
02    14.090   -3.395  -10.301  151.963   52.455  -96.548    1610529591414
01    16.700   -1.237   -7.721   74.322   35.167 -124.024    1610529591430
02    14.154   -4.116  -10.298  172.975   64.007  -76.123    1610529591430
01    16.933   -1.280   -7.613   68.995   36.415 -122.645    1610529591446
02    14.175   -4.523  -10.158 -168.678   66.808  -56.970    1610529591446
01    17.105   -1.296   -7.446   65.609   37.035 -122.126    1610529591461
02    14.155   -4.683  -10.033 -158.780   65.875  -47.120    1610529591461
01    17.185   -1.263   -7.326   64.890   37.059 -121.207    1610529591477
02    14.132   -4.735   -9.987 -155.500   65.329  -44.295    1610529591477
01    17.221   -1.225   -7.225   64.966   36.622 -120.435    1610529591483
02    14.142   -4.733   -9.947 -154.418   66.179  -43.601    1610529591483
01    17.241   -1.174   -7.090   65.290   35.763 -120.182    1610529591515
02    14.144   -4.723   -9.908 -154.261   66.610  -43.392    1610529591515
01    17.219   -1.128   -7.030   66.221   34.790 -119.498    1610529591531
02    14.144   -4.671   -9.896 -155.564   66.986  -44.929    1610529591531
01    17.196   -1.053   -6.944   67.520   33.662 -119.184    1610529591546
02    14.157   -4.605   -9.885 -157.521   67.620  -46.925    1610529591546
01    17.158   -1.003   -6.849   69.022   32.615 -119.534    1610529591562
02    14.176   -4.532   -9.888 -161.261   68.472  -50.241    1610529591562
01    17.077   -0.988   -6.825   71.083   32.059 -120.671    1610529591578
02    14.213   -4.409   -9.924 -169.348   69.799  -57.954    1610529591578
01    16.931   -0.996   -6.855   74.149   32.023 -122.917    1610529591584
02    14.306   -4.224   -9.953  174.998   71.566  -74.000    1610529591584
01    16.703   -1.119   -6.949   78.295   32.956 -125.554    1610529591615
02    14.440   -4.020   -9.880  150.561   70.798  -98.298    1610529591615
01    16.420   -1.262   -7.103   84.744   34.742 -127.492    1610529591631
02    14.451   -3.950   -9.725  128.615   62.404 -115.837    1610529591631
01    16.099   -1.431   -7.343   94.722   38.191 -127.484    1610529591647
02    14.265   -3.817   -9.655  114.591   39.716 -117.514    1610529591647
01    15.798   -1.630   -7.638  103.307   41.483 -125.468    1610529591662
02    14.458   -3.008   -8.720  111.762   18.000 -118.348    1610529591662
01    15.646   -1.628   -7.901  106.424   41.370 -126.517    1610529591678
02    14.415   -2.498   -8.508  113.695    9.019 -115.077    1610529591678
01    15.609   -1.695   -8.014  107.172   42.508 -127.657    1610529591684
02    14.418   -2.322   -8.485  114.364    7.391 -113.792    1610529591684
01    15.566   -1.795   -8.120  108.045   43.625 -127.923    1610529591715
02    14.387   -2.325   -8.580  114.701    7.458 -113.489    1610529591715
01    15.565   -1.846   -8.168  109.141   44.725 -127.743    1610529591731
02    14.380   -2.411   -8.631  114.478    8.120 -113.038    1610529591731
01    15.562   -1.890   -8.214  110.291   45.573 -127.034    1610529591747
02    14.382   -2.476   -8.662  114.521    8.561 -112.861    1610529591747
01    15.594   -1.877   -8.232  111.182   46.271 -126.355    1610529591762
02    14.366   -2.525   -8.715  114.293    8.666 -112.382    1610529591762
01    15.625   -1.846   -8.280  111.471   46.867 -124.981    1610529591778
02    14.368   -2.513   -8.758  113.727    8.600 -112.277    1610529591778
01    15.657   -1.825   -8.386  110.623   47.363 -123.104    1610529591784
02    14.439   -2.441   -8.726  113.549    9.416 -113.575    1610529591784
01    15.759   -1.796   -8.438  107.530   48.182 -122.426    1610529591815
02    14.584   -2.212   -8.696  117.085   15.212 -116.517    1610529591815
01    15.976   -1.654   -8.342   99.771   46.804 -124.634    1610529591831
02    14.484   -2.186   -9.175  124.094   25.589 -115.960    1610529591831
01    16.249   -1.514   -8.132   89.454   43.520 -126.853    1610529591847
02    14.270   -2.725   -9.826  136.620   41.022 -109.076    1610529591847
01    16.494   -1.414   -7.908   80.080   40.299 -127.610    1610529591862
02    14.254   -3.575  -10.112  159.454   59.532  -90.165    1610529591862
01    16.691   -1.400   -7.763   73.623   39.565 -126.356    1610529591878
02    14.303   -4.268  -10.111 -176.762   67.543  -67.027    1610529591878
01    16.825   -1.419   -7.681   69.762   40.371 -124.463    1610529591884
02    14.271   -4.672  -10.021 -160.737   67.469  -50.454    1610529591884
01    16.944   -1.395   -7.542   67.512   40.479 -123.376    1610529591900
02    14.207   -4.870   -9.949 -153.557   65.815  -43.326    1610529591900
01    17.014   -1.362   -7.383   66.708   39.684 -122.592    1610529591931
02    14.154   -4.944   -9.921 -151.445   65.166  -41.575    1610529591931
01    17.032   -1.289   -7.240   67.281   38.359 -121.529    1610529591947
02    14.151   -4.944   -9.869 -150.751   65.815  -41.158    1610529591947
01    17.009   -1.235   -7.140   68.667   36.900 -120.074    1610529591963
02    14.137   -4.902   -9.831 -151.642   66.241  -41.993    1610529591963
01    16.990   -1.163   -7.008   70.342   35.362 -119.151    1610529591978
02    14.129   -4.817   -9.805 -153.831   66.623  -44.194    1610529591978
01    16.947   -1.052   -6.897   72.602   33.659 -118.335    1610529591985
02    14.123   -4.694   -9.795 -157.702   67.078  -47.975    1610529591985
01    16.869   -0.996   -6.834   74.918   32.297 -118.053    1610529592000
02    14.111   -4.563   -9.811 -164.606   67.518  -54.306    1610529592000
01    16.763   -0.922   -6.793   77.637   31.301 -118.610    1610529592032
02    14.129   -4.365   -9.823 -174.773   68.404  -64.207    1610529592032
01    16.606   -0.921   -6.803   80.509   31.063 -119.897    1610529592047
02    14.172   -4.106   -9.830  170.401   68.560  -79.373    1610529592047
01    16.415   -0.976   -6.825   84.021   31.418 -121.662    1610529592063
02    14.219   -3.891   -9.776  153.388   66.774  -96.035    1610529592063
01    16.186   -1.087   -6.905   88.980   32.422 -123.157    1610529592079
02    14.210   -3.725   -9.637  137.521   60.891 -109.317    1610529592079
01    15.928   -1.221   -7.058   96.597   34.452 -123.577    1610529592085
02    14.051   -3.628   -9.513  122.978   46.040 -115.214    1610529592085
01    15.595   -1.409   -7.334  105.842   37.204 -121.848    1610529592100
02    13.675   -3.287   -9.516  112.851   20.925 -109.285    1610529592100
01    15.306   -1.462   -7.676  112.460   36.960 -119.669    1610529592132
02    13.686   -2.774   -9.093  113.241    8.934 -107.419    1610529592132
01    15.190   -1.560   -7.873  114.516   37.693 -121.079    1610529592147
02    13.914   -2.304   -8.700  115.985    5.685 -109.855    1610529592147
01    15.212   -1.665   -7.911  114.543   39.108 -122.853    1610529592163
02    14.059   -2.272   -8.542  115.844    6.404 -109.882    1610529592163
01    15.248   -1.718   -7.922  114.664   39.985 -123.879    1610529592178
02    14.138   -2.285   -8.503  115.979    6.925 -110.050    1610529592178
01    15.271   -1.739   -7.955  115.268   40.585 -124.327    1610529592185
02    14.185   -2.303   -8.511  116.192    7.244 -110.292    1610529592185
01    15.297   -1.724   -8.005  116.154   41.121 -124.190    1610529592200
02    14.219   -2.333   -8.541  116.126    7.516 -110.309    1610529592200
01    15.338   -1.739   -8.032  116.754   42.111 -123.455    1610529592232
02    14.250   -2.372   -8.567  115.699    7.784 -110.171    1610529592232
01    15.381   -1.754   -8.065  117.218   42.928 -122.331    1610529592247
02    14.270   -2.388   -8.611  115.156    7.898 -109.839    1610529592247
01    15.427   -1.746   -8.109  117.260   43.487 -120.998    1610529592263
02    14.300   -2.370   -8.646  114.411    7.920 -109.908    1610529592263
01    15.459   -1.731   -8.210  116.722   43.828 -119.049    1610529592278
02    14.373   -2.328   -8.641  113.750    8.338 -111.160    1610529592278
01    15.548   -1.699   -8.316  114.115   44.503 -118.349    1610529592284
02    14.535   -2.172   -8.589  115.771   12.684 -114.037    1610529592284
01    15.736   -1.557   -8.306  107.145   43.486 -120.639    1610529592316
02    14.510   -2.121   -8.930  120.723   20.861 -114.567    1610529592316
01    16.035   -1.367   -8.164   97.286   40.900 -123.391    1610529592331
02    14.334   -2.418   -9.530  132.352   35.597 -110.217    1610529592331
01    16.460   -1.255   -7.887   82.898   37.387 -124.939    1610529592347
02    14.196   -3.339  -10.030  152.636   53.842  -93.756    1610529592347
01    16.786   -1.317   -7.681   72.734   37.171 -124.480    1610529592363
02    14.232   -4.079  -10.173  172.329   64.204  -75.734    1610529592363
01    16.997   -1.379   -7.560   67.646   38.533 -122.770    1610529592378
02    14.240   -4.482  -10.087 -172.208   66.949  -60.022    1610529592378
01    17.156   -1.396   -7.419   64.585   39.199 -121.750    1610529592384
02    14.190   -4.667   -9.978 -162.966   65.886  -50.607    1610529592384
01    17.229   -1.359   -7.306   63.667   38.932 -120.691    1610529592400
02    14.152   -4.679   -9.929 -160.185   65.179  -48.386    1610529592400
01    17.252   -1.275   -7.199   64.167   37.994 -119.876    1610529592431
02    14.144   -4.657   -9.902 -159.925   65.772  -48.447    1610529592431
01    17.256   -1.224   -7.085   64.909   36.815 -119.120    1610529592447
02    14.153   -4.613   -9.866 -160.312   66.649  -49.017    1610529592447
01    17.238   -1.111   -6.974   66.530   35.384 -118.361    1610529592463
02    14.146   -4.545   -9.851 -161.557   66.799  -50.462    1610529592463
01    17.201   -1.040   -6.897   68.212   34.125 -117.660    1610529592478
02    14.143   -4.493   -9.841 -162.563   66.960  -51.608    1610529592478
01    17.148   -0.965   -6.821   70.119   32.889 -117.388    1610529592484
02    14.155   -4.453   -9.823 -163.549   67.352  -52.523    1610529592484
01    17.069   -0.907   -6.776   72.246   32.065 -117.670    1610529592516
02    14.166   -4.418   -9.826 -165.736   67.760  -54.285    1610529592516
01    16.964   -0.870   -6.744   74.843   31.485 -119.160    1610529592532
02    14.209   -4.343   -9.854 -170.828   68.732  -59.122    1610529592532
01    16.788   -0.926   -6.772   78.258   31.809 -121.400    1610529592547
02    14.301   -4.207   -9.893  178.086   70.311  -70.665    1610529592547
01    16.542   -1.031   -6.878   83.305   32.990 -123.542    1610529592563
02    14.424   -4.067   -9.850  157.861   70.343  -91.233    1610529592563
01    16.244   -1.208   -7.041   92.105   35.935 -125.137    1610529592578
02    14.438   -4.062   -9.704  131.570   62.293 -112.727    1610529592578
01    15.831   -1.443   -7.386  103.561   39.636 -123.340    1610529592584
02    14.229   -3.991   -9.650  116.142   39.098 -113.968    1610529592584
01    15.547   -1.769   -7.675  111.015   42.716 -120.385    1610529592600
02    14.439   -2.883   -8.759  116.240   18.863 -116.923    1610529592616
01    15.452   -1.718   -7.929  113.612   42.375 -121.015    1610529592631
02    14.465   -2.381   -8.465  116.637   10.442 -115.353    1610529592631
01    15.430   -1.737   -8.093  114.687   43.280 -121.237    1610529592647
02    14.380   -2.385   -8.572  115.901    9.359 -112.659    1610529592647
01    15.430   -1.810   -8.176  115.625   44.444 -120.563    1610529592663
02    14.336   -2.453   -8.662  115.276    9.315 -111.578    1610529592663
01    15.468   -1.875   -8.173  116.300   45.637 -119.841    1610529592678
02    14.333   -2.518   -8.711  114.652    9.371 -110.670    1610529592678
01    15.483   -1.918   -8.190  117.653   46.337 -118.551    1610529592684
02    14.343   -2.537   -8.728  114.408    9.228 -110.599    1610529592684
01    15.510   -1.912   -8.213  119.256   46.774 -117.077    1610529592716
02    14.349   -2.548   -8.761  113.944    8.926 -110.382    1610529592716
01    15.538   -1.927   -8.227  119.912   47.081 -115.775    1610529592732
02    14.359   -2.561   -8.779  113.064    8.613 -110.176    1610529592732
01    15.564   -1.906   -8.264  119.709   46.917 -114.839    1610529592747
02    14.397   -2.512   -8.762  112.189    8.058 -110.777    1610529592747
01    15.588   -1.845   -8.359  118.490   46.562 -114.001    1610529592763
02    14.515   -2.383   -8.669  112.798    9.492 -113.379    1610529592763
01    15.690   -1.778   -8.399  114.252   46.556 -114.644    1610529592778
02    14.585   -2.257   -8.739  116.536   16.245 -115.269    1610529592778
01    15.917   -1.590   -8.285  104.786   44.440 -119.093    1610529592785
02    14.504   -2.246   -9.149  123.894   26.338 -114.374    1610529592785
01    16.259   -1.365   -8.026   92.076   39.990 -123.362    1610529592801
02    14.332   -2.710   -9.698  136.462   41.002 -107.067    1610529592801
01    16.648   -1.221   -7.715   79.708   35.901 -125.312    1610529592832
02    14.269   -3.628  -10.071  156.314   57.471  -89.967    1610529592832
01    16.870   -1.287   -7.577   72.585   35.848 -124.272    1610529592848
02    14.308   -4.295  -10.127  175.728   66.055  -71.358    1610529592848
01    17.051   -1.290   -7.413   68.538   35.921 -123.261    1610529592863
02    14.308   -4.641  -10.023 -167.861   67.748  -54.720    1610529592863
01    17.155   -1.265   -7.278   66.486   35.420 -122.120    1610529592879
02    14.242   -4.771   -9.946 -159.908   66.275  -46.763    1610529592879
01    17.213   -1.200   -7.133   66.050   34.544 -121.038    1610529592885
02    14.202   -4.765   -9.914 -157.627   65.801  -45.037    1610529592885
01    17.224   -1.163   -7.019   66.178   33.594 -119.988    1610529592916
02    14.178   -4.738   -9.900 -157.015   66.186  -44.785    1610529592916
01    17.217   -1.113   -6.939   66.700   32.565 -118.868    1610529592932
02    14.175   -4.680   -9.855 -157.079   66.748  -44.955    1610529592932
01    17.215   -1.057   -6.848   67.359   31.643 -118.177    1610529592948
02    14.172   -4.608   -9.822 -158.179   67.008  -46.146    1610529592948
01    17.200   -0.974   -6.779   68.501   30.828 -117.702    1610529592963
02    14.173   -4.549   -9.789 -159.891   67.315  -47.602    1610529592963
01    17.171   -0.950   -6.728   69.633   30.403 -117.969    1610529592979
02    14.183   -4.473   -9.783 -163.478   67.731  -50.647    1610529592979
01    17.104   -0.924   -6.705   71.537   30.484 -119.191    1610529592985
02    14.220   -4.343   -9.822 -171.076   68.870  -57.734    1610529592985
01    16.962   -0.966   -6.729   74.458   31.145 -121.279    1610529593001
02    14.330   -4.109   -9.852  172.342   70.635  -74.883    1610529593001
01    16.727   -1.068   -6.820   79.016   32.419 -123.544    1610529593032
02    14.448   -3.949   -9.735  144.989   68.871 -100.987    1610529593032
01    16.440   -1.236   -6.983   85.901   34.815 -124.828    1610529593048
02    14.371   -3.868   -9.638  122.154   54.876 -115.942    1610529593048
01    16.114   -1.422   -7.225   96.650   38.716 -123.870    1610529593063
02    14.068   -3.422   -9.575  110.762   26.680 -112.403    1610529593063
01    15.796   -1.421   -7.610  105.115   38.715 -121.608    1610529593079
02    14.051   -2.652   -9.030  111.616   10.212 -110.423    1610529593079
01    15.675   -1.494   -7.790  107.046   39.433 -122.823    1610529593085
02    14.232   -2.233   -8.571  112.227    4.156 -110.722    1610529593085
01    15.646   -1.557   -7.882  107.700   40.313 -123.689    1610529593101
02    14.344   -2.156   -8.405  112.504    4.115 -111.071    1610529593101
01    15.655   -1.621   -7.921  108.552   41.823 -123.942    1610529593132
02    14.382   -2.177   -8.398  112.638    4.680 -111.317    1610529593132
01    15.664   -1.682   -7.931  109.727   43.139 -123.394    1610529593148
02    14.404   -2.220   -8.415  112.716    5.051 -111.398    1610529593148
01    15.672   -1.717   -7.940  111.538   44.115 -122.307    1610529593164
02    14.399   -2.272   -8.450  112.711    5.074 -111.134    1610529593164
01    15.680   -1.734   -7.956  113.401   44.757 -120.858    1610529593179
02    14.396   -2.329   -8.473  112.445    4.965 -110.769    1610529593179
01    15.676   -1.777   -8.010  114.860   45.250 -119.036    1610529593186
02    14.397   -2.359   -8.490  112.101    4.976 -110.413    1610529593186
01    15.683   -1.769   -8.066  115.443   45.417 -117.536    1610529593202
02    14.426   -2.334   -8.482  111.828    5.024 -110.860    1610529593202
01    15.682   -1.730   -8.214  115.793   45.859 -115.399    1610529593217
02    14.546   -2.256   -8.378  112.869    7.154 -113.433    1610529593217
01    15.758   -1.725   -8.395  114.270   47.342 -113.134    1610529593249
02    14.634   -2.078   -8.467  117.392   14.243 -116.015    1610529593249
01    15.998   -1.627   -8.392  106.219   47.213 -114.666    1610529593264
02    14.530   -2.135   -8.969  124.544   25.350 -115.161    1610529593264
01    16.355   -1.513   -8.188   93.598   45.048 -118.174    1610529593280
02    14.301   -2.749   -9.661  141.127   44.029 -105.213    1610529593280
01    16.700   -1.481   -7.892   78.152   42.086 -122.245    1610529593286
02    14.308   -3.713   -9.989  166.490   61.699  -83.821    1610529593286
01    16.902   -1.568   -7.769   68.949   42.623 -122.664    1610529593302
02    14.351   -4.439   -9.993 -170.921   68.043  -61.622    1610529593302
01    17.101   -1.588   -7.636   64.041   43.586 -122.851    1610529593318
02    14.325   -4.843   -9.888 -155.981   67.645  -46.054    1610529593318
01    17.247   -1.607   -7.460   61.349   43.708 -123.224    1610529593349
02    14.289   -4.991   -9.818 -149.350   66.109  -39.893    1610529593349
01    17.291   -1.565   -7.414   61.343   43.776 -122.168    1610529593365
02    14.292   -4.996   -9.818 -147.158   66.462  -38.821    1610529593365
01    17.319   -1.556   -7.374   61.441   44.180 -121.526    1610529593380
02    14.328   -4.996   -9.791 -145.762   67.753  -37.904    1610529593380
01    17.341   -1.523   -7.331   61.805   44.417 -121.136    1610529593386
02    14.360   -4.935   -9.758 -145.702   68.560  -38.340    1610529593386
01    17.362   -1.512   -7.275   61.790   44.294 -121.104    1610529593402
02    14.377   -4.867   -9.750 -147.241   69.168  -40.160    1610529593402
01    17.367   -1.494   -7.248   62.190   44.117 -120.890    1610529593418
02    14.394   -4.816   -9.747 -148.706   69.573  -41.721    1610529593418
01    17.361   -1.436   -7.238   63.039   43.883 -120.653    1610529593434
02    14.416   -4.766   -9.747 -149.948   69.991  -43.099    1610529593434
01    17.363   -1.382   -7.209   63.879   43.476 -120.694    1610529593465
02    14.448   -4.736   -9.745 -150.190   70.236  -43.567    1610529593465
01    17.341   -1.350   -7.221   64.679   43.111 -120.928    1610529593480
02    14.470   -4.720   -9.765 -151.216   70.539  -44.660    1610529593480
01    17.326   -1.280   -7.207   65.593   42.828 -122.205    1610529593487
02    14.510   -4.696   -9.796 -153.905   71.137  -47.123    1610529593487
