01     9.834    1.619  -12.007 -103.100   23.908  -69.833    1615538252531
02     9.651    5.163  -16.376  170.937   68.582 -173.801    1615538252531
01     9.833    1.625  -12.006 -103.094   23.920  -69.862    1615538252548
02     9.653    5.163  -16.372  170.990   68.598 -173.757    1615538252548
01     9.836    1.625  -12.004 -103.093   23.915  -69.854    1615538252564
02     9.636    5.165  -16.381  171.044   68.516 -173.725    1615538252564
01     9.842    1.623  -12.002 -103.117   23.930  -69.824    1615538252581
02     9.642    5.161  -16.378  171.041   68.525 -173.701    1615538252581
01     9.840    1.622  -12.005 -103.164   23.947  -69.826    1615538252598
02     9.637    5.165  -16.382  170.945   68.470 -173.757    1615538252598
01     9.839    1.626  -12.007 -103.224   23.989  -69.840    1615538252601
02     9.637    5.165  -16.382  170.889   68.472 -173.799    1615538252601
01     9.843    1.623  -12.006 -103.260   23.982  -69.769    1615538252617
02     9.635    5.179  -16.380  170.807   68.468 -173.928    1615538252617
01     9.844    1.622  -12.007 -103.292   23.982  -69.770    1615538252648
02     9.639    5.177  -16.380  170.774   68.491 -173.937    1615538252648
01     9.845    1.622  -12.008 -103.316   24.010  -69.743    1615538252664
02     9.644    5.179  -16.380  170.692   68.515 -173.997    1615538252664
01     9.842    1.619  -12.013 -103.365   23.981  -69.797    1615538252679
02     9.640    5.176  -16.388  170.769   68.467 -173.921    1615538252679
01     9.842    1.619  -12.015 -103.378   24.009  -69.801    1615538252695
02     9.641    5.177  -16.387  170.776   68.456 -173.923    1615538252695
01     9.839    1.620  -12.020 -103.397   24.004  -69.847    1615538252711
02     9.642    5.171  -16.391  170.771   68.431 -173.883    1615538252711
01     9.839    1.617  -12.023 -103.407   23.969  -69.824    1615538252726
02     9.641    5.177  -16.392  170.761   68.421 -173.907    1615538252726
01     9.845    1.619  -12.021 -103.412   23.990  -69.766    1615538252742
02     9.631    5.177  -16.401  170.827   68.324 -173.864    1615538252742
01     9.845    1.624  -12.024 -103.420   24.032  -69.784    1615538252757
02     9.629    5.180  -16.404  170.767   68.289 -173.951    1615538252757
01     9.843    1.624  -12.029 -103.440   24.059  -69.824    1615538252773
02     9.630    5.174  -16.407  170.844   68.270 -173.851    1615538252773
01     9.846    1.627  -12.030 -103.432   24.079  -69.813    1615538252797
02     9.630    5.180  -16.406  170.784   68.209 -173.959    1615538252797
01     9.848    1.628  -12.028 -103.426   24.070  -69.780    1615538252814
02     9.629    5.169  -16.411  171.017   68.183 -173.656    1615538252814
01     9.843    1.634  -12.029 -103.426   24.095  -69.827    1615538252831
02     9.621    5.174  -16.415  170.983   68.096 -173.705    1615538252831
01     9.843    1.631  -12.027 -103.483   24.084  -69.810    1615538252847
02     9.624    5.185  -16.409  170.803   68.136 -173.926    1615538252847
01     9.842    1.632  -12.026 -103.481   24.083  -69.795    1615538252864
02     9.618    5.177  -16.412  170.953   68.090 -173.715    1615538252864
01     9.838    1.633  -12.027 -103.503   24.078  -69.832    1615538252881
02     9.620    5.174  -16.410  170.958   68.116 -173.667    1615538252881
01     9.838    1.629  -12.026 -103.538   24.064  -69.841    1615538252897
02     9.613    5.164  -16.415  171.071   68.025 -173.520    1615538252897
01     9.839    1.629  -12.025 -103.542   24.091  -69.860    1615538252914
02     9.616    5.173  -16.406  170.849   68.038 -173.758    1615538252914
01     9.838    1.632  -12.024 -103.522   24.113  -69.865    1615538252931
02     9.610    5.179  -16.405  170.877   68.001 -173.788    1615538252931
01     9.833    1.633  -12.024 -103.535   24.116  -69.889    1615538252947
02     9.603    5.193  -16.404  170.708   67.968 -174.034    1615538252947
01     9.830    1.632  -12.021 -103.568   24.123  -69.900    1615538252964
02     9.597    5.193  -16.404  170.661   67.931 -174.031    1615538252964
01     9.825    1.630  -12.023 -103.626   24.114  -69.927    1615538252981
02     9.607    5.186  -16.396  170.674   67.988 -173.990    1615538252981
01     9.824    1.633  -12.023 -103.634   24.156  -69.948    1615538252998
02     9.605    5.190  -16.397  170.698   67.937 -173.983    1615538252998
01     9.825    1.639  -12.021 -103.613   24.220  -69.961    1615538253014
02     9.608    5.189  -16.394  170.650   67.950 -174.013    1615538253014
01     9.824    1.639  -12.020 -103.609   24.212  -69.949    1615538253031
02     9.603    5.191  -16.393  170.653   67.939 -174.030    1615538253031
01     9.822    1.640  -12.019 -103.608   24.218  -69.953    1615538253048
02     9.604    5.202  -16.387  170.508   67.943 -174.198    1615538253048
01     9.821    1.639  -12.015 -103.632   24.219  -69.958    1615538253064
02     9.604    5.188  -16.388  170.607   67.931 -174.025    1615538253064
01     9.817    1.644  -12.011 -103.629   24.230  -69.967    1615538253081
02     9.596    5.188  -16.388  170.681   67.903 -173.989    1615538253081
01     9.813    1.637  -12.014 -103.664   24.208  -69.975    1615538253098
02     9.587    5.192  -16.389  170.682   67.840 -173.993    1615538253098
01     9.815    1.635  -12.013 -103.679   24.213  -69.953    1615538253114
02     9.588    5.199  -16.385  170.636   67.851 -174.061    1615538253114
01     9.807    1.636  -12.017 -103.716   24.209  -70.009    1615538253131
02     9.585    5.191  -16.389  170.736   67.842 -173.949    1615538253131
01     9.801    1.643  -12.020 -103.768   24.256  -70.088    1615538253148
02     9.589    5.186  -16.388  170.686   67.866 -173.952    1615538253148
01     9.799    1.644  -12.020 -103.809   24.275  -70.103    1615538253164
02     9.587    5.183  -16.386  170.657   67.888 -173.943    1615538253164
01     9.802    1.645  -12.018 -103.832   24.278  -70.050    1615538253181
02     9.585    5.191  -16.384  170.636   67.866 -173.982    1615538253181
01     9.800    1.644  -12.020 -103.833   24.294  -70.026    1615538253198
02     9.591    5.195  -16.383  170.628   67.889 -173.990    1615538253198
01     9.801    1.648  -12.020 -103.835   24.386  -70.006    1615538253214
02     9.589    5.205  -16.381  170.512   67.889 -174.140    1615538253214
01     9.803    1.646  -12.019 -103.865   24.392  -69.964    1615538253231
02     9.584    5.209  -16.384  170.534   67.851 -174.124    1615538253231
01     9.803    1.645  -12.020 -103.905   24.396  -69.953    1615538253248
02     9.585    5.209  -16.383  170.519   67.857 -174.119    1615538253248
01     9.800    1.651  -12.022 -103.894   24.434  -69.985    1615538253265
02     9.585    5.211  -16.384  170.504   67.870 -174.133    1615538253265
01     9.801    1.656  -12.020 -103.888   24.470  -69.966    1615538253281
02     9.573    5.218  -16.388  170.518   67.830 -174.112    1615538253281
01     9.797    1.663  -12.021 -103.878   24.486  -69.989    1615538253298
02     9.582    5.221  -16.380  170.366   67.865 -174.223    1615538253298
01     9.794    1.669  -12.021 -103.916   24.504  -70.010    1615538253315
02     9.576    5.232  -16.382  170.344   67.813 -174.260    1615538253315
01     9.789    1.678  -12.023 -103.963   24.536  -70.059    1615538253331
02     9.573    5.235  -16.383  170.351   67.755 -174.232    1615538253331
01     9.779    1.685  -12.029 -104.008   24.528  -70.105    1615538253348
02     9.571    5.248  -16.373  170.378   67.735 -174.240    1615538253348
01     9.785    1.689  -12.021 -104.049   24.539  -70.016    1615538253365
02     9.563    5.247  -16.373  170.506   67.591 -174.113    1615538253365
01     9.769    1.702  -12.025 -104.174   24.538  -70.038    1615538253381
02     9.543    5.239  -16.373  171.286   67.057 -173.383    1615538253381
01     9.690    1.783  -12.055 -104.439   24.675  -70.214    1615538253398
02     9.477    5.233  -16.325  174.400   65.236 -170.639    1615538253398
01     9.545    1.872  -12.128 -105.825   25.032  -70.159    1615538253415
02     9.384    5.271  -15.993 -179.530   59.787 -165.266    1615538253415
01     9.310    2.044  -12.270 -109.296   26.492  -69.519    1615538253430
02     9.480    5.177  -15.226 -171.830   49.104 -157.632    1615538253430
01     9.131    2.150  -12.411 -114.114   28.293  -67.886    1615538253447
02     9.335    4.958  -14.645 -166.175   35.894 -152.668    1615538253447
01     8.999    2.249  -12.549 -118.814   30.431  -65.981    1615538253464
02     9.028    4.635  -14.380 -162.308   23.378 -147.961    1615538253464
01     8.944    2.337  -12.655 -123.219   32.799  -64.870    1615538253480
02     9.057    4.429  -13.983 -161.026   14.448 -143.800    1615538253481
01     8.902    2.435  -12.749 -127.058   34.985  -65.079    1615538253497
02     8.951    4.038  -13.743 -162.020    0.955 -138.856    1615538253497
01     8.876    2.518  -12.836 -130.668   37.164  -66.128    1615538253503
02     8.572    3.725  -13.625 -163.706  -16.437 -134.433    1615538253503
01     8.877    2.648  -12.868 -133.027   39.060  -67.436    1615538253518
02     8.435    3.796  -13.512 -164.916  -22.221 -136.594    1615538253518
01     8.870    2.717  -12.899 -134.240   39.857  -68.338    1615538253534
02     8.398    3.864  -13.480 -165.277  -23.991 -138.441    1615538253534
01     8.880    2.749  -12.913 -134.870   40.261  -68.723    1615538253564
02     8.385    3.929  -13.462 -165.262  -24.851 -139.954    1615538253564
01     8.878    2.798  -12.922 -134.999   40.480  -69.008    1615538253581
02     8.403    3.977  -13.436 -165.201  -25.177 -141.142    1615538253581
01     8.866    2.798  -12.952 -134.964   40.309  -69.162    1615538253598
02     8.401    4.011  -13.424 -165.004  -25.294 -141.886    1615538253598
01     8.877    2.803  -12.971 -134.553   40.399  -69.109    1615538253614
02     8.396    4.039  -13.430 -164.707  -24.984 -142.293    1615538253614
01     8.901    2.790  -13.004 -133.743   40.678  -68.836    1615538253631
02     8.389    4.081  -13.453 -164.045  -24.212 -142.425    1615538253631
01     8.954    2.811  -13.006 -132.489   41.290  -68.446    1615538253648
02     8.379    4.139  -13.491 -162.917  -22.930 -141.836    1615538253648
01     9.000    2.846  -12.966 -131.772   41.723  -68.595    1615538253664
02     8.183    4.174  -13.635 -159.540  -17.962 -144.171    1615538253664
01     9.099    2.823  -12.811 -129.451   40.903  -68.153    1615538253681
02     7.538    3.635  -14.566 -157.866   -9.619 -143.946    1615538253681
01     9.168    2.670  -12.655 -125.574   37.696  -67.792    1615538253698
02     7.711    3.684  -15.151 -157.789    5.271 -144.454    1615538253698
01     9.263    2.501  -12.462 -120.581   33.637  -68.006    1615538253714
02     7.810    3.791  -15.874 -159.471   20.104 -145.951    1615538253714
01     9.384    2.170  -12.266 -114.566   27.603  -69.341    1615538253731
02     8.303    4.313  -16.148 -164.132   40.039 -152.795    1615538253731
01     9.699    1.601  -12.117 -107.239   21.939  -71.757    1615538253748
02     8.606    4.775  -16.239 -172.681   51.404 -162.688    1615538253748
01     9.836    1.802  -12.025  -98.052   22.116  -75.017    1615538253764
02     8.777    5.107  -16.260  178.037   57.745 -172.423    1615538253765
01     9.880    1.879  -12.015  -95.479   22.864  -76.797    1615538253781
02     8.901    5.320  -16.255  170.980   60.500 -179.733    1615538253781
01     9.891    1.952  -12.015  -94.720   23.969  -77.513    1615538253798
02     9.006    5.477  -16.240  165.886   62.595  174.974    1615538253798
01     9.899    1.986  -12.016  -95.002   24.818  -77.714    1615538253815
02     9.095    5.619  -16.251  162.113   64.124  170.853    1615538253815
01     9.918    2.006  -12.021  -95.455   25.589  -77.871    1615538253831
02     9.221    5.693  -16.261  159.032   66.131  167.819    1615538253831
01     9.915    2.009  -12.040  -96.081   26.319  -78.015    1615538253848
02     9.313    5.738  -16.261  156.634   67.407  165.399    1615538253848
01     9.878    2.029  -12.075  -97.583   27.436  -78.408    1615538253865
02     9.359    5.777  -16.280  156.363   67.638  164.717    1615538253865
01     9.800    2.085  -12.101 -100.364   28.962  -79.023    1615538253881
02     9.409    5.772  -16.276  157.138   67.951  165.114    1615538253881
01     9.630    2.324  -12.088 -104.200   30.732  -80.184    1615538253898
02     9.447    5.732  -16.290  159.270   68.397  166.990    1615538253898
01     9.468    2.181  -12.157 -113.009   29.928  -80.369    1615538253915
02     9.525    5.698  -16.293  159.585   69.251  167.395    1615538253915
01     9.404    2.163  -12.186 -116.153   30.037  -80.463    1615538253931
02     9.601    5.650  -16.313  161.658   70.472  169.332    1615538253931
01     9.349    2.174  -12.208 -117.945   30.088  -80.588    1615538253947
02     9.649    5.634  -16.310  163.621   70.944  170.988    1615538253947
01     9.274    2.221  -12.235 -119.568   30.173  -80.654    1615538253964
02     9.624    5.535  -16.327  171.212   70.593  178.649    1615538253964
01     9.125    2.335  -12.293 -122.139   30.598  -80.447    1615538253980
02     9.519    5.450  -16.201 -178.046   66.345 -170.619    1615538253981
01     8.905    2.492  -12.421 -127.159   31.674  -80.136    1615538253997
02     9.552    5.412  -15.589 -168.891   57.033 -162.057    1615538253997
01     8.621    2.670  -12.666 -136.285   33.769  -81.422    1615538254014
02     9.930    5.358  -13.888 -160.724   41.631 -155.369    1615538254014
01     8.510    2.900  -12.836 -147.624   38.135  -85.397    1615538254031
02     9.156    4.664  -13.613 -152.823    7.237 -144.660    1615538254031
01     8.550    3.029  -12.835 -151.516   40.448  -86.273    1615538254047
02     8.574    4.164  -13.669 -156.150   -8.491 -143.738    1615538254047
01     8.545    3.111  -12.828 -151.875   40.580  -86.249    1615538254064
02     8.319    4.067  -13.680 -156.712  -12.146 -144.898    1615538254064
01     8.522    3.141  -12.828 -151.412   40.225  -85.544    1615538254081
02     8.202    4.021  -13.683 -157.140  -13.165 -145.118    1615538254081
01     8.515    3.142  -12.828 -150.722   40.091  -84.753    1615538254097
02     8.142    4.004  -13.689 -157.325  -13.111 -144.779    1615538254097
01     8.513    3.148  -12.821 -150.078   40.032  -84.074    1615538254114
02     8.115    3.995  -13.690 -157.412  -12.822 -144.245    1615538254114
01     8.493    3.157  -12.823 -149.746   39.956  -83.714    1615538254131
02     8.108    3.986  -13.691 -157.556  -12.536 -143.991    1615538254131
01     8.498    3.151  -12.825 -149.531   40.120  -83.238    1615538254135
02     8.121    3.988  -13.682 -157.692  -12.106 -144.046    1615538254135
01     8.514    3.145  -12.833 -149.356   40.411  -83.022    1615538254151
02     8.116    3.990  -13.693 -157.557  -12.016 -144.379    1615538254151
01     8.537    3.119  -12.847 -149.165   40.676  -82.974    1615538254167
02     8.135    3.997  -13.694 -157.181  -11.501 -144.733    1615538254167
01     8.569    3.086  -12.866 -148.877   40.969  -83.207    1615538254198
02     8.158    3.991  -13.703 -156.397  -11.005 -145.267    1615538254198
01     8.589    3.080  -12.886 -148.967   41.367  -83.834    1615538254213
02     8.158    3.990  -13.730 -155.349  -10.703 -145.872    1615538254213
01     8.658    3.077  -12.844 -149.395   42.070  -84.641    1615538254229
02     8.038    3.903  -13.859 -153.864  -10.121 -146.992    1615538254229
01     8.777    3.058  -12.687 -147.587   41.933  -84.141    1615538254245
02     7.397    3.515  -14.723 -153.686   -5.189 -148.017    1615538254245
01     8.888    2.917  -12.452 -143.404   39.644  -82.387    1615538254260
02     7.268    3.662  -15.449 -155.164    4.606 -149.431    1615538254260
01     8.958    2.676  -12.221 -135.631   34.026  -80.007    1615538254276
02     7.577    4.039  -15.929 -159.260   23.424 -153.329    1615538254276
01     8.990    2.410  -12.114 -128.669   27.826  -79.168    1615538254292
02     7.955    4.572  -16.036 -165.660   39.726 -161.799    1615538254292
01     9.033    2.214  -12.056 -124.302   24.390  -79.846    1615538254307
02     8.203    4.933  -16.092 -173.251   48.133 -169.867    1615538254307
01     9.091    2.093  -12.027 -121.544   23.169  -80.809    1615538254323
02     8.362    5.220  -16.111  179.734   52.774 -177.129    1615538254323
01     9.141    2.097  -11.993 -119.581   23.015  -81.663    1615538254338
02     8.486    5.425  -16.130  174.020   55.943  176.757    1615538254338
01     9.197    2.098  -11.934 -118.118   22.556  -81.859    1615538254354
02     8.619    5.563  -16.139  168.712   59.055  171.595    1615538254354
01     9.227    2.083  -11.894 -117.357   21.789  -81.910    1615538254370
02     8.743    5.660  -16.147  164.393   61.320  167.664    1615538254370
01     9.250    2.052  -11.874 -116.891   21.231  -81.908    1615538254385
02     8.859    5.737  -16.151  160.809   62.782  164.487    1615538254385
01     9.286    2.001  -11.871 -116.406   20.768  -81.650    1615538254401
02     8.991    5.769  -16.143  157.141   64.006  161.296    1615538254401
01     9.320    1.971  -11.875 -115.962   20.642  -81.427    1615538254417
02     9.047    5.818  -16.154  154.968   64.376  159.058    1615538254417
01     9.354    1.955  -11.876 -115.597   20.697  -81.116    1615538254448
02     9.103    5.833  -16.154  153.731   64.675  157.680    1615538254448
01     9.375    1.954  -11.881 -115.403   20.761  -80.971    1615538254463
02     9.119    5.832  -16.174  154.111   64.606  157.839    1615538254463
01     9.365    1.970  -11.890 -115.565   20.875  -81.070    1615538254479
02     9.110    5.785  -16.196  156.269   64.457  159.813    1615538254479
01     9.352    1.981  -11.899 -115.856   20.899  -81.128    1615538254495
02     9.063    5.673  -16.190  161.734   63.573  165.106    1615538254495
01     9.295    2.062  -11.910 -116.380   21.173  -81.375    1615538254511
02     8.950    5.538  -16.096  172.410   60.342  175.012    1615538254511
01     9.133    2.197  -11.959 -119.076   21.813  -81.696    1615538254526
02     9.007    5.458  -15.595 -175.999   53.436 -174.377    1615538254526
01     8.866    2.314  -12.110 -125.354   22.963  -82.321    1615538254542
02     9.503    5.414  -14.119 -164.189   43.180 -165.629    1615538254542
01     8.491    2.493  -12.407 -138.099   25.927  -85.447    1615538254557
02     8.973    5.660  -13.386 -146.989   20.424 -156.826    1615538254557
01     8.398    2.746  -12.483 -147.278   29.610  -89.428    1615538254582
02     8.271    4.585  -13.388 -146.041  -16.272 -151.523    1615538254582
01     8.375    2.897  -12.471 -149.465   30.579  -90.922    1615538254598
02     8.035    4.103  -13.313 -147.501  -24.255 -150.079    1615538254598
01     8.340    2.903  -12.484 -149.218   30.203  -90.321    1615538254602
02     7.923    3.892  -13.272 -148.453  -25.749 -149.159    1615538254602
01     8.318    2.867  -12.528 -148.669   30.105  -89.690    1615538254618
02     7.875    3.792  -13.268 -148.937  -25.310 -148.413    1615538254618
01     8.337    2.818  -12.587 -147.913   30.640  -89.202    1615538254633
02     7.872    3.739  -13.294 -148.801  -24.122 -147.804    1615538254633
01     8.371    2.780  -12.667 -147.242   31.579  -89.353    1615538254665
02     7.882    3.711  -13.351 -148.164  -22.583 -147.710    1615538254665
01     8.427    2.820  -12.729 -146.826   33.262  -90.365    1615538254680
02     7.895    3.705  -13.424 -146.959  -20.172 -148.181    1615538254680
01     8.589    2.881  -12.657 -147.079   35.477  -91.073    1615538254696
02     7.724    3.517  -13.676 -146.217  -16.148 -149.511    1615538254696
01     8.759    2.881  -12.467 -143.427   35.172  -89.423    1615538254712
02     7.283    3.327  -14.382 -148.695   -6.561 -151.601    1615538254712
01     8.881    2.758  -12.258 -137.089   31.849  -86.783    1615538254727
02     6.930    3.457  -15.327 -153.001    5.621 -154.168    1615538254727
01     8.958    2.533  -12.103 -130.626   26.866  -84.925    1615538254743
02     7.228    4.043  -15.771 -158.623   22.597 -159.987    1615538254743
01     9.037    2.305  -11.984 -125.287   22.380  -84.246    1615538254758
02     7.550    4.593  -15.917 -167.711   37.640 -169.484    1615538254758
01     9.098    2.111  -11.892 -121.095   19.080  -84.448    1615538254774
02     7.803    4.954  -15.970 -177.246   46.799 -178.623    1615538254774
01     9.130    1.973  -11.852 -118.827   17.546  -84.828    1615538254790
02     7.992    5.191  -15.997  175.753   51.547  174.997    1615538254790
01     9.153    1.939  -11.834 -117.773   17.545  -84.917    1615538254805
02     8.150    5.360  -16.016  170.495   54.583  170.351    1615538254805
01     9.165    1.935  -11.833 -117.446   17.770  -84.821    1615538254821
02     8.271    5.476  -16.037  167.121   56.612  167.462    1615538254821
01     9.167    1.942  -11.841 -117.333   17.940  -84.706    1615538254836
02     8.390    5.578  -16.049  164.391   57.907  165.052    1615538254836
01     9.181    1.941  -11.848 -117.256   18.045  -84.470    1615538254852
02     8.482    5.672  -16.062  162.471   58.469  163.343    1615538254852
01     9.195    1.943  -11.856 -117.224   18.175  -84.109    1615538254868
02     8.560    5.711  -16.084  161.162   58.901  162.484    1615538254868
01     9.202    1.936  -11.877 -117.320   18.240  -83.829    1615538254883
02     8.636    5.764  -16.088  160.199   59.128  161.564    1615538254883
01     9.215    1.924  -11.900 -117.365   18.414  -83.484    1615538254915
02     8.704    5.752  -16.119  159.622   59.503  161.210    1615538254915
01     9.230    1.932  -11.917 -117.239   18.763  -83.157    1615538254930
02     8.779    5.787  -16.124  158.398   60.004  159.822    1615538254930
01     9.243    1.955  -11.916 -117.146   19.093  -82.799    1615538254946
02     8.817    5.795  -16.154  157.852   60.346  159.438    1615538254946
01     9.238    1.976  -11.905 -117.171   19.207  -82.400    1615538254961
02     8.852    5.799  -16.165  157.678   60.842  159.470    1615538254961
01     9.210    2.001  -11.889 -117.473   19.141  -81.946    1615538254977
02     8.862    5.707  -16.152  160.407   60.843  162.566    1615538254977
01     9.135    2.058  -11.888 -118.345   19.231  -81.475    1615538254993
02     8.821    5.520  -16.058  169.423   58.644  171.377    1615538254993
01     8.968    2.156  -11.925 -121.372   19.756  -80.678    1615538255008
02     8.916    5.338  -15.592 -178.128   52.719 -176.209    1615538255008
01     8.700    2.162  -12.119 -129.328   20.965  -80.129    1615538255024
02     9.339    5.181  -14.344 -166.411   42.893 -166.723    1615538255024
01     8.474    2.241  -12.438 -137.605   24.565  -82.198    1615538255048
02     9.277    5.385  -13.300 -151.072   23.891 -157.385    1615538255048
01     8.462    2.465  -12.580 -142.952   29.093  -85.874    1615538255061
02     8.622    3.995  -13.315 -149.134  -14.835 -148.537    1615538255061
01     8.520    2.586  -12.607 -144.743   31.484  -87.416    1615538255081
02     8.276    3.711  -13.349 -147.616  -22.330 -150.214    1615538255081
01     8.557    2.624  -12.619 -144.946   32.277  -87.916    1615538255098
02     8.144    3.622  -13.360 -147.467  -23.565 -150.413    1615538255098
01     8.579    2.619  -12.633 -144.713   32.520  -88.266    1615538255114
02     8.092    3.584  -13.369 -147.198  -23.320 -149.962    1615538255115
01     8.584    2.608  -12.654 -144.228   32.643  -88.664    1615538255131
02     8.062    3.566  -13.383 -146.567  -22.578 -149.272    1615538255131
01     8.586    2.628  -12.666 -144.168   33.209  -89.296    1615538255148
02     8.012    3.511  -13.425 -145.807  -20.212 -148.727    1615538255148
01     8.699    2.661  -12.544 -143.648   34.195  -89.564    1615538255165
02     7.625    3.111  -13.837 -147.023  -14.383 -148.977    1615538255165
01     8.781    2.653  -12.364 -139.802   32.652  -88.470    1615538255181
02     7.288    3.167  -14.453 -150.223   -0.638 -152.227    1615538255181
01     8.840    2.556  -12.173 -134.228   29.058  -86.705    1615538255198
02     7.006    3.385  -15.170 -155.183   11.475 -155.806    1615538255198
01     8.861    2.382  -12.039 -129.431   24.617  -85.695    1615538255215
02     7.218    3.907  -15.514 -161.668   27.319 -162.631    1615538255215
01     8.896    2.196  -11.910 -125.370   20.829  -85.332    1615538255231
02     7.434    4.370  -15.685 -169.130   37.317 -170.210    1615538255231
01     8.926    2.047  -11.808 -122.451   18.173  -85.358    1615538255248
02     7.636    4.729  -15.758 -177.287   44.633 -177.993    1615538255248
01     8.930    1.963  -11.759 -121.054   16.904  -85.400    1615538255264
02     7.800    4.977  -15.808  176.224   48.874  176.221    1615538255264
01     8.939    1.930  -11.736 -120.522   16.644  -85.267    1615538255280
02     7.982    5.186  -15.857  171.399   52.107  172.203    1615538255280
01     8.949    1.910  -11.736 -120.229   16.553  -85.246    1615538255297
02     8.161    5.374  -15.896  166.931   54.660  168.365    1615538255297
01     8.964    1.887  -11.750 -119.887   16.489  -85.205    1615538255314
02     8.308    5.512  -15.933  163.149   56.429  165.099    1615538255314
01     8.979    1.893  -11.769 -119.604   16.768  -85.063    1615538255331
02     8.443    5.582  -15.964  161.192   57.761  163.266    1615538255331
01     8.990    1.913  -11.788 -119.510   17.203  -84.774    1615538255347
02     8.556    5.629  -15.997  160.787   58.959  162.647    1615538255347
01     8.984    1.931  -11.818 -119.729   17.617  -84.384    1615538255364
02     8.648    5.641  -16.015  161.508   59.818  163.213    1615538255364
01     8.958    1.943  -11.874 -120.280   18.112  -83.950    1615538255381
02     8.738    5.615  -16.033  163.334   60.565  165.018    1615538255381
01     8.934    1.974  -11.936 -121.163   19.073  -83.478    1615538255397
02     8.803    5.601  -16.047  165.778   60.772  167.204    1615538255397
01     8.910    2.026  -11.992 -122.170   20.217  -83.222    1615538255414
02     8.814    5.555  -16.077  168.746   60.294  170.314    1615538255414
01     8.872    2.094  -12.054 -123.429   21.276  -83.207    1615538255431
02     8.808    5.512  -16.034  172.920   58.836  174.263    1615538255431
01     8.758    2.216  -12.180 -125.408   22.322  -83.413    1615538255447
02     8.872    5.436  -15.700 -179.500   54.909 -178.715    1615538255447
01     8.579    2.383  -12.394 -130.394   24.394  -84.261    1615538255464
02     9.366    5.387  -14.486 -169.205   47.684 -170.856    1615538255464
01     8.367    2.563  -12.687 -139.794   27.586  -87.263    1615538255481
02     9.259    5.928  -13.319 -150.957   30.621 -161.232    1615538255481
01     8.398    2.819  -12.732 -147.365   31.861  -91.019    1615538255498
02     8.508    4.681  -13.455 -146.235   -8.317 -153.606    1615538255498
01     8.440    2.938  -12.706 -149.622   33.296  -92.278    1615538255514
02     8.210    4.185  -13.465 -146.942  -18.766 -152.182    1615538255514
01     8.460    2.955  -12.683 -149.667   33.228  -91.969    1615538255531
02     8.074    3.963  -13.465 -147.741  -21.423 -151.202    1615538255531
01     8.458    2.906  -12.699 -149.255   32.783  -91.454    1615538255548
02     8.030    3.849  -13.459 -148.151  -21.685 -150.184    1615538255548
01     8.458    2.864  -12.732 -148.727   32.713  -91.333    1615538255564
02     8.007    3.801  -13.469 -147.903  -21.272 -149.732    1615538255564
01     8.464    2.826  -12.780 -148.215   33.046  -91.297    1615538255581
02     8.008    3.748  -13.504 -147.691  -20.454 -149.270    1615538255581
01     8.505    2.823  -12.804 -147.757   34.015  -91.464    1615538255598
02     8.013    3.716  -13.543 -146.951  -18.789 -149.336    1615538255598
01     8.677    2.862  -12.664 -146.900   35.663  -91.103    1615538255614
02     7.789    3.452  -13.799 -147.285  -14.776 -149.594    1615538255614
01     8.838    2.822  -12.437 -141.711   34.107  -88.789    1615538255631
02     7.393    3.392  -14.385 -150.112   -4.123 -152.742    1615538255631
01     8.949    2.663  -12.215 -134.436   29.583  -86.196    1615538255648
02     7.004    3.528  -15.279 -154.956    7.512 -155.719    1615538255648
01     9.021    2.408  -12.029 -128.438   24.146  -85.068    1615538255664
02     7.228    4.102  -15.678 -161.440   23.707 -162.493    1615538255664
01     9.092    2.151  -11.877 -123.366   19.024  -85.038    1615538255681
02     7.496    4.591  -15.808 -170.204   36.456 -171.471    1615538255681
01     9.144    1.993  -11.759 -120.190   16.151  -85.563    1615538255698
02     7.696    4.890  -15.863 -178.687   44.172 -179.238    1615538255698
01     9.152    1.884  -11.709 -118.934   14.680  -85.992    1615538255714
02     7.835    5.108  -15.881  174.938   48.094  175.059    1615538255714
01     9.153    1.863  -11.687 -118.624   14.575  -86.195    1615538255731
02     7.946    5.255  -15.893  170.591   50.372  171.251    1615538255731
01     9.148    1.864  -11.681 -118.557   14.662  -86.275    1615538255748
02     8.038    5.367  -15.899  167.569   51.910  168.592    1615538255748
01     9.145    1.869  -11.681 -118.505   14.715  -86.289    1615538255765
02     8.133    5.459  -15.911  165.356   53.065  166.846    1615538255765
01     9.139    1.879  -11.695 -118.462   14.789  -86.275    1615538255768
02     8.216    5.564  -15.914  163.304   53.850  164.961    1615538255768
01     9.141    1.879  -11.714 -118.488   14.847  -86.067    1615538255784
02     8.299    5.647  -15.919  161.442   54.382  163.409    1615538255784
01     9.151    1.879  -11.734 -118.551   15.100  -85.738    1615538255800
02     8.377    5.696  -15.919  160.817   54.637  162.877    1615538255800
01     9.157    1.892  -11.764 -118.627   15.494  -85.425    1615538255831
02     8.437    5.710  -15.940  161.029   54.947  162.958    1615538255831
01     9.160    1.919  -11.786 -118.916   16.054  -85.039    1615538255846
02     8.482    5.700  -15.983  162.119   55.206  163.859    1615538255846
01     9.156    1.971  -11.789 -119.300   16.592  -84.697    1615538255862
02     8.495    5.669  -15.989  164.255   55.024  165.647    1615538255862
01     9.121    2.023  -11.793 -120.192   16.921  -84.534    1615538255878
02     8.500    5.597  -15.952  168.169   54.052  169.309    1615538255878
01     9.051    2.104  -11.800 -121.661   17.337  -84.333    1615538255893
02     8.542    5.483  -15.712  175.328   51.009  176.131    1615538255893
01     8.909    2.171  -11.857 -124.517   17.676  -84.079    1615538255909
02     8.940    5.297  -14.779 -174.799   45.173 -175.004    1615538255909
01     8.629    2.224  -12.082 -132.408   19.075  -84.276    1615538255925
02     9.539    5.442  -13.052 -160.780   34.194 -165.814    1615538255925
01     8.443    2.367  -12.341 -143.160   23.650  -87.021    1615538255940
02     8.024    4.392  -13.346 -141.364  -16.965 -155.708    1615538255940
01     8.457    2.590  -12.384 -146.538   27.019  -89.437    1615538255956
02     7.935    3.849  -13.183 -144.966  -29.020 -154.668    1615538255956
01     8.489    2.684  -12.352 -147.008   27.889  -89.809    1615538255971
02     7.918    3.686  -13.088 -146.396  -31.918 -154.069    1615538255971
01     8.494    2.663  -12.342 -146.898   27.453  -89.808    1615538255987
02     7.912    3.628  -13.027 -146.796  -32.601 -153.276    1615538255987
01     8.476    2.620  -12.364 -146.335   26.934  -89.994    1615538256003
02     7.908    3.592  -13.002 -146.536  -32.319 -152.550    1615538256003
01     8.451    2.574  -12.419 -145.855   27.032  -90.204    1615538256018
02     7.906    3.552  -13.022 -146.263  -31.354 -151.619    1615538256018
01     8.461    2.530  -12.483 -145.177   27.900  -90.243    1615538256034
02     7.914    3.557  -13.055 -145.199  -28.850 -150.871    1615538256034
01     8.582    2.544  -12.446 -144.113   29.928  -90.018    1615538256050
02     7.815    3.375  -13.237 -145.793  -22.146 -150.095    1615538256050
01     8.771    2.557  -12.260 -139.318   30.184  -88.217    1615538256081
02     7.296    3.187  -13.923 -148.868  -12.508 -151.817    1615538256081
01     8.939    2.485  -12.013 -132.244   27.030  -85.924    1615538256098
02     6.665    3.276  -14.930 -154.029   -1.487 -153.969    1615538256098
01     9.045    2.222  -11.810 -126.237   21.251  -85.237    1615538256114
02     6.747    3.786  -15.613 -160.621   15.675 -158.656    1615538256114
01     9.160    1.833  -11.679 -120.806   15.585  -86.098    1615538256130
02     7.216    4.404  -15.787 -170.537   35.774 -168.199    1615538256130
01     9.282    1.634  -11.609 -116.430   13.895  -87.790    1615538256147
02     7.571    4.803  -15.842  178.295   47.284 -178.064    1615538256147
01     9.344    1.544  -11.593 -114.216   13.973  -88.634    1615538256164
02     7.862    5.073  -15.848  168.731   53.223  173.365    1615538256164
01     9.348    1.532  -11.631 -113.718   15.080  -88.925    1615538256181
02     8.116    5.241  -15.869  162.594   57.019  167.812    1615538256181
01     9.341    1.574  -11.675 -113.804   16.448  -88.924    1615538256197
02     8.327    5.384  -15.891  157.967   59.698  163.283    1615538256197
01     9.333    1.610  -11.719 -114.091   17.398  -88.739    1615538256214
02     8.527    5.522  -15.910  153.802   61.269  159.218    1615538256214
01     9.336    1.631  -11.765 -114.251   18.039  -88.438    1615538256231
02     8.698    5.639  -15.940  150.521   62.445  155.952    1615538256231
01     9.353    1.663  -11.803 -114.262   18.680  -88.072    1615538256247
02     8.844    5.752  -15.960  147.752   62.906  153.172    1615538256247
01     9.371    1.692  -11.833 -114.213   19.207  -87.672    1615538256264
02     8.915    5.857  -15.984  146.296   62.657  151.565    1615538256264
01     9.382    1.715  -11.869 -114.302   19.663  -87.343    1615538256281
02     8.946    5.925  -16.002  146.292   61.975  151.425    1615538256281
01     9.387    1.728  -11.906 -114.569   20.143  -86.898    1615538256297
02     8.953    5.972  -15.997  147.239   60.829  152.079    1615538256297
01     9.369    1.752  -11.958 -115.164   20.825  -86.400    1615538256314
02     8.945    5.957  -15.952  151.225   59.013  155.518    1615538256314
01     9.289    1.810  -12.053 -116.501   21.909  -85.950    1615538256331
02     9.031    5.852  -15.687  161.496   55.224  164.550    1615538256331
01     9.089    1.957  -12.272 -120.111   24.216  -85.464    1615538256347
02     9.562    5.827  -14.802  177.824   48.878  177.618    1615538256347
01     8.890    2.229  -12.534 -127.913   28.961  -85.824    1615538256364
02     9.819    6.023  -13.462 -160.761   35.318 -169.660    1615538256364
01     8.849    2.546  -12.608 -136.268   33.777  -88.317    1615538256381
02     8.193    5.254  -13.708 -137.919   -9.604 -160.813    1615538256381
01     8.769    2.770  -12.615 -143.488   34.946  -91.788    1615538256398
02     8.164    4.283  -13.399 -138.038  -31.875 -156.675    1615538256398
01     8.652    2.916  -12.604 -146.934   34.175  -93.722    1615538256414
02     8.116    4.014  -13.202 -139.202  -38.238 -157.704    1615538256414
01     8.517    2.958  -12.630 -147.859   32.904  -93.701    1615538256431
02     8.092    3.940  -13.080 -141.469  -39.507 -157.365    1615538256431
01     8.474    2.931  -12.649 -147.880   32.692  -92.857    1615538256448
02     8.069    3.969  -13.025 -143.014  -38.991 -157.053    1615538256448
01     8.504    2.892  -12.658 -147.337   33.142  -92.546    1615538256464
02     8.062    3.984  -13.007 -143.868  -38.308 -156.794    1615538256464
01     8.521    2.872  -12.686 -146.580   33.498  -92.892    1615538256481
02     8.063    4.001  -13.001 -143.861  -37.554 -156.827    1615538256481
01     8.575    2.873  -12.683 -145.768   34.183  -93.135    1615538256498
02     8.073    4.018  -13.005 -143.468  -36.689 -156.320    1615538256498
01     8.658    2.896  -12.620 -144.708   34.989  -92.135    1615538256514
02     8.176    4.068  -12.894 -143.377  -31.799 -155.147    1615538256514
01     8.814    2.875  -12.433 -142.290   34.879  -90.335    1615538256531
02     7.888    3.781  -13.239 -145.807  -23.085 -153.936    1615538256531
01     8.945    2.712  -12.243 -136.688   31.938  -87.603    1615538256548
02     7.333    3.668  -13.928 -149.347  -13.455 -155.060    1615538256548
01     9.074    2.476  -12.042 -130.630   27.566  -85.906    1615538256564
02     6.827    3.854  -14.958 -154.797   -1.077 -156.716    1615538256564
01     9.154    2.118  -11.928 -124.240   21.328  -86.077    1615538256581
02     7.006    4.398  -15.426 -164.160   20.224 -164.126    1615538256581
01     9.248    1.855  -11.895 -119.743   18.401  -87.347    1615538256598
02     7.300    4.842  -15.584 -174.439   34.676 -173.463    1615538256598
01     9.277    1.800  -11.915 -117.582   18.514  -88.159    1615538256615
02     7.573    5.150  -15.654  177.765   42.232  179.151    1615538256615
01     9.289    1.828  -11.936 -117.392   19.770  -88.242    1615538256631
02     7.782    5.395  -15.729  172.303   46.479  174.029    1615538256631
01     9.274    1.882  -11.953 -117.512   20.619  -88.294    1615538256648
02     7.954    5.578  -15.779  167.850   49.502  169.964    1615538256648
01     9.258    1.914  -11.970 -117.825   21.033  -88.266    1615538256665
02     8.112    5.728  -15.811  163.995   51.618  166.521    1615538256665
01     9.240    1.961  -11.982 -118.052   21.411  -88.113    1615538256681
02     8.257    5.861  -15.840  161.536   53.141  164.362    1615538256681
01     9.221    1.992  -11.992 -118.391   21.592  -87.848    1615538256698
02     8.370    5.942  -15.863  160.036   53.836  163.453    1615538256698
01     9.203    2.012  -12.000 -118.754   21.666  -87.497    1615538256715
02     8.449    6.001  -15.879  159.219   54.037  162.826    1615538256715
01     9.162    2.054  -12.014 -119.370   21.928  -87.181    1615538256731
02     8.506    6.013  -15.889  159.319   53.895  162.850    1615538256731
01     9.066    2.121  -12.061 -120.684   22.341  -86.937    1615538256747
02     8.571    5.959  -15.830  162.147   52.903  165.395    1615538256747
01     8.872    2.238  -12.175 -123.913   23.326  -86.667    1615538256764
02     8.752    5.913  -15.524  169.610   49.630  171.718    1615538256764
01     8.539    2.476  -12.449 -132.696   26.202  -87.057    1615538256781
02     9.106    5.808  -14.888 -177.931   42.575 -178.356    1615538256781
01     8.394    2.756  -12.666 -144.442   30.781  -90.188    1615538256797
02     9.368    5.802  -13.833 -163.502   30.774 -169.687    1615538256797
01     8.541    2.875  -12.651 -149.503   34.154  -92.272    1615538256814
02     8.654    5.350  -13.635 -148.916    5.577 -159.971    1615538256814
01     8.544    2.978  -12.640 -149.179   33.928  -94.047    1615538256831
02     8.284    4.694  -13.448 -145.770  -17.190 -159.158    1615538256831
01     8.470    3.075  -12.651 -148.935   33.376  -94.744    1615538256847
02     8.104    4.372  -13.335 -145.777  -24.722 -158.718    1615538256847
01     8.415    3.121  -12.667 -149.421   33.363  -94.320    1615538256864
02     8.022    4.214  -13.290 -147.492  -26.392 -157.375    1615538256864
01     8.410    3.140  -12.658 -149.998   33.774  -93.688    1615538256881
02     7.988    4.152  -13.262 -149.042  -26.696 -156.836    1615538256881
01     8.408    3.134  -12.643 -150.390   33.916  -93.265    1615538256897
02     7.961    4.144  -13.234 -149.834  -27.019 -157.233    1615538256897
01     8.409    3.092  -12.643 -150.435   33.890  -93.102    1615538256914
02     7.952    4.140  -13.202 -150.209  -27.185 -157.664    1615538256914
01     8.406    3.051  -12.673 -149.969   33.897  -93.004    1615538256931
02     7.950    4.141  -13.185 -149.909  -26.836 -157.979    1615538256931
01     8.438    3.011  -12.700 -149.214   34.468  -92.659    1615538256947
02     7.956    4.137  -13.203 -149.468  -26.094 -157.878    1615538256947
01     8.501    2.994  -12.686 -148.009   35.235  -91.926    1615538256964
02     7.963    4.135  -13.219 -148.720  -25.253 -157.133    1615538256964
01     8.641    2.940  -12.586 -145.287   35.782  -89.654    1615538256981
02     7.894    4.018  -13.281 -149.442  -21.380 -155.242    1615538256981
01     8.782    2.807  -12.449 -140.013   34.291  -86.727    1615538256997
02     7.222    3.771  -14.061 -152.299  -13.812 -155.341    1615538256997
01     8.966    2.497  -12.271 -131.819   30.250  -83.464    1615538257014
02     6.908    3.909  -14.875 -156.437   -3.039 -155.959    1615538257014
01     9.166    2.110  -12.103 -124.330   25.396  -81.888    1615538257031
02     6.945    4.278  -15.528 -163.205   14.106 -159.706    1615538257031
01     9.302    1.838  -12.039 -118.873   22.075  -82.737    1615538257048
02     7.354    4.800  -15.772 -173.296   33.092 -169.064    1615538257048
01     9.370    1.773  -12.021 -115.462   21.312  -84.031    1615538257064
02     7.748    5.205  -15.855  176.557   44.505 -179.056    1615538257064
01     9.340    1.770  -12.073 -114.552   21.717  -84.794    1615538257081
02     8.062    5.474  -15.888  168.666   50.145  173.746    1615538257081
01     9.331    1.794  -12.125 -114.598   22.934  -84.915    1615538257098
02     8.299    5.684  -15.923  162.776   53.243  168.385    1615538257098
01     9.342    1.835  -12.155 -114.503   23.990  -84.854    1615538257114
02     8.501    5.864  -15.950  157.301   55.376  163.458    1615538257114
01     9.357    1.867  -12.177 -114.115   24.601  -84.706    1615538257131
02     8.664    6.014  -15.970  152.851   56.669  159.502    1615538257131
01     9.376    1.891  -12.195 -113.578   25.034  -84.382    1615538257148
02     8.772    6.112  -15.997  150.475   57.339  157.493    1615538257148
01     9.397    1.909  -12.204 -113.194   25.397  -84.039    1615538257164
02     8.848    6.172  -15.993  149.518   57.409  156.671    1615538257164
01     9.394    1.942  -12.212 -113.056   25.737  -83.797    1615538257181
02     8.861    6.124  -15.965  152.471   56.535  159.154    1615538257181
01     9.350    2.004  -12.229 -113.427   26.123  -83.567    1615538257198
02     8.837    6.073  -15.867  158.971   54.460  164.593    1615538257198
01     9.238    2.108  -12.273 -114.872   26.753  -83.065    1615538257214
02     9.004    5.976  -15.438  169.079   49.923  173.582    1615538257214
01     9.089    2.210  -12.365 -117.880   27.672  -82.504    1615538257231
02     9.553    5.829  -14.351 -177.747   41.748 -176.693    1615538257231
01     8.875    2.451  -12.511 -122.894   29.598  -82.604    1615538257248
02     9.394    6.062  -13.348 -159.657   25.932 -167.871    1615538257248
01     8.716    2.690  -12.597 -133.358   32.977  -84.327    1615538257265
02     8.271    4.826  -13.518 -144.782  -21.536 -156.630    1615538257265
01     8.616    2.928  -12.564 -141.924   35.174  -87.676    1615538257281
02     8.150    4.312  -13.245 -146.224  -36.675 -155.728    1615538257281
01     8.502    3.003  -12.520 -145.970   34.667  -88.936    1615538257298
02     8.073    4.151  -13.048 -147.921  -42.001 -155.402    1615538257298
01     8.441    2.928  -12.517 -147.127   33.590  -88.829    1615538257315
02     8.035    4.112  -12.903 -148.900  -43.398 -155.132    1615538257315
01     8.417    2.836  -12.547 -147.001   33.133  -88.890    1615538257331
02     8.031    4.106  -12.810 -149.064  -43.113 -154.793    1615538257331
01     8.419    2.783  -12.595 -145.960   33.362  -89.162    1615538257335
02     8.039    4.107  -12.769 -148.671  -42.109 -154.466    1615538257335
01     8.455    2.750  -12.649 -144.598   34.157  -89.263    1615538257350
02     8.065    4.102  -12.761 -148.345  -40.581 -153.608    1615538257350
01     8.503    2.790  -12.681 -143.212   35.509  -88.673    1615538257366
02     8.196    4.146  -12.670 -148.423  -34.406 -153.248    1615538257366
01     8.655    2.741  -12.629 -141.404   36.684  -87.258    1615538257397
02     7.914    3.979  -12.982 -149.273  -24.446 -153.052    1615538257397
01     8.781    2.624  -12.568 -136.900   35.879  -85.569    1615538257413
02     7.486    3.923  -13.635 -153.161  -11.902 -154.271    1615538257413
01     8.915    2.430  -12.526 -131.524   34.334  -84.013    1615538257428
02     7.208    4.093  -14.378 -157.873    0.419 -156.033    1615538257428
01     9.039    2.332  -12.464 -126.136   33.073  -83.095    1615538257447
02     7.206    4.465  -15.069 -163.504   14.976 -160.093    1615538257447
01     9.143    2.214  -12.418 -121.215   31.358  -82.433    1615538257463
02     7.498    4.910  -15.375 -171.366   30.907 -167.279    1615538257463
01     9.228    2.124  -12.391 -117.665   30.357  -82.395    1615538257478
02     7.749    5.289  -15.566  179.825   40.539 -175.279    1615538257478
01     9.272    2.106  -12.377 -115.746   30.220  -82.657    1615538257494
02     7.987    5.630  -15.683  171.806   46.370  176.916    1615538257494
01     9.280    2.099  -12.396 -115.380   30.387  -83.152    1615538257509
02     8.202    5.906  -15.764  165.237   49.663  170.698    1615538257509
01     9.289    2.117  -12.423 -115.332   31.020  -83.522    1615538257525
02     8.417    6.125  -15.819  159.335   52.062  165.382    1615538257525
01     9.307    2.163  -12.439 -115.380   31.838  -83.534    1615538257541
02     8.628    6.316  -15.841  154.095   54.125  160.539    1615538257541
01     9.309    2.188  -12.463 -115.530   32.262  -83.419    1615538257556
02     8.806    6.431  -15.872  149.983   55.494  157.046    1615538257556
01     9.303    2.219  -12.490 -115.664   32.636  -83.209    1615538257581
02     8.950    6.540  -15.901  146.577   56.350  154.017    1615538257581
01     9.299    2.244  -12.509 -115.845   32.944  -82.801    1615538257597
02     9.071    6.593  -15.914  144.684   57.010  152.268    1615538257597
01     9.273    2.278  -12.537 -116.273   33.305  -82.394    1615538257603
02     9.092    6.564  -15.927  147.179   56.721  154.457    1615538257603
01     9.180    2.380  -12.600 -117.534   33.999  -82.189    1615538257618
02     9.146    6.451  -15.758  156.480   54.432  162.546    1615538257618
01     8.958    2.634  -12.739 -120.638   35.338  -81.955    1615538257634
02     9.406    6.292  -15.248  170.334   49.092  175.170    1615538257634
01     8.772    2.939  -12.872 -128.452   38.239  -81.894    1615538257650
02     9.677    6.182  -14.497 -174.675   39.417 -173.140    1615538257650
01     8.678    3.155  -12.964 -139.019   41.206  -83.932    1615538257681
02     9.705    6.115  -13.590 -161.387   25.037 -163.985    1615538257681
01     8.662    3.255  -12.971 -145.132   42.484  -86.504    1615538257696
02     9.073    5.068  -13.458 -155.473  -10.238 -154.737    1615538257696
01     8.685    3.264  -12.915 -146.908   42.511  -87.319    1615538257712
02     8.632    4.759  -13.381 -153.116  -24.758 -155.654    1615538257712
01     8.613    3.231  -12.923 -147.079   41.426  -87.287    1615538257728
02     8.441    4.600  -13.286 -153.051  -29.252 -155.816    1615538257728
01     8.573    3.209  -12.946 -147.178   41.166  -87.082    1615538257748
02     8.342    4.542  -13.232 -153.707  -29.885 -155.429    1615538257748
01     8.557    3.224  -12.969 -147.055   41.540  -86.966    1615538257765
02     8.275    4.533  -13.224 -154.421  -29.211 -154.629    1615538257765
01     8.557    3.232  -13.005 -146.508   42.107  -86.763    1615538257781
02     8.235    4.553  -13.232 -154.692  -27.528 -153.214    1615538257781
01     8.616    3.249  -12.984 -145.921   43.154  -86.188    1615538257798
02     8.067    4.552  -13.329 -153.652  -20.750 -153.841    1615538257798
01     8.738    3.165  -12.875 -142.918   43.225  -84.334    1615538257802
02     7.509    4.295  -14.007 -155.742  -10.954 -153.302    1615538257802
01     8.807    2.978  -12.800 -137.874   41.231  -82.232    1615538257817
02     7.482    4.410  -14.467 -159.238    4.712 -154.437    1615538257817
01     8.920    2.770  -12.690 -132.184   39.214  -80.465    1615538257833
02     7.389    4.574  -15.116 -163.495   15.140 -156.280    1615538257833
01     9.037    2.483  -12.584 -125.887   36.382  -79.603    1615538257864
02     7.656    4.991  -15.480 -169.653   28.504 -161.947    1615538257864
01     9.141    2.219  -12.548 -119.269   33.781  -79.788    1615538257880
02     7.923    5.406  -15.636 -179.428   40.058 -172.024    1615538257880
01     9.201    2.242  -12.507 -114.711   33.725  -80.547    1615538257896
02     8.149    5.709  -15.721  170.206   47.093  177.806    1615538257896
01     9.188    2.273  -12.494 -113.934   33.874  -80.937    1615538257911
02     8.361    5.967  -15.765  162.241   50.787  169.891    1615538257911
01     9.159    2.284  -12.502 -114.778   34.083  -81.172    1615538257927
02     8.546    6.182  -15.803  156.574   52.865  164.354    1615538257927
01     9.130    2.302  -12.524 -115.652   34.348  -81.250    1615538257948
02     8.710    6.391  -15.817  152.252   54.197  159.891    1615538257948
01     9.126    2.333  -12.543 -115.980   34.786  -80.977    1615538257964
02     8.858    6.524  -15.839  148.761   55.195  156.764    1615538257964
01     9.133    2.351  -12.559 -116.086   35.025  -80.552    1615538257981
02     8.973    6.629  -15.850  146.359   55.819  154.599    1615538257981
01     9.151    2.355  -12.569 -116.109   35.165  -80.160    1615538257998
02     9.051    6.695  -15.860  145.054   55.992  153.427    1615538257998
01     9.170    2.359  -12.580 -116.098   35.307  -80.009    1615538258002
02     9.088    6.688  -15.868  145.354   55.921  153.934    1615538258002
01     9.180    2.367  -12.591 -116.141   35.431  -79.941    1615538258018
02     9.099    6.696  -15.875  146.368   55.793  154.642    1615538258018
01     9.161    2.400  -12.607 -116.441   35.637  -79.996    1615538258033
02     9.115    6.673  -15.876  147.709   55.792  155.636    1615538258033
01     9.108    2.453  -12.638 -117.251   35.943  -80.102    1615538258065
02     9.112    6.613  -15.868  150.619   55.371  158.227    1615538258065
01     8.975    2.587  -12.711 -119.179   36.674  -80.296    1615538258081
02     9.132    6.526  -15.699  157.462   53.403  164.118    1615538258081
01     8.779    2.844  -12.825 -123.582   38.356  -80.199    1615538258097
02     9.333    6.364  -15.175  168.889   48.840  174.079    1615538258097
01     8.670    3.068  -12.917 -130.894   40.985  -80.168    1615538258102
02     9.794    6.169  -13.879 -177.547   41.173 -175.123    1615538258102
01     8.582    3.279  -12.969 -139.734   43.382  -82.792    1615538258118
02     9.395    5.889  -13.394 -159.187   19.266 -158.752    1615538258118
01     8.586    3.366  -12.903 -145.960   44.369  -85.700    1615538258148
02     8.654    5.131  -13.368 -155.649  -14.305 -154.558    1615538258148
01     8.519    3.371  -12.884 -148.506   43.327  -86.851    1615538258164
02     8.314    4.784  -13.318 -156.284  -23.563 -154.573    1615538258164
01     8.474    3.329  -12.885 -148.876   42.525  -86.621    1615538258181
02     8.163    4.635  -13.275 -156.974  -25.941 -154.815    1615538258181
01     8.488    3.281  -12.859 -148.508   42.356  -86.268    1615538258184
02     8.096    4.573  -13.234 -157.022  -26.787 -155.532    1615538258184
01     8.523    3.235  -12.812 -147.649   42.213  -86.387    1615538258200
02     8.051    4.540  -13.183 -156.470  -27.805 -156.656    1615538258200
01     8.542    3.179  -12.770 -146.470   41.653  -86.803    1615538258231
02     8.009    4.493  -13.126 -155.614  -29.243 -157.647    1615538258231
01     8.544    3.142  -12.738 -145.346   40.990  -87.370    1615538258247
02     7.964    4.471  -13.060 -154.182  -30.180 -158.306    1615538258247
01     8.526    3.130  -12.712 -144.258   40.349  -87.705    1615538258262
02     7.919    4.437  -13.013 -152.978  -30.581 -157.950    1615538258262
01     8.527    3.089  -12.669 -142.590   39.687  -86.433    1615538258278
02     7.942    4.436  -12.908 -152.439  -27.425 -156.382    1615538258278
01     8.629    2.990  -12.535 -138.936   38.812  -84.003    1615538258293
02     7.465    4.199  -13.290 -153.463  -19.496 -155.485    1615538258293
01     8.726    2.736  -12.392 -133.822   35.982  -82.010    1615538258309
02     7.006    4.173  -13.988 -157.038   -6.826 -156.151    1615538258309
01     8.859    2.411  -12.270 -127.037   32.335  -80.688    1615538258325
02     6.790    4.275  -14.675 -161.057    4.566 -156.500    1615538258325
01     9.018    2.226  -12.126 -120.324   29.493  -81.125    1615538258340
02     6.835    4.621  -15.233 -166.020   16.882 -159.904    1615538258340
01     9.095    2.097  -12.056 -116.119   27.299  -82.554    1615538258365
02     7.184    5.071  -15.422 -174.976   32.526 -168.606    1615538258365
01     9.100    2.106  -12.033 -114.094   26.726  -83.939    1615538258381
02     7.435    5.448  -15.521  176.128   41.004 -177.700    1615538258381
01     9.074    2.129  -12.012 -113.625   26.515  -84.496    1615538258397
02     7.659    5.712  -15.574  169.054   46.001  175.494    1615538258397
01     9.031    2.134  -12.025 -114.087   26.443  -84.613    1615538258414
02     7.853    5.887  -15.612  164.116   49.347  171.029    1615538258414
01     9.021    2.145  -12.036 -114.256   26.679  -84.349    1615538258430
02     8.049    6.029  -15.649  160.207   51.820  167.487    1615538258430
01     9.019    2.161  -12.048 -114.372   26.997  -84.013    1615538258447
02     8.218    6.163  -15.678  156.821   53.570  164.347    1615538258447
01     9.009    2.191  -12.058 -114.667   27.316  -83.699    1615538258464
02     8.356    6.278  -15.700  154.145   54.475  161.885    1615538258464
01     8.995    2.230  -12.066 -115.021   27.607  -83.263    1615538258480
02     8.473    6.335  -15.710  152.642   55.024  160.428    1615538258481
01     8.943    2.278  -12.098 -115.756   27.872  -83.012    1615538258497
02     8.556    6.306  -15.708  153.825   55.245  161.354    1615538258497
01     8.820    2.390  -12.166 -117.486   28.540  -82.764    1615538258514
02     8.603    6.219  -15.665  159.661   54.421  166.505    1615538258514
01     8.609    2.577  -12.306 -121.244   29.754  -82.195    1615538258531
02     8.666    6.080  -15.518  168.697   51.383  174.865    1615538258531
01     8.421    2.771  -12.498 -127.772   32.050  -81.677    1615538258547
02     8.665    5.932  -15.394  177.458   46.751 -177.067    1615538258547
01     8.332    2.962  -12.663 -135.630   35.296  -82.068    1615538258564
02     8.773    5.804  -15.156 -177.034   43.329 -172.025    1615538258564
01     8.269    3.115  -12.872 -143.286   38.369  -84.049    1615538258581
02     9.161    5.717  -14.433 -171.353   38.773 -168.212    1615538258581
01     8.299    3.307  -13.008 -150.613   41.994  -87.667    1615538258597
02     9.494    5.737  -13.467 -163.017   29.046 -161.121    1615538258597
01     8.461    3.445  -12.934 -154.863   45.040  -90.217    1615538258614
02     8.790    5.025  -13.587 -157.308    3.742 -154.676    1615538258614
01     8.457    3.477  -12.916 -156.288   44.541  -90.908    1615538258631
02     8.434    4.709  -13.635 -156.687   -6.240 -153.578    1615538258631
01     8.426    3.433  -12.960 -156.622   43.862  -90.681    1615538258647
02     8.236    4.575  -13.684 -156.502   -9.473 -153.011    1615538258647
01     8.455    3.421  -12.978 -156.616   44.347  -90.730    1615538258664
02     8.153    4.535  -13.728 -156.239   -9.622 -152.408    1615538258664
01     8.490    3.387  -12.996 -156.184   44.709  -90.592    1615538258681
02     8.106    4.493  -13.781 -155.692   -9.126 -151.407    1615538258681
01     8.566    3.376  -12.943 -155.952   45.285  -91.195    1615538258697
02     7.859    4.330  -14.001 -154.701   -7.776 -151.865    1615538258698
01     8.674    3.334  -12.772 -152.165   44.698  -89.821    1615538258714
02     7.299    4.156  -14.648 -156.499   -0.988 -154.393    1615538258714
01     8.736    3.207  -12.579 -145.487   41.728  -86.677    1615538258731
02     7.190    4.301  -15.192 -160.858   11.945 -156.550    1615538258731
01     8.757    3.013  -12.408 -138.155   37.115  -83.838    1615538258748
02     7.408    4.673  -15.582 -167.086   26.944 -161.814    1615538258748
01     8.754    2.773  -12.294 -132.277   32.554  -82.384    1615538258764
02     7.725    5.126  -15.743 -175.433   38.908 -170.544    1615538258764
01     8.812    2.587  -12.136 -126.745   28.941  -81.604    1615538258781
02     7.979    5.491  -15.847  175.079   46.810 -179.784    1615538258781
01     8.852    2.449  -12.000 -122.973   25.857  -81.635    1615538258798
02     8.190    5.807  -15.874  164.096   52.396  169.747    1615538258798
01     8.874    2.349  -11.897 -120.719   23.452  -81.934    1615538258814
02     8.353    6.065  -15.860  155.279   54.602  161.847    1615538258815
01     8.884    2.309  -11.815 -119.463   21.900  -82.288    1615538258831
02     8.438    6.217  -15.860  150.433   55.026  157.934    1615538258831
01     8.893    2.255  -11.756 -119.019   20.605  -82.453    1615538258848
02     8.480    6.324  -15.848  147.629   55.040  155.800    1615538258848
01     8.896    2.196  -11.735 -118.768   19.584  -82.646    1615538258864
02     8.529    6.374  -15.835  145.817   55.390  154.505    1615538258864
01     8.924    2.167  -11.715 -118.366   19.146  -82.766    1615538258881
02     8.580    6.379  -15.833  144.456   55.904  153.458    1615538258881
01     8.936    2.121  -11.725 -118.266   18.759  -82.868    1615538258898
02     8.644    6.388  -15.833  142.924   56.473  151.926    1615538258898
01     8.934    2.122  -11.746 -118.484   18.980  -82.870    1615538258915
02     8.694    6.423  -15.827  142.079   56.706  150.686    1615538258915
01     8.934    2.155  -11.757 -118.937   19.547  -82.830    1615538258931
02     8.729    6.433  -15.832  141.708   56.658  150.225    1615538258931
01     8.929    2.191  -11.762 -119.451   19.915  -82.729    1615538258936
02     8.751    6.436  -15.841  141.888   56.438  150.255    1615538258936
01     8.923    2.223  -11.754 -119.892   20.066  -82.606    1615538258951
02     8.778    6.441  -15.832  142.007   56.470  150.266    1615538258951
01     8.893    2.268  -11.742 -120.367   20.033  -82.447    1615538258967
02     8.737    6.423  -15.827  143.748   55.808  151.981    1615538258967
01     8.808    2.369  -11.734 -121.816   20.345  -82.189    1615538258983
02     8.654    6.348  -15.737  149.106   53.300  156.646    1615538258983
01     8.654    2.455  -11.772 -125.430   20.785  -81.761    1615538259014
02     8.671    6.130  -15.471  158.157   49.060  164.217    1615538259014
01     8.385    2.494  -11.969 -133.434   21.907  -81.639    1615538259029
02     9.027    5.801  -14.612  170.969   42.707  173.533    1615538259029
01     8.128    2.618  -12.290 -144.629   25.769  -83.686    1615538259047
02     9.220    5.644  -13.584 -169.543   28.864 -173.717    1615538259047
01     8.007    2.857  -12.557 -155.431   30.552  -88.911    1615538259064
02     8.534    5.206  -13.494 -153.635    2.915 -163.661    1615538259064
01     8.081    3.104  -12.634 -163.361   34.975  -94.798    1615538259080
02     8.134    4.438  -13.470 -149.983  -16.791 -159.275    1615538259080
01     8.190    3.207  -12.612 -164.963   36.821  -96.983    1615538259097
02     7.962    4.266  -13.460 -148.814  -20.590 -159.829    1615538259097
01     8.182    3.234  -12.640 -165.110   36.637  -98.332    1615538259102
02     7.884    4.184  -13.449 -148.413  -21.034 -160.784    1615538259102
01     8.247    3.266  -12.587 -165.141   37.445  -99.661    1615538259117
02     7.785    4.113  -13.512 -148.968  -18.782 -161.265    1615538259117
01     8.380    3.281  -12.389 -161.379   37.651  -98.398    1615538259133
02     7.370    3.985  -13.858 -152.045  -14.063 -162.437    1615538259133
01     8.508    3.171  -12.122 -153.196   35.309  -94.452    1615538259164
02     6.360    4.078  -14.725 -158.204   -6.904 -165.797    1615538259164
01     8.554    2.964  -11.896 -142.568   29.851  -90.441    1615538259180
02     6.306    4.551  -15.355 -168.119   11.812 -168.695    1615538259180
01     8.581    2.684  -11.728 -134.656   23.985  -87.996    1615538259195
02     6.781    4.973  -15.613 -176.352   29.727 -173.077    1615538259195
01     8.615    2.431  -11.602 -129.268   19.659  -87.341    1615538259211
02     7.213    5.340  -15.682  174.905   41.123 -179.442    1615538259211
01     8.670    2.218  -11.481 -124.815   16.815  -87.367    1615538259227
02     7.532    5.582  -15.692  166.540   47.727  174.234    1615538259227
01     8.698    2.081  -11.415 -122.103   15.336  -87.590    1615538259242
02     7.748    5.743  -15.677  159.794   51.373  168.665    1615538259242
01     8.700    2.024  -11.402 -120.845   15.063  -87.627    1615538259258
02     7.903    5.871  -15.654  154.297   53.342  163.854    1615538259258
01     8.698    2.023  -11.420 -120.440   15.575  -87.601    1615538259273
02     8.021    5.979  -15.648  150.332   54.634  160.167    1615538259273
01     8.715    2.036  -11.435 -120.385   16.275  -87.485    1615538259289
02     8.140    6.107  -15.638  146.739   55.430  156.635    1615538259289
01     8.725    2.069  -11.459 -120.313   16.902  -87.494    1615538259305
02     8.259    6.214  -15.639  143.782   56.111  153.785    1615538259305
01     8.725    2.103  -11.484 -120.301   17.371  -87.422    1615538259320
02     8.382    6.278  -15.643  141.816   56.869  151.903    1615538259320
01     8.727    2.120  -11.506 -120.486   17.757  -87.138    1615538259336
02     8.471    6.347  -15.647  140.616   57.120  150.703    1615538259336
01     8.718    2.117  -11.548 -120.893   18.077  -86.772    1615538259352
02     8.534    6.361  -15.666  140.806   57.156  150.816    1615538259352
01     8.687    2.110  -11.626 -121.525   18.640  -86.404    1615538259381
02     8.623    6.367  -15.669  141.114   57.135  150.760    1615538259381
01     8.638    2.117  -11.742 -122.712   19.785  -85.925    1615538259397
02     8.703    6.358  -15.699  142.629   57.046  151.652    1615538259397
01     8.559    2.180  -11.911 -124.420   21.632  -85.506    1615538259413
02     8.796    6.318  -15.730  145.261   57.130  153.686    1615538259413
01     8.432    2.387  -12.151 -127.562   24.749  -85.105    1615538259428
02     8.862    6.289  -15.696  150.258   56.309  157.525    1615538259428
01     8.242    2.722  -12.441 -134.323   29.218  -85.408    1615538259448
02     8.990    6.216  -15.439  159.567   53.234  165.277    1615538259448
01     8.111    3.059  -12.738 -144.728   33.865  -87.831    1615538259465
02     9.488    6.066  -14.455  173.208   47.196  175.598    1615538259465
01     8.101    3.375  -12.932 -155.353   37.867  -92.951    1615538259481
02     9.734    6.212  -13.220 -165.205   32.635 -170.232    1615538259481
01     8.205    3.570  -12.950 -160.810   40.568  -96.874    1615538259498
02     8.611    4.895  -13.583 -154.357   -5.473 -155.976    1615538259498
01     8.271    3.633  -12.933 -161.592   41.379  -97.727    1615538259515
02     8.190    4.693  -13.695 -152.455  -11.265 -155.208    1615538259515
01     8.274    3.618  -12.957 -161.159   41.159  -97.453    1615538259531
02     8.042    4.588  -13.747 -152.756  -12.244 -154.048    1615538259531
01     8.295    3.611  -12.963 -160.738   41.501  -97.089    1615538259548
02     8.016    4.541  -13.766 -153.322  -11.741 -152.866    1615538259548
01     8.328    3.591  -12.965 -160.572   41.898  -96.870    1615538259565
02     8.018    4.514  -13.786 -153.837  -11.117 -152.072    1615538259565
01     8.348    3.559  -12.981 -160.299   42.026  -96.826    1615538259580
02     8.036    4.494  -13.791 -154.090  -10.599 -151.852    1615538259580
01     8.364    3.549  -13.000 -159.974   42.146  -97.209    1615538259597
02     8.051    4.487  -13.798 -153.853  -10.190 -152.264    1615538259597
01     8.391    3.562  -13.005 -159.528   42.550  -97.675    1615538259614
02     8.040    4.496  -13.819 -153.198   -9.814 -153.184    1615538259614
01     8.488    3.551  -12.922 -157.733   43.196  -96.577    1615538259631
02     7.910    4.413  -13.908 -153.160   -8.783 -153.978    1615538259631
01     8.607    3.473  -12.737 -152.206   42.323  -93.008    1615538259647
02     7.444    4.304  -14.302 -154.847   -5.322 -156.208    1615538259647
01     8.707    3.284  -12.526 -143.925   39.168  -88.234    1615538259664
02     6.859    4.477  -15.070 -159.226    2.553 -158.787    1615538259664
01     8.792    2.923  -12.292 -134.019   33.040  -84.233    1615538259681
02     6.844    4.844  -15.654 -164.753   14.292 -161.898    1615538259681
01     8.881    2.551  -12.116 -126.138   27.187  -82.754    1615538259697
02     7.309    5.292  -15.843 -174.401   31.751 -169.274    1615538259697
01     8.967    2.301  -12.007 -121.307   23.742  -83.062    1615538259714
02     7.709    5.642  -15.901  174.017   44.164 -179.603    1615538259714
01     9.012    2.210  -11.949 -118.588   22.281  -83.971    1615538259731
02     8.027    5.903  -15.891  163.421   50.978  170.563    1615538259731
01     9.056    2.187  -11.895 -117.350   21.816  -84.291    1615538259747
02     8.249    6.081  -15.883  155.891   54.097  164.046    1615538259747
01     9.069    2.158  -11.869 -116.837   21.129  -84.651    1615538259764
02     8.362    6.221  -15.888  150.906   55.101  159.569    1615538259764
01     9.093    2.138  -11.848 -116.131   20.691  -84.948    1615538259781
02     8.461    6.320  -15.885  146.656   56.099  155.962    1615538259781
01     9.121    2.103  -11.831 -115.408   20.275  -85.070    1615538259797
02     8.570    6.397  -15.878  143.170   57.160  152.713    1615538259797
01     9.110    2.083  -11.843 -115.064   20.101  -85.286    1615538259814
02     8.665    6.425  -15.880  140.656   58.070  150.542    1615538259814
01     9.091    2.082  -11.869 -115.079   20.468  -85.109    1615538259831
02     8.741    6.450  -15.873  139.251   58.321  149.011    1615538259831
01     9.036    2.115  -11.928 -115.535   21.197  -84.811    1615538259847
02     8.792    6.461  -15.853  139.943   57.929  149.161    1615538259848
01     8.887    2.192  -12.062 -117.481   22.517  -84.502    1615538259864
02     8.745    6.408  -15.808  146.495   55.672  154.700    1615538259864
01     8.634    2.336  -12.313 -121.994   24.960  -83.818    1615538259881
02     8.860    6.222  -15.550  158.830   51.278  164.514    1615538259881
01     8.395    2.560  -12.650 -129.590   29.226  -83.470    1615538259897
02     9.198    6.056  -14.947  173.621   44.799  174.786    1615538259898
01     8.317    2.951  -12.957 -140.206   35.987  -85.551    1615538259914
02     9.472    6.025  -14.044 -170.120   34.907 -174.027    1615538259914
01     8.384    3.298  -13.092 -152.181   42.562  -90.927    1615538259931
02     9.109    5.757  -13.772 -155.627   16.056 -162.012    1615538259931
01     8.519    3.463  -13.061 -157.874   45.546  -94.560    1615538259948
02     8.668    5.159  -13.807 -151.812   -2.817 -156.372    1615538259948
01     8.570    3.472  -13.030 -158.283   44.881  -95.344    1615538259964
02     8.415    4.836  -13.807 -151.022  -10.156 -154.417    1615538259964
01     8.528    3.440  -13.067 -157.401   43.587  -95.637    1615538259981
02     8.269    4.637  -13.819 -150.557  -12.379 -153.237    1615538259981
01     8.487    3.446  -13.108 -157.169   43.595  -96.202    1615538259998
02     8.173    4.508  -13.854 -150.469  -11.721 -152.724    1615538259998
01     8.534    3.418  -13.077 -157.544   44.605  -96.384    1615538260014
02     7.983    4.328  -14.026 -151.639   -8.433 -153.293    1615538260014
01     8.618    3.372  -12.957 -155.262   44.827  -95.368    1615538260031
02     7.520    4.220  -14.509 -154.476   -2.471 -156.047    1615538260031
01     8.701    3.269  -12.781 -149.861   43.347  -92.810    1615538260048
02     7.189    4.399  -15.073 -159.838    8.142 -159.932    1615538260048
01     8.745    3.099  -12.618 -142.282   39.861  -89.515    1615538260064
02     7.207    4.769  -15.542 -166.892   21.847 -164.565    1615538260065
01     8.777    2.901  -12.490 -135.222   35.830  -87.064    1615538260081
02     7.532    5.229  -15.753 -175.928   36.021 -172.334    1615538260081
01     8.843    2.629  -12.353 -129.272   32.173  -85.673    1615538260098
02     7.841    5.602  -15.857  173.873   45.406  178.849    1615538260098
01     8.943    2.408  -12.228 -123.523   29.131  -85.231    1615538260115
02     8.101    5.898  -15.893  162.034   52.026  168.550    1615538260115
01     9.007    2.323  -12.136 -119.436   27.229  -85.535    1615538260131
02     8.317    6.169  -15.902  151.178   55.273  158.847    1615538260131
01     9.057    2.256  -12.063 -116.955   25.792  -85.683    1615538260148
02     8.482    6.405  -15.886  143.225   56.319  151.658    1615538260148
01     9.091    2.219  -12.012 -115.529   24.892  -85.715    1615538260165
02     8.607    6.532  -15.875  138.669   56.913  147.837    1615538260165
01     9.129    2.179  -11.982 -114.498   24.195  -85.718    1615538260181
02     8.697    6.601  -15.866  135.951   57.405  145.654    1615538260181
01     9.170    2.142  -11.971 -113.555   23.727  -85.727    1615538260198
02     8.775    6.647  -15.868  133.761   58.089  143.752    1615538260198
01     9.222    2.115  -11.954 -112.814   23.591  -85.468    1615538260214
02     8.868    6.670  -15.862  131.334   58.931  141.423    1615538260214
01     9.250    2.127  -11.939 -112.358   23.630  -85.334    1615538260230
02     8.933    6.687  -15.861  129.983   59.455  139.995    1615538260230
01     9.238    2.138  -11.936 -112.571   23.484  -85.267    1615538260247
02     8.964    6.689  -15.859  129.933   59.515  139.881    1615538260247
01     9.208    2.170  -11.937 -113.052   23.450  -85.105    1615538260264
02     8.901    6.656  -15.876  133.108   58.669  142.967    1615538260264
01     9.100    2.247  -11.973 -114.454   23.794  -85.008    1615538260280
02     8.797    6.620  -15.799  140.198   55.737  149.193    1615538260280
01     8.904    2.356  -12.076 -117.977   24.672  -84.728    1615538260297
02     8.779    6.448  -15.557  152.470   50.519  159.087    1615538260297
01     8.655    2.514  -12.255 -124.300   26.594  -84.802    1615538260314
02     8.956    6.230  -15.059  167.024   44.111  169.659    1615538260314
01     8.385    2.774  -12.518 -133.252   29.638  -85.893    1615538260331
02     9.225    6.094  -14.011 -175.983   34.559 -179.940    1615538260331
01     8.228    3.057  -12.740 -145.118   33.623  -89.407    1615538260347
02     8.675    6.003  -13.636 -153.650   11.738 -166.439    1615538260347
01     8.235    3.277  -12.798 -153.194   36.667  -93.505    1615538260364
02     8.328    5.026  -13.522 -149.374  -15.969 -157.924    1615538260364
01     8.304    3.406  -12.724 -155.045   37.924  -94.670    1615538260381
02     8.108    4.684  -13.456 -149.266  -22.665 -156.768    1615538260381
01     8.287    3.378  -12.709 -154.750   36.903  -93.981    1615538260397
02     7.964    4.515  -13.401 -150.042  -24.487 -155.473    1615538260397
01     8.259    3.315  -12.743 -154.320   36.279  -93.567    1615538260414
02     7.888    4.409  -13.387 -150.603  -24.319 -154.280    1615538260414
01     8.277    3.277  -12.759 -153.888   36.615  -93.549    1615538260431
02     7.860    4.358  -13.394 -150.700  -23.444 -153.407    1615538260431
01     8.293    3.263  -12.759 -153.110   36.860  -93.758    1615538260447
02     7.847    4.337  -13.373 -149.912  -21.618 -153.176    1615538260447
01     8.405    3.230  -12.669 -151.835   37.575  -93.319    1615538260464
02     7.636    4.124  -13.538 -150.460  -16.907 -153.709    1615538260464
01     8.540    3.154  -12.488 -146.678   36.601  -91.341    1615538260481
02     6.996    3.971  -14.182 -153.714   -8.943 -156.038    1615538260481
01     8.642    2.977  -12.309 -139.112   33.164  -88.446    1615538260497
02     6.655    4.127  -14.830 -158.356    2.099 -157.612    1615538260498
01     8.718    2.732  -12.157 -132.118   28.821  -86.867    1615538260514
02     6.735    4.475  -15.309 -163.989   15.688 -160.783    1615538260514
01     8.835    2.398  -12.008 -125.305   24.180  -86.139    1615538260531
02     7.030    4.906  -15.523 -171.084   28.283 -166.579    1615538260531
01     8.958    2.117  -11.927 -120.044   21.171  -86.761    1615538260535
02     7.290    5.277  -15.616  179.469   38.844 -175.228    1615538260535
01     9.052    2.051  -11.889 -116.365   20.926  -87.771    1615538260550
02     7.492    5.557  -15.643  170.754   44.910  176.561    1615538260550
01     9.084    2.066  -11.873 -114.701   21.296  -88.233    1615538260580
02     7.662    5.768  -15.652  164.234   48.129  170.368    1615538260580
01     9.101    2.091  -11.859 -114.179   21.746  -88.167    1615538260597
02     7.817    5.949  -15.667  159.560   50.212  166.256    1615538260597
01     9.110    2.115  -11.847 -113.979   22.034  -87.963    1615538260602
02     7.953    6.126  -15.681  155.735   51.681  162.922    1615538260602
01     9.107    2.128  -11.847 -114.004   22.103  -87.783    1615538260617
02     8.055    6.247  -15.692  153.046   52.233  160.641    1615538260617
01     9.091    2.141  -11.858 -114.286   22.239  -87.725    1615538260633
02     8.147    6.319  -15.683  151.979   52.549  159.504    1615538260633
01     9.044    2.174  -11.882 -114.852   22.549  -87.693    1615538260664
02     8.188    6.280  -15.648  154.183   52.059  161.299    1615538260664
01     8.920    2.288  -11.928 -116.382   23.391  -87.432    1615538260680
02     8.248    6.169  -15.458  161.759   49.322  167.264    1615538260680
01     8.686    2.419  -12.059 -120.687   24.568  -86.682    1615538260695
02     8.469    5.980  -15.009  172.163   44.041  175.909    1615538260695
01     8.393    2.603  -12.312 -128.002   26.977  -86.183    1615538260711
02     8.740    5.832  -14.338 -175.775   35.520 -175.323    1615538260711
01     8.215    2.891  -12.553 -141.204   32.188  -88.255    1615538260727
02     8.753    5.640  -13.697 -163.655   22.390 -166.668    1615538260727
01     8.199    3.116  -12.660 -152.507   36.513  -92.868    1615538260742
02     8.260    4.987  -13.557 -154.047   -2.228 -158.556    1615538260742
01     8.221    3.239  -12.685 -156.064   38.040  -95.193    1615538260758
02     8.008    4.652  -13.476 -152.312  -13.331 -156.704    1615538260758
01     8.206    3.256  -12.739 -156.795   38.250  -95.840    1615538260773
02     7.881    4.466  -13.449 -152.192  -16.702 -155.595    1615538260773
01     8.203    3.240  -12.805 -156.628   38.819  -96.122    1615538260789
02     7.816    4.383  -13.460 -151.925  -16.606 -155.036    1615538260789
01     8.243    3.264  -12.823 -156.147   40.107  -96.379    1615538260805
02     7.776    4.339  -13.493 -151.608  -15.334 -154.789    1615538260805
01     8.375    3.242  -12.729 -154.209   41.423  -95.254    1615538260820
02     7.596    4.205  -13.662 -152.504  -12.332 -155.126    1615538260820
01     8.502    3.130  -12.580 -148.918   40.704  -92.306    1615538260838
02     7.206    4.149  -14.098 -155.277   -6.052 -157.174    1615538260838
01     8.616    2.938  -12.413 -141.498   38.073  -88.689    1615538260854
02     6.860    4.315  -14.690 -159.994    3.714 -160.108    1615538260854
01     8.701    2.739  -12.262 -134.308   34.417  -86.295    1615538260869
02     6.869    4.649  -15.189 -165.987   16.855 -163.728    1615538260869
01     8.782    2.538  -12.127 -128.626   30.840  -85.102    1615538260885
02     7.168    5.044  -15.470 -173.498   30.549 -169.508    1615538260885
01     8.871    2.341  -11.979 -124.234   27.912  -85.039    1615538260901
02     7.488    5.382  -15.614  176.621   42.680 -177.978    1615538260901
01     8.926    2.194  -11.859 -120.607   25.209  -85.460    1615538260916
02     7.767    5.688  -15.681  165.221   50.700  171.948    1615538260916
01     8.955    2.098  -11.795 -118.190   23.385  -86.096    1615538260948
02     8.006    5.958  -15.708  155.088   54.601  163.102    1615538260948
01     8.955    2.090  -11.764 -116.629   22.502  -86.669    1615538260963
02     8.171    6.159  -15.718  148.470   56.021  157.372    1615538260963
01     8.972    2.077  -11.736 -115.606   21.873  -86.844    1615538260979
02     8.293    6.300  -15.718  143.924   56.644  153.410    1615538260979
01     8.996    2.080  -11.704 -114.589   21.380  -86.825    1615538260994
02     8.416    6.378  -15.710  140.418   57.543  150.530    1615538260994
01     9.024    2.060  -11.676 -113.860   20.820  -86.692    1615538261010
02     8.502    6.445  -15.701  137.749   58.228  148.206    1615538261010
01     9.031    2.042  -11.669 -113.456   20.431  -86.825    1615538261026
02     8.553    6.473  -15.705  136.304   58.705  146.963    1615538261026
01     9.025    2.035  -11.670 -113.473   20.387  -86.807    1615538261041
02     8.590    6.501  -15.696  135.503   58.447  146.164    1615538261041
01     8.983    2.060  -11.700 -114.058   20.797  -86.747    1615538261057
02     8.556    6.508  -15.691  137.664   57.275  148.019    1615538261057
01     8.891    2.079  -11.785 -115.636   21.570  -86.647    1615538261081
02     8.533    6.542  -15.663  140.430   55.581  149.874    1615538261081
01     8.789    2.177  -11.872 -117.706   23.149  -86.416    1615538261097
02     8.520    6.566  -15.657  143.413   54.239  152.205    1615538261097
01     8.706    2.320  -11.919 -120.242   24.902  -86.134    1615538261101
02     8.510    6.575  -15.643  146.136   52.965  154.535    1615538261101
01     8.574    2.489  -11.964 -123.740   26.107  -86.299    1615538261117
02     8.483    6.535  -15.547  151.125   50.514  158.895    1615538261117
01     8.306    2.743  -12.075 -129.092   27.038  -86.980    1615538261148
02     8.592    6.355  -15.180  161.239   46.163  167.123    1615538261148
01     8.007    3.001  -12.268 -140.472   28.648  -88.992    1615538261163
02     9.112    6.036  -13.812  176.811   38.245  177.314    1615538261163
01     7.717    3.296  -12.522 -155.005   30.402  -94.099    1615538261179
02     8.678    6.038  -13.194 -159.793   18.024 -168.259    1615538261179
01     7.759    3.533  -12.540 -164.531   33.206  -99.244    1615538261195
02     8.013    4.989  -13.268 -153.042  -12.985 -158.194    1615538261195
01     7.876    3.626  -12.433 -166.529   34.792 -100.360    1615538261210
02     7.711    4.664  -13.265 -152.383  -19.401 -156.429    1615538261210
01     7.888    3.590  -12.400 -166.291   34.241 -100.121    1615538261226
02     7.567    4.512  -13.241 -152.580  -21.106 -155.159    1615538261226
01     7.863    3.520  -12.433 -165.723   33.485 -100.438    1615538261242
02     7.494    4.433  -13.226 -152.097  -21.217 -154.882    1615538261242
01     7.861    3.493  -12.454 -165.120   33.601 -101.378    1615538261257
02     7.465    4.386  -13.219 -151.396  -20.057 -155.177    1615538261257
01     7.996    3.480  -12.342 -163.955   34.971 -101.466    1615538261273
02     7.318    4.230  -13.316 -152.325  -16.146 -156.484    1615538261273
01     8.145    3.390  -12.143 -158.467   34.584  -99.023    1615538261288
02     6.836    4.177  -13.763 -155.981   -9.722 -159.094    1615538261288
01     8.237    3.173  -11.970 -149.641   31.599  -95.194    1615538261304
02     6.389    4.359  -14.341 -161.298   -0.604 -162.053    1615538261304
01     8.306    2.913  -11.843 -141.064   27.568  -92.448    1615538261320
02     6.263    4.689  -14.869 -167.758   11.325 -165.521    1615538261320
01     8.385    2.656  -11.749 -134.595   24.037  -91.145    1615538261335
02     6.465    5.089  -15.202 -175.242   24.170 -170.421    1615538261335
01     8.466    2.377  -11.698 -129.233   21.092  -91.072    1615538261351
02     6.825    5.433  -15.353  176.975   35.293 -176.269    1615538261351
01     8.552    2.266  -11.658 -125.212   20.209  -91.486    1615538261381
02     7.126    5.724  -15.411  168.432   42.996  176.528    1615538261381
01     8.603    2.241  -11.635 -123.052   20.088  -91.779    1615538261398
02     7.366    5.946  -15.434  160.401   47.423  169.572    1615538261398
01     8.627    2.234  -11.633 -121.998   20.184  -91.974    1615538261414
02     7.581    6.165  -15.455  153.979   49.786  163.954    1615538261415
01     8.646    2.247  -11.639 -121.293   20.449  -91.996    1615538261428
02     7.790    6.368  -15.488  148.602   51.768  159.150    1615538261428
01     8.665    2.256  -11.655 -121.030   20.801  -91.940    1615538261444
02     8.012    6.520  -15.514  143.853   53.745  154.712    1615538261444
01     8.665    2.285  -11.676 -121.051   21.255  -91.822    1615538261460
02     8.189    6.631  -15.526  140.513   55.078  151.506    1615538261460
01     8.643    2.310  -11.712 -121.508   21.659  -91.724    1615538261475
02     8.290    6.703  -15.557  139.198   55.304  150.020    1615538261475
01     8.623    2.333  -11.750 -122.135   22.224  -91.565    1615538261491
02     8.356    6.707  -15.584  139.543   55.603  150.072    1615538261491
01     8.587    2.356  -11.803 -122.941   22.826  -91.310    1615538261506
02     8.391    6.711  -15.604  140.719   55.504  150.647    1615538261506
01     8.540    2.389  -11.869 -123.918   23.673  -90.950    1615538261522
02     8.436    6.685  -15.614  142.400   55.485  151.905    1615538261522
01     8.499    2.424  -11.941 -125.169   24.780  -90.349    1615538261538
02     8.467    6.666  -15.622  144.897   55.014  153.749    1615538261538
01     8.467    2.494  -12.000 -126.494   26.109  -89.810    1615538261564
02     8.429    6.646  -15.601  148.708   53.538  156.812    1615538261564
01     8.388    2.607  -12.098 -128.115   27.237  -89.438    1615538261581
02     8.428    6.566  -15.411  154.728   50.053  161.631    1615538261581
01     8.213    2.779  -12.291 -131.821   28.780  -89.402    1615538261597
02     8.735    6.334  -14.808  165.159   44.750  168.632    1615538261597
01     8.015    3.084  -12.532 -139.206   31.631  -90.947    1615538261614
02     9.272    6.313  -13.288 -175.454   35.309  178.638    1615538261614
01     7.940    3.397  -12.663 -151.188   35.326  -95.147    1615538261631
02     7.994    5.847  -13.378 -146.839    0.229 -163.747    1615538261631
01     8.042    3.562  -12.601 -157.843   38.284  -98.053    1615538261647
02     7.798    4.990  -13.313 -147.797  -16.824 -159.444    1615538261648
01     8.105    3.597  -12.478 -159.296   38.485  -98.355    1615538261665
02     7.671    4.716  -13.232 -149.321  -21.977 -157.609    1615538261665
01     8.062    3.499  -12.448 -158.464   36.731  -97.885    1615538261681
02     7.575    4.573  -13.161 -149.681  -24.207 -156.314    1615538261681
01     8.019    3.381  -12.483 -157.356   35.672  -97.865    1615538261698
02     7.535    4.460  -13.123 -149.310  -24.652 -155.424    1615538261698
01     8.029    3.302  -12.507 -156.314   35.899  -98.027    1615538261714
02     7.524    4.362  -13.123 -148.694  -24.151 -154.854    1615538261714
01     8.036    3.272  -12.529 -155.328   36.434  -97.727    1615538261731
02     7.557    4.265  -13.107 -148.419  -21.599 -154.753    1615538261731
01     8.189    3.186  -12.437 -153.310   37.624  -96.372    1615538261748
02     7.391    4.098  -13.288 -149.801  -16.986 -155.657    1615538261748
01     8.350    3.051  -12.293 -147.667   37.072  -93.476    1615538261764
02     6.962    4.031  -13.779 -153.180  -10.313 -157.874    1615538261764
01     8.495    2.832  -12.144 -140.145   34.516  -90.212    1615538261781
02     6.454    4.191  -14.485 -158.091   -1.467 -160.955    1615538261781
01     8.621    2.600  -12.010 -133.264   31.280  -88.578    1615538261798
02     6.435    4.564  -15.033 -164.757   12.169 -164.329    1615538261798
01     8.736    2.380  -11.901 -127.384   28.090  -88.007    1615538261814
02     6.775    5.000  -15.294 -172.562   26.909 -169.944    1615538261814
01     8.810    2.252  -11.823 -123.304   25.761  -88.145    1615538261831
02     7.114    5.358  -15.411  177.226   39.163 -178.727    1615538261831
01     8.839    2.213  -11.757 -121.098   24.431  -88.555    1615538261848
02     7.387    5.646  -15.481  167.535   46.209  172.795    1615538261848
01     8.850    2.192  -11.696 -119.988   23.388  -88.903    1615538261864
02     7.664    5.895  -15.534  158.767   50.905  165.693    1615538261864
01     8.846    2.170  -11.653 -119.245   22.395  -89.290    1615538261881
02     7.904    6.091  -15.571  151.640   53.973  159.954    1615538261881
01     8.826    2.147  -11.642 -118.753   21.591  -89.614    1615538261898
02     8.082    6.247  -15.585  146.785   55.381  155.756    1615538261898
01     8.811    2.130  -11.648 -118.637   21.294  -89.782    1615538261915
02     8.186    6.379  -15.585  143.655   55.628  152.867    1615538261915
01     8.782    2.128  -11.678 -118.801   21.360  -89.832    1615538261931
02     8.273    6.467  -15.576  141.387   55.507  150.691    1615538261931
01     8.741    2.140  -11.726 -119.345   21.871  -89.603    1615538261948
02     8.328    6.526  -15.572  140.787   55.202  149.771    1615538261948
01     8.657    2.202  -11.810 -120.456   22.879  -89.500    1615538261965
02     8.334    6.550  -15.542  143.112   54.065  151.348    1615538261965
01     8.500    2.296  -11.962 -123.161   24.442  -89.348    1615538261982
02     8.337    6.440  -15.434  151.533   51.143  157.945    1615538261982
01     8.296    2.468  -12.199 -127.592   27.022  -89.296    1615538261998
02     8.424    6.294  -15.186  163.171   46.702  166.635    1615538261998
01     8.083    2.797  -12.544 -133.876   30.785  -89.822    1615538262014
02     8.527    6.174  -14.828  175.343   40.315  174.521    1615538262014
01     8.052    3.183  -12.750 -143.555   36.586  -92.052    1615538262030
02     8.660    6.064  -14.420 -173.506   33.657 -177.773    1615538262030
01     8.073    3.503  -12.887 -153.683   40.695  -96.373    1615538262047
02     8.970    6.233  -13.489 -161.975   25.946 -170.562    1615538262047
01     8.208    3.674  -12.854 -160.427   43.023 -100.608    1615538262064
02     8.416    5.290  -13.529 -152.364   -1.266 -159.846    1615538262064
01     8.281    3.794  -12.724 -161.411   42.843 -101.846    1615538262080
02     8.108    4.967  -13.490 -150.413  -11.376 -157.808    1615538262080
01     8.196    3.773  -12.691 -160.973   40.511 -100.726    1615538262097
02     7.920    4.781  -13.440 -150.940  -15.847 -155.994    1615538262097
01     8.118    3.705  -12.702 -160.912   39.268  -99.398    1615538262114
02     7.814    4.648  -13.421 -152.303  -17.340 -154.193    1615538262114
01     8.087    3.635  -12.718 -160.944   39.190  -98.549    1615538262130
02     7.773    4.569  -13.412 -153.354  -17.231 -153.040    1615538262131
01     8.101    3.575  -12.733 -160.765   39.635  -98.512    1615538262147
02     7.748    4.544  -13.417 -153.231  -16.779 -153.054    1615538262147
01     8.161    3.509  -12.735 -160.317   40.242  -99.092    1615538262164
02     7.762    4.522  -13.411 -152.228  -16.227 -153.659    1615538262164
01     8.225    3.471  -12.714 -159.432   40.502 -100.197    1615538262167
02     7.754    4.503  -13.404 -150.447  -16.340 -154.839    1615538262167
01     8.237    3.481  -12.684 -158.232   40.230 -100.954    1615538262183
02     7.713    4.447  -13.381 -148.660  -16.276 -156.066    1615538262183
01     8.342    3.425  -12.559 -155.251   40.197  -99.543    1615538262214
02     7.429    4.270  -13.582 -149.767  -13.878 -157.811    1615538262214
01     8.436    3.273  -12.400 -148.829   38.399  -96.133    1615538262230
02     6.769    4.299  -14.193 -153.493   -8.528 -160.633    1615538262230
01     8.564    2.950  -12.174 -140.145   34.621  -92.585    1615538262246
02     6.181    4.690  -14.956 -159.168   -0.214 -164.074    1615538262246
01     8.673    2.584  -12.017 -130.781   29.445  -90.948    1615538262261
02     6.219    5.229  -15.429 -167.486   13.026 -168.859    1615538262261
01     8.780    2.334  -11.901 -124.242   25.993  -91.249    1615538262277
02     6.723    5.678  -15.557 -179.628   31.136 -177.116    1615538262277
01     8.848    2.230  -11.827 -120.278   24.505  -92.190    1615538262292
02     7.124    6.009  -15.564  168.690   42.743  173.369    1615538262292
01     8.875    2.209  -11.759 -118.367   23.787  -92.750    1615538262308
02     7.436    6.230  -15.533  158.598   48.330  165.137    1615538262308
01     8.870    2.198  -11.712 -117.758   23.202  -93.141    1615538262324
02     7.698    6.363  -15.512  150.746   51.652  158.864    1615538262324
01     8.855    2.192  -11.680 -117.724   22.759  -93.329    1615538262339
02     7.862    6.464  -15.520  145.559   53.565  154.718    1615538262339
01     8.815    2.185  -11.678 -118.045   22.409  -93.466    1615538262355
02     7.999    6.531  -15.513  141.643   54.977  151.488    1615538262355
01     8.756    2.162  -11.728 -118.700   22.300  -93.595    1615538262371
02     8.113    6.589  -15.504  138.922   55.275  149.015    1615538262371
01     8.711    2.156  -11.804 -119.530   22.939  -93.441    1615538262386
02     8.184    6.671  -15.491  138.101   54.554  147.667    1615538262386
01     8.681    2.203  -11.877 -120.227   24.260  -93.184    1615538262402
02     8.251    6.762  -15.479  137.588   53.762  146.544    1615538262402
01     8.648    2.275  -11.943 -120.999   25.601  -92.761    1615538262417
02     8.308    6.804  -15.488  138.162   53.530  146.500    1615538262417
01     8.580    2.355  -12.020 -122.150   26.724  -92.338    1615538262433
02     8.347    6.821  -15.502  140.198   53.375  147.900    1615538262433
01     8.447    2.484  -12.134 -124.499   28.088  -91.954    1615538262464
02     8.367    6.722  -15.425  146.642   51.983  153.283    1615538262464
01     8.187    2.712  -12.385 -128.743   29.972  -91.626    1615538262480
02     8.499    6.460  -15.143  158.619   48.213  163.015    1615538262480
01     7.933    3.067  -12.776 -138.423   34.174  -92.261    1615538262496
02     8.857    6.255  -14.487  172.796   42.413  172.597    1615538262496
01     7.969    3.432  -13.005 -152.226   40.606  -96.480    1615538262511
02     9.019    6.124  -13.756 -169.888   32.166 -175.372    1615538262511
01     8.177    3.648  -13.067 -163.259   45.687 -102.106    1615538262527
02     8.540    5.560  -13.725 -153.954    8.342 -161.598    1615538262527
01     8.367    3.727  -13.027 -166.163   47.654 -104.419    1615538262542
02     8.261    5.134  -13.764 -151.711   -3.443 -158.900    1615538262542
01     8.441    3.727  -12.997 -165.315   47.046 -105.146    1615538262558
02     8.122    4.944  -13.754 -150.544   -7.236 -158.682    1615538262558
01     8.423    3.702  -13.019 -164.082   45.826 -105.721    1615538262581
02     8.036    4.819  -13.749 -149.464   -8.737 -158.888    1615538262581
01     8.370    3.700  -13.059 -163.655   45.221 -106.342    1615538262597
02     7.981    4.749  -13.754 -149.037   -8.956 -159.049    1615538262597
01     8.345    3.710  -13.067 -163.818   45.417 -106.782    1615538262614
02     7.927    4.702  -13.769 -149.176   -8.554 -159.066    1615538262614
01     8.439    3.665  -12.954 -162.809   46.344 -105.543    1615538262619
02     7.763    4.586  -13.864 -150.767   -7.077 -159.753    1615538262619
01     8.563    3.548  -12.721 -157.299   45.734 -101.701    1615538262634
02     7.150    4.505  -14.325 -154.437   -3.863 -162.603    1615538262634
01     8.660    3.321  -12.458 -147.623   42.339  -96.164    1615538262650
02     6.491    4.853  -15.039 -162.004    5.547 -167.179    1615538262650
01     8.701    3.018  -12.236 -138.168   36.951  -92.644    1615538262666
02     6.609    5.310  -15.442 -171.456   20.402 -171.858    1615538262681
01     8.725    2.637  -12.059 -130.815   31.573  -91.398    1615538262697
02     6.999    5.740  -15.564  178.943   33.375 -178.616    1615538262697
01     8.773    2.337  -11.936 -125.198   27.769  -91.561    1615538262713
02     7.375    6.021  -15.585  168.791   42.749  174.089    1615538262713
01     8.799    2.156  -11.889 -121.774   26.003  -92.577    1615538262728
02     7.636    6.200  -15.570  158.463   48.731  166.181    1615538262728
01     8.813    2.106  -11.879 -119.980   25.957  -93.468    1615538262744
02     7.812    6.350  -15.537  149.900   51.265  158.988    1615538262744
01     8.822    2.114  -11.883 -119.155   26.447  -93.968    1615538262759
02     7.947    6.466  -15.507  144.207   52.385  153.806    1615538262759
01     8.828    2.122  -11.890 -118.726   26.897  -94.213    1615538262775
02     8.064    6.576  -15.471  139.526   53.025  149.492    1615538262775
01     8.824    2.110  -11.920 -118.552   27.227  -94.382    1615538262791
02     8.169    6.668  -15.460  136.084   53.570  146.474    1615538262791
01     8.830    2.087  -11.962 -118.482   27.657  -94.465    1615538262806
02     8.278    6.734  -15.450  133.166   54.009  143.835    1615538262806
01     8.842    2.081  -12.017 -118.330   28.420  -94.618    1615538262822
02     8.354    6.824  -15.434  131.220   53.695  141.614    1615538262822
01     8.860    2.076  -12.074 -118.228   29.278  -94.801    1615538262847
02     8.415    6.914  -15.416  129.945   53.243  139.943    1615538262847
01     8.871    2.090  -12.124 -118.199   30.267  -94.923    1615538262864
02     8.479    6.937  -15.413  129.025   53.055  138.980    1615538262864
01     8.877    2.122  -12.162 -118.319   31.257  -94.907    1615538262881
02     8.566    6.951  -15.411  128.204   53.259  137.932    1615538262881
01     8.864    2.150  -12.198 -118.748   32.015  -94.810    1615538262897
02     8.629    6.973  -15.428  128.131   53.595  137.573    1615538262898
01     8.844    2.186  -12.227 -119.377   32.714  -94.753    1615538262914
02     8.650    6.995  -15.454  128.309   53.820  137.750    1615538262914
01     8.814    2.222  -12.257 -120.153   33.306  -94.822    1615538262931
02     8.633    7.001  -15.473  129.509   53.666  138.862    1615538262931
01     8.744    2.274  -12.308 -121.273   33.841  -95.187    1615538262947
02     8.505    6.923  -15.462  135.442   52.236  144.156    1615538262948
01     8.504    2.494  -12.463 -124.229   35.096  -96.140    1615538262964
02     8.475    6.643  -15.246  147.811   48.966  154.628    1615538262964
01     8.175    2.948  -12.661 -132.481   38.222  -97.887    1615538262981
02     8.702    6.321  -14.664  165.325   43.080  166.675    1615538262981
01     7.986    3.370  -12.796 -145.006   41.493 -100.605    1615538262998
02     8.891    6.176  -13.607 -170.836   30.647  179.823    1615538262998
