01    20.701   -1.933   -9.439   42.148   15.068   89.989    1598858240143
02    16.845   -5.421  -13.046 -121.590   57.630 -133.027    1598858240143
01    20.695   -1.924   -9.447   42.203   15.086   90.060    1598858240161
02    16.832   -5.425  -13.059 -121.799   57.633 -133.196    1598858240161
01    20.699   -1.900   -9.442   42.341   14.977   90.094    1598858240173
02    16.823   -5.430  -13.067 -121.959   57.611 -133.335    1598858240173
01    20.707   -1.887   -9.430   42.461   14.861   90.041    1598858240194
02    16.821   -5.439  -13.068 -121.987   57.588 -133.352    1598858240194
01    20.708   -1.887   -9.427   42.484   14.839   90.029    1598858240212
02    16.826   -5.444  -13.066 -121.927   57.611 -133.287    1598858240212
01    20.701   -1.885   -9.441   42.521   14.883   90.133    1598858240225
02    16.827   -5.444  -13.067 -121.890   57.626 -133.227    1598858240225
01    20.697   -1.901   -9.447   42.425   14.898   90.171    1598858240245
02    16.827   -5.447  -13.072 -121.931   57.644 -133.243    1598858240245
01    20.698   -1.903   -9.448   42.400   14.900   90.157    1598858240255
02    16.841   -5.446  -13.054 -121.736   57.781 -132.996    1598858240255
01    20.704   -1.901   -9.438   42.412   14.777   90.195    1598858240276
02    16.832   -5.434  -13.075 -121.987   57.773 -133.285    1598858240276
01    20.703   -1.892   -9.445   42.446   14.791   90.218    1598858240294
02    16.830   -5.436  -13.082 -122.011   57.806 -133.288    1598858240294
01    20.706   -1.902   -9.439   42.385   14.781   90.146    1598858240307
02    16.842   -5.427  -13.070 -121.874   57.899 -133.180    1598858240307
01    20.705   -1.941   -9.445   42.216   14.864   90.060    1598858240327
02    16.839   -5.439  -13.071 -121.903   57.858 -133.154    1598858240327
01    20.697   -1.949   -9.464   42.196   14.956   90.040    1598858240346
02    16.838   -5.446  -13.076 -121.961   57.871 -133.170    1598858240346
01    20.698   -1.912   -9.467   42.387   14.908   90.062    1598858240358
02    16.846   -5.444  -13.074 -121.898   57.889 -133.107    1598858240358
01    20.705   -1.896   -9.461   42.499   14.851   90.065    1598858240379
02    16.854   -5.447  -13.068 -121.793   57.922 -132.990    1598858240379
01    20.705   -1.896   -9.454   42.516   14.830   90.063    1598858240389
02    16.865   -5.441  -13.059 -121.618   58.050 -132.818    1598858240389
01    20.698   -1.895   -9.462   42.558   14.883   90.114    1598858240410
02    16.873   -5.443  -13.050 -121.572   58.141 -132.657    1598858240410
01    20.696   -1.901   -9.467   42.550   14.911   90.116    1598858240428
02    16.864   -5.442  -13.057 -121.858   58.147 -132.932    1598858240428
01    20.688   -1.891   -9.492   42.666   14.945   90.209    1598858240440
02    16.862   -5.448  -13.061 -121.867   58.171 -132.910    1598858240440
01    20.676   -1.898   -9.511   42.685   15.005   90.262    1598858240461
02    16.875   -5.446  -13.047 -121.535   58.249 -132.616    1598858240461
01    20.682   -1.899   -9.506   42.694   15.028   90.172    1598858240471
02    16.882   -5.441  -13.046 -121.414   58.241 -132.562    1598858240471
01    20.663   -1.863   -9.533   42.886   15.037   90.355    1598858240492
02    16.873   -5.454  -13.054 -121.618   58.154 -132.680    1598858240492
01    20.650   -1.883   -9.556   42.861   15.126   90.427    1598858240512
02    16.863   -5.451  -13.076 -121.879   58.142 -132.993    1598858240512
01    20.661   -1.880   -9.546   42.872   15.036   90.425    1598858240522
02    16.858   -5.447  -13.087 -121.976   58.174 -133.098    1598858240522
01    20.657   -1.890   -9.546   42.867   15.112   90.368    1598858240543
02    16.848   -5.462  -13.095 -122.092   58.164 -133.122    1598858240543
01    20.664   -1.889   -9.535   42.875   15.069   90.330    1598858240561
02    16.852   -5.450  -13.092 -121.914   58.225 -133.034    1598858240561
01    20.664   -1.918   -9.527   42.764   15.076   90.248    1598858240574
02    16.854   -5.453  -13.090 -121.838   58.180 -132.946    1598858240574
01    20.666   -1.948   -9.527   42.670   15.096   90.217    1598858240594
02    16.866   -5.439  -13.079 -121.626   58.270 -132.776    1598858240594
01    20.671   -1.953   -9.513   42.589   15.090   90.132    1598858240604
02    16.875   -5.426  -13.070 -121.503   58.344 -132.677    1598858240612
01    20.673   -1.930   -9.516   42.641   15.086   90.134    1598858240625
02    16.864   -5.439  -13.077 -121.668   58.319 -132.731    1598858240625
01    20.675   -1.915   -9.522   42.675   15.075   90.163    1598858240646
02    16.872   -5.419  -13.082 -121.654   58.442 -132.766    1598858240646
01    20.677   -1.906   -9.518   42.688   15.010   90.124    1598858240656
02    16.860   -5.409  -13.105 -121.903   58.466 -133.026    1598858240656
01    20.677   -1.909   -9.521   42.665   15.002   90.159    1598858240676
02    16.862   -5.405  -13.107 -122.031   58.611 -133.107    1598858240676
01    20.682   -1.909   -9.511   42.647   14.938   90.106    1598858240695
02    16.847   -5.402  -13.127 -122.465   58.674 -133.443    1598858240695
01    20.685   -1.922   -9.502   42.557   14.896   90.064    1598858240707
02    16.846   -5.378  -13.144 -122.654   58.702 -133.698    1598858240707
01    20.691   -1.913   -9.493   42.621   14.823   90.076    1598858240728
02    16.835   -5.367  -13.156 -122.818   58.780 -133.830    1598858240728
01    20.681   -1.890   -9.513   42.770   14.850   90.236    1598858240738
02    16.877   -5.336  -13.128 -122.400   58.982 -133.560    1598858240738
01    20.682   -1.896   -9.509   42.772   14.807   90.226    1598858240759
02    16.876   -5.364  -13.132 -122.448   58.922 -133.521    1598858240759
01    20.687   -1.884   -9.503   42.871   14.724   90.245    1598858240779
02    16.875   -5.393  -13.124 -122.409   58.907 -133.349    1598858240779
01    20.693   -1.885   -9.495   42.862   14.727   90.156    1598858240789
02    16.867   -5.413  -13.127 -122.473   58.833 -133.369    1598858240789
01    20.699   -1.874   -9.488   42.922   14.651   90.123    1598858240810
02    16.857   -5.409  -13.147 -122.598   58.796 -133.526    1598858240810
01    20.696   -1.891   -9.501   42.818   14.693   90.155    1598858240828
02    16.876   -5.386  -13.134 -122.342   58.938 -133.336    1598858240828
01    20.693   -1.909   -9.507   42.745   14.734   90.121    1598858240841
02    16.881   -5.368  -13.139 -122.264   58.961 -133.322    1598858240841
01    20.699   -1.900   -9.503   42.817   14.664   90.121    1598858240861
02    16.882   -5.373  -13.150 -122.383   58.947 -133.418    1598858240861
01    20.703   -1.871   -9.495   42.935   14.584   90.118    1598858240871
02    16.872   -5.371  -13.162 -122.477   58.922 -133.510    1598858240871
01    20.713   -1.880   -9.478   42.881   14.536   90.026    1598858240892
02    16.876   -5.367  -13.160 -122.425   58.903 -133.465    1598858240892
01    20.718   -1.898   -9.469   42.794   14.515   89.950    1598858240912
02    16.877   -5.375  -13.157 -122.401   58.910 -133.378    1598858240912
01    20.722   -1.902   -9.471   42.740   14.463   89.959    1598858240923
02    16.873   -5.385  -13.160 -122.480   58.902 -133.402    1598858240923
01    20.718   -1.905   -9.474   42.745   14.471   89.973    1598858240943
02    16.880   -5.387  -13.154 -122.346   58.949 -133.265    1598858240943
01    20.717   -1.897   -9.480   42.769   14.470   90.004    1598858240962
02    16.885   -5.392  -13.151 -122.308   58.979 -133.207    1598858240962
01    20.719   -1.897   -9.469   42.760   14.433   89.967    1598858240974
02    16.876   -5.402  -13.158 -122.392   58.945 -133.256    1598858240974
01    20.720   -1.894   -9.468   42.785   14.436   89.940    1598858240995
02    16.875   -5.409  -13.159 -122.382   58.945 -133.202    1598858240995
01    20.725   -1.878   -9.460   42.975   14.234   89.955    1598858241005
02    16.870   -5.399  -13.170 -122.455   58.926 -133.332    1598858241005
01    20.728   -1.867   -9.452   43.034   14.196   89.896    1598858241025
02    16.860   -5.394  -13.183 -122.580   58.919 -133.474    1598858241025
01    20.727   -1.893   -9.441   42.856   14.284   89.780    1598858241044
02    16.851   -5.404  -13.192 -122.631   58.862 -133.530    1598858241044
01    20.732   -1.892   -9.426   42.861   14.238   89.658    1598858241056
02    16.852   -5.383  -13.196 -122.625   58.879 -133.583    1598858241056
01    20.725   -1.888   -9.438   42.838   14.214   89.799    1598858241077
02    16.846   -5.379  -13.201 -122.682   58.822 -133.671    1598858241077
01    20.719   -1.890   -9.447   42.840   14.275   89.780    1598858241095
02    16.848   -5.363  -13.202 -122.571   58.726 -133.727    1598858241095
01    20.709   -1.880   -9.474   42.908   14.378   89.957    1598858241108
02    16.861   -5.357  -13.183 -122.227   58.678 -133.516    1598858241108
01    20.701   -1.882   -9.488   42.887   14.394   90.024    1598858241129
02    16.873   -5.357  -13.169 -122.009   58.663 -133.348    1598858241129
01    20.699   -1.869   -9.498   42.988   14.411   90.088    1598858241139
02    16.871   -5.368  -13.167 -122.051   58.593 -133.351    1598858241139
01    20.693   -1.851   -9.525   43.045   14.449   90.126    1598858241159
02    16.878   -5.366  -13.164 -121.786   58.639 -133.180    1598858241159
01    20.710   -1.859   -9.492   42.999   14.351   90.025    1598858241178
02    16.875   -5.382  -13.163 -121.804   58.518 -133.131    1598858241178
01    20.693   -1.907   -9.530   42.858   14.487   90.056    1598858241190
02    16.880   -5.398  -13.150 -121.562   58.445 -132.851    1598858241190
01    20.685   -1.912   -9.546   42.838   14.542   90.037    1598858241211
02    16.875   -5.419  -13.147 -121.658   58.323 -132.869    1598858241211
01    20.693   -1.912   -9.521   42.759   14.481   89.944    1598858241229
02    16.865   -5.425  -13.159 -121.730   58.227 -132.996    1598858241229
01    20.696   -1.875   -9.517   42.897   14.436   89.959    1598858241241
02    16.880   -5.419  -13.144 -121.581   58.282 -132.874    1598858241241
01    20.706   -1.847   -9.500   43.007   14.314   89.990    1598858241262
02    16.885   -5.417  -13.143 -121.576   58.259 -132.937    1598858241262
01    20.700   -1.841   -9.506   43.039   14.295   90.022    1598858241272
02    16.891   -5.430  -13.137 -121.519   58.229 -132.856    1598858241272
01    20.702   -1.847   -9.489   43.046   14.238   89.942    1598858241293
02    16.905   -5.453  -13.122 -121.220   58.142 -132.530    1598858241293
01    20.704   -1.863   -9.485   42.999   14.255   89.903    1598858241311
02    16.904   -5.460  -13.112 -121.089   58.168 -132.359    1598858241311
01    20.705   -1.879   -9.472   42.907   14.192   89.822    1598858241323
02    16.916   -5.439  -13.115 -121.006   58.232 -132.386    1598858241323
01    20.716   -1.870   -9.454   42.886   14.022   89.716    1598858241344
02    16.907   -5.459  -13.120 -121.026   58.167 -132.371    1598858241344
01    20.710   -1.887   -9.461   42.786   14.119   89.714    1598858241363
02    16.906   -5.445  -13.115 -120.963   58.161 -132.387    1598858241363
01    20.707   -1.883   -9.473   42.812   14.142   89.750    1598858241375
02    16.878   -5.455  -13.146 -121.104   57.961 -132.557    1598858241375
01    20.700   -1.851   -9.488   43.019   14.103   89.906    1598858241395
02    16.895   -5.466  -13.128 -120.839   57.936 -132.307    1598858241395
01    20.699   -1.856   -9.494   43.009   14.146   89.865    1598858241405
02    16.893   -5.453  -13.136 -120.723   57.897 -132.302    1598858241405
01    20.700   -1.844   -9.491   43.031   14.063   89.839    1598858241426
02    16.875   -5.444  -13.159 -120.958   57.858 -132.548    1598858241426
01    20.707   -1.857   -9.486   42.926   14.055   89.751    1598858241444
02    16.872   -5.455  -13.164 -121.092   57.885 -132.591    1598858241444
01    20.705   -1.865   -9.492   42.878   14.046   89.745    1598858241457
02    16.864   -5.451  -13.180 -121.237   57.855 -132.764    1598858241457
01    20.701   -1.866   -9.502   42.823   14.042   89.760    1598858241478
02    16.870   -5.465  -13.171 -121.120   57.820 -132.587    1598858241478
01    20.703   -1.870   -9.503   42.807   14.021   89.749    1598858241496
02    16.874   -5.456  -13.170 -120.987   57.796 -132.530    1598858241496
01    20.711   -1.889   -9.480   42.639   13.872   89.558    1598858241508
02    16.875   -5.452  -13.178 -121.042   57.781 -132.594    1598858241508
01    20.725   -1.853   -9.460   42.910   13.637   89.548    1598858241529
02    16.870   -5.469  -13.179 -121.078   57.708 -132.551    1598858241529
01    20.726   -1.856   -9.456   42.850   13.663   89.556    1598858241539
02    16.871   -5.441  -13.196 -121.105   57.775 -132.711    1598858241539
01    20.726   -1.845   -9.465   42.919   13.663   89.685    1598858241560
02    16.888   -5.438  -13.171 -120.840   57.832 -132.442    1598858241560
01    20.728   -1.833   -9.470   42.976   13.692   89.688    1598858241578
02    16.910   -5.421  -13.152 -120.610   57.944 -132.224    1598858241578
01    20.723   -1.856   -9.475   42.829   13.794   89.611    1598858241590
02    16.911   -5.444  -13.141 -120.597   57.866 -132.102    1598858241590
01    20.720   -1.885   -9.466   42.667   13.819   89.514    1598858241611
02    16.908   -5.440  -13.153 -120.617   57.870 -132.155    1598858241611
01    20.721   -1.863   -9.471   42.759   13.850   89.533    1598858241621
02    16.894   -5.442  -13.169 -120.741   57.802 -132.298    1598858241621
01    20.720   -1.876   -9.476   42.675   13.853   89.548    1598858241642
02    16.890   -5.447  -13.178 -120.843   57.804 -132.375    1598858241642
01    20.729   -1.877   -9.469   42.635   13.772   89.470    1598858241662
02    16.888   -5.465  -13.180 -120.964   57.794 -132.402    1598858241662
01    20.729   -1.884   -9.477   42.595   13.798   89.476    1598858241673
02    16.890   -5.469  -13.180 -120.900   57.793 -132.313    1598858241673
01    20.731   -1.880   -9.471   42.621   13.747   89.471    1598858241693
02    16.892   -5.450  -13.190 -120.962   57.855 -132.454    1598858241693
01    20.730   -1.862   -9.482   42.690   13.758   89.531    1598858241712
02    16.888   -5.437  -13.198 -121.059   57.865 -132.585    1598858241712
01    20.738   -1.845   -9.465   42.756   13.614   89.504    1598858241724
02    16.887   -5.426  -13.207 -121.114   57.901 -132.678    1598858241724
01    20.747   -1.829   -9.448   42.856   13.569   89.454    1598858241745
02    16.904   -5.420  -13.191 -120.993   57.983 -132.534    1598858241745
01    20.747   -1.849   -9.449   42.753   13.580   89.442    1598858241755
02    16.915   -5.407  -13.180 -120.886   58.049 -132.476    1598858241755
01    20.747   -1.840   -9.453   42.813   13.571   89.464    1598858241776
02    16.912   -5.402  -13.183 -120.926   58.055 -132.529    1598858241776
01    20.752   -1.843   -9.451   42.824   13.555   89.444    1598858241794
02    16.906   -5.415  -13.191 -120.980   57.972 -132.578    1598858241794
01    20.756   -1.868   -9.436   42.723   13.519   89.353    1598858241807
02    16.914   -5.402  -13.187 -120.810   58.017 -132.499    1598858241807
01    20.753   -1.885   -9.451   42.658   13.547   89.399    1598858241827
02    16.922   -5.406  -13.174 -120.706   57.998 -132.367    1598858241827
01    20.751   -1.885   -9.462   42.642   13.527   89.475    1598858241846
02    16.923   -5.427  -13.167 -120.719   57.946 -132.295    1598858241846
01    20.755   -1.929   -9.455   42.517   13.525   89.386    1598858241858
02    16.929   -5.432  -13.164 -120.653   57.930 -132.216    1598858241858
01    20.753   -1.910   -9.468   42.576   13.546   89.433    1598858241878
02    16.932   -5.436  -13.162 -120.647   57.895 -132.194    1598858241878
01    20.750   -1.905   -9.472   42.632   13.544   89.439    1598858241889
02    16.924   -5.428  -13.181 -120.834   57.868 -132.439    1598858241889
01    20.755   -1.890   -9.472   42.687   13.476   89.469    1598858241910
02    16.927   -5.442  -13.176 -120.825   57.838 -132.365    1598858241910
01    20.753   -1.881   -9.481   42.734   13.459   89.548    1598858241928
02    16.919   -5.442  -13.194 -121.027   57.841 -132.556    1598858241928
01    20.750   -1.871   -9.493   42.797   13.481   89.602    1598858241940
02    16.921   -5.455  -13.191 -120.995   57.839 -132.488    1598858241940
01    20.749   -1.873   -9.504   42.812   13.521   89.673    1598858241961
02    16.930   -5.458  -13.182 -120.923   57.896 -132.391    1598858241961
01    20.752   -1.860   -9.509   42.890   13.534   89.686    1598858241971
02    16.935   -5.456  -13.182 -120.891   57.891 -132.368    1598858241971
01    20.756   -1.888   -9.506   42.757   13.568   89.657    1598858241992
02    16.926   -5.462  -13.199 -121.077   57.857 -132.507    1598858241992
01    20.753   -1.908   -9.510   42.721   13.626   89.634    1598858242012
02    16.928   -5.460  -13.201 -121.059   57.890 -132.492    1598858242012
01    20.751   -1.913   -9.524   42.667   13.625   89.635    1598858242022
02    16.941   -5.466  -13.188 -120.908   57.906 -132.336    1598858242022
01    20.750   -1.911   -9.529   42.658   13.645   89.644    1598858242043
02    16.940   -5.477  -13.189 -120.991   57.865 -132.372    1598858242043
01    20.752   -1.907   -9.527   42.694   13.623   89.645    1598858242062
02    16.928   -5.477  -13.203 -121.138   57.812 -132.532    1598858242062
01    20.756   -1.889   -9.520   42.790   13.586   89.644    1598858242074
02    16.929   -5.479  -13.198 -121.082   57.823 -132.481    1598858242074
01    20.753   -1.886   -9.526   42.837   13.612   89.703    1598858242095
02    16.930   -5.471  -13.192 -121.062   57.844 -132.485    1598858242095
01    20.753   -1.904   -9.521   42.789   13.632   89.673    1598858242105
02    16.925   -5.464  -13.195 -121.143   57.824 -132.602    1598858242105
01    20.758   -1.894   -9.506   42.828   13.568   89.653    1598858242125
02    16.926   -5.460  -13.191 -121.113   57.837 -132.595    1598858242125
01    20.758   -1.885   -9.499   42.890   13.515   89.687    1598858242144
02    16.927   -5.457  -13.194 -121.182   57.850 -132.688    1598858242144
01    20.757   -1.908   -9.492   42.810   13.564   89.640    1598858242156
02    16.935   -5.462  -13.182 -121.053   57.894 -132.546    1598858242156
01    20.763   -1.908   -9.483   42.795   13.521   89.620    1598858242177
02    16.941   -5.461  -13.178 -120.941   57.921 -132.457    1598858242177
01    20.759   -1.897   -9.503   42.849   13.575   89.691    1598858242195
02    16.943   -5.462  -13.181 -120.965   57.926 -132.468    1598858242195
01    20.756   -1.915   -9.506   42.777   13.626   89.660    1598858242207
02    16.949   -5.452  -13.180 -120.892   57.939 -132.454    1598858242207
01    20.759   -1.904   -9.513   42.827   13.641   89.663    1598858242228
02    16.947   -5.461  -13.180 -120.900   57.885 -132.414    1598858242228
01    20.754   -1.943   -9.523   42.632   13.723   89.616    1598858242238
02    16.942   -5.456  -13.192 -120.924   57.856 -132.509    1598858242238
01    20.755   -1.950   -9.516   42.587   13.658   89.581    1598858242259
02    16.936   -5.481  -13.194 -121.050   57.813 -132.525    1598858242259
01    20.762   -1.943   -9.501   42.615   13.616   89.531    1598858242278
02    16.941   -5.477  -13.188 -121.044   57.859 -132.517    1598858242278
01    20.771   -1.942   -9.481   42.626   13.537   89.500    1598858242290
02    16.945   -5.482  -13.187 -121.014   57.853 -132.453    1598858242290
01    20.779   -1.936   -9.463   42.640   13.481   89.443    1598858242310
02    16.948   -5.483  -13.184 -121.014   57.891 -132.429    1598858242310
01    20.775   -1.933   -9.474   42.645   13.531   89.498    1598858242329
02    16.943   -5.490  -13.187 -121.098   57.856 -132.483    1598858242329
01    20.765   -1.952   -9.493   42.620   13.657   89.467    1598858242342
02    16.937   -5.512  -13.193 -121.147   57.769 -132.514    1598858242342
01    20.756   -1.925   -9.506   42.833   13.667   89.492    1598858242362
02    16.964   -5.494  -13.163 -120.818   57.805 -132.296    1598858242362
01    20.750   -1.906   -9.506   43.096   13.606   89.464    1598858242373
02    16.968   -5.514  -13.162 -120.752   57.711 -132.200    1598858242373
01    20.745   -1.880   -9.495   43.886   13.465   89.284    1598858242393
02    16.980   -5.516  -13.165 -120.364   57.640 -131.899    1598858242393
01    20.730   -1.858   -9.474   44.871   13.556   88.806    1598858242412
02    17.004   -5.562  -13.174 -119.342   57.502 -130.688    1598858242412
01    20.664   -1.765   -9.510   46.903   14.097   88.781    1598858242424
02    17.056   -5.564  -13.217 -117.435   57.991 -128.780    1598858242424
01    20.461   -1.668   -9.699   50.008   16.403   89.524    1598858242445
02    17.080   -5.355  -13.434 -118.002   61.114 -128.782    1598858242445
01    20.090   -1.643  -10.068   55.294   21.153   91.243    1598858242455
02    17.151   -4.358  -13.877 -130.015   72.758 -137.646    1598858242463
01    19.591   -1.785  -10.513   62.977   27.853   95.481    1598858242475
02    17.422   -2.212  -13.821  117.070   76.128  112.067    1598858242475
01    19.100   -2.182  -10.942   72.269   35.719  103.597    1598858242496
02    17.702   -1.447  -12.789   92.672   49.211   95.301    1598858242496
01    18.660   -2.674  -11.113   85.088   42.933  115.971    1598858242506
02    18.237   -0.990  -11.859   82.207   20.563   93.588    1598858242506
01    18.369   -2.408  -11.414   99.884   43.524  129.002    1598858242527
02    17.933   -1.705  -12.043   79.000   13.080   98.399    1598858242527
01    18.251   -2.319  -11.474  105.416   42.415  133.550    1598858242545
02    17.781   -2.008  -12.101   81.002   13.492   98.259    1598858242545
01    18.133   -2.303  -11.569  107.746   41.189  135.426    1598858242557
02    17.744   -2.010  -12.135   83.594   13.147   96.885    1598858242557
01    18.072   -2.287  -11.649  108.335   41.087  135.798    1598858242578
02    17.753   -1.944  -12.167   85.011   12.942   94.904    1598858242578
01    18.018   -2.315  -11.785  107.455   41.611  135.815    1598858242588
02    17.839   -1.693  -12.192   85.860   12.480   91.741    1598858242588
01    18.021   -2.407  -11.887  104.498   42.841  135.530    1598858242609
02    18.023   -1.500  -12.134   83.958   11.945   87.481    1598858242609
01    18.143   -2.461  -11.898   99.739   44.594  133.632    1598858242628
02    18.160   -1.512  -12.139   80.080   11.204   85.187    1598858242628
01    18.360   -2.310  -11.848   95.370   46.057  130.164    1598858242640
02    18.098   -1.617  -12.497   78.682   17.798   86.765    1598858242640
01    18.888   -1.976  -11.508   83.907   43.937  119.433    1598858242661
02    17.658   -2.361  -13.103   80.209   33.550   92.283    1598858242661
01    19.895   -1.848  -10.348   64.599   35.158  100.754    1598858242679
02    17.179   -3.743  -13.351   89.104   58.325  102.434    1598858242679
01    20.434   -2.330   -9.855   47.599   26.535   90.062    1598858242692
02    16.806   -5.210  -13.300  138.815   78.716  149.752    1598858242692
01    20.735   -2.666   -9.696   36.167   20.125   84.974    1598858242712
02    16.794   -6.162  -12.956 -130.160   69.318 -122.938    1598858242712
01    20.898   -2.742   -9.622   31.401   16.671   82.212    1598858242722
02    16.877   -6.363  -12.805 -118.070   57.317 -113.670    1598858242722
01    20.900   -2.667   -9.670   31.285   15.834   81.282    1598858242743
02    16.886   -6.638  -12.790 -116.738   50.846 -112.696    1598858242743
01    20.840   -2.547   -9.727   33.507   16.131   81.004    1598858242761
02    16.854   -6.716  -12.989 -116.169   49.005 -113.223    1598858242761
01    20.639   -2.382  -10.027   37.459   18.824   82.822    1598858242774
02    16.827   -6.361  -13.417 -117.925   54.118 -114.322    1598858242774
01    20.249   -2.394  -10.467   43.343   24.616   86.432    1598858242794
02    17.187   -5.136  -13.767 -122.228   71.579 -116.630    1598858242794
01    19.759   -2.520  -10.887   52.854   32.432   93.467    1598858242804
02    17.766   -3.610  -13.513   76.181   80.221   82.296    1598858242812
01    19.273   -2.804  -11.119   65.718   41.042  104.284    1598858242825
02    17.848   -2.750  -13.045   79.414   55.607   89.251    1598858242825
01    18.732   -2.867  -11.428   83.976   46.449  119.982    1598858242845
02    17.698   -2.813  -12.841   75.695   34.458   94.820    1598858242845
01    18.310   -2.771  -11.742   97.644   47.885  130.987    1598858242856
02    17.664   -2.706  -12.644   78.143   29.172   95.842    1598858242856
01    18.080   -2.644  -11.955  104.120   47.292  135.912    1598858242877
02    17.682   -2.600  -12.486   80.334   27.155   95.585    1598858242877
01    18.010   -2.644  -12.035  104.825   46.957  136.410    1598858242895
02    17.741   -2.469  -12.395   81.794   25.940   94.790    1598858242895
01    18.039   -2.648  -12.060  102.876   47.287  135.051    1598858242908
02    17.812   -2.261  -12.393   82.487   24.832   93.819    1598858242908
01    18.160   -2.636  -12.081   98.789   47.684  132.341    1598858242928
02    18.045   -1.932  -12.313   81.394   23.234   91.843    1598858242928
01    18.374   -2.672  -12.043   92.575   48.268  128.326    1598858242939
02    18.426   -1.495  -12.084   78.499   19.836   91.213    1598858242939
01    18.787   -2.516  -11.827   84.703   48.244  121.232    1598858242959
02    18.511   -1.536  -12.202   74.129   15.673   95.493    1598858242959
01    19.497   -2.255  -11.233   71.423   44.364  108.482    1598858242977
02    18.162   -1.716  -12.910   72.350   18.600   99.884    1598858242979
01    20.466   -2.338  -10.067   54.688   34.932   93.759    1598858242990
02    17.391   -3.306  -13.345   76.408   39.884  105.206    1598858242990
01    20.900   -2.688   -9.744   40.281   25.740   85.933    1598858243011
02    17.014   -4.390  -13.455   99.837   66.466  120.820    1598858243011
01    21.053   -2.816   -9.759   32.716   20.325   82.262    1598858243021
02    16.920   -5.540  -13.270 -161.024   76.632 -147.023    1598858243021
01    20.983   -2.644   -9.959   32.815   19.792   81.389    1598858243042
02    17.066   -6.143  -13.199 -119.746   61.917 -113.416    1598858243042
01    20.635   -2.539  -10.404   37.432   23.784   84.014    1598858243063
02    17.240   -5.949  -13.402 -114.433   61.294 -109.322    1598858243063
01    20.068   -2.567  -10.913   46.570   31.070   90.602    1598858243073
02    17.810   -4.835  -13.424 -107.406   74.544 -101.623    1598858243073
01    19.516   -2.865  -11.185   59.684   40.005  100.718    1598858243093
02    18.201   -3.398  -13.298   62.770   81.688   67.909    1598858243093
01    19.061   -3.088  -11.325   75.914   48.176  115.018    1598858243112
02    18.290   -2.762  -12.819   77.292   56.834   87.162    1598858243112
01    18.618   -2.932  -11.596   94.796   49.687  130.514    1598858243122
02    18.134   -2.742  -12.728   77.507   44.464   91.084    1598858243122
01    18.271   -2.859  -11.831  104.479   48.655  138.542    1598858243145
02    18.096   -2.690  -12.584   78.597   38.669   91.037    1598858243145
01    18.030   -2.851  -12.012  108.501   47.793  141.752    1598858243155
02    18.080   -2.683  -12.479   79.198   35.713   89.943    1598858243155
01    17.889   -2.863  -12.156  108.950   47.299  142.259    1598858243175
02    18.086   -2.624  -12.431   79.612   33.592   88.805    1598858243175
01    17.865   -2.865  -12.253  106.599   47.312  140.888    1598858243196
02    18.156   -2.449  -12.391   79.388   31.252   87.813    1598858243196
01    18.132   -2.774  -12.126  100.959   47.896  136.137    1598858243206
02    18.329   -2.225  -12.231   77.046   27.065   88.563    1598858243206
01    18.576   -2.543  -11.956   91.818   48.394  127.044    1598858243224
02    18.597   -2.000  -11.803   72.895   16.651   92.043    1598858243224
01    19.402   -2.442  -11.112   74.502   44.975  109.931    1598858243240
02    18.100   -2.260  -12.651   68.875   19.413  100.290    1598858243240
01    20.074   -2.794  -10.332   56.206   37.854   95.708    1598858243255
02    17.258   -3.746  -13.143   74.044   44.443  106.234    1598858243255
01    20.519   -3.049   -9.928   39.529   27.242   86.146    1598858243271
02    16.980   -4.890  -13.122  100.559   73.967  123.083    1598858243271
01    20.823   -3.156   -9.637   30.332   18.902   81.486    1598858243287
02    16.967   -6.014  -12.917 -138.079   76.644 -124.931    1598858243287
01    20.874   -3.123   -9.642   27.404   15.327   80.204    1598858243302
02    17.034   -6.159  -12.946 -117.112   65.878 -110.274    1598858243302
01    20.767   -2.907   -9.837   29.018   15.619   80.630    1598858243324
02    16.990   -6.392  -13.064 -112.569   58.509 -108.141    1598858243324
01    20.441   -2.738  -10.256   34.067   19.822   82.992    1598858243340
02    17.162   -5.656  -13.389 -110.326   63.791 -106.807    1598858243340
01    19.849   -2.773  -10.855   42.915   28.550   88.926    1598858243356
02    17.500   -4.033  -13.476 -114.825   81.104 -110.814    1598858243356
01    19.200   -3.100  -11.217   56.763   39.774   99.900    1598858243371
02    17.629   -3.020  -13.088   90.951   74.454   97.097    1598858243371
01    18.897   -3.117  -11.033   75.812   48.411  112.968    1598858243387
02    17.452   -2.808  -12.981   83.768   51.718   97.776    1598858243387
01    18.353   -3.004  -11.418   97.586   50.867  132.488    1598858243403
02    17.346   -2.706  -12.819   84.307   41.770   99.200    1598858243403
01    17.906   -2.860  -11.791  109.301   48.964  142.088    1598858243427
02    17.299   -2.690  -12.685   85.033   36.014   98.990    1598858243427
01    17.596   -2.824  -12.020  114.344   47.622  145.430    1598858243445
02    17.299   -2.622  -12.580   86.432   32.313   97.593    1598858243445
01    17.413   -2.884  -12.196  114.487   47.499  145.601    1598858243458
02    17.329   -2.466  -12.555   87.564   29.473   95.615    1598858243458
01    17.435   -2.887  -12.276  110.880   47.937  143.304    1598858243478
02    17.488   -2.157  -12.472   87.038   26.663   92.518    1598858243478
01    17.613   -2.865  -12.311  104.465   48.541  139.567    1598858243489
02    17.900   -1.517  -12.170   84.110   22.076   90.506    1598858243489
01    17.969   -2.784  -12.226   95.845   49.687  133.118    1598858243508
02    18.103   -1.473  -12.075   78.650   17.423   93.215    1598858243508
01    18.746   -2.491  -11.633   80.480   47.343  119.038    1598858243528
02    17.703   -1.755  -12.822   75.541   20.146   99.621    1598858243528
01    19.678   -2.599  -10.537   59.613   39.624  101.026    1598858243541
02    17.034   -3.195  -13.173   80.962   41.926  105.467    1598858243541
01    20.187   -2.892  -10.071   42.493   30.153   90.526    1598858243559
02    16.693   -4.627  -13.200  115.678   72.506  130.514    1598858243559
01    20.476   -3.037   -9.899   32.172   22.412   85.201    1598858243579
02    16.768   -5.629  -13.015 -147.129   76.307 -140.737    1598858243579
01    20.586   -3.060   -9.877   28.666   18.808   82.780    1598858243592
02    16.904   -5.945  -12.914 -118.919   66.180 -116.771    1598858243592
01    20.505   -2.904  -10.056   30.150   18.994   82.377    1598858243612
02    17.009   -6.060  -13.037 -110.492   59.704 -111.027    1598858243612
01    20.206   -2.837  -10.461   34.584   23.095   84.478    1598858243622
02    17.285   -5.445  -13.237 -106.000   65.217 -106.155    1598858243622
01    19.704   -2.947  -10.970   42.592   30.932   89.614    1598858243643
02    17.722   -4.076  -13.265  -92.501   82.112  -91.725    1598858243643
01    19.174   -3.277  -11.253   55.139   40.859   99.404    1598858243661
02    17.837   -3.107  -13.148   77.698   75.717   80.660    1598858243661
01    18.770   -3.321  -11.341   73.373   48.439  113.675    1598858243674
02    17.851   -3.045  -12.762   78.472   56.026   87.273    1598858243674
01    18.333   -3.182  -11.701   90.853   50.262  128.843    1598858243694
02    17.807   -2.850  -12.641   79.359   45.940   90.616    1598858243694
01    18.004   -3.144  -11.960   99.379   50.048  136.224    1598858243703
02    17.779   -2.839  -12.515   79.441   40.644   91.610    1598858243713
01    17.797   -3.158  -12.119  103.503   50.137  139.529    1598858243725
02    17.753   -2.822  -12.455   80.110   37.248   91.867    1598858243725
01    17.688   -3.163  -12.243  104.161   50.265  139.924    1598858243746
02    17.784   -2.719  -12.422   80.758   34.426   91.076    1598858243746
01    17.756   -3.085  -12.288  100.973   50.308  137.329    1598858243756
02    17.918   -2.477  -12.358   79.994   31.187   89.273    1598858243756
01    17.953   -3.106  -12.230   95.094   50.818  133.045    1598858243776
02    18.220   -2.158  -12.118   77.070   26.332   89.323    1598858243776
01    18.358   -3.037  -12.075   86.189   51.405  125.024    1598858243795
02    18.441   -2.010  -11.912   73.148   19.050   92.388    1598858243795
01    19.138   -2.922  -11.336   69.773   47.891  109.242    1598858243807
02    18.141   -2.005  -12.620   70.656   19.721   99.282    1598858243807
01    19.985   -3.225  -10.322   50.583   39.360   93.475    1598858243828
02    17.310   -3.514  -13.138   76.229   46.626  105.927    1598858243828
01    20.552   -3.503   -9.838   34.050   28.022   84.539    1598858243838
02    16.944   -4.692  -13.272  119.098   77.273  137.955    1598858243846
01    20.794   -3.578   -9.684   25.272   19.749   80.886    1598858243858
02    16.959   -5.725  -13.073 -130.411   73.600 -120.185    1598858243858
01    20.763   -3.366   -9.882   24.510   17.374   80.370    1598858243877
02    17.035   -5.912  -13.117 -114.720   65.208 -109.225    1598858243877
01    20.531   -3.037  -10.226   29.182   19.129   82.051    1598858243890
02    17.268   -5.610  -13.244 -108.975   65.690 -104.785    1598858243890
01    20.051   -2.921  -10.743   36.829   25.431   86.092    1598858243910
02    17.748   -4.434  -13.237  -96.342   76.677  -92.883    1598858243910
01    19.398   -3.114  -11.248   48.329   35.408   94.607    1598858243930
02    18.077   -3.139  -13.065   52.341   82.089   55.125    1598858243930
01    18.885   -3.432  -11.366   63.933   45.821  107.572    1598858243942
02    18.182   -2.525  -12.763   73.451   60.603   80.444    1598858243942
01    18.363   -3.125  -11.733   86.417   48.731  125.684    1598858243960
02    18.064   -2.467  -12.692   75.153   48.703   85.603    1598858243960
01    18.018   -2.940  -11.970   98.099   47.996  135.111    1598858243973
02    17.982   -2.360  -12.633   77.225   40.574   87.360    1598858243973
01    17.779   -2.864  -12.143  103.126   47.438  139.305    1598858243993
02    17.934   -2.253  -12.573   79.061   35.302   87.203    1598858243993
01    17.629   -2.863  -12.243  104.511   47.237  140.790    1598858244011
02    17.912   -2.130  -12.533   80.238   31.719   86.321    1598858244011
01    17.579   -2.802  -12.355  102.978   47.072  140.289    1598858244024
02    17.977   -1.880  -12.461   79.968   28.341   85.000    1598858244024
01    17.744   -2.830  -12.309   97.819   47.563  137.164    1598858244044
02    18.230   -1.523  -12.193   77.103   23.152   85.934    1598858244044
01    18.148   -2.775  -12.142   89.485   48.823  130.153    1598858244055
02    18.402   -1.486  -11.968   72.525   16.220   90.647    1598858244055
01    18.953   -2.665  -11.405   73.746   46.431  115.273    1598858244075
02    18.145   -1.565  -12.544   68.645   16.393   98.047    1598858244075
01    19.816   -2.933  -10.356   54.507   39.063   99.023    1598858244096
02    17.312   -2.933  -13.082   72.876   41.568  104.892    1598858244096
01    20.331   -3.281   -9.961   36.869   29.183   88.915    1598858244106
02    16.891   -4.149  -13.239  105.487   73.578  127.623    1598858244106
01    20.557   -3.291   -9.890   28.472   22.006   84.407    1598858244126
02    16.810   -5.512  -13.009 -141.120   76.258 -126.365    1598858244126
01    20.488   -3.112  -10.151   28.407   20.858   83.679    1598858244145
02    16.918   -5.842  -13.036 -118.466   66.579 -108.808    1598858244145
01    20.186   -2.905  -10.562   33.465   24.091   85.722    1598858244157
02    17.115   -5.682  -13.207 -113.126   65.441 -104.729    1598858244157
01    19.629   -2.928  -11.073   42.727   31.510   91.791    1598858244177
02    17.635   -4.512  -13.239 -103.819   75.499  -96.316    1598858244177
01    19.074   -3.175  -11.378   55.783   40.299  101.844    1598858244196
02    17.913   -2.975  -13.128   67.530   84.243   73.898    1598858244196
01    18.642   -3.086  -11.577   73.052   46.729  114.740    1598858244208
02    18.021   -2.612  -12.689   76.582   62.738   87.297    1598858244208
01    18.265   -2.980  -11.842   87.033   49.287  126.275    1598858244228
02    17.924   -2.422  -12.649   77.537   50.585   91.461    1598858244228
01    18.005   -2.979  -12.032   94.676   49.976  133.082    1598858244239
02    17.859   -2.458  -12.567   77.497   43.129   93.178    1598858244239
01    17.832   -2.997  -12.153   98.128   50.342  136.058    1598858244259
02    17.826   -2.436  -12.514   78.253   37.698   94.141    1598858244259
01    17.735   -3.013  -12.255   99.047   50.376  137.113    1598858244278
02    17.846   -2.350  -12.477   78.865   33.656   94.187    1598858244278
01    17.788   -3.009  -12.258   97.166   50.290  135.987    1598858244290
02    17.944   -2.179  -12.402   78.584   29.678   93.849    1598858244290
01    18.046   -2.886  -12.184   92.874   50.103  132.049    1598858244310
02    18.226   -1.860  -12.122   75.906   23.226   94.096    1598858244310
01    18.625   -2.793  -11.791   81.744   49.670  120.827    1598858244329
02    18.698   -1.744  -11.539   68.515    8.996   96.455    1598858244329
01    19.286   -2.929  -11.157   65.885   46.233  106.239    1598858244341
02    18.301   -1.794  -12.427   64.379   15.281  105.047    1598858244341
01    20.027   -3.176  -10.351   47.026   36.687   91.799    1598858244362
02    17.431   -3.230  -13.179   71.566   47.054  109.476    1598858244362
01    20.400   -3.196  -10.101   36.107   26.962   85.764    1598858244372
02    17.188   -4.392  -13.192  112.748   80.994  137.470    1598858244372
01    20.474   -3.156  -10.140   32.669   22.132   84.069    1598858244390
02    17.255   -5.547  -12.858 -114.532   70.810  -99.210    1598858244390
01    20.208   -3.019  -10.578   35.592   23.787   86.292    1598858244411
02    17.384   -5.753  -12.858 -105.272   62.882  -94.986    1598858244411
01    19.786   -2.963  -10.994   42.499   28.444   91.111    1598858244423
02    17.642   -5.410  -12.958 -100.323   65.750  -91.184    1598858244423
01    19.291   -3.084  -11.290   53.445   35.244   99.208    1598858244444
02    17.938   -4.306  -13.109  -85.052   78.703  -77.622    1598858244444
01    18.818   -3.267  -11.524   66.958   43.084  110.502    1598858244462
02    18.107   -3.166  -12.943   70.442   77.698   77.963    1598858244462
01    18.375   -3.258  -11.800   82.585   47.703  124.270    1598858244474
02    17.995   -2.721  -13.020   78.404   55.141   94.342    1598858244474
01    18.048   -3.150  -12.087   92.967   48.944  133.319    1598858244495
02    18.003   -2.537  -12.881   78.252   45.423   95.510    1598858244495
01    17.833   -3.087  -12.265   97.788   49.031  137.532    1598858244505
02    18.016   -2.442  -12.763   78.033   39.620   95.664    1598858244505
01    17.729   -3.072  -12.343   99.282   48.912  139.045    1598858244525
02    18.031   -2.373  -12.660   77.918   35.217   95.812    1598858244525
01    17.692   -3.063  -12.392   98.934   48.694  139.215    1598858244544
02    18.071   -2.276  -12.549   77.672   31.630   95.680    1598858244544
01    17.796   -2.954  -12.369   96.481   48.171  137.447    1598858244556
02    18.159   -2.126  -12.397   76.679   27.685   96.254    1598858244556
01    18.149   -2.761  -12.251   91.058   47.995  131.591    1598858244577
02    18.492   -1.703  -11.792   73.898   17.485   96.558    1598858244577
01    18.767   -2.796  -11.747   78.190   47.677  118.976    1598858244595
02    18.840   -1.327  -11.437   64.986   -4.969  104.057    1598858244595
01    19.397   -2.966  -11.101   63.059   44.196  105.645    1598858244608
02    18.299   -1.492  -12.372   61.204    8.300  111.790    1598858244608
01    19.925   -3.057  -10.606   46.022   35.342   93.599    1598858244628
02    17.081   -3.016  -13.540   70.545   42.047  117.330    1598858244628
01    20.205   -2.957  -10.362   38.550   26.951   89.366    1598858244638
02    16.950   -4.140  -13.460  100.078   74.985  130.445    1598858244638
01    20.073   -2.849  -10.603   39.001   25.419   90.805    1598858244659
02    17.027   -5.582  -13.013 -124.892   73.376 -103.805    1598858244659
01    19.754   -2.781  -10.918   44.124   27.617   94.856    1598858244677
02    17.160   -5.721  -13.092 -109.817   63.703  -96.702    1598858244677
01    19.341   -2.854  -11.222   51.581   32.064  101.004    1598858244690
02    17.341   -5.363  -13.239 -106.906   67.421  -94.883    1598858244690
01    18.943   -2.973  -11.378   61.780   37.209  108.778    1598858244710
02    17.591   -4.050  -13.353 -101.514   83.417  -91.711    1598858244710
01    18.546   -3.099  -11.609   72.781   42.982  118.317    1598858244729
02    17.966   -2.884  -12.860   76.429   71.652   87.485    1598858244729
01    18.207   -3.096  -11.882   83.341   46.702  127.482    1598858244739
02    17.967   -2.535  -12.818   75.726   50.182   96.110    1598858244739
01    18.010   -3.109  -12.054   89.916   48.462  132.916    1598858244761
02    17.996   -2.521  -12.669   74.180   41.319   97.804    1598858244761
01    17.878   -3.147  -12.171   93.778   49.260  135.980    1598858244772
02    18.017   -2.624  -12.558   73.268   37.075   98.388    1598858244772
01    17.814   -3.185  -12.235   95.791   49.457  137.491    1598858244792
02    18.052   -2.636  -12.481   73.480   34.315   98.685    1598858244792
01    17.799   -3.202  -12.261   96.252   49.331  137.875    1598858244813
02    18.101   -2.620  -12.410   73.669   32.110   98.755    1598858244813
01    17.872   -3.149  -12.244   94.947   48.720  136.984    1598858244823
02    18.163   -2.532  -12.335   73.566   29.160   99.318    1598858244823
01    18.072   -3.036  -12.244   90.899   48.295  133.211    1598858244843
02    18.504   -2.154  -11.821   71.642   18.694  100.521    1598858244843
01    18.572   -2.899  -11.859   80.821   46.839  122.606    1598858244862
02    18.678   -1.834  -11.758   64.912    5.133  106.907    1598858244862
01    19.099   -2.931  -11.347   68.260   43.271  111.381    1598858244872
02    18.059   -1.985  -12.774   64.043   18.615  113.360    1598858244872
01    19.762   -3.087  -10.671   53.083   35.535   99.777    1598858244895
02    17.374   -3.199  -13.339   75.547   51.042  115.570    1598858244895
01    20.163   -3.098  -10.288   42.868   26.899   92.903    1598858244905
02    17.152   -4.435  -13.260  115.821   81.420  145.253    1598858244905
01    20.261   -3.016  -10.273   38.989   22.498   90.284    1598858244926
02    17.179   -5.532  -12.968 -116.806   70.588  -97.053    1598858244926
01    20.081   -2.977  -10.571   39.467   23.508   90.158    1598858244944
02    17.303   -5.675  -12.973 -107.481   63.355  -93.018    1598858244944
01    19.596   -3.014  -11.114   44.074   29.279   92.971    1598858244956
02    17.512   -5.294  -13.072 -103.796   67.508  -90.138    1598858244956
01    18.972   -3.297  -11.543   53.782   38.269  100.324    1598858244977
02    17.694   -4.026  -13.152  -97.536   84.238  -86.687    1598858244977
01    18.511   -3.642  -11.584   68.340   47.593  112.698    1598858244995
02    18.018   -3.083  -12.653   79.440   69.756   92.526    1598858244995
01    18.048   -3.292  -11.950   88.142   49.733  129.045    1598858245007
02    17.998   -2.870  -12.589   77.952   52.254   97.467    1598858245007
01    17.772   -3.138  -12.168   97.344   48.893  136.689    1598858245028
02    17.960   -2.758  -12.571   77.035   43.518   98.403    1598858245028
01    17.632   -3.117  -12.300  100.095   48.123  139.335    1598858245038
02    18.004   -2.637  -12.482   76.215   37.857   97.185    1598858245038
01    17.612   -3.067  -12.339   99.915   47.532  139.269    1598858245059
02    18.063   -2.517  -12.427   75.301   33.261   95.884    1598858245059
01    17.692   -2.994  -12.327   97.559   46.985  137.559    1598858245079
02    18.209   -2.314  -12.327   73.828   28.947   94.285    1598858245079
01    17.874   -2.996  -12.223   92.995   46.946  134.241    1598858245087
02    18.482   -2.029  -12.114   71.282   23.555   94.659    1598858245087
01    18.203   -2.910  -12.062   86.085   47.143  128.061    1598858245110
02    18.792   -1.868  -11.699   67.279   13.651   98.359    1598858245110
01    18.765   -2.791  -11.567   74.525   44.470  116.876    1598858245128
02    18.555   -1.681  -12.343   63.916   13.432  106.037    1598858245128
01    19.707   -3.008  -10.563   57.588   37.931  102.321    1598858245141
02    17.752   -2.567  -13.166   68.041   36.229  111.027    1598858245141
01    20.235   -3.213  -10.093   42.089   28.407   91.897    1598858245161
02    17.401   -3.626  -13.313   79.932   63.273  113.563    1598858245161
01    20.355   -3.138  -10.114   35.881   22.646   88.012    1598858245179
02    17.273   -4.827  -13.102  166.946   85.475 -167.942    1598858245179
01    20.163   -3.012  -10.459   36.327   22.984   87.578    1598858245192
02    17.348   -5.115  -13.122 -114.127   75.323  -98.009    1598858245192
01    19.775   -2.902  -10.916   40.667   27.014   90.292    1598858245212
02    17.485   -4.716  -13.219 -107.739   75.358  -94.662    1598858245212
01    19.186   -3.000  -11.361   49.681   34.240   96.835    1598858245221
02    17.680   -3.679  -13.246 -110.654   85.985  -99.610    1598858245221
01    18.698   -3.228  -11.492   62.824   42.380  107.391    1598858245243
02    17.968   -2.758  -12.824   80.417   74.432   92.437    1598858245243
01    18.248   -3.155  -11.650   81.303   47.029  122.029    1598858245262
02    17.930   -2.474  -12.765   78.419   54.568   96.838    1598858245262
01    17.900   -2.890  -11.901   93.915   46.735  132.123    1598858245274
02    17.927   -2.303  -12.667   77.910   44.699   97.054    1598858245274
01    17.732   -2.729  -12.022   98.926   45.449  136.011    1598858245295
02    17.951   -2.149  -12.585   77.672   38.281   96.266    1598858245295
01    17.644   -2.679  -12.101   99.970   44.571  137.370    1598858245305
02    17.993   -1.970  -12.512   77.427   32.744   95.268    1598858245305
01    17.633   -2.646  -12.143   98.664   44.001  137.004    1598858245326
02    18.098   -1.788  -12.392   76.359   28.107   94.005    1598858245326
01    17.716   -2.617  -12.140   95.469   43.664  135.399    1598858245344
02    18.326   -1.535  -12.124   74.615   23.138   94.282    1598858245344
01    17.994   -2.560  -12.038   89.632   44.225  130.531    1598858245356
02    18.516   -1.525  -11.806   71.166   16.181   97.504    1598858245356
01    18.519   -2.478  -11.624   78.964   42.786  120.620    1598858245377
02    18.571   -1.240  -11.970   68.065   10.161  104.067    1598858245377
01    19.447   -2.715  -10.617   63.846   38.071  107.701    1598858245395
02    17.870   -1.921  -12.824   68.944   29.156  111.132    1598858245395
01    20.193   -3.042   -9.917   44.790   27.872   94.896    1598858245408
02    17.562   -2.760  -13.118   82.723   58.309  113.093    1598858245408
01    20.453   -3.046   -9.835   35.822   20.510   89.981    1598858245428
02    17.504   -3.893  -13.033  124.677   84.098  146.417    1598858245428
01    20.347   -2.785  -10.114   35.939   18.928   89.073    1598858245438
02    17.742   -4.195  -12.964 -100.943   78.915  -89.609    1598858245438
01    19.927   -2.678  -10.638   40.570   23.144   91.310    1598858245459
02    17.941   -3.782  -13.020  -85.013   79.197  -77.237    1598858245459
01    19.229   -2.844  -11.219   49.980   31.753   97.686    1598858245477
02    18.101   -2.940  -13.056    0.333   85.727    6.168    1598858245477
01    18.632   -3.189  -11.430   64.351   42.056  108.993    1598858245490
02    18.178   -2.319  -12.817   73.752   70.349   81.401    1598858245490
01    18.084   -3.171  -11.702   83.817   47.778  125.571    1598858245510
02    18.031   -2.224  -12.765   78.388   52.130   94.065    1598858245510
01    17.686   -2.958  -12.039   96.798   47.852  136.542    1598858245529
02    17.938   -2.225  -12.682   78.838   43.504   97.131    1598858245529
01    17.507   -2.885  -12.196  101.844   46.930  140.735    1598858245541
02    17.906   -2.178  -12.613   79.247   38.200   97.845    1598858245541
01    17.440   -2.880  -12.288  103.023   46.297  141.984    1598858245561
02    17.914   -2.118  -12.565   79.384   34.090   97.646    1598858245561
01    17.490   -2.819  -12.316  101.636   45.817  140.798    1598858245572
02    17.989   -2.045  -12.498   78.767   30.781   96.310    1598858245572
01    17.630   -2.755  -12.287   97.906   45.233  137.960    1598858245593
02    18.172   -1.828  -12.359   77.626   26.798   94.834    1598858245593
01    17.852   -2.703  -12.233   92.378   44.747  133.565    1598858245611
02    18.500   -1.550  -12.050   75.301   21.413   94.981    1598858245611
01    18.248   -2.648  -12.021   83.958   44.934  125.638    1598858245623
02    18.883   -1.194  -11.612   72.670   11.687   97.842    1598858245623
01    18.880   -2.670  -11.428   71.146   42.510  113.506    1598858245644
02    18.893   -0.854  -11.859   68.876    5.579  104.896    1598858245644
01    19.832   -3.021  -10.403   51.015   33.952   97.201    1598858245662
02    18.171   -1.343  -12.812   69.594   23.206  110.380    1598858245662
01    20.377   -3.314   -9.877   35.602   23.015   88.662    1598858245675
02    17.636   -2.324  -13.253   82.736   52.502  113.667    1598858245675
01    20.557   -3.335   -9.805   28.599   16.286   85.979    1598858245695
02    17.437   -3.498  -13.237  114.004   78.797  135.336    1598858245695
01    20.490   -3.202   -9.937   28.003   14.392   85.178    1598858245706
02    17.595   -4.287  -12.962 -115.723   77.541 -105.239    1598858245706
01    20.265   -2.971  -10.256   31.308   15.989   86.004    1598858245726
02    17.676   -4.312  -13.001 -101.364   71.673  -95.899    1598858245726
01    19.833   -2.850  -10.764   37.322   21.050   88.996    1598858245745
02    17.894   -3.720  -13.056  -90.470   75.886  -86.806    1598858245745
01    19.155   -3.016  -11.383   47.233   30.559   95.733    1598858245757
02    18.060   -2.647  -13.039    3.717   86.565    6.480    1598858245757
01    18.498   -3.544  -11.706   61.730   43.600  107.875    1598858245778
02    18.233   -2.079  -12.585   76.958   66.935   82.996    1598858245778
01    17.994   -3.597  -11.901   85.466   50.520  127.560    1598858245796
02    17.986   -2.469  -12.561   78.800   50.404   94.409    1598858245796
01    17.581   -3.418  -12.227  104.175   51.534  142.726    1598858245808
02    17.788   -2.643  -12.564   81.702   42.883   98.242    1598858245808
01    17.270   -3.434  -12.446  113.548   50.758  150.800    1598858245829
02    17.647   -2.732  -12.562   84.295   38.590   99.733    1598858245829
01    16.996   -3.531  -12.672  117.314   49.980  154.941    1598858245839
02    17.563   -2.725  -12.571   86.450   34.953  100.070    1598858245839
01    16.883   -3.569  -12.811  116.243   49.844  155.180    1598858245860
02    17.543   -2.658  -12.573   86.987   31.705   99.036    1598858245860
01    16.951   -3.495  -12.883  111.604   49.764  152.489    1598858245878
02    17.608   -2.494  -12.544   85.769   28.156   97.158    1598858245878
01    17.217   -3.396  -12.779  103.897   50.069  147.165    1598858245890
02    17.802   -2.255  -12.392   82.540   23.624   95.617    1598858245890
01    17.666   -3.245  -12.650   94.305   50.944  138.953    1598858245911
02    17.983   -2.150  -12.237   76.412   17.550   98.025    1598858245911
01    18.425   -3.117  -12.055   77.788   49.753  123.232    1598858245929
02    18.174   -1.857  -12.215   71.641   10.318  103.663    1598858245929
01    19.289   -3.255  -11.092   57.492   43.694  104.792    1598858245941
02    17.716   -2.042  -12.910   71.052   23.270  110.670    1598858245941
01    19.996   -3.657  -10.343   36.579   31.837   90.784    1598858245962
02    17.363   -2.668  -13.237   84.004   50.992  113.352    1598858245962
01    20.334   -3.897  -10.043   24.968   21.682   85.449    1598858245972
02    17.219   -3.511  -13.215  115.555   77.826  135.657    1598858245972
01    20.468   -3.960   -9.963   19.784   15.732   84.167    1598858245993
02    17.205   -4.284  -13.084 -128.233   76.554 -117.542    1598858245993
01    20.482   -4.010   -9.961   17.721   13.069   84.482    1598858246011
02    17.134   -4.685  -13.009 -113.845   66.902 -107.798    1598858246011
01    20.501   -3.899   -9.927   18.075   11.444   85.277    1598858246024
02    17.008   -4.906  -13.016 -111.082   60.582 -107.563    1598858246024
01    20.410   -3.656  -10.069   20.904   12.161   86.017    1598858246044
02    16.935   -4.624  -13.311 -112.076   62.083 -109.428    1598858246044
01    20.147   -3.262  -10.424   27.740   15.672   87.674    1598858246063
02    17.278   -3.493  -13.379 -111.798   74.266 -109.263    1598858246063
01    19.542   -3.143  -11.117   37.652   24.856   93.117    1598858246075
02    17.717   -2.208  -13.161   83.334   84.520   85.764    1598858246075
01    18.881   -3.509  -11.666   50.056   38.081  102.570    1598858246095
02    17.941   -1.765  -12.823   80.418   61.477   86.534    1598858246095
01    18.599   -3.711  -11.597   66.263   49.413  115.097    1598858246106
02    17.842   -2.234  -12.587   76.189   40.889   92.619    1598858246106
01    18.123   -3.821  -11.855   92.878   56.509  139.268    1598858246126
02    17.552   -2.811  -12.529   77.124   31.340   98.920    1598858246126
01    17.453   -3.844  -12.468  118.635   55.997  164.034    1598858246145
02    17.303   -3.192  -12.518   81.024   27.738  102.773    1598858246145
01    16.960   -4.017  -12.873  127.188   54.077  171.711    1598858246157
02    17.123   -3.387  -12.548   85.093   26.577  104.306    1598858246157
01    16.714   -4.042  -13.144  125.622   52.593  169.677    1598858246177
02    17.060   -3.358  -12.603   87.668   25.583  103.545    1598858246177
01    16.864   -3.979  -13.106  118.124   53.527  162.714    1598858246196
02    17.123   -3.227  -12.611   87.467   24.404  100.906    1598858246196
01    17.193   -3.796  -13.006  107.446   54.100  153.828    1598858246208
02    17.305   -2.978  -12.561   85.140   22.074   97.596    1598858246208
01    17.672   -3.695  -12.804   95.210   54.972  142.818    1598858246226
02    17.532   -2.768  -12.441   80.730   18.427   96.697    1598858246226
01    18.317   -3.536  -12.432   79.178   54.363  128.050    1598858246242
02    17.736   -2.462  -12.432   77.059   13.004   97.845    1598858246242
01    19.250   -3.450  -11.459   58.777   48.069  108.713    1598858246257
02    17.579   -2.510  -12.820   75.768   22.377  102.740    1598858246257
01    19.973   -3.800  -10.449   40.117   37.270   93.082    1598858246273
02    17.372   -3.016  -13.046   86.230   47.623  107.303    1598858246273
01    20.312   -4.107  -10.073   27.154   26.231   86.573    1598858246289
02    17.276   -3.744  -13.114  113.864   75.070  125.539    1598858246289
01    20.458   -4.305   -9.928   19.517   18.074   84.232    1598858246304
02    17.358   -4.430  -13.027 -136.819   82.568 -131.112    1598858246304
01    20.545   -4.331   -9.855   16.432   13.315   84.095    1598858246327
02    17.383   -5.120  -12.917 -105.255   70.339 -102.129    1598858246327
01    20.571   -4.260   -9.860   16.365   11.087   84.654    1598858246342
02    17.394   -5.302  -12.943  -99.682   62.126  -99.533    1598858246342
01    20.538   -4.067   -9.915   18.485   10.348   85.586    1598858246358
02    17.400   -5.176  -13.035  -98.798   59.550  -99.730    1598858246358
01    20.398   -3.680  -10.134   23.905   11.895   86.894    1598858246373
02    17.536   -4.423  -13.292  -95.301   65.344  -97.999    1598858246373
01    20.039   -3.323  -10.578   32.533   17.369   89.207    1598858246389
02    17.861   -3.129  -13.346  -74.041   80.786  -77.447    1598858246389
01    19.410   -3.414  -11.196   43.062   28.724   94.772    1598858246405
02    18.092   -2.301  -13.219   64.008   76.054   62.015    1598858246405
01    18.797   -3.807  -11.583   56.774   42.654  104.994    1598858246427
02    18.176   -2.020  -12.899   78.765   54.794   82.837    1598858246427
01    18.442   -3.869  -11.662   76.101   51.513  119.763    1598858246442
02    17.892   -2.555  -12.863   76.931   40.104   92.483    1598858246442
01    17.877   -3.799  -12.133   96.988   54.004  137.627    1598858246458
02    17.721   -2.862  -12.819   78.266   34.314   95.511    1598858246458
01    17.450   -3.891  -12.497  105.981   53.190  145.968    1598858246474
02    17.642   -3.029  -12.760   79.509   31.291   95.450    1598858246474
01    17.265   -4.004  -12.742  106.615   52.725  147.872    1598858246489
02    17.636   -3.107  -12.713   79.485   29.254   93.926    1598858246489
01    17.332   -3.937  -12.810  102.606   52.370  145.655    1598858246505
02    17.696   -3.081  -12.662   78.146   27.028   91.495    1598858246505
01    17.541   -3.821  -12.719   95.940   51.643  141.245    1598858246527
02    17.797   -2.907  -12.614   75.980   23.376   89.887    1598858246527
01    17.744   -3.803  -12.669   88.917   51.773  136.723    1598858246543
02    17.882   -2.764  -12.577   72.672   18.723   92.617    1598858246543
01    18.086   -3.598  -12.460   81.136   51.557  129.855    1598858246558
02    17.937   -2.553  -12.593   71.246   15.672   95.405    1598858246558
01    18.754   -3.317  -11.841   68.731   47.914  117.895    1598858246574
02    17.841   -2.433  -12.798   71.180   19.151  100.042    1598858246574
01    19.594   -3.469  -10.766   51.485   39.807  102.321    1598858246590
02    17.477   -2.833  -13.156   76.089   38.824  106.437    1598858246590
01    20.165   -3.931  -10.034   34.928   28.432   91.365    1598858246605
02    17.123   -3.530  -13.404   90.852   62.361  115.481    1598858246605
01    20.476   -4.206   -9.750   23.688   18.301   86.935    1598858246627
02    16.857   -4.790  -13.485  138.806   80.767  157.968    1598858246627
01    20.614   -4.280   -9.671   18.387   11.918   85.907    1598858246643
02    16.850   -5.415  -13.544 -129.651   76.542 -117.657    1598858246643
01    20.655   -4.273   -9.689   16.439    9.031   86.274    1598858246659
02    16.876   -5.836  -13.460 -113.773   66.966 -104.335    1598858246659
01    20.652   -4.048   -9.746   18.188    8.376   86.386    1598858246674
02    16.913   -5.797  -13.573 -109.554   63.831 -102.047    1598858246674
01    20.495   -3.688  -10.007   23.307   11.050   86.252    1598858246690
02    17.111   -5.160  -13.748 -106.151   70.561  -98.965    1598858246690
01    19.977   -3.447  -10.698   31.800   19.687   88.421    1598858246706
02    17.576   -3.928  -13.653  -53.967   86.775  -46.347    1598858246706
01    19.239   -3.714  -11.374   42.746   33.019   95.006    1598858246728
02    17.900   -3.202  -13.367   63.288   68.435   72.875    1598858246728
01    18.668   -4.178  -11.642   56.822   47.488  106.251    1598858246743
02    18.033   -2.837  -12.955   69.992   45.733   85.218    1598858246743
01    18.193   -4.237  -11.945   78.239   55.053  125.032    1598858246759
02    17.661   -3.363  -12.985   69.058   34.101   93.328    1598858246759
01    17.769   -4.184  -12.258   95.957   56.417  140.201    1598858246775
02    17.456   -3.645  -12.953   71.256   30.612   95.092    1598858246775
01    17.392   -4.221  -12.574  104.817   55.130  148.321    1598858246790
02    17.398   -3.784  -12.849   73.121   29.108   94.453    1598858246790
01    17.206   -4.244  -12.771  106.074   54.223  150.256    1598858246806
02    17.414   -3.755  -12.794   74.347   27.814   93.263    1598858246806
01    17.259   -4.241  -12.773  101.948   53.874  147.716    1598858246828
02    17.480   -3.624  -12.766   74.374   26.066   91.808    1598858246828
01    17.435   -4.090  -12.737   95.485   52.895  143.331    1598858246844
02    17.600   -3.348  -12.716   73.437   22.782   91.035    1598858246844
01    17.733   -4.034  -12.613   87.142   52.951  136.535    1598858246859
02    17.744   -3.096  -12.610   71.332   18.748   93.476    1598858246859
01    18.144   -3.840  -12.404   77.083   52.455  127.104    1598858246875
02    17.926   -2.694  -12.531   69.835   14.171   96.685    1598858246875
01    18.877   -3.739  -11.681   61.893   48.274  112.309    1598858246890
02    17.890   -2.383  -12.780   69.557   15.937  101.071    1598858246890
01    19.629   -3.914  -10.733   45.675   39.929   97.880    1598858246906
02    17.389   -2.793  -13.359   73.242   32.983  105.755    1598858246906
01    20.160   -4.281  -10.151   30.223   28.181   88.831    1598858246928
02    17.105   -3.287  -13.551   85.804   56.045  110.882    1598858246928
01    20.440   -4.554   -9.868   20.177   18.689   85.148    1598858246944
02    16.930   -3.946  -13.530  109.756   74.961  130.283    1598858246944
01    20.539   -4.569   -9.807   16.392   13.651   83.728    1598858246960
02    16.829   -4.624  -13.460 -149.815   78.262 -135.129    1598858246960
01    20.498   -4.181   -9.938   19.232   12.599   84.019    1598858246975
02    16.847   -4.872  -13.484 -123.889   71.116 -114.235    1598858246975
01    20.179   -3.820  -10.406   25.544   16.414   85.957    1598858246991
02    17.000   -4.494  -13.608 -122.660   75.552 -114.293    1598858246991
01    19.615   -3.610  -11.053   35.056   24.433   90.565    1598858247006
02    17.295   -3.580  -13.577  150.322   86.984  158.772    1598858247006
01    18.990   -3.782  -11.550   46.791   35.103   98.781    1598858247029
02    17.550   -2.927  -13.331   84.525   69.920   96.234    1598858247029
01    18.497   -4.048  -11.715   61.831   45.483  110.373    1598858247044
02    17.805   -2.570  -12.968   77.946   48.756   95.422    1598858247044
01    18.041   -3.887  -12.059   81.091   50.497  126.664    1598858247060
02    17.705   -2.725  -12.969   74.423   36.459  100.612    1598858247060
01    17.699   -3.844  -12.335   93.291   51.925  137.176    1598858247075
02    17.638   -2.910  -12.925   73.820   32.936  100.813    1598858247075
01    17.420   -3.912  -12.582   99.950   52.574  143.428    1598858247091
02    17.615   -3.035  -12.876   74.062   31.405   99.664    1598858247091
01    17.326   -3.956  -12.724  101.096   52.722  145.208    1598858247107
02    17.653   -3.104  -12.807   73.615   30.164   97.935    1598858247107
01    17.363   -3.939  -12.829   98.242   52.462  143.999    1598858247129
02    17.748   -3.097  -12.719   72.374   28.198   96.257    1598858247129
01    17.559   -3.896  -12.818   92.804   52.444  139.995    1598858247144
02    17.862   -3.048  -12.595   70.469   24.689   96.577    1598858247144
01    18.007   -3.827  -12.574   83.032   52.863  130.872    1598858247160
02    17.881   -2.980  -12.629   68.661   19.815  101.102    1598858247160
01    18.668   -3.679  -12.039   68.872   50.087  116.833    1598858247176
02    17.923   -2.783  -12.647   67.835   15.352  105.005    1598858247176
01    19.426   -3.710  -11.188   52.498   42.808  101.551    1598858247191
02    17.712   -2.719  -12.962   68.808   22.358  111.153    1598858247191
01    20.036   -4.112  -10.489   36.511   32.550   91.055    1598858247207
02    17.357   -3.120  -13.221   77.732   43.522  116.494    1598858247207
01    20.376   -4.404  -10.166   24.449   22.373   86.415    1598858247223
02    16.928   -3.879  -13.488  100.143   65.824  131.184    1598858247223
01    20.539   -4.446  -10.048   18.485   15.629   85.333    1598858247245
02    16.602   -5.106  -13.556  163.953   77.666 -171.996    1598858247245
01    20.594   -4.313  -10.032   17.710   12.143   85.452    1598858247260
02    16.599   -5.777  -13.503 -133.997   68.977 -118.784    1598858247260
01    20.580   -4.201  -10.057   18.551   10.626   86.307    1598858247276
02    16.631   -6.085  -13.454 -120.819   60.665 -110.117    1598858247276
01    20.569   -4.066  -10.043   20.488    9.702   87.076    1598858247292
02    16.632   -6.103  -13.581 -117.345   57.215 -108.881    1598858247292
01    20.403   -3.789  -10.280   25.137   11.835   88.430    1598858247307
02    16.786   -5.583  -13.872 -117.352   63.564 -108.752    1598858247307
01    19.886   -3.510  -10.910   34.264   19.224   92.492    1598858247323
02    17.410   -4.213  -13.810 -109.398   82.196 -100.722    1598858247323
01    19.219   -3.688  -11.454   46.595   30.626   99.924    1598858247345
02    17.921   -3.196  -13.482   64.613   71.003   73.798    1598858247345
01    18.704   -4.034  -11.672   61.532   43.697  111.147    1598858247361
02    17.996   -2.792  -13.179   72.269   45.768   86.900    1598858247361
01    18.204   -4.046  -11.948   85.808   51.780  131.470    1598858247376
02    17.593   -3.316  -13.289   71.195   33.058   94.950    1598858247376
01    17.560   -3.952  -12.461  108.555   51.442  151.160    1598858247392
02    17.406   -3.576  -13.275   73.845   30.035   95.751    1598858247392
01    17.088   -4.012  -12.822  117.190   48.673  158.398    1598858247408
02    17.358   -3.691  -13.205   76.048   28.694   94.519    1598858247408
01    16.910   -4.109  -12.985  118.235   47.793  159.542    1598858247423
02    17.361   -3.670  -13.180   77.528   27.577   93.008    1598858247423
01    16.908   -4.031  -13.082  115.307   47.459  157.641    1598858247442
02    17.443   -3.522  -13.145   77.810   26.104   91.291    1598858247442
01    17.034   -3.891  -13.192  109.391   47.427  154.172    1598858247460
02    17.606   -3.276  -13.051   76.539   23.550   90.614    1598858247460
01    17.382   -3.800  -13.199  100.984   49.250  147.623    1598858247473
02    17.749   -3.107  -12.987   74.313   20.732   93.108    1598858247473
01    18.049   -3.617  -12.817   86.504   50.588  133.893    1598858247494
02    17.889   -2.753  -13.012   74.338   18.997   95.380    1598858247494
01    18.979   -3.498  -11.957   66.875   46.478  115.005    1598858247512
02    17.681   -2.849  -13.399   75.450   26.333   98.360    1598858247512
01    19.800   -3.786  -10.927   47.507   37.581   98.168    1598858247524
02    17.445   -3.357  -13.689   82.610   45.980  100.426    1598858247524
01    20.242   -4.160  -10.449   33.875   28.207   89.708    1598858247545
02    17.427   -3.921  -13.731   91.666   67.988  102.091    1598858247545
01    20.445   -4.352  -10.302   25.243   20.920   85.644    1598858247555
02    17.524   -4.323  -13.658 -130.011   87.312 -126.814    1598858247555
01    20.430   -4.219  -10.493   23.918   18.857   84.451    1598858247573
02    17.602   -4.609  -13.658  -96.097   76.056  -94.186    1598858247573
01    20.154   -4.019  -10.899   28.273   22.034   84.944    1598858247594
02    17.844   -4.307  -13.681  -81.158   77.759  -79.504    1598858247594
01    19.675   -3.865  -11.457   36.517   28.885   89.155    1598858247607
02    18.226   -3.514  -13.574    0.409   82.229    2.372    1598858247607
01    19.143   -4.010  -11.898   47.191   38.195   96.704    1598858247627
02    18.428   -2.845  -13.524   57.822   68.602   60.184    1598858247627
01    18.709   -4.178  -12.129   61.090   47.341  107.496    1598858247646
02    18.518   -2.507  -13.360   70.243   50.361   77.298    1598858247646
01    18.354   -4.047  -12.436   76.951   51.945  120.732    1598858247658
02    18.410   -2.555  -13.329   72.160   35.343   87.910    1598858247658
01    18.038   -4.021  -12.705   87.361   53.803  129.771    1598858247679
02    18.334   -2.729  -13.247   72.458   29.630   91.828    1598858247679
01    17.764   -4.113  -12.937   92.445   54.513  134.840    1598858247689
02    18.275   -2.884  -13.172   72.621   27.216   93.536    1598858247689
01    17.648   -4.163  -13.063   93.526   54.645  136.706    1598858247709
02    18.226   -3.001  -13.130   72.186   25.538   94.986    1598858247709
01    17.644   -4.225  -13.130   91.654   54.520  136.433    1598858247728
02    18.204   -3.123  -13.071   70.427   23.753   96.170    1598858247728
01    17.819   -4.300  -13.136   86.989   55.153  133.261    1598858247740
02    18.206   -3.156  -13.008   68.656   20.201   98.393    1598858247740
01    18.236   -4.273  -12.901   78.167   55.220  125.260    1598858247760
02    18.220   -3.104  -13.009   66.831   16.172   99.993    1598858247760
01    18.934   -4.174  -12.259   64.825   52.264  112.232    1598858247779
02    18.230   -3.027  -13.064   65.301   15.769  101.893    1598858247779
01    19.662   -4.287  -11.381   49.731   45.510   98.239    1598858247791
02    17.949   -3.220  -13.453   65.523   27.114  105.649    1598858247791
01    20.346   -4.625  -10.540   31.931   31.562   86.081    1598858247812
02    17.200   -4.463  -14.107   72.061   50.338  108.674    1598858247812
01    20.742   -4.840  -10.140   21.271   19.432   82.026    1598858247822
02    16.848   -5.986  -14.274   84.896   74.884  115.044    1598858247822
01    20.867   -4.940  -10.052   15.809   12.520   80.998    1598858247842
02    16.947   -7.078  -13.989 -119.498   81.579  -97.127    1598858247842
01    20.872   -4.852  -10.127   14.717    9.631   81.539    1598858247861
02    16.937   -7.130  -14.010 -109.832   67.463  -92.919    1598858247861
01    20.863   -4.741  -10.157   15.302    8.299   82.223    1598858247873
02    16.790   -7.392  -13.967 -110.676   57.993  -96.442    1598858247873
01    20.814   -4.623  -10.191   16.346    7.696   83.418    1598858247894
02    16.655   -7.209  -13.983 -112.831   53.975 -100.928    1598858247894
01    20.790   -4.545  -10.183   17.131    7.247   84.489    1598858247912
02    16.468   -7.203  -13.995 -116.287   51.245 -104.712    1598858247912
01    20.704   -4.320  -10.237   19.811    7.738   85.289    1598858247924
02    16.394   -7.154  -14.059 -117.167   51.357 -106.038    1598858247924
01    20.478   -3.924  -10.486   25.829   10.601   86.362    1598858247945
02    16.549   -6.487  -14.379 -116.823   59.050 -106.547    1598858247945
01    20.035   -3.622  -10.991   34.409   17.224   88.727    1598858247955
02    17.067   -5.249  -14.432 -112.955   76.433 -102.797    1598858247955
01    19.454   -3.686  -11.559   44.104   27.798   93.543    1598858247976
02    17.503   -4.092  -14.211   74.140   81.015   86.122    1598858247976
01    18.780   -4.169  -12.108   54.723   40.824  101.710    1598858247996
02    17.827   -3.390  -13.660   75.002   58.032   92.056    1598858247996
01    18.363   -4.378  -12.273   75.896   53.668  118.283    1598858248006
02    17.765   -3.564  -13.399   70.816   37.165   97.584    1598858248006
01    17.740   -4.362  -12.862  101.455   57.717  140.379    1598858248027
02    17.481   -3.907  -13.455   71.920   32.345  103.245    1598858248027
01    17.288   -4.623  -13.230  111.602   58.031  150.513    1598858248046
02    17.325   -4.154  -13.451   74.089   32.081  104.937    1598858248046
01    17.113   -4.801  -13.336  112.378   58.503  152.117    1598858248058
02    17.257   -4.312  -13.432   75.247   32.297  105.005    1598858248058
01    17.043   -4.825  -13.456  109.407   58.339  150.780    1598858248079
02    17.260   -4.330  -13.420   75.575   31.721  104.164    1598858248079
01    17.155   -4.762  -13.487  103.224   58.187  146.543    1598858248089
02    17.378   -4.175  -13.380   74.692   29.737  102.485    1598858248089
01    17.471   -4.665  -13.313   93.589   57.950  138.564    1598858248110
02    17.587   -4.011  -13.245   71.564   25.888  100.905    1598858248110
01    17.853   -4.467  -13.231   82.671   57.421  129.489    1598858248128
02    17.706   -3.797  -13.266   69.672   23.025  100.761    1598858248128
01    18.520   -4.153  -12.735   67.815   53.436  115.221    1598858248141
02    17.757   -3.559  -13.427   69.804   25.639  101.083    1598858248141
01    19.437   -4.136  -11.701   50.057   44.910   98.600    1598858248162
02    17.539   -3.712  -13.792   72.508   38.586  103.051    1598858248162
01    20.029   -4.432  -10.904   36.091   34.807   87.724    1598858248172
02    17.346   -4.231  -13.975   80.475   61.788  104.948    1598858248172
01    20.296   -4.636  -10.602   26.441   25.659   82.677    1598858248192
02    17.372   -4.899  -13.861   80.698   83.031   99.058    1598858248192
01    20.316   -4.643  -10.637   22.531   20.937   80.857    1598858248211
02    17.458   -5.518  -13.766  -85.272   77.553  -74.269    1598858248211
01    20.165   -4.551  -10.908   23.472   21.297   80.908    1598858248224
02    17.572   -5.959  -13.646  -84.464   69.651  -74.117    1598858248224
01    19.860   -4.393  -11.281   28.326   24.926   82.789    1598858248244
02    17.805   -5.878  -13.597  -75.625   70.032  -65.856    1598858248244
01    19.350   -4.341  -11.800   35.817   32.156   87.781    1598858248262
02    18.095   -5.140  -13.616  -43.929   76.917  -34.279    1598858248262
01    18.824   -4.455  -12.151   46.698   41.291   96.036    1598858248275
02    18.276   -4.097  -13.579   37.612   74.051   47.254    1598858248275
01    18.391   -4.653  -12.293   62.075   51.041  109.021    1598858248295
02    18.411   -3.543  -13.276   62.877   54.066   76.624    1598858248295
01    17.997   -4.486  -12.550   82.055   54.673  125.928    1598858248306
02    18.205   -3.571  -13.288   67.300   39.941   88.428    1598858248306
01    17.569   -4.420  -12.833   97.925   55.464  139.701    1598858248326
02    18.040   -3.707  -13.296   69.631   35.243   90.798    1598858248326
01    17.249   -4.486  -13.046  106.874   55.333  148.220    1598858248345
02    17.954   -3.774  -13.263   71.991   33.375   90.635    1598858248345
01    17.099   -4.584  -13.153  109.321   55.188  151.496    1598858248357
02    17.912   -3.788  -13.236   73.093   32.075   89.989    1598858248357
01    17.082   -4.546  -13.266  107.763   54.747  151.168    1598858248378
02    17.951   -3.737  -13.172   72.819   30.380   88.982    1598858248378
01    17.228   -4.481  -13.239  102.232   54.478  147.129    1598858248396
02    18.056   -3.623  -13.069   71.022   27.529   88.988    1598858248396
01    17.606   -4.277  -13.126   93.642   54.171  138.991    1598858248408
02    18.194   -3.520  -12.879   67.664   22.186   92.030    1598858248408
01    18.343   -4.123  -12.615   77.147   53.325  122.201    1598858248429
02    18.370   -3.204  -12.769   65.316   13.822   96.881    1598858248429
01    19.077   -4.208  -11.889   58.865   48.485  104.475    1598858248439
02    18.240   -3.075  -13.149   63.917   17.960  100.323    1598858248439
01    19.698   -4.426  -11.208   43.890   40.997   91.814    1598858248460
02    17.840   -3.423  -13.749   66.328   35.479  101.260    1598858248460
01    20.228   -4.677  -10.610   29.872   29.323   82.682    1598858248478
02    17.583   -4.202  -13.947   70.058   60.313   98.325    1598858248478
01    20.540   -4.917  -10.240   21.188   19.385   78.969    1598858248491
02    17.497   -5.191  -13.855   53.632   84.201   76.026    1598858248491
01    20.673   -5.002  -10.151   17.014   13.519   78.192    1598858248511
02    17.524   -6.054  -13.635  -87.316   77.101  -69.917    1598858248511
01    20.730   -4.995  -10.161   14.939   10.366   78.610    1598858248521
02    17.401   -6.746  -13.463  -97.634   64.649  -81.251    1598858248521
01    20.725   -5.073  -10.178   14.422    9.091   78.505    1598858248542
02    17.218   -7.325  -13.309 -103.195   56.062  -86.786    1598858248542
01    20.695   -4.920  -10.252   16.192    8.868   79.650    1598858248562
02    17.014   -7.649  -13.333 -107.611   52.008  -90.253    1598858248562
01    20.589   -4.470  -10.484   20.971   10.633   80.859    1598858248573
02    16.984   -7.583  -13.552 -108.655   52.066  -91.272    1598858248573
01    20.205   -4.143  -11.040   28.078   17.314   82.968    1598858248593
02    17.495   -6.638  -13.681 -102.514   62.154  -84.720    1598858248593
01    19.503   -4.143  -11.791   37.985   28.960   88.950    1598858248612
02    18.230   -4.819  -13.595  -59.123   80.653  -41.990    1598858248612
01    18.855   -4.471  -12.258   51.243   42.287   99.303    1598858248624
02    18.481   -3.608  -13.373   55.782   69.386   73.647    1598858248624
01    18.447   -4.590  -12.407   69.004   52.396  113.711    1598858248644
02    18.444   -3.820  -13.101   61.423   46.477   86.391    1598858248644
01    17.922   -4.472  -12.818   93.490   56.019  135.039    1598858248655
02    18.115   -3.974  -13.331   63.845   37.719   91.922    1598858248655
01    17.509   -4.462  -13.134  106.175   54.604  146.623    1598858248675
02    17.966   -4.032  -13.403   66.791   34.149   92.524    1598858248675
01    17.302   -4.555  -13.257  109.519   53.700  150.297    1598858248696
02    17.941   -3.988  -13.404   69.248   32.206   91.684    1598858248696
01    17.245   -4.528  -13.328  108.114   52.998  149.975    1598858248706
02    17.948   -3.844  -13.424   70.760   30.484   90.658    1598858248706
01    17.294   -4.374  -13.398  104.587   52.195  147.684    1598858248726
02    18.041   -3.618  -13.396   70.958   28.051   89.541    1598858248726
01    17.466   -4.241  -13.366   98.149   51.545  142.930    1598858248744
02    18.276   -3.314  -13.217   69.467   23.776   89.587    1598858248744
01    17.767   -4.183  -13.272   89.913   52.212  136.029    1598858248757
02    18.432   -3.144  -13.128   67.456   20.621   92.053    1598858248757
01    18.378   -3.953  -12.801   76.774   51.293  122.953    1598858248777
02    18.637   -2.688  -13.189   67.560   19.838   92.406    1598858248777
01    19.140   -3.912  -12.020   61.085   46.270  107.668    1598858248796
02    18.500   -2.721  -13.665   68.200   30.169   92.113    1598858248796
01    19.840   -4.161  -11.158   45.883   38.083   94.050    1598858248808
02    18.327   -3.251  -14.014   68.276   49.682   87.778    1598858248808
01    20.369   -4.510  -10.498   31.851   26.756   84.330    1598858248828
02    18.507   -4.066  -13.736   53.716   69.243   67.377    1598858248828
01    20.604   -4.777  -10.282   23.651   18.328   80.015    1598858248839
02    18.735   -4.837  -13.349  -12.084   76.519   -4.158    1598858248839
01    20.610   -4.860  -10.372   20.211   14.838   78.976    1598858248859
02    18.807   -5.250  -13.169  -49.528   69.595  -42.219    1598858248859
01    20.479   -4.549  -10.686   22.780   15.886   79.558    1598858248877
02    19.039   -5.348  -12.922  -51.349   64.720  -43.742    1598858248877
01    20.108   -4.296  -11.204   28.346   21.039   81.842    1598858248890
02    19.370   -4.736  -12.820  -32.859   66.084  -25.562    1598858248890
01    19.556   -4.142  -11.807   37.052   29.229   87.011    1598858248910
02    19.657   -3.650  -12.758    7.511   64.906   12.917    1598858248910
01    18.977   -4.227  -12.264   48.233   38.819   95.984    1598858248928
02    19.612   -2.941  -12.885   43.448   54.895   48.790    1598858248928
01    18.528   -4.352  -12.546   61.603   47.690  107.654    1598858248941
02    19.443   -2.608  -12.933   59.113   39.022   69.039    1598858248941
01    18.237   -4.297  -12.777   74.025   51.847  118.726    1598858248961
02    19.132   -2.681  -13.080   62.897   28.129   80.300    1598858248961
01    17.936   -4.281  -13.054   82.993   53.798  127.198    1598858248971
02    18.863   -2.868  -13.189   64.364   24.567   84.528    1598858248971
01    17.716   -4.312  -13.272   87.351   54.567  131.744    1598858248992
02    18.692   -3.060  -13.208   64.968   23.133   85.796    1598858248992
01    17.683   -4.397  -13.323   87.323   54.844  132.695    1598858249012
02    18.598   -3.190  -13.221   64.667   21.982   86.244    1598858249012
01    17.787   -4.394  -13.325   84.533   54.616  131.233    1598858249023
02    18.577   -3.231  -13.220   63.576   20.221   86.845    1598858249023
01    17.990   -4.458  -13.266   79.394   54.603  127.348    1598858249044
02    18.600   -3.225  -13.188   61.491   17.292   88.860    1598858249044
01    18.461   -4.448  -12.941   69.455   54.243  117.686    1598858249062
02    18.618   -3.210  -13.201   59.406   14.745   91.120    1598858249062
01    19.053   -4.455  -12.379   57.136   50.959  105.556    1598858249074
02    18.588   -3.153  -13.367   58.272   16.474   93.103    1598858249074
01    19.677   -4.599  -11.644   44.247   44.781   93.619    1598858249095
02    18.190   -3.530  -14.061   58.212   30.733   92.941    1598858249095
01    20.309   -4.807  -10.875   30.009   32.606   82.718    1598858249106
02    17.723   -4.666  -14.550   56.598   52.261   88.118    1598858249106
01    20.570   -4.954  -10.692   21.614   23.454   79.039    1598858249126
02    17.578   -6.093  -14.366   38.827   72.894   66.385    1598858249126
01    20.619   -4.896  -10.718   18.971   18.516   78.096    1598858249144
02    17.626   -6.947  -14.077  -55.721   76.074  -34.375    1598858249144
01    20.514   -4.796  -10.910   19.860   18.135   78.939    1598858249157
02    17.671   -7.198  -13.925  -79.059   66.291  -59.111    1598858249157
01    20.225   -4.542  -11.336   24.804   21.509   81.690    1598858249177
02    17.803   -7.079  -13.963  -80.703   64.092  -60.831    1598858249177
01    19.655   -4.464  -11.949   32.549   29.076   87.140    1598858249188
02    18.170   -6.134  -14.071  -64.609   70.284  -45.636    1598858249188
01    19.033   -4.603  -12.419   43.831   39.006   96.085    1598858249208
02    18.510   -4.545  -14.109    0.023   76.091   17.355    1598858249208
01    18.527   -4.743  -12.727   58.273   48.687  108.706    1598858249229
02    18.797   -3.490  -13.698   50.566   59.222   69.589    1598858249229
01    18.106   -4.686  -13.029   75.245   53.871  124.335    1598858249239
02    18.513   -3.251  -13.831   59.087   41.155   87.063    1598858249239
01    17.764   -4.609  -13.282   87.015   55.459  135.105    1598858249259
02    18.329   -3.450  -13.760   60.624   34.661   91.379    1598858249259
01    17.527   -4.681  -13.405   94.496   55.979  142.352    1598858249278
02    18.142   -3.673  -13.743   61.803   32.958   93.272    1598858249278
01    17.335   -4.766  -13.523   98.413   56.016  146.911    1598858249290
02    18.029   -3.868  -13.698   62.579   32.911   93.853    1598858249290
01    17.314   -4.788  -13.532   98.179   55.979  147.441    1598858249311
02    18.021   -3.964  -13.619   62.725   32.848   93.708    1598858249311
01    17.414   -4.685  -13.547   95.314   55.571  145.526    1598858249329
02    18.084   -3.985  -13.541   62.124   32.056   93.733    1598858249329
01    17.733   -4.565  -13.461   88.825   55.103  139.869    1598858249341
02    18.302   -3.870  -13.340   60.782   29.115   93.773    1598858249341
01    18.402   -4.551  -13.034   74.978   55.770  125.641    1598858249362
02    18.450   -3.760  -13.256   58.830   22.658   96.422    1598858249362
01    19.154   -4.524  -12.379   57.973   52.586  107.893    1598858249372
02    18.647   -3.488  -13.205   56.833   16.386   97.452    1598858249372
01    19.913   -4.710  -11.544   42.621   45.780   92.796    1598858249393
02    18.683   -3.303  -13.425   55.792   20.250   99.542    1598858249393
01    20.588   -5.015  -10.779   27.650   33.683   80.516    1598858249411
02    18.460   -3.463  -13.835   57.086   36.572   99.286    1598858249411
01    20.911   -5.262  -10.475   17.788   22.105   75.678    1598858249423
02    18.238   -3.856  -14.046   60.179   57.167   97.580    1598858249423
01    20.978   -5.547  -10.412   11.800   15.305   74.081    1598858249444
02    18.024   -4.545  -14.099   57.072   77.847   89.181    1598858249444
01    20.999   -5.432  -10.455   10.730   11.869   74.491    1598858249462
02    17.807   -5.606  -13.936  -92.247   81.652  -65.469    1598858249462
01    20.972   -5.268  -10.549   11.682   10.803   75.370    1598858249474
02    17.643   -6.321  -13.853 -101.450   67.425  -79.805    1598858249474
01    20.841   -5.065  -10.765   14.460   12.398   76.341    1598858249495
02    17.625   -6.417  -13.933 -102.552   65.133  -82.003    1598858249495
01    20.410   -4.724  -11.445   20.839   19.604   78.842    1598858249505
02    18.047   -5.550  -13.935  -88.661   75.234  -68.091    1598858249505
01    19.749   -4.558  -12.213   30.625   30.652   85.127    1598858249526
02    18.495   -4.147  -13.808   23.276   81.177   43.421    1598858249526
01    19.091   -4.783  -12.718   42.833   43.409   95.218    1598858249544
02    18.921   -3.162  -13.343   59.439   58.818   81.602    1598858249544
01    18.705   -4.825  -12.877   59.709   52.835  109.143    1598858249557
02    18.936   -3.205  -13.161   60.442   37.539   90.058    1598858249557
01    18.290   -4.657  -13.180   78.433   56.939  125.222    1598858249577
02    18.551   -3.410  -13.436   61.370   30.270   97.086    1598858249577
01    17.839   -4.657  -13.494   93.701   57.846  139.100    1598858249595
02    18.264   -3.707  -13.559   63.039   29.173   98.898    1598858249595
01    17.534   -4.820  -13.678  101.082   57.896  146.725    1598858249608
02    18.079   -3.927  -13.631   64.767   29.442   99.106    1598858249608
01    17.443   -4.816  -13.754  102.320   57.626  148.416    1598858249628
02    18.010   -4.031  -13.643   65.657   29.407   98.199    1598858249628
01    17.497   -4.807  -13.782   99.255   57.304  146.343    1598858249639
02    18.097   -4.022  -13.572   65.356   28.295   96.318    1598858249639
01    17.749   -4.663  -13.700   92.382   56.713  140.394    1598858249660
02    18.322   -3.903  -13.437   63.806   25.800   94.386    1598858249660
01    18.136   -4.655  -13.497   82.200   56.023  131.622    1598858249678
02    18.561   -3.789  -13.354   60.965   21.829   93.763    1598858249678
01    18.668   -4.583  -13.191   69.449   54.955  119.825    1598858249690
02    18.812   -3.456  -13.343   60.146   18.368   92.897    1598858249690
01    19.455   -4.492  -12.413   54.217   49.097  104.710    1598858249711
02    18.803   -3.213  -13.685   60.150   23.367   93.417    1598858249711
01    20.333   -4.645  -11.303   40.007   39.570   91.258    1598858249721
02    18.631   -3.309  -14.074   62.279   38.800   92.053    1598858249729
01    20.807   -5.137  -10.671   26.698   28.170   82.049    1598858249742
02    18.546   -3.710  -14.173   61.180   59.106   84.570    1598858249742
01    21.021   -5.355  -10.402   18.469   17.812   78.338    1598858249762
02    18.569   -4.375  -13.988    1.529   79.879   16.935    1598858249762
01    21.071   -5.458  -10.329   13.870   11.284   77.271    1598858249772
02    18.582   -5.030  -13.810  -66.679   69.064  -56.675    1598858249772
01    21.068   -5.511  -10.387   11.203    7.713   78.108    1598858249793
02    18.504   -5.817  -13.564  -80.101   60.293  -68.843    1598858249793
01    21.056   -5.489  -10.432   10.661    5.750   79.378    1598858249811
02    18.305   -6.408  -13.436  -88.489   55.638  -75.923    1598858249811
01    21.050   -5.425  -10.457   10.934    4.751   80.560    1598858249824
02    18.092   -6.866  -13.301  -94.671   53.766  -79.345    1598858249824
01    21.005   -5.092  -10.597   13.988    5.702   80.938    1598858249844
02    18.155   -6.554  -13.502  -93.824   57.056  -78.691    1598858249844
01    20.741   -4.590  -11.029   20.844   10.442   82.495    1598858249862
02    18.768   -5.049  -13.460  -73.751   69.533  -59.791    1598858249862
01    20.149   -4.239  -11.783   30.289   20.251   87.004    1598858249875
02    19.285   -3.510  -13.304    2.458   75.335   15.455    1598858249875
01    19.477   -4.384  -12.397   40.924   32.561   94.127    1598858249896
02    19.333   -2.726  -13.394   48.536   60.353   63.575    1598858249896
01    18.814   -4.772  -12.835   53.045   44.989  104.981    1598858249906
02    19.159   -2.652  -13.388   59.514   43.042   81.185    1598858249906
01    18.471   -4.627  -12.960   72.069   51.887  119.747    1598858249926
02    18.756   -2.906  -13.631   61.194   27.439   91.756    1598858249926
01    18.002   -4.409  -13.398   90.098   52.889  135.239    1598858249945
02    18.497   -3.155  -13.781   63.234   23.829   93.754    1598858249945
01    17.728   -4.424  -13.623   96.774   52.245  141.716    1598858249957
02    18.369   -3.333  -13.828   64.998   23.916   92.791    1598858249957
01    17.673   -4.534  -13.668   96.978   52.691  142.664    1598858249978
02    18.314   -3.427  -13.873   65.919   24.547   91.462    1598858249978
01    17.653   -4.677  -13.750   94.326   53.253  141.948    1598858249988
02    18.339   -3.456  -13.880   65.570   24.481   89.818    1598858249988
