01    10.971    7.322   -8.887  -70.203   36.039  109.755    1598957598540
02     7.045   10.764  -12.148 -152.106   54.829  -71.789    1598957598540
01    10.972    7.321   -8.886  -70.246   35.999  109.766    1598957598547
02     7.048   10.763  -12.150 -152.105   54.791  -71.711    1598957598547
01    10.977    7.315   -8.884  -70.345   35.904  109.789    1598957598562
02     7.047   10.766  -12.151 -152.089   54.817  -71.715    1598957598562
01    10.971    7.316   -8.890  -70.409   35.869  109.665    1598957598578
02     7.045   10.774  -12.150 -152.059   54.866  -71.747    1598957598578
01    10.970    7.319   -8.890  -70.438   35.906  109.694    1598957598609
02     7.053   10.774  -12.150 -152.097   54.926  -71.689    1598957598609
01    10.967    7.323   -8.893  -70.446   35.933  109.671    1598957598625
02     7.047   10.779  -12.155 -152.134   54.875  -71.777    1598957598625
01    10.970    7.325   -8.892  -70.377   35.932  109.753    1598957598640
02     7.044   10.788  -12.159 -152.068   54.882  -71.776    1598957598640
01    10.971    7.323   -8.898  -70.419   35.946  109.693    1598957598647
02     7.063   10.787  -12.155 -152.101   54.962  -71.761    1598957598647
01    10.975    7.325   -8.900  -70.349   35.965  109.750    1598957598663
02     7.065   10.788  -12.156 -152.146   54.963  -71.818    1598957598663
01    10.979    7.326   -8.902  -70.295   35.966  109.809    1598957598678
02     7.055   10.800  -12.157 -152.107   54.980  -71.910    1598957598678
01    10.979    7.332   -8.906  -70.261   36.003  109.833    1598957598694
02     7.060   10.797  -12.160 -152.098   54.981  -71.873    1598957598694
01    10.983    7.330   -8.908  -70.244   35.979  109.860    1598957598725
02     7.054   10.799  -12.166 -152.105   54.957  -71.930    1598957598725
01    10.987    7.327   -8.914  -70.245   35.942  109.842    1598957598741
02     7.053   10.795  -12.174 -152.025   54.939  -71.837    1598957598741
01    10.984    7.332   -8.915  -70.219   35.944  109.815    1598957598747
02     7.065   10.792  -12.174 -152.028   54.971  -71.794    1598957598747
01    10.985    7.335   -8.915  -70.221   35.951  109.823    1598957598763
02     7.065   10.795  -12.174 -152.025   54.997  -71.792    1598957598763
01    10.984    7.338   -8.916  -70.209   35.947  109.835    1598957598779
02     7.063   10.803  -12.173 -152.031   55.044  -71.823    1598957598779
01    10.985    7.342   -8.913  -70.187   35.948  109.870    1598957598794
02     7.057   10.812  -12.174 -152.056   55.043  -71.885    1598957598794
01    10.979    7.350   -8.919  -70.184   35.977  109.834    1598957598825
02     7.052   10.824  -12.170 -152.124   55.072  -71.985    1598957598825
01    10.988    7.346   -8.912  -70.178   35.957  109.886    1598957598841
02     7.055   10.820  -12.180 -152.101   55.052  -71.942    1598957598841
01    10.989    7.352   -8.908  -70.157   35.965  109.898    1598957598848
02     7.062   10.817  -12.183 -152.101   55.087  -71.897    1598957598848
01    10.993    7.355   -8.905  -70.110   35.954  109.939    1598957598863
02     7.066   10.814  -12.192 -152.082   55.078  -71.848    1598957598863
01    10.996    7.365   -8.902  -70.008   35.977  110.024    1598957598879
02     7.075   10.811  -12.195 -152.021   55.116  -71.776    1598957598879
01    11.002    7.363   -8.902  -69.987   35.936  110.035    1598957598894
02     7.078   10.816  -12.193 -152.078   55.139  -71.828    1598957598894
01    11.003    7.359   -8.906  -70.042   35.934  109.994    1598957598910
02     7.075   10.823  -12.193 -152.127   55.125  -71.901    1598957598910
01    11.012    7.358   -8.896  -70.042   35.909  110.072    1598957598941
02     7.085   10.823  -12.187 -152.123   55.174  -71.866    1598957598941
01    11.015    7.359   -8.892  -70.051   35.880  110.060    1598957598948
02     7.079   10.828  -12.185 -152.146   55.162  -71.911    1598957598948
01    11.018    7.360   -8.885  -70.058   35.866  110.060    1598957598963
02     7.084   10.825  -12.184 -152.145   55.168  -71.876    1598957598963
01    11.017    7.359   -8.887  -70.079   35.833  110.007    1598957598979
02     7.087   10.827  -12.180 -152.127   55.184  -71.855    1598957598979
01    11.019    7.359   -8.885  -70.103   35.798  109.965    1598957598995
02     7.087   10.828  -12.176 -152.152   55.184  -71.870    1598957598995
01    11.018    7.364   -8.879  -70.086   35.803  109.938    1598957599010
02     7.088   10.826  -12.176 -152.160   55.174  -71.854    1598957599026
01    11.017    7.368   -8.875  -70.075   35.815  109.911    1598957599042
02     7.102   10.836  -12.154 -152.284   55.272  -71.938    1598957599042
01    11.014    7.376   -8.871  -70.040   35.830  109.881    1598957599048
02     7.082   10.843  -12.158 -152.271   55.202  -71.973    1598957599048
01    11.024    7.365   -8.867  -70.086   35.776  109.877    1598957599064
02     7.080   10.835  -12.166 -152.209   55.112  -71.890    1598957599064
01    11.025    7.369   -8.865  -70.097   35.784  109.851    1598957599079
02     7.079   10.829  -12.169 -152.225   55.062  -71.885    1598957599079
01    11.027    7.371   -8.860  -70.114   35.771  109.848    1598957599095
02     7.089   10.836  -12.153 -152.273   55.109  -71.914    1598957599095
01    11.030    7.369   -8.856  -70.153   35.748  109.845    1598957599111
02     7.086   10.837  -12.155 -152.242   55.070  -71.891    1598957599111
01    11.026    7.371   -8.856  -70.192   35.714  109.816    1598957599142
02     7.083   10.839  -12.159 -152.196   55.039  -71.869    1598957599142
01    11.020    7.372   -8.864  -70.246   35.659  109.766    1598957599148
02     7.100   10.837  -12.155 -152.220   55.079  -71.828    1598957599148
01    11.017    7.376   -8.866  -70.311   35.673  109.749    1598957599164
02     7.101   10.838  -12.156 -152.199   55.069  -71.799    1598957599164
01    11.015    7.376   -8.871  -70.373   35.654  109.701    1598957599180
02     7.107   10.841  -12.156 -152.171   55.116  -71.748    1598957599180
01    11.017    7.380   -8.872  -70.351   35.648  109.749    1598957599195
02     7.113   10.841  -12.161 -152.154   55.122  -71.700    1598957599195
01    11.022    7.378   -8.874  -70.355   35.612  109.786    1598957599211
02     7.116   10.839  -12.166 -152.108   55.120  -71.636    1598957599211
01    11.022    7.375   -8.884  -70.397   35.589  109.747    1598957599242
02     7.116   10.841  -12.172 -152.051   55.117  -71.577    1598957599242
01    11.026    7.373   -8.890  -70.375   35.599  109.801    1598957599249
02     7.119   10.837  -12.181 -152.092   55.099  -71.564    1598957599249
01    11.016    7.379   -8.908  -70.355   35.624  109.748    1598957599264
02     7.112   10.831  -12.199 -152.079   55.031  -71.514    1598957599264
01    11.018    7.372   -8.916  -70.407   35.609  109.732    1598957599280
02     7.113   10.827  -12.216 -151.987   55.006  -71.402    1598957599280
01    11.021    7.372   -8.914  -70.406   35.599  109.769    1598957599296
02     7.102   10.845  -12.207 -152.044   55.074  -71.536    1598957599296
01    11.007    7.379   -8.923  -70.394   35.609  109.724    1598957599311
02     7.092   10.847  -12.213 -152.058   55.047  -71.574    1598957599311
01    11.005    7.376   -8.925  -70.391   35.560  109.727    1598957599327
02     7.081   10.849  -12.223 -151.991   54.996  -71.538    1598957599327
01    11.003    7.371   -8.926  -70.406   35.545  109.727    1598957599349
02     7.074   10.848  -12.222 -151.994   55.004  -71.555    1598957599349
01    11.005    7.362   -8.928  -70.434   35.507  109.721    1598957599365
02     7.076   10.845  -12.223 -152.057   55.027  -71.593    1598957599365
01    11.009    7.355   -8.930  -70.456   35.460  109.735    1598957599380
02     7.077   10.840  -12.226 -152.023   55.024  -71.565    1598957599380
01    11.008    7.356   -8.931  -70.426   35.477  109.713    1598957599396
02     7.077   10.833  -12.228 -152.024   55.032  -71.566    1598957599396
01    11.003    7.358   -8.936  -70.397   35.485  109.683    1598957599412
02     7.082   10.824  -12.229 -152.050   55.053  -71.544    1598957599412
01    11.006    7.352   -8.935  -70.377   35.450  109.722    1598957599427
02     7.080   10.819  -12.235 -152.041   55.052  -71.538    1598957599427
01    11.008    7.340   -8.940  -70.372   35.393  109.736    1598957599449
02     7.076   10.814  -12.241 -152.019   55.055  -71.550    1598957599449
01    11.011    7.343   -8.934  -70.295   35.405  109.788    1598957599465
02     7.082   10.800  -12.244 -151.931   55.086  -71.475    1598957599465
01    11.014    7.336   -8.938  -70.269   35.379  109.797    1598957599481
02     7.083   10.797  -12.246 -151.851   55.098  -71.456    1598957599481
01    11.014    7.330   -8.939  -70.256   35.355  109.800    1598957599496
02     7.078   10.789  -12.252 -151.737   55.087  -71.366    1598957599496
01    11.021    7.322   -8.933  -70.214   35.308  109.866    1598957599512
02     7.081   10.773  -12.252 -151.580   55.064  -71.244    1598957599512
01    11.018    7.316   -8.936  -70.179   35.233  109.841    1598957599527
02     7.079   10.752  -12.266 -151.551   55.010  -71.172    1598957599527
01    11.011    7.310   -8.943  -70.197   35.254  109.771    1598957599550
02     7.103   10.730  -12.268 -151.519   54.986  -71.045    1598957599550
01    11.005    7.305   -8.947  -70.198   35.245  109.760    1598957599565
02     7.103   10.733  -12.260 -151.563   55.016  -71.039    1598957599565
01    11.001    7.301   -8.953  -70.219   35.249  109.719    1598957599581
02     7.088   10.737  -12.267 -151.465   55.012  -70.980    1598957599581
01    10.995    7.303   -8.955  -70.198   35.248  109.699    1598957599596
02     7.100   10.729  -12.259 -151.540   55.037  -70.997    1598957599596
01    10.989    7.304   -8.958  -70.190   35.221  109.656    1598957599612
02     7.085   10.724  -12.275 -151.475   54.986  -70.929    1598957599612
01    10.989    7.297   -8.957  -70.237   35.221  109.671    1598957599628
02     7.074   10.721  -12.281 -151.400   54.937  -70.874    1598957599628
01    10.991    7.290   -8.957  -70.251   35.205  109.678    1598957599650
02     7.062   10.723  -12.282 -151.347   54.915  -70.847    1598957599650
01    10.989    7.282   -8.961  -70.257   35.176  109.669    1598957599666
02     7.069   10.708  -12.289 -151.358   54.873  -70.805    1598957599666
01    10.983    7.285   -8.964  -70.250   35.178  109.646    1598957599681
02     7.060   10.718  -12.287 -151.314   54.877  -70.819    1598957599681
01    10.983    7.290   -8.963  -70.209   35.175  109.679    1598957599697
02     7.066   10.719  -12.279 -151.345   54.927  -70.873    1598957599697
01    10.981    7.289   -8.966  -70.193   35.165  109.682    1598957599712
02     7.056   10.718  -12.289 -151.307   54.881  -70.872    1598957599712
01    10.986    7.278   -8.967  -70.230   35.138  109.694    1598957599728
02     7.064   10.716  -12.288 -151.266   54.930  -70.796    1598957599728
01    10.990    7.272   -8.965  -70.242   35.123  109.738    1598957599750
02     7.068   10.716  -12.289 -151.277   54.953  -70.800    1598957599750
01    10.983    7.273   -8.973  -70.254   35.118  109.714    1598957599766
02     7.074   10.711  -12.293 -151.304   54.969  -70.795    1598957599766
01    10.981    7.269   -8.979  -70.279   35.107  109.701    1598957599781
02     7.072   10.713  -12.293 -151.328   54.978  -70.818    1598957599781
01    10.979    7.267   -8.986  -70.298   35.089  109.676    1598957599797
02     7.059   10.725  -12.291 -151.379   54.989  -70.899    1598957599797
01    10.981    7.272   -8.977  -70.255   35.101  109.723    1598957599813
02     7.050   10.725  -12.294 -151.352   54.948  -70.906    1598957599813
01    10.981    7.272   -8.971  -70.248   35.110  109.743    1598957599828
02     7.054   10.715  -12.299 -151.308   54.921  -70.831    1598957599828
01    10.979    7.274   -8.968  -70.234   35.137  109.741    1598957599850
02     7.046   10.725  -12.292 -151.335   54.928  -70.902    1598957599850
01    10.981    7.275   -8.962  -70.236   35.161  109.745    1598957599866
02     7.047   10.726  -12.286 -151.379   54.943  -70.951    1598957599866
01    10.982    7.268   -8.960  -70.278   35.146  109.723    1598957599882
02     7.047   10.719  -12.287 -151.406   54.896  -70.951    1598957599882
01    10.979    7.273   -8.954  -70.269   35.154  109.711    1598957599897
02     7.043   10.718  -12.284 -151.415   54.869  -70.964    1598957599897
01    10.972    7.277   -8.954  -70.271   35.164  109.658    1598957599913
02     7.043   10.712  -12.282 -151.394   54.833  -70.910    1598957599913
01    10.971    7.274   -8.951  -70.294   35.157  109.634    1598957599929
02     7.045   10.712  -12.277 -151.449   54.838  -70.930    1598957599929
01    10.969    7.283   -8.942  -70.276   35.188  109.646    1598957599951
02     7.037   10.713  -12.275 -151.474   54.793  -70.968    1598957599951
01    10.970    7.281   -8.931  -70.281   35.163  109.663    1598957599966
02     7.044   10.712  -12.269 -151.475   54.833  -70.916    1598957599966
01    10.969    7.281   -8.932  -70.299   35.148  109.654    1598957599982
02     7.037   10.717  -12.268 -151.472   54.803  -70.932    1598957599982
01    10.966    7.284   -8.934  -70.322   35.166  109.635    1598957599998
02     7.040   10.720  -12.266 -151.532   54.842  -70.946    1598957599998
01    10.966    7.278   -8.940  -70.370   35.136  109.618    1598957600013
02     7.039   10.726  -12.263 -151.544   54.857  -70.970    1598957600013
01    10.966    7.287   -8.936  -70.347   35.154  109.654    1598957600029
02     7.039   10.732  -12.261 -151.575   54.884  -70.986    1598957600029
01    10.962    7.295   -8.937  -70.326   35.185  109.676    1598957600051
02     7.054   10.733  -12.256 -151.681   54.974  -71.004    1598957600051
01    10.959    7.299   -8.939  -70.306   35.199  109.697    1598957600067
02     7.053   10.740  -12.258 -151.746   54.990  -71.069    1598957600067
01    10.955    7.302   -8.944  -70.308   35.201  109.689    1598957600082
02     7.050   10.740  -12.264 -151.716   54.972  -71.021    1598957600082
01    10.958    7.302   -8.942  -70.291   35.212  109.730    1598957600098
02     7.051   10.743  -12.265 -151.812   55.011  -71.097    1598957600098
01    10.964    7.297   -8.941  -70.318   35.214  109.794    1598957600114
02     7.050   10.750  -12.263 -151.861   55.095  -71.182    1598957600114
01    10.960    7.302   -8.945  -70.257   35.205  109.808    1598957600129
02     7.046   10.752  -12.270 -151.846   55.084  -71.161    1598957600129
01    10.960    7.302   -8.948  -70.268   35.203  109.811    1598957600151
02     7.047   10.755  -12.271 -151.848   55.127  -71.178    1598957600151
01    10.959    7.303   -8.952  -70.272   35.215  109.807    1598957600167
02     7.052   10.759  -12.271 -151.896   55.165  -71.171    1598957600167
01    10.958    7.299   -8.958  -70.305   35.166  109.783    1598957600183
02     7.049   10.758  -12.279 -151.768   55.149  -71.087    1598957600183
01    10.960    7.299   -8.960  -70.305   35.158  109.800    1598957600198
02     7.050   10.754  -12.284 -151.744   55.135  -71.044    1598957600198
01    10.945    7.310   -8.977  -70.279   35.184  109.766    1598957600214
02     7.041   10.762  -12.285 -151.783   55.130  -71.184    1598957600214
01    10.950    7.307   -8.979  -70.269   35.189  109.786    1598957600229
02     7.038   10.767  -12.288 -151.774   55.122  -71.190    1598957600229
01    10.956    7.297   -8.984  -70.272   35.162  109.793    1598957600252
02     7.042   10.769  -12.286 -151.819   55.185  -71.218    1598957600252
01    10.955    7.299   -8.983  -70.257   35.170  109.822    1598957600267
02     7.038   10.760  -12.302 -151.704   55.107  -71.095    1598957600267
01    10.953    7.300   -8.987  -70.271   35.164  109.815    1598957600283
02     7.039   10.764  -12.300 -151.708   55.141  -71.102    1598957600283
01    10.953    7.298   -8.986  -70.264   35.146  109.846    1598957600299
02     7.030   10.766  -12.308 -151.743   55.096  -71.135    1598957600299
01    10.955    7.300   -8.986  -70.276   35.138  109.860    1598957600314
02     7.021   10.761  -12.324 -151.750   55.053  -71.128    1598957600314
01    10.955    7.304   -8.982  -70.245   35.143  109.907    1598957600330
02     7.036   10.759  -12.319 -151.748   55.103  -71.089    1598957600330
01    10.955    7.301   -8.989  -70.251   35.101  109.877    1598957600352
02     7.047   10.756  -12.317 -151.732   55.125  -71.040    1598957600352
01    10.957    7.299   -8.993  -70.250   35.093  109.889    1598957600368
02     7.043   10.753  -12.327 -151.686   55.094  -71.005    1598957600368
01    10.957    7.300   -8.998  -70.218   35.103  109.902    1598957600383
02     7.048   10.749  -12.332 -151.620   55.109  -70.928    1598957600383
01    10.960    7.296   -9.008  -70.213   35.082  109.903    1598957600399
02     7.039   10.751  -12.340 -151.619   55.078  -70.947    1598957600399
01    10.963    7.294   -9.013  -70.198   35.075  109.917    1598957600414
02     7.038   10.753  -12.340 -151.607   55.079  -70.963    1598957600414
01    10.971    7.291   -9.014  -70.198   35.059  109.962    1598957600430
02     7.054   10.748  -12.345 -151.600   55.102  -70.902    1598957600430
01    10.971    7.292   -9.019  -70.208   35.053  109.962    1598957600452
02     7.054   10.745  -12.353 -151.584   55.084  -70.879    1598957600452
01    10.960    7.299   -9.033  -70.212   35.045  109.900    1598957600468
02     7.051   10.756  -12.353 -151.600   55.098  -70.922    1598957600468
01    10.965    7.300   -9.029  -70.190   35.022  109.943    1598957600483
02     7.056   10.753  -12.360 -151.586   55.112  -70.871    1598957600483
01    10.966    7.295   -9.033  -70.216   34.987  109.940    1598957600499
02     7.065   10.753  -12.356 -151.569   55.146  -70.829    1598957600499
01    10.959    7.304   -9.037  -70.207   34.990  109.929    1598957600515
02     7.071   10.754  -12.359 -151.525   55.189  -70.732    1598957600515
01    10.964    7.304   -9.035  -70.205   34.986  109.970    1598957600530
02     7.071   10.748  -12.372 -151.484   55.170  -70.617    1598957600530
01    10.967    7.306   -9.035  -70.218   34.988  110.022    1598957600553
02     7.061   10.755  -12.381 -151.539   55.133  -70.678    1598957600553
01    10.968    7.303   -9.042  -70.259   34.978  110.018    1598957600568
02     7.069   10.754  -12.386 -151.551   55.172  -70.612    1598957600568
01    10.968    7.300   -9.048  -70.284   34.929  110.020    1598957600584
02     7.071   10.756  -12.393 -151.510   55.181  -70.576    1598957600584
01    10.966    7.309   -9.048  -70.221   34.987  110.051    1598957600599
02     7.079   10.757  -12.403 -151.538   55.165  -70.582    1598957600599
01    10.970    7.311   -9.049  -70.204   34.978  110.113    1598957600615
02     7.087   10.771  -12.400 -151.563   55.218  -70.616    1598957600615
01    10.975    7.315   -9.053  -70.165   34.967  110.173    1598957600631
02     7.085   10.775  -12.407 -151.586   55.240  -70.638    1598957600631
01    10.982    7.314   -9.052  -70.145   34.920  110.285    1598957600653
02     7.079   10.778  -12.416 -151.565   55.244  -70.634    1598957600653
01    10.986    7.313   -9.054  -70.167   34.858  110.298    1598957600668
02     7.101   10.771  -12.417 -151.462   55.358  -70.418    1598957600668
01    10.978    7.318   -9.067  -70.193   34.839  110.177    1598957600684
02     7.096   10.766  -12.430 -151.415   55.290  -70.355    1598957600684
01    10.980    7.323   -9.064  -70.157   34.864  110.261    1598957600700
02     7.094   10.777  -12.433 -151.495   55.303  -70.454    1598957600700
01    10.978    7.330   -9.067  -70.140   34.910  110.264    1598957600715
02     7.102   10.773  -12.441 -151.526   55.322  -70.393    1598957600715
01    10.984    7.329   -9.066  -70.138   34.894  110.364    1598957600731
02     7.109   10.781  -12.440 -151.571   55.410  -70.432    1598957600731
01    10.983    7.326   -9.075  -70.212   34.888  110.304    1598957600753
02     7.106   10.789  -12.445 -151.600   55.425  -70.465    1598957600753
01    10.989    7.326   -9.072  -70.172   34.874  110.395    1598957600769
02     7.114   10.792  -12.446 -151.608   55.512  -70.444    1598957600769
01    10.989    7.326   -9.077  -70.178   34.853  110.382    1598957600784
02     7.110   10.795  -12.458 -151.716   55.490  -70.521    1598957600784
01    10.987    7.329   -9.079  -70.151   34.843  110.390    1598957600800
02     7.115   10.798  -12.460 -151.762   55.544  -70.535    1598957600800
01    10.991    7.331   -9.073  -70.121   34.842  110.506    1598957600816
02     7.129   10.799  -12.459 -151.948   55.654  -70.562    1598957600816
01    10.991    7.331   -9.075  -70.149   34.822  110.492    1598957600831
02     7.119   10.805  -12.466 -151.907   55.631  -70.570    1598957600831
01    10.989    7.331   -9.080  -70.151   34.780  110.458    1598957600853
02     7.109   10.816  -12.470 -151.866   55.666  -70.596    1598957600853
01    10.986    7.336   -9.085  -70.095   34.760  110.445    1598957600869
02     7.092   10.821  -12.489 -151.867   55.632  -70.599    1598957600869
01    10.984    7.333   -9.092  -70.083   34.700  110.426    1598957600885
02     7.081   10.826  -12.503 -151.921   55.684  -70.596    1598957600885
01    10.981    7.336   -9.092  -70.005   34.630  110.464    1598957600900
02     7.079   10.843  -12.508 -152.221   55.874  -70.787    1598957600900
01    10.972    7.346   -9.094  -69.946   34.588  110.504    1598957600916
02     7.080   10.850  -12.531 -152.581   56.052  -70.854    1598957600916
01    10.954    7.361   -9.099  -69.897   34.537  110.535    1598957600931
02     7.062   10.873  -12.555 -152.942   56.250  -71.019    1598957600931
01    10.934    7.367   -9.108  -69.982   34.420  110.561    1598957600954
02     7.072   10.886  -12.572 -153.425   56.475  -71.149    1598957600954
01    10.876    7.388   -9.134  -70.146   34.305  110.527    1598957600969
02     7.046   10.939  -12.562 -153.654   56.643  -71.716    1598957600969
01    10.747    7.428   -9.203  -70.646   34.293  110.282    1598957600985
02     7.116   10.917  -12.510 -152.432   56.800  -70.961    1598957600985
01    10.491    7.518   -9.426  -72.174   35.044  109.400    1598957601001
02     7.438   10.961  -11.958 -144.524   57.426  -68.249    1598957601001
01     9.926    7.756   -9.907  -77.321   38.426  107.225    1598957601016
02     6.733   11.067  -11.519 -115.014   44.424  -65.988    1598957601016
01     9.300    8.218  -10.405  -87.073   44.955  104.585    1598957601032
02     6.411    9.723  -11.808  -89.013    6.304  -75.152    1598957601032
01     9.451    8.361  -10.398  -95.646   50.744  105.737    1598957601054
02     7.780    9.204  -10.996  -92.281   -2.470  -55.542    1598957601054
01     9.451    8.472  -10.440 -100.472   52.675  104.147    1598957601070
02     8.277    9.057  -10.748  -97.266   -3.939  -49.994    1598957601070
01     9.390    8.587  -10.549 -102.379   52.923  103.320    1598957601085
02     8.442    9.039  -10.730 -100.602   -4.179  -47.129    1598957601085
01     9.406    8.656  -10.662 -103.300   53.189  103.213    1598957601101
02     8.467    9.084  -10.814 -102.578   -4.096  -45.634    1598957601101
01     9.435    8.704  -10.786 -103.163   53.521  103.195    1598957601116
02     8.435    9.157  -10.937 -103.333   -3.654  -45.100    1598957601116
01     9.477    8.720  -10.908 -102.551   53.634  103.368    1598957601132
02     8.416    9.205  -11.051 -103.482   -3.217  -44.786    1598957601132
01     9.511    8.759  -11.041 -101.250   54.233  103.792    1598957601154
02     8.415    9.247  -11.155 -103.091   -2.467  -44.519    1598957601154
01     9.611    8.748  -11.165  -98.936   55.053  105.384    1598957601170
02     8.416    9.259  -11.291 -101.912   -1.762  -44.662    1598957601170
01     9.761    8.746  -11.203  -95.022   56.016  108.054    1598957601185
02     8.362    9.259  -11.458  -99.085   -1.606  -45.801    1598957601185
01     9.801    8.738  -11.241  -91.833   56.205  109.007    1598957601201
02     8.455    9.231  -11.468  -96.594   -1.493  -46.382    1598957601201
01    10.078    8.579  -11.074  -88.698   55.628  111.314    1598957601217
02     8.719    9.002  -11.506  -99.380    4.490  -43.975    1598957601217
01    10.388    8.378  -10.818  -82.911   52.554  113.806    1598957601232
02     8.483    8.724  -12.075 -105.561   13.114  -44.673    1598957601232
01    10.754    8.168  -10.472  -75.449   47.444  115.170    1598957601254
02     7.816    8.916  -12.749 -115.726   25.211  -50.636    1598957601254
01    11.143    7.992  -10.109  -65.817   39.979  112.750    1598957601270
02     7.090    9.604  -13.199 -135.942   39.554  -63.163    1598957601270
01    11.354    7.895  -10.009  -59.427   35.827  107.155    1598957601286
02     6.717   10.267  -13.147 -159.047   47.171  -79.649    1598957601286
01    11.524    7.777   -9.966  -56.902   34.518  103.426    1598957601301
02     6.527   10.704  -12.954 -171.830   49.406  -90.344    1598957601301
01    11.596    7.704   -9.857  -56.556   33.635  102.691    1598957601317
02     6.540   10.908  -12.789 -173.894   51.710  -92.196    1598957601317
01    11.467    7.606   -9.814  -58.884   32.532  103.313    1598957601333
02     6.618   10.977  -12.556 -168.252   52.246  -91.032    1598957601333
01    11.037    7.621   -9.916  -63.942   32.860  104.170    1598957601355
02     6.692   10.979  -12.255 -149.084   51.465  -83.747    1598957601355
01    10.287    7.801  -10.270  -72.843   35.331  103.896    1598957601370
02     6.572   10.745  -12.146 -118.599   39.056  -73.022    1598957601370
01     9.721    8.069  -10.626  -85.492   40.352  102.618    1598957601386
02     6.677    9.998  -12.203  -97.330   11.929  -71.796    1598957601386
01     9.706    8.190  -10.733  -93.969   44.532  103.139    1598957601402
02     7.388    9.573  -11.842  -94.357    2.491  -58.879    1598957601402
01     9.709    8.294  -10.860  -97.740   46.444  103.773    1598957601417
02     7.942    9.278  -11.619  -95.986   -1.210  -52.306    1598957601417
01     9.741    8.366  -11.025  -99.255   47.579  105.115    1598957601433
02     8.402    9.073  -11.533  -98.116   -2.411  -48.149    1598957601433
01     9.803    8.459  -11.209  -99.565   49.096  106.597    1598957601455
02     8.641    9.018  -11.620  -99.161   -2.461  -46.126    1598957601455
01     9.856    8.598  -11.417  -98.736   51.245  107.658    1598957601471
02     8.795    9.038  -11.770  -99.280   -1.916  -45.281    1598957601471
01    10.032    8.714  -11.499  -97.369   54.163  109.446    1598957601486
02     8.993    8.980  -11.986 -100.081    1.586  -44.336    1598957601486
01    10.373    8.665  -11.382  -92.395   54.468  113.029    1598957601502
02     9.022    8.547  -12.657 -105.474    7.825  -41.224    1598957601502
01    10.788    8.537  -11.069  -84.027   50.942  116.622    1598957601518
02     8.365    8.858  -13.476 -113.043   20.263  -44.847    1598957601518
01    11.136    8.420  -10.773  -75.077   44.525  117.047    1598957601533
02     7.737    9.695  -13.897 -128.110   35.414  -52.941    1598957601533
01    11.387    8.355  -10.663  -67.709   39.329  113.675    1598957601555
02     7.458   10.449  -13.885 -152.704   48.725  -70.066    1598957601555
01    11.603    8.277  -10.669  -61.323   36.224  109.408    1598957601571
02     7.287   10.985  -13.779 -170.870   53.831  -86.180    1598957601571
01    11.770    8.196  -10.657  -57.692   35.180  107.504    1598957601587
02     7.209   11.364  -13.664 -178.072   56.275  -93.965    1598957601587
01    11.795    8.115  -10.641  -57.198   34.614  107.326    1598957601602
02     7.214   11.525  -13.535 -176.685   56.948  -94.958    1598957601602
01    11.629    8.073  -10.633  -59.267   34.442  107.522    1598957601618
02     7.329   11.516  -13.348 -167.237   57.662  -89.858    1598957601618
01    11.254    8.106  -10.663  -63.710   34.837  107.798    1598957601634
02     7.448   11.438  -13.060 -145.906   56.042  -77.499    1598957601634
01    10.699    8.236  -10.811  -71.078   36.568  107.237    1598957601656
02     7.336   11.240  -12.827 -122.018   44.946  -66.647    1598957601656
01    10.143    8.422  -11.049  -81.270   39.657  105.536    1598957601671
02     7.115   10.688  -12.859 -103.349   21.337  -66.240    1598957601671
01    10.000    8.513  -11.140  -89.241   42.974  106.151    1598957601687
02     7.677   10.227  -12.496  -99.154    9.845  -56.621    1598957601687
01     9.936    8.589  -11.208  -93.598   44.773  107.406    1598957601703
02     8.108    9.901  -12.258  -99.477    4.062  -51.090    1598957601703
01     9.912    8.658  -11.282  -96.033   45.831  109.621    1598957601718
02     8.514    9.636  -12.082 -101.085    1.136  -46.763    1598957601718
01     9.929    8.710  -11.356  -97.184   46.552  112.112    1598957601734
02     8.795    9.463  -12.035 -102.846   -0.500  -43.675    1598957601734
01     9.979    8.749  -11.431  -97.321   47.174  114.297    1598957601756
02     8.943    9.396  -12.073 -103.953   -1.219  -41.825    1598957601756
01    10.043    8.754  -11.538  -97.115   47.729  115.736    1598957601772
02     9.031    9.371  -12.156 -104.556   -1.368  -40.871    1598957601772
01    10.149    8.759  -11.634  -95.614   48.637  117.256    1598957601787
02     9.025    9.375  -12.308 -103.932   -1.368  -41.177    1598957601787
01    10.285    8.768  -11.666  -92.854   49.459  118.372    1598957601803
02     8.874    9.387  -12.509 -101.320   -2.008  -43.623    1598957601803
01    10.530    8.705  -11.574  -88.554   48.945  120.145    1598957601818
02     9.331    9.270  -12.241 -101.857   -0.186  -41.561    1598957601818
01    10.841    8.616  -11.330  -82.534   45.945  121.163    1598957601834
02     9.228    8.894  -12.701 -105.374    4.539  -40.447    1598957601834
01    11.292    8.475  -10.875  -76.094   40.995  120.381    1598957601856
02     8.637    8.993  -13.313 -110.432   12.416  -43.137    1598957601856
01    11.604    8.326  -10.610  -69.674   34.967  115.330    1598957601872
02     7.955    9.521  -13.767 -124.938   26.870  -50.037    1598957601872
01    11.780    8.321  -10.527  -63.312   31.880  107.617    1598957601888
02     7.603   10.148  -13.815 -146.296   42.584  -63.542    1598957601888
01    11.936    8.297  -10.475  -59.216   31.480  101.593    1598957601903
02     7.287   10.725  -13.745 -162.108   49.551  -77.016    1598957601903
01    12.088    8.249  -10.285  -57.418   31.554   99.025    1598957601919
02     7.147   11.092  -13.658 -168.712   53.911  -82.526    1598957601919
01    12.057    8.171  -10.108  -57.918   30.774   98.109    1598957601934
02     7.067   11.256  -13.527 -169.796   54.928  -83.156    1598957601934
01    11.817    8.130   -9.952  -60.349   29.749   98.174    1598957601957
02     7.104   11.295  -13.177 -167.475   53.382  -82.749    1598957601957
01    11.354    8.129   -9.906  -64.597   29.088   98.901    1598957601972
02     7.039   11.391  -12.599 -153.162   50.590  -80.822    1598957601972
01    10.511    8.204  -10.218  -72.186   29.691   99.332    1598957601988
02     6.580   11.190  -12.367 -122.738   35.420  -74.768    1598957601988
01     9.758    8.367  -10.672  -83.994   33.279   99.666    1598957602003
02     6.784   10.345  -12.313 -102.657    7.819  -70.576    1598957602003
01     9.603    8.488  -10.806  -92.431   38.217  101.915    1598957602019
02     7.417    9.936  -11.923  -99.716   -0.392  -61.047    1598957602019
01     9.561    8.588  -10.872  -96.396   40.914  104.435    1598957602035
02     7.824    9.690  -11.704 -100.578   -4.409  -55.380    1598957602035
01     9.529    8.658  -10.985  -98.678   42.461  106.880    1598957602057
02     8.145    9.526  -11.578 -102.609   -6.263  -50.954    1598957602057
01     9.532    8.710  -11.158  -99.799   43.928  109.522    1598957602072
02     8.405    9.432  -11.559 -104.612   -6.626  -47.563    1598957602072
01     9.620    8.755  -11.337  -99.616   46.112  112.564    1598957602088
02     8.561    9.412  -11.657 -105.732   -6.011  -45.403    1598957602088
01     9.779    8.820  -11.477  -97.473   48.826  115.645    1598957602104
02     8.620    9.465  -11.827 -104.970   -5.082  -44.702    1598957602104
01     9.908    8.918  -11.555  -94.312   51.188  117.079    1598957602119
02     8.614    9.522  -12.006 -102.834   -5.192  -45.700    1598957602119
01    10.149    8.890  -11.498  -91.948   52.183  117.473    1598957602135
02     9.019    9.289  -12.073 -104.770   -0.558  -42.360    1598957602135
01    10.485    8.783  -11.273  -86.561   50.191  118.125    1598957602157
02     8.674    9.094  -12.811 -109.048    7.498  -43.179    1598957602157
01    10.896    8.664  -10.938  -78.526   45.150  117.184    1598957602173
02     8.054    9.419  -13.460 -117.531   19.408  -47.890    1598957602173
01    11.235    8.542  -10.772  -71.297   39.831  112.318    1598957602188
02     7.676   10.054  -13.681 -139.058   37.995  -59.844    1598957602188
01    11.527    8.486  -10.679  -63.760   36.681  105.219    1598957602204
02     7.320   10.648  -13.666 -159.459   47.257  -76.897    1598957602204
01    11.802    8.417  -10.537  -58.205   35.563   99.522    1598957602220
02     7.098   11.066  -13.616 -170.199   52.198  -86.408    1598957602220
01    11.989    8.292  -10.278  -55.950   34.277   96.019    1598957602235
02     6.976   11.259  -13.572 -172.893   54.935  -87.821    1598957602235
01    12.025    8.184   -9.917  -56.236   32.202   94.278    1598957602257
02     6.930   11.280  -13.469 -171.768   55.959  -84.708    1598957602257
01    11.907    8.070   -9.608  -58.185   29.621   93.323    1598957602273
02     6.947   11.185  -13.217 -168.348   54.432  -80.335    1598957602273
01    11.642    7.953   -9.477  -61.347   27.647   93.116    1598957602289
02     6.965   11.132  -12.694 -160.747   51.043  -79.618    1598957602289
01    11.178    7.837   -9.617  -65.930   26.845   94.094    1598957602304
02     6.540   11.058  -12.293 -136.203   41.050  -77.019    1598957602304
01    10.393    7.893  -10.074  -73.744   29.073   95.148    1598957602320
02     6.361   10.418  -12.219 -111.812   17.591  -75.963    1598957602320
01     9.901    7.983  -10.444  -84.775   33.824   95.297    1598957602336
02     7.070    9.968  -11.657 -101.397    4.162  -64.366    1598957602336
01     9.691    8.143  -10.541  -90.778   37.625   97.728    1598957602358
02     7.613    9.549  -11.345 -100.555   -3.518  -59.474    1598957602358
01     9.527    8.247  -10.686  -94.385   39.405  100.292    1598957602373
02     8.080    9.224  -11.135 -102.525   -7.856  -54.908    1598957602373
01     9.447    8.332  -10.891  -97.063   41.369  103.787    1598957602389
02     8.340    9.085  -11.129 -104.883   -9.877  -51.248    1598957602389
01     9.483    8.417  -11.097  -97.564   44.066  107.435    1598957602405
02     8.407    9.087  -11.295 -105.656  -10.515  -49.126    1598957602405
01     9.590    8.555  -11.232  -95.618   47.410  110.275    1598957602420
02     8.380    9.150  -11.541 -104.572  -10.946  -48.687    1598957602420
01     9.721    8.682  -11.267  -94.623   50.553  110.726    1598957602436
02     8.391    9.151  -11.772 -102.862   -9.172  -49.385    1598957602436
01     9.963    8.689  -11.166  -91.624   51.110  110.698    1598957602458
02     8.723    8.798  -12.006 -107.109   -3.427  -44.856    1598957602458
01    10.301    8.650  -10.904  -84.820   48.700  110.731    1598957602474
02     8.128    8.895  -12.815 -112.251    6.792  -46.370    1598957602474
01    10.561    8.611  -10.712  -76.865   43.637  107.514    1598957602489
02     7.460    9.510  -13.349 -123.083   19.969  -51.119    1598957602489
01    10.763    8.575  -10.692  -70.202   40.013  102.437    1598957602505
02     7.175   10.152  -13.389 -142.807   37.303  -63.554    1598957602505
01    11.088    8.529  -10.677  -63.834   38.336   97.933    1598957602520
02     6.886   10.713  -13.370 -158.533   45.341  -77.492    1598957602520
01    11.450    8.460  -10.612  -58.583   37.811   95.154    1598957602536
02     6.730   11.120  -13.362 -167.224   50.201  -86.009    1598957602536
01    11.735    8.372  -10.446  -55.505   36.789   93.669    1598957602558
02     6.686   11.301  -13.355 -170.193   52.837  -88.579    1598957602558
01    11.888    8.243  -10.209  -55.041   34.906   92.693    1598957602574
02     6.744   11.290  -13.240 -168.687   53.693  -86.990    1598957602574
01    11.878    8.096  -10.011  -56.563   32.877   92.449    1598957602590
02     6.779   11.243  -12.891 -163.177   51.519  -86.628    1598957602590
01    11.611    7.946   -9.987  -60.276   31.485   93.494    1598957602605
02     6.563   11.209  -12.523 -144.179   46.656  -83.753    1598957602605
01    10.855    7.935  -10.363  -67.397   32.386   94.656    1598957602621
02     6.392   10.744  -12.422 -118.485   30.838  -77.781    1598957602621
01    10.111    8.046  -10.836  -79.287   36.294   95.664    1598957602636
02     6.948   10.026  -12.191 -103.457   11.337  -67.897    1598957602636
01     9.770    8.260  -10.950  -87.905   40.902   98.271    1598957602659
02     7.516    9.651  -11.865 -101.806    2.340  -61.477    1598957602659
01     9.582    8.398  -11.050  -92.975   43.400  100.955    1598957602674
02     7.947    9.383  -11.647 -103.281   -2.838  -56.848    1598957602674
01     9.479    8.509  -11.209  -96.737   45.871  103.886    1598957602690
02     8.238    9.243  -11.586 -105.472   -5.323  -53.221    1598957602690
01     9.480    8.626  -11.377  -97.785   48.792  107.255    1598957602705
02     8.347    9.240  -11.687 -106.499   -6.150  -50.888    1598957602705
01     9.565    8.752  -11.522  -96.059   51.811  110.454    1598957602721
02     8.374    9.300  -11.869 -106.095   -6.334  -49.550    1598957602721
01     9.635    8.906  -11.639  -94.449   54.791  112.090    1598957602737
02     8.400    9.312  -12.096 -105.238   -4.598  -48.648    1598957602737
01     9.803    8.937  -11.626  -92.390   55.979  112.982    1598957602759
02     8.689    9.130  -12.242 -106.811   -0.414  -45.890    1598957602759
01    10.092    8.852  -11.442  -87.726   54.339  113.924    1598957602775
02     8.417    8.970  -12.901 -109.940    6.552  -45.677    1598957602775
01    10.430    8.761  -11.148  -80.056   50.056  113.633    1598957602790
02     7.783    9.262  -13.671 -115.443   16.111  -48.134    1598957602790
01    10.661    8.686  -10.989  -72.725   44.533  109.094    1598957602806
02     7.364   10.053  -14.018 -131.326   34.192  -55.844    1598957602806
01    10.895    8.614  -10.940  -67.049   41.591  103.627    1598957602821
02     7.013   10.766  -14.016 -151.138   46.678  -72.372    1598957602821
01    11.189    8.488  -10.905  -61.883   40.002   98.605    1598957602837
02     6.835   11.246  -13.891 -166.347   52.476  -87.296    1598957602837
01    11.457    8.316  -10.784  -59.277   39.049   96.490    1598957602853
02     6.807   11.469  -13.778 -171.505   55.020  -93.344    1598957602859
01    11.476    8.179  -10.650  -59.726   37.917   96.156    1598957602875
02     6.794   11.524  -13.564 -168.727   54.061  -94.649    1598957602875
01    11.251    8.092  -10.552  -63.054   37.008   96.322    1598957602890
02     6.828   11.442  -13.240 -155.619   52.330  -89.951    1598957602890
01    10.606    8.137  -10.714  -70.466   37.487   95.568    1598957602906
02     6.701   11.263  -12.946 -129.685   44.604  -79.752    1598957602906
01     9.844    8.323  -11.066  -81.961   40.224   94.005    1598957602922
02     6.575   10.656  -12.878 -106.914   21.815  -75.436    1598957602922
01     9.658    8.451  -11.173  -91.231   44.597   95.511    1598957602937
02     7.190   10.093  -12.537 -101.502    9.870  -65.269    1598957602937
01     9.566    8.549  -11.284  -96.699   47.322   96.938    1598957602953
02     7.633    9.731  -12.327 -100.680    3.924  -59.535    1598957602953
01     9.521    8.643  -11.397  -99.783   49.480   98.976    1598957602975
02     8.075    9.415  -12.185 -101.528    1.007  -55.218    1598957602975
01     9.529    8.733  -11.513 -101.417   51.748  101.595    1598957602991
02     8.332    9.264  -12.194 -102.302   -0.217  -52.741    1598957602992
01     9.586    8.802  -11.625 -101.360   53.861  104.178    1598957602999
02     8.423    9.230  -12.300 -102.036   -0.878  -51.695    1598957602999
01     9.683    8.862  -11.695  -99.423   55.550  106.321    1598957603015
02     8.400    9.231  -12.463 -100.262   -1.723  -52.264    1598957603015
01     9.878    8.857  -11.660  -96.375   56.237  107.785    1598957603031
02     9.018    9.019  -12.291 -102.209    0.284  -49.300    1598957603031
01    10.178    8.786  -11.478  -89.918   54.365  109.469    1598957603046
02     8.647    8.682  -13.137 -106.798    6.711  -48.930    1598957603046
01    10.494    8.722  -11.221  -81.318   49.838  109.010    1598957603075
02     7.866    9.053  -13.916 -114.049   17.096  -52.141    1598957603075
01    10.835    8.597  -11.032  -73.979   44.111  105.038    1598957603091
02     7.350    9.905  -14.101 -129.399   31.785  -60.150    1598957603091
01    11.145    8.508  -10.941  -67.364   40.343   99.553    1598957603106
02     7.010   10.530  -13.960 -147.542   43.413  -75.291    1598957603106
01    11.467    8.387  -10.861  -61.914   38.398   95.059    1598957603122
02     6.811   10.905  -13.857 -159.540   49.109  -86.447    1598957603122
01    11.723    8.259  -10.703  -58.722   37.273   93.055    1598957603137
02     6.759   11.071  -13.775 -163.938   52.285  -90.918    1598957603137
01    11.778    8.170  -10.482  -58.029   35.995   92.358    1598957603153
02     6.724   11.133  -13.593 -163.727   52.022  -92.455    1598957603153
01    11.673    8.053  -10.270  -60.184   34.583   92.201    1598957603175
02     6.694   11.128  -13.283 -158.302   49.821  -92.364    1598957603175
01    11.227    7.997  -10.224  -65.728   33.724   92.155    1598957603191
02     6.479   11.092  -12.941 -139.371   43.898  -89.103    1598957603191
01    10.389    8.061  -10.558  -74.946   34.585   91.470    1598957603207
02     6.351   10.684  -12.762 -115.496   26.792  -84.316    1598957603207
01     9.820    8.123  -10.950  -87.471   37.903   90.842    1598957603222
02     6.935   10.238  -12.291 -101.999   11.056  -71.645    1598957603222
01     9.639    8.271  -11.030  -93.849   41.459   93.287    1598957603238
02     7.570    9.704  -11.899  -99.515    2.757  -66.982    1598957603238
01     9.498    8.414  -11.121  -97.130   43.653   95.783    1598957603253
02     8.097    9.297  -11.637 -100.162   -1.738  -62.828    1598957603253
01     9.436    8.522  -11.261  -99.056   45.480   98.712    1598957603260
02     8.434    9.084  -11.577 -102.113   -3.966  -59.209    1598957603260
01     9.432    8.639  -11.430  -99.901   47.976  101.916    1598957603291
02     8.577    9.048  -11.692 -103.696   -4.560  -56.666    1598957603291
01     9.518    8.742  -11.574  -99.104   50.966  105.550    1598957603307
02     8.574    9.128  -11.900 -104.018   -4.278  -55.567    1598957603307
01     9.660    8.829  -11.661  -96.727   53.520  108.663    1598957603322
02     8.462    9.240  -12.133 -102.654   -4.090  -55.879    1598957603322
01     9.774    8.918  -11.682  -94.485   55.341  109.432    1598957603338
02     8.542    9.256  -12.201 -101.358   -3.761  -56.188    1598957603338
01    10.038    8.875  -11.560  -90.312   54.936  110.445    1598957603354
02     8.813    8.880  -12.439 -105.257    0.327  -52.623    1598957603354
01    10.361    8.817  -11.293  -83.029   51.954  110.907    1598957603360
02     8.315    8.981  -13.099 -109.763    8.917  -53.743    1598957603360
01    10.670    8.788  -10.984  -75.342   46.963  107.624    1598957603392
02     7.748    9.485  -13.627 -119.788   22.475  -57.542    1598957603392
01    10.921    8.702  -10.891  -69.350   42.579  101.403    1598957603407
02     7.372   10.155  -13.699 -139.203   37.846  -70.929    1598957603407
01    11.200    8.624  -10.891  -63.392   40.193   94.310    1598957603423
02     6.923   10.752  -13.663 -154.536   45.206  -85.766    1598957603423
01    11.540    8.535  -10.826  -58.816   39.881   90.106    1598957603438
02     6.710   11.143  -13.564 -162.875   49.618  -94.567    1598957603438
01    11.823    8.402  -10.663  -56.583   39.253   88.378    1598957603454
02     6.606   11.272  -13.453 -164.810   50.756  -97.423    1598957603454
01    11.952    8.237  -10.435  -56.909   37.864   88.050    1598957603476
02     6.546   11.301  -13.159 -162.844   49.128  -98.752    1598957603476
01    11.847    8.084  -10.255  -59.643   36.569   88.347    1598957603492
02     6.400   11.283  -12.731 -152.764   45.620  -99.232    1598957603492
01    11.349    7.934  -10.389  -65.738   35.805   89.077    1598957603507
02     6.101   10.970  -12.522 -128.515   34.777  -96.484    1598957603507
01    10.346    8.085  -10.905  -75.695   38.099   89.076    1598957603523
02     6.347   10.217  -12.426 -107.623   16.712  -91.854    1598957603523
01     9.908    8.303  -11.134  -87.149   43.426   90.219    1598957603539
02     7.158    9.776  -11.968  -98.397    5.287  -80.477    1598957603539
01     9.721    8.484  -11.208  -93.036   46.746   92.756    1598957603554
02     7.648    9.509  -11.755  -97.264   -0.942  -75.090    1598957603554
01     9.563    8.632  -11.334  -96.452   48.650   94.973    1598957603561
02     8.081    9.309  -11.616  -98.924   -4.349  -70.588    1598957603561
01     9.517    8.773  -11.462  -98.670   51.027   97.732    1598957603592
02     8.317    9.241  -11.636 -100.773   -5.790  -67.616    1598957603592
01     9.552    8.904  -11.601  -99.012   53.834  100.661    1598957603608
02     8.401    9.269  -11.764 -101.391   -6.003  -65.897    1598957603608
01     9.648    9.020  -11.711  -97.104   56.463  103.379    1598957603623
02     8.405    9.343  -11.940 -100.448   -5.779  -65.266    1598957603623
01     9.726    9.135  -11.767  -95.356   58.631  104.550    1598957603639
02     8.483    9.336  -12.081  -99.494   -4.460  -64.596    1598957603639
01     9.962    9.106  -11.681  -91.667   58.844  106.412    1598957603655
02     8.889    9.109  -12.201 -102.690    0.189  -60.599    1598957603655
01    10.306    9.004  -11.446  -84.672   56.494  108.596    1598957603661
02     8.527    9.074  -12.896 -107.523    8.713  -60.636    1598957603661
01    10.616    8.937  -11.176  -76.075   51.891  108.236    1598957603692
02     7.946    9.488  -13.527 -116.455   21.057  -63.777    1598957603692
01    10.895    8.826  -11.046  -69.368   46.766  104.312    1598957603708
02     7.493   10.194  -13.722 -135.623   37.326  -75.110    1598957603708
01    11.216    8.719  -10.957  -63.126   43.513   99.480    1598957603724
02     7.110   10.800  -13.696 -153.329   46.748  -90.499    1598957603724
01    11.527    8.583  -10.880  -58.706   42.036   95.565    1598957603739
02     6.835   11.262  -13.634 -164.182   51.083 -100.750    1598957603739
01    11.718    8.424  -10.756  -56.823   41.063   93.739    1598957603755
02     6.714   11.506  -13.548 -167.778   53.270 -104.602    1598957603755
01    11.762    8.263  -10.572  -57.452   39.768   93.461    1598957603761
02     6.652   11.601  -13.359 -167.366   52.667 -105.736    1598957603761
01    11.586    8.162  -10.422  -60.248   38.805   93.192    1598957603777
02     6.547   11.585  -13.032 -159.818   49.925 -104.863    1598957603777
01    11.157    8.113  -10.406  -65.823   38.313   92.663    1598957603808
02     6.307   11.433  -12.711 -140.640   43.856 -100.414    1598957603808
01    10.351    8.206  -10.740  -75.031   39.394   91.038    1598957603824
02     6.226   10.905  -12.536 -117.325   29.528  -95.040    1598957603824
01     9.702    8.346  -11.172  -88.112   42.757   89.055    1598957603839
02     6.841   10.212  -12.279 -100.548   11.530  -83.286    1598957603839
01     9.556    8.534  -11.217  -95.493   46.839   90.979    1598957603855
02     7.401    9.817  -12.006  -97.748    4.035  -77.815    1598957603855
01     9.448    8.683  -11.263  -99.468   49.205   93.537    1598957603862
02     7.867    9.514  -11.811  -98.386   -0.258  -73.428    1598957603862
01     9.410    8.782  -11.334 -101.686   51.025   97.145    1598957603877
02     8.218    9.317  -11.732 -100.262   -2.650  -69.822    1598957603877
01     9.432    8.864  -11.433 -102.165   52.976  100.750    1598957603909
02     8.380    9.265  -11.788 -101.537   -3.538  -67.630    1598957603909
01     9.480    8.956  -11.545 -101.492   55.142  103.355    1598957603924
02     8.448    9.287  -11.908 -101.964   -3.409  -66.629    1598957603924
01     9.551    9.051  -11.652  -99.863   57.404  105.522    1598957603940
02     8.448    9.357  -12.072 -101.269   -2.795  -66.658    1598957603940
01     9.679    9.106  -11.706  -97.119   59.074  107.479    1598957603955
02     8.349    9.424  -12.255  -99.056   -2.395  -68.274    1598957603955
01     9.906    9.077  -11.633  -92.849   59.092  109.280    1598957603962
02     8.839    9.305  -12.128 -100.662    0.366  -65.317    1598957603962
01    10.216    8.999  -11.418  -85.211   56.167  111.100    1598957603978
02     8.615    9.088  -12.723 -105.704    6.826  -64.725    1598957603978
01    10.604    8.932  -11.069  -76.383   50.999  109.932    1598957603993
02     8.147    9.335  -13.292 -113.745   17.538  -66.944    1598957604009
01    10.892    8.839  -10.904  -69.886   45.576  103.976    1598957604024
02     7.660   10.009  -13.510 -134.431   34.792  -77.476    1598957604024
01    11.172    8.735  -10.834  -63.958   42.008   95.534    1598957604040
02     7.141   10.679  -13.534 -152.064   44.280  -92.428    1598957604040
01    11.473    8.622  -10.762  -59.917   40.916   89.908    1598957604056
02     6.801   11.188  -13.493 -163.067   49.575 -102.451    1598957604056
01    11.745    8.484  -10.611  -57.817   40.322   87.607    1598957604062
02     6.643   11.466  -13.507 -166.351   53.117 -105.302    1598957604062
01    11.876    8.349  -10.407  -57.493   39.152   87.012    1598957604078
02     6.630   11.571  -13.477 -166.772   55.111 -104.747    1598957604078
01    11.840    8.249  -10.193  -58.759   37.546   87.067    1598957604109
02     6.578   11.607  -13.259 -165.374   53.667 -104.475    1598957604109
01    11.640    8.159  -10.087  -61.805   36.278   86.768    1598957604125
02     6.361   11.607  -12.812 -159.257   48.588 -106.254    1598957604125
01    11.277    8.048  -10.141  -67.008   35.537   87.179    1598957604140
02     6.003   11.370  -12.484 -139.973   40.793 -105.745    1598957604140
01    10.485    8.066  -10.629  -75.331   36.853   87.258    1598957604156
02     6.175   10.617  -12.363 -117.007   26.594 -100.297    1598957604156
01     9.792    8.258  -11.161  -87.289   41.336   86.572    1598957604162
02     6.813    9.902  -12.220  -98.890    8.594  -89.741    1598957604162
01     9.637    8.476  -11.236  -93.939   46.000   89.518    1598957604178
02     7.412    9.570  -11.960  -95.160    1.715  -83.966    1598957604178
01     9.536    8.639  -11.297  -97.117   48.543   92.962    1598957604194
02     7.900    9.337  -11.775  -95.499   -2.634  -79.115    1598957604194
01     9.496    8.746  -11.419  -98.922   50.637   97.135    1598957604225
02     8.301    9.187  -11.706  -97.507   -4.965  -74.798    1598957604225
01     9.546    8.847  -11.566  -98.870   53.328  101.383    1598957604241
02     8.512    9.154  -11.807  -98.935   -5.606  -71.984    1598957604241
01     9.652    8.964  -11.693  -96.883   56.288  105.056    1598957604256
02     8.592    9.211  -11.981  -98.881   -5.156  -70.601    1598957604256
01     9.778    9.063  -11.772  -93.914   58.520  107.741    1598957604262
02     8.565    9.297  -12.174  -97.440   -4.653  -70.834    1598957604262
01     9.891    9.106  -11.796  -92.506   59.702  107.996    1598957604278
02     8.667    9.261  -12.284  -96.621   -3.346  -70.773    1598957604278
01    10.121    9.045  -11.677  -88.355   58.629  109.250    1598957604294
02     9.024    8.933  -12.504 -100.798    1.295  -67.080    1598957604294
01    10.405    8.942  -11.456  -81.754   55.394  109.969    1598957604325
02     8.515    9.064  -13.180 -106.485   10.354  -68.095    1598957604325
01    10.679    8.868  -11.206  -74.145   50.700  108.109    1598957604341
02     7.937    9.600  -13.678 -118.373   24.524  -72.433    1598957604341
01    10.944    8.725  -11.077  -68.528   46.050  103.736    1598957604356
02     7.436   10.341  -13.778 -138.170   39.518  -85.657    1598957604356
01    11.185    8.577  -11.024  -63.769   43.156   99.413    1598957604362
02     7.068   10.901  -13.734 -153.559   47.258  -99.580    1598957604362
01    11.353    8.437  -10.984  -61.091   41.999   97.568    1598957604378
02     6.841   11.329  -13.694 -160.859   51.184 -107.291    1598957604378
01    11.359    8.314  -10.940  -61.289   41.290   97.434    1598957604394
02     6.689   11.561  -13.591 -160.405   51.908 -109.717    1598957604394
01    11.146    8.259  -10.910  -63.976   40.920   97.453    1598957604425
02     6.656   11.555  -13.390 -151.162   50.902 -106.391    1598957604425
01    10.626    8.317  -11.009  -69.623   41.383   97.021    1598957604441
02     6.579   11.358  -13.169 -133.465   45.350  -98.923    1598957604441
01     9.924    8.517  -11.277  -78.664   43.558   95.832    1598957604456
02     6.534   10.922  -12.963 -114.691   32.390  -92.415    1598957604456
01     9.586    8.663  -11.505  -89.293   47.284   95.542    1598957604463
02     7.169   10.310  -12.617 -101.661   15.736  -81.602    1598957604463
01     9.504    8.808  -11.548  -94.773   50.602   97.405    1598957604478
02     7.644    9.908  -12.393  -99.609    7.827  -77.249    1598957604478
01     9.445    8.928  -11.606  -97.886   52.819   99.449    1598957604494
02     7.958    9.678  -12.271  -99.750    3.623  -73.959    1598957604494
01     9.448    9.015  -11.649  -99.109   54.679  102.442    1598957604525
02     8.169    9.539  -12.228 -100.426    1.350  -71.687    1598957604525
01     9.463    9.090  -11.702  -99.182   56.001  104.755    1598957604541
02     8.268    9.482  -12.248 -100.766    0.126  -70.703    1598957604541
01     9.488    9.154  -11.762  -98.466   56.932  106.391    1598957604556
02     8.308    9.468  -12.296 -100.627   -0.424  -70.464    1598957604556
01     9.553    9.207  -11.796  -96.962   57.970  107.772    1598957604563
02     8.273    9.486  -12.376  -99.476   -0.563  -71.315    1598957604563
01     9.688    9.200  -11.767  -94.412   58.235  108.735    1598957604579
02     8.170    9.508  -12.433  -96.869   -0.705  -73.974    1598957604579
01     9.934    9.120  -11.627  -89.027   56.667  110.230    1598957604594
02     8.545    9.371  -12.270  -98.498    0.918  -71.799    1598957604594
01    10.231    9.047  -11.368  -81.456   53.218  110.906    1598957604625
02     8.437    9.136  -12.680 -103.351    6.773  -70.293    1598957604625
01    10.622    8.946  -10.981  -74.290   48.367  108.292    1598957604641
02     8.050    9.323  -13.116 -110.052   15.870  -71.986    1598957604641
01    10.880    8.808  -10.831  -67.760   42.975  101.119    1598957604657
02     7.566    9.844  -13.367 -126.856   30.677  -79.588    1598957604657
01    11.106    8.701  -10.768  -63.490   40.549   93.530    1598957604663
02     7.017   10.499  -13.438 -144.010   40.890  -92.355    1598957604663
01    11.326    8.604  -10.707  -61.281   40.156   89.114    1598957604679
02     6.636   11.036  -13.464 -155.502   46.793 -101.276    1598957604679
01    11.499    8.512  -10.596  -60.397   39.986   87.578    1598957604694
02     6.440   11.380  -13.513 -160.182   50.415 -104.547    1598957604694
01    11.536    8.426  -10.466  -60.670   39.268   87.285    1598957604726
02     6.329   11.567  -13.515 -162.040   52.064 -105.402    1598957604726
01    11.453    8.340  -10.338  -62.059   38.162   87.608    1598957604741
02     6.242   11.709  -13.316 -162.551   51.598 -107.127    1598957604741
01    11.222    8.260  -10.318  -64.573   37.348   88.006    1598957604757
02     6.067   11.730  -12.988 -157.407   48.380 -108.508    1598957604757
01    10.727    8.235  -10.482  -69.120   37.442   89.077    1598957604763
02     5.826   11.570  -12.684 -141.391   43.047 -107.405    1598957604763
01     9.827    8.415  -10.995  -77.305   39.803   89.178    1598957604779
02     5.898   11.036  -12.498 -119.145   31.867 -101.213    1598957604779
01     9.198    8.703  -11.448  -89.560   44.889   88.914    1598957604795
02     6.492   10.265  -12.416 -100.901   13.402  -90.552    1598957604795
01     9.095    8.955  -11.501  -96.218   49.716   91.920    1598957604810
02     7.166    9.912  -12.136  -98.239    6.415  -84.044    1598957604810
01     9.063    9.133  -11.546  -99.987   53.119   95.953    1598957604842
02     7.587    9.718  -12.015  -98.989    2.197  -79.437    1598957604842
01     9.083    9.273  -11.623 -101.070   55.690  100.483    1598957604857
02     7.867    9.643  -11.996 -100.607    0.108  -75.903    1598957604857
01     9.173    9.385  -11.726  -99.884   58.042  105.033    1598957604864
02     8.042    9.648  -12.073 -101.665   -0.552  -73.532    1598957604864
01     9.270    9.496  -11.838  -97.574   60.377  108.483    1598957604879
02     8.124    9.701  -12.207 -101.742   -0.278  -72.392    1598957604879
01     9.393    9.557  -11.923  -94.394   61.807  111.297    1598957604895
02     8.120    9.785  -12.349 -100.423    0.243  -72.463    1598957604895
01     9.547    9.555  -11.928  -91.255   62.040  112.613    1598957604911
02     8.051    9.828  -12.461  -97.644   -0.025  -73.927    1598957604911
01     9.760    9.463  -11.851  -88.087   60.750  112.694    1598957604942
02     8.397    9.735  -12.335  -97.893    0.761  -72.135    1598957604942
01    10.066    9.322  -11.629  -82.023   57.492  113.075    1598957604958
02     8.434    9.396  -12.724 -102.266    5.712  -69.764    1598957604958
01    10.444    9.184  -11.282  -74.420   52.514  111.102    1598957604964
02     8.027    9.564  -13.192 -108.282   15.457  -71.723    1598957604964
01    10.790    9.015  -11.016  -68.240   47.077  105.381    1598957604980
02     7.531   10.057  -13.454 -125.059   29.496  -79.785    1598957604980
01    11.011    8.906  -10.941  -62.736   43.512   97.553    1598957604995
02     6.910   10.658  -13.476 -144.459   38.584  -95.929    1598957604995
01    11.250    8.725  -10.875  -59.951   42.043   92.610    1598957605011
02     6.500   11.125  -13.427 -157.091   44.280 -106.259    1598957605011
01    11.373    8.557  -10.745  -59.499   41.070   90.784    1598957605042
02     6.253   11.440  -13.378 -161.830   47.444 -110.620    1598957605042
01    11.344    8.421  -10.549  -60.964   39.699   90.652    1598957605058
02     6.125   11.584  -13.249 -161.885   47.865 -111.560    1598957605058
01    11.072    8.358  -10.393  -64.626   38.660   90.508    1598957605064
02     6.000   11.558  -13.021 -155.915   46.053 -110.493    1598957605064
01    10.515    8.351  -10.423  -71.203   38.233   90.001    1598957605080
02     5.859   11.422  -12.744 -142.400   42.188 -107.321    1598957605080
01     9.639    8.451  -10.805  -81.104   39.177   88.585    1598957605096
02     5.812   11.052  -12.503 -123.560   33.001 -102.596    1598957605096
01     8.978    8.684  -11.232  -93.023   42.897   88.120    1598957605111
02     6.074   10.307  -12.441 -106.057   14.986  -99.052    1598957605111
01     8.879    8.895  -11.350  -99.920   48.056   90.922    1598957605143
02     6.716    9.891  -12.234 -101.221    7.221  -90.324    1598957605143
01     8.894    9.053  -11.392 -102.563   51.402   94.387    1598957605158
02     7.156    9.677  -12.098 -100.409    3.210  -84.802    1598957605158
01     8.919    9.167  -11.464 -103.713   53.830   97.903    1598957605165
02     7.455    9.568  -12.046 -100.979    1.204  -81.206    1598957605165
01     8.958    9.273  -11.540 -103.980   55.970  100.440    1598957605180
02     7.630    9.550  -12.059 -101.389    0.525  -79.437    1598957605180
01     8.983    9.371  -11.642 -103.867   57.744  101.628    1598957605196
02     7.745    9.560  -12.115 -101.576    0.533  -78.624    1598957605196
01     9.047    9.442  -11.737 -102.859   59.523  102.934    1598957605212
02     7.773    9.616  -12.202 -100.940    1.128  -78.820    1598957605212
01     9.193    9.461  -11.759 -100.338   60.938  104.393    1598957605227
02     7.696    9.682  -12.302  -98.588    1.676  -80.804    1598957605227
01     9.457    9.388  -11.674  -94.733   60.636  106.510    1598957605258
02     7.863    9.675  -12.259  -97.760    2.554  -80.876    1598957605258
01     9.766    9.286  -11.493  -86.049   57.834  108.048    1598957605265
02     7.916    9.415  -12.571 -102.760    7.039  -78.666    1598957605265
01    10.125    9.210  -11.211  -76.565   53.477  106.807    1598957605281
02     7.562    9.620  -12.915 -110.058   16.324  -81.077    1598957605281
01    10.435    9.058  -11.069  -69.308   48.498  101.142    1598957605296
02     7.081   10.066  -13.116 -127.854   28.667  -89.686    1598957605296
01    10.728    8.899  -10.988  -63.793   45.770   94.697    1598957605312
02     6.480   10.743  -13.043 -147.107   37.854 -105.444    1598957605312
01    10.964    8.673  -10.956  -61.693   44.811   91.385    1598957605328
02     6.046   11.189  -12.951 -155.677   41.450 -114.482    1598957605328
01    10.929    8.475  -10.965  -63.403   44.648   91.193    1598957605343
02     5.792   11.354  -12.835 -151.790   42.635 -117.274    1598957605343
01    10.484    8.403  -11.113  -68.854   45.133   91.778    1598957605366
02     5.810   11.134  -12.834 -138.081   40.990 -112.160    1598957605366
01     9.663    8.617  -11.394  -78.270   47.626   91.601    1598957605381
02     6.054   10.845  -12.702 -121.146   36.096 -103.337    1598957605381
01     9.111    8.954  -11.591  -90.569   52.252   91.172    1598957605397
02     6.292   10.388  -12.613 -105.923   23.123  -97.217    1598957605397
01     9.116    9.099  -11.581  -97.244   56.522   94.227    1598957605412
02     6.901   10.006  -12.402 -100.485   14.256  -89.205    1598957605412
01     9.142    9.194  -11.588 -100.237   58.661   96.174    1598957605428
02     7.306    9.792  -12.270  -98.975    9.407  -84.971    1598957605428
01     9.151    9.266  -11.620 -101.772   59.848   97.367    1598957605444
02     7.566    9.678  -12.193  -98.844    6.971  -82.466    1598957605444
01     9.143    9.322  -11.663 -102.697   60.650   98.087    1598957605466
02     7.718    9.628  -12.157  -99.073    5.828  -81.079    1598957605466
01     9.161    9.362  -11.693 -102.843   61.452   98.965    1598957605481
02     7.791    9.607  -12.160  -99.017    5.333  -80.663    1598957605481
01     9.199    9.386  -11.715 -102.135   62.184   99.810    1598957605497
02     7.826    9.600  -12.175  -98.470    5.433  -80.974    1598957605497
01     9.260    9.397  -11.714 -100.571   62.856  100.717    1598957605513
02     7.829    9.604  -12.185  -97.289    5.885  -82.142    1598957605513
01     9.429    9.329  -11.666  -96.923   62.937  103.457    1598957605528
02     7.890    9.610  -12.145  -96.358    6.633  -82.976    1598957605528
01     9.608    9.237  -11.581  -91.293   61.896  106.563    1598957605544
02     8.175    9.416  -12.199  -98.444    8.741  -81.731    1598957605544
01     9.865    9.099  -11.434  -85.043   60.070  109.276    1598957605566
02     8.042    9.410  -12.552 -102.205   13.720  -81.405    1598957605566
01    10.110    8.957  -11.278  -79.786   58.140  110.215    1598957605582
02     7.709    9.684  -12.879 -107.517   21.246  -82.842    1598957605582
01    10.296    8.838  -11.165  -74.817   56.207  109.797    1598957605597
02     7.355   10.101  -13.062 -116.798   32.928  -88.241    1598957605597
01    10.367    8.799  -11.093  -72.035   55.483  108.071    1598957605613
02     7.109   10.486  -13.102 -125.913   42.091  -95.143    1598957605613
