01    12.650    0.820   -5.480  116.261    8.902   59.184    1598957381225
02    10.920   -2.833   -9.798  149.606   44.997  161.394    1598957381225
01    12.655    0.825   -5.472  116.243    8.915   59.126    1598957381231
02    10.914   -2.815   -9.807  149.543   44.895  161.328    1598957381231
01    12.653    0.826   -5.466  116.231    8.921   59.125    1598957381247
02    10.913   -2.830   -9.801  149.509   44.922  161.417    1598957381247
01    12.649    0.823   -5.472  116.225    8.922   59.183    1598957381278
02    10.918   -2.822   -9.792  149.494   44.951  161.363    1598957381278
01    12.650    0.818   -5.465  116.212    8.987   59.188    1598957381294
02    10.911   -2.823   -9.792  149.516   44.931  161.420    1598957381294
01    12.648    0.818   -5.464  116.216    8.995   59.200    1598957381310
02    10.908   -2.829   -9.784  149.491   44.947  161.429    1598957381310
01    12.645    0.816   -5.462  116.196    9.019   59.206    1598957381325
02    10.909   -2.837   -9.773  149.488   44.996  161.460    1598957381325
01    12.644    0.814   -5.461  116.192    9.023   59.227    1598957381332
02    10.901   -2.833   -9.780  149.518   44.917  161.497    1598957381332
01    12.643    0.811   -5.461  116.189    9.013   59.239    1598957381347
02    10.899   -2.833   -9.779  149.519   44.866  161.492    1598957381347
01    12.644    0.807   -5.457  116.189    8.991   59.223    1598957381379
02    10.901   -2.832   -9.774  149.490   44.849  161.446    1598957381379
01    12.641    0.804   -5.462  116.205    8.951   59.244    1598957381394
02    10.898   -2.834   -9.774  149.485   44.789  161.443    1598957381394
01    12.641    0.805   -5.461  116.233    8.931   59.252    1598957381410
02    10.894   -2.838   -9.775  149.473   44.712  161.466    1598957381410
01    12.642    0.797   -5.455  116.217    8.957   59.226    1598957381425
02    10.896   -2.843   -9.769  149.470   44.723  161.441    1598957381425
01    12.640    0.784   -5.454  116.214    8.949   59.242    1598957381432
02    10.895   -2.847   -9.767  149.462   44.666  161.422    1598957381432
01    12.639    0.770   -5.452  116.211    8.953   59.257    1598957381448
02    10.892   -2.852   -9.766  149.452   44.578  161.404    1598957381448
01    12.638    0.764   -5.444  116.228    8.944   59.243    1598957381463
02    10.892   -2.862   -9.754  149.445   44.590  161.387    1598957381463
01    12.634    0.760   -5.441  116.265    8.911   59.238    1598957381494
02    10.890   -2.872   -9.748  149.415   44.537  161.368    1598957381494
01    12.628    0.751   -5.441  116.326    8.878   59.255    1598957381510
02    10.880   -2.882   -9.751  149.412   44.388  161.401    1598957381510
01    12.626    0.746   -5.440  116.371    8.848   59.261    1598957381526
02    10.873   -2.884   -9.761  149.438   44.235  161.374    1598957381526
01    12.626    0.744   -5.445  116.427    8.796   59.294    1598957381532
02    10.874   -2.885   -9.759  149.477   44.274  161.347    1598957381532
01    12.624    0.745   -5.448  116.484    8.774   59.307    1598957381548
02    10.880   -2.887   -9.753  149.473   44.332  161.292    1598957381548
01    12.627    0.740   -5.443  116.453    8.763   59.256    1598957381579
02    10.886   -2.884   -9.747  149.427   44.388  161.198    1598957381579
01    12.626    0.742   -5.443  116.496    8.753   59.266    1598957381594
02    10.888   -2.887   -9.745  149.421   44.370  161.205    1598957381594
01    12.628    0.735   -5.433  116.460    8.764   59.226    1598957381610
02    10.888   -2.887   -9.741  149.423   44.376  161.192    1598957381610
01    12.626    0.738   -5.434  116.505    8.728   59.264    1598957381626
02    10.887   -2.884   -9.737  149.357   44.330  161.144    1598957381626
01    12.627    0.740   -5.429  116.509    8.703   59.238    1598957381632
02    10.883   -2.880   -9.736  149.343   44.275  161.141    1598957381632
01    12.627    0.745   -5.426  116.530    8.674   59.247    1598957381648
02    10.880   -2.876   -9.734  149.349   44.211  161.153    1598957381648
01    12.625    0.750   -5.427  116.541    8.636   59.265    1598957381679
02    10.875   -2.865   -9.739  149.318   44.071  161.091    1598957381679
01    12.624    0.755   -5.431  116.540    8.604   59.287    1598957381695
02    10.871   -2.863   -9.743  149.305   44.020  161.146    1598957381695
01    12.626    0.757   -5.431  116.515    8.630   59.276    1598957381710
02    10.873   -2.855   -9.741  149.272   44.040  161.081    1598957381710
01    12.626    0.762   -5.434  116.513    8.620   59.299    1598957381726
02    10.871   -2.845   -9.746  149.247   44.011  161.053    1598957381726
01    12.628    0.763   -5.435  116.473    8.636   59.288    1598957381733
02    10.874   -2.847   -9.741  149.226   44.079  161.097    1598957381733
01    12.628    0.769   -5.434  116.461    8.633   59.295    1598957381748
02    10.871   -2.839   -9.742  149.234   44.051  161.100    1598957381748
01    12.629    0.771   -5.433  116.439    8.647   59.306    1598957381764
02    10.863   -2.832   -9.753  149.233   43.947  161.116    1598957381764
01    12.627    0.774   -5.434  116.412    8.624   59.312    1598957381795
02    10.864   -2.827   -9.750  149.209   43.990  161.088    1598957381795
01    12.623    0.783   -5.437  116.413    8.608   59.310    1598957381811
02    10.867   -2.823   -9.748  149.218   44.046  161.087    1598957381811
01    12.624    0.784   -5.436  116.392    8.620   59.293    1598957381826
02    10.862   -2.820   -9.756  149.227   44.032  161.100    1598957381826
01    12.622    0.793   -5.443  116.401    8.615   59.293    1598957381833
02    10.857   -2.817   -9.764  149.244   44.016  161.130    1598957381833
01    12.621    0.790   -5.447  116.381    8.640   59.291    1598957381849
02    10.859   -2.812   -9.768  149.228   44.022  161.128    1598957381849
01    12.623    0.799   -5.450  116.386    8.632   59.283    1598957381864
02    10.861   -2.817   -9.767  149.176   44.057  161.133    1598957381864
01    12.623    0.797   -5.459  116.363    8.620   59.288    1598957381895
02    10.863   -2.808   -9.772  149.147   44.049  161.093    1598957381895
01    12.627    0.797   -5.452  116.330    8.637   59.227    1598957381911
02    10.868   -2.795   -9.773  149.122   44.052  161.030    1598957381911
01    12.625    0.794   -5.461  116.319    8.625   59.238    1598957381927
02    10.864   -2.799   -9.779  149.098   44.047  161.029    1598957381927
01    12.624    0.796   -5.467  116.314    8.623   59.252    1598957381933
02    10.863   -2.800   -9.784  149.097   44.049  161.044    1598957381933
01    12.621    0.800   -5.470  116.327    8.608   59.251    1598957381949
02    10.864   -2.794   -9.786  149.077   44.051  161.008    1598957381949
01    12.619    0.797   -5.472  116.308    8.607   59.260    1598957381965
02    10.868   -2.795   -9.788  149.082   44.092  161.002    1598957381965
01    12.619    0.799   -5.473  116.319    8.589   59.231    1598957381980
02    10.867   -2.795   -9.792  149.073   44.098  160.988    1598957381996
01    12.621    0.800   -5.467  116.325    8.596   59.197    1598957382011
02    10.866   -2.795   -9.793  149.092   44.110  160.987    1598957382011
01    12.618    0.801   -5.472  116.335    8.568   59.210    1598957382027
02    10.865   -2.797   -9.795  149.073   44.110  160.970    1598957382027
01    12.619    0.801   -5.471  116.333    8.562   59.186    1598957382034
02    10.864   -2.798   -9.795  149.053   44.126  160.949    1598957382034
01    12.620    0.798   -5.469  116.324    8.567   59.167    1598957382049
02    10.866   -2.798   -9.794  149.036   44.143  160.915    1598957382049
01    12.620    0.796   -5.469  116.315    8.569   59.162    1598957382065
02    10.864   -2.798   -9.799  149.027   44.111  160.906    1598957382065
01    12.619    0.796   -5.474  116.326    8.570   59.184    1598957382080
02    10.865   -2.799   -9.801  149.047   44.114  160.918    1598957382080
01    12.621    0.797   -5.472  116.331    8.576   59.157    1598957382112
02    10.867   -2.798   -9.806  149.034   44.116  160.895    1598957382112
01    12.621    0.798   -5.475  116.332    8.561   59.150    1598957382127
02    10.869   -2.789   -9.813  149.055   44.128  160.879    1598957382127
01    12.622    0.797   -5.476  116.315    8.547   59.134    1598957382134
02    10.869   -2.802   -9.816  149.062   44.166  160.928    1598957382134
01    12.623    0.796   -5.476  116.311    8.566   59.103    1598957382149
02    10.874   -2.803   -9.816  149.076   44.210  160.923    1598957382149
01    12.623    0.795   -5.476  116.315    8.553   59.065    1598957382165
02    10.875   -2.806   -9.820  149.096   44.258  160.945    1598957382165
01    12.622    0.794   -5.478  116.322    8.513   59.049    1598957382181
02    10.876   -2.813   -9.820  149.100   44.365  160.976    1598957382181
01    12.620    0.798   -5.481  116.405    8.471   59.043    1598957382212
02    10.879   -2.814   -9.821  149.137   44.410  160.967    1598957382212
01    12.617    0.797   -5.486  116.396    8.454   59.044    1598957382228
02    10.880   -2.815   -9.825  149.168   44.446  160.991    1598957382228
01    12.616    0.795   -5.492  116.382    8.437   59.036    1598957382234
02    10.877   -2.812   -9.832  149.136   44.425  160.948    1598957382234
01    12.615    0.796   -5.496  116.372    8.416   59.009    1598957382250
02    10.874   -2.815   -9.844  149.138   44.390  160.984    1598957382250
01    12.614    0.796   -5.505  116.356    8.413   59.015    1598957382265
02    10.878   -2.818   -9.845  149.103   44.483  160.963    1598957382265
01    12.616    0.805   -5.505  116.385    8.412   58.960    1598957382281
02    10.875   -2.814   -9.856  149.093   44.440  160.947    1598957382281
01    12.615    0.800   -5.513  116.375    8.452   58.970    1598957382297
02    10.881   -2.812   -9.858  149.097   44.479  160.909    1598957382297
01    12.614    0.796   -5.518  116.360    8.474   58.960    1598957382328
02    10.877   -2.810   -9.872  149.107   44.428  160.929    1598957382328
01    12.614    0.797   -5.523  116.361    8.485   58.961    1598957382334
02    10.882   -2.818   -9.871  149.087   44.492  160.945    1598957382334
01    12.612    0.795   -5.533  116.351    8.505   58.978    1598957382350
02    10.885   -2.815   -9.872  149.103   44.513  160.947    1598957382350
01    12.613    0.794   -5.533  116.335    8.520   58.965    1598957382366
02    10.886   -2.813   -9.876  149.096   44.537  160.917    1598957382366
01    12.614    0.796   -5.531  116.332    8.516   58.941    1598957382381
02    10.887   -2.817   -9.876  149.060   44.577  160.919    1598957382381
01    12.611    0.796   -5.532  116.329    8.511   58.925    1598957382397
02    10.882   -2.816   -9.885  149.075   44.534  160.941    1598957382397
01    12.610    0.796   -5.534  116.331    8.496   58.915    1598957382428
02    10.882   -2.819   -9.882  149.025   44.556  160.916    1598957382428
01    12.611    0.795   -5.529  116.310    8.483   58.853    1598957382435
02    10.879   -2.816   -9.884  149.022   44.540  160.909    1598957382435
01    12.606    0.801   -5.532  116.355    8.447   58.878    1598957382450
02    10.879   -2.810   -9.884  149.022   44.535  160.867    1598957382450
01    12.604    0.805   -5.532  116.372    8.412   58.874    1598957382466
02    10.874   -2.804   -9.892  149.036   44.480  160.856    1598957382466
01    12.602    0.803   -5.534  116.376    8.398   58.876    1598957382482
02    10.871   -2.807   -9.894  149.051   44.483  160.869    1598957382482
01    12.600    0.800   -5.539  116.363    8.382   58.893    1598957382497
02    10.873   -2.806   -9.895  149.038   44.497  160.844    1598957382497
01    12.599    0.799   -5.542  116.344    8.367   58.899    1598957382528
02    10.877   -2.806   -9.895  149.024   44.542  160.822    1598957382528
01    12.599    0.800   -5.543  116.340    8.357   58.884    1598957382535
02    10.878   -2.807   -9.899  149.041   44.559  160.829    1598957382535
01    12.601    0.800   -5.543  116.330    8.348   58.853    1598957382551
02    10.882   -2.807   -9.901  149.032   44.622  160.802    1598957382551
01    12.602    0.800   -5.542  116.321    8.328   58.809    1598957382566
02    10.887   -2.810   -9.901  148.982   44.740  160.766    1598957382566
01    12.602    0.799   -5.543  116.316    8.330   58.764    1598957382582
02    10.889   -2.814   -9.907  148.959   44.782  160.751    1598957382582
01    12.601    0.803   -5.545  116.386    8.285   58.739    1598957382598
02    10.893   -2.809   -9.910  149.037   44.856  160.689    1598957382598
01    12.599    0.804   -5.548  116.411    8.265   58.747    1598957382613
02    10.899   -2.810   -9.912  149.119   44.929  160.698    1598957382613
01    12.596    0.806   -5.556  116.456    8.216   58.752    1598957382635
02    10.895   -2.817   -9.919  149.150   44.923  160.769    1598957382635
01    12.593    0.805   -5.565  116.459    8.196   58.772    1598957382651
02    10.894   -2.818   -9.926  149.195   44.920  160.770    1598957382651
01    12.594    0.801   -5.566  116.420    8.195   58.743    1598957382667
02    10.892   -2.826   -9.931  149.181   44.950  160.805    1598957382667
01    12.593    0.799   -5.571  116.414    8.192   58.740    1598957382682
02    10.890   -2.831   -9.944  149.164   44.948  160.794    1598957382682
01    12.593    0.802   -5.572  116.436    8.180   58.707    1598957382698
02    10.887   -2.837   -9.960  149.189   44.944  160.791    1598957382698
01    12.594    0.794   -5.573  116.392    8.193   58.664    1598957382713
02    10.895   -2.845   -9.959  149.147   45.033  160.747    1598957382713
01    12.592    0.797   -5.581  116.420    8.148   58.660    1598957382736
02    10.894   -2.841   -9.967  149.230   45.060  160.778    1598957382736
01    12.591    0.801   -5.586  116.457    8.112   58.633    1598957382751
02    10.896   -2.830   -9.978  149.216   45.048  160.702    1598957382751
01    12.591    0.793   -5.590  116.404    8.114   58.609    1598957382767
02    10.899   -2.832   -9.981  149.184   45.052  160.668    1598957382767
01    12.592    0.788   -5.597  116.389    8.102   58.615    1598957382783
02    10.900   -2.830   -9.986  149.176   45.038  160.646    1598957382783
01    12.593    0.793   -5.606  116.413    8.103   58.626    1598957382798
02    10.902   -2.833   -9.991  149.155   45.047  160.628    1598957382798
01    12.595    0.795   -5.612  116.424    8.116   58.624    1598957382814
02    10.905   -2.828   -9.997  149.131   45.036  160.586    1598957382814
01    12.597    0.794   -5.622  116.431    8.120   58.631    1598957382836
02    10.901   -2.832  -10.007  149.126   45.004  160.593    1598957382836
01    12.599    0.792   -5.627  116.416    8.129   58.631    1598957382852
02    10.899   -2.836  -10.018  149.116   44.987  160.600    1598957382852
01    12.602    0.792   -5.632  116.403    8.136   58.612    1598957382867
02    10.904   -2.836  -10.021  149.105   45.012  160.574    1598957382867
01    12.602    0.797   -5.636  116.419    8.154   58.592    1598957382883
02    10.904   -2.842  -10.030  149.073   45.013  160.569    1598957382883
01    12.603    0.796   -5.637  116.410    8.147   58.546    1598957382898
02    10.908   -2.846  -10.030  149.069   45.043  160.565    1598957382898
01    12.604    0.793   -5.637  116.400    8.137   58.496    1598957382914
02    10.916   -2.848  -10.032  149.069   45.087  160.571    1598957382914
01    12.603    0.798   -5.640  116.434    8.137   58.464    1598957382936
02    10.912   -2.853  -10.036  149.069   45.109  160.590    1598957382936
01    12.602    0.796   -5.640  116.428    8.157   58.432    1598957382952
02    10.913   -2.854  -10.036  149.058   45.133  160.593    1598957382952
01    12.600    0.787   -5.645  116.371    8.160   58.460    1598957382967
02    10.916   -2.842  -10.036  149.044   45.156  160.527    1598957382967
01    12.598    0.788   -5.644  116.384    8.167   58.444    1598957382983
02    10.913   -2.841  -10.036  149.029   45.138  160.529    1598957382983
01    12.594    0.789   -5.643  116.399    8.157   58.445    1598957382999
02    10.914   -2.838  -10.034  148.986   45.126  160.481    1598957382999
01    12.594    0.791   -5.646  116.397    8.150   58.472    1598957383014
02    10.910   -2.831  -10.038  149.000   45.100  160.479    1598957383014
01    12.595    0.797   -5.648  116.414    8.119   58.456    1598957383036
02    10.908   -2.826  -10.039  148.994   45.075  160.469    1598957383036
01    12.596    0.798   -5.648  116.388    8.126   58.465    1598957383052
02    10.909   -2.821  -10.039  148.962   45.051  160.435    1598957383052
01    12.600    0.803   -5.646  116.394    8.137   58.425    1598957383068
02    10.911   -2.819  -10.043  148.927   45.040  160.405    1598957383068
01    12.601    0.803   -5.648  116.367    8.151   58.411    1598957383083
02    10.912   -2.822  -10.043  148.923   45.071  160.410    1598957383083
01    12.600    0.805   -5.653  116.375    8.176   58.431    1598957383099
02    10.912   -2.822  -10.045  148.894   45.072  160.403    1598957383099
01    12.601    0.806   -5.653  116.362    8.205   58.418    1598957383115
02    10.914   -2.821  -10.043  148.893   45.097  160.400    1598957383115
01    12.599    0.803   -5.658  116.341    8.223   58.444    1598957383137
02    10.913   -2.816  -10.044  148.901   45.088  160.383    1598957383137
01    12.598    0.799   -5.661  116.313    8.245   58.463    1598957383152
02    10.909   -2.821  -10.046  148.861   45.075  160.380    1598957383152
01    12.598    0.798   -5.658  116.284    8.250   58.418    1598957383168
02    10.909   -2.816  -10.047  148.865   45.068  160.370    1598957383184
01    12.598    0.795   -5.658  116.250    8.254   58.401    1598957383184
02    10.906   -2.815  -10.049  148.851   45.043  160.362    1598957383184
01    12.597    0.798   -5.659  116.278    8.221   58.400    1598957383199
02    10.905   -2.805  -10.056  148.799   44.978  160.271    1598957383199
01    12.596    0.799   -5.661  116.297    8.205   58.397    1598957383215
02    10.903   -2.812  -10.058  148.810   44.997  160.334    1598957383215
01    12.595    0.801   -5.661  116.319    8.191   58.371    1598957383237
02    10.903   -2.811  -10.061  148.812   44.966  160.318    1598957383237
01    12.591    0.801   -5.668  116.347    8.188   58.409    1598957383253
02    10.901   -2.809  -10.065  148.813   44.941  160.307    1598957383253
01    12.591    0.800   -5.666  116.346    8.185   58.386    1598957383268
02    10.902   -2.813  -10.063  148.792   44.957  160.316    1598957383268
01    12.590    0.800   -5.666  116.355    8.170   58.391    1598957383284
02    10.902   -2.816  -10.063  148.789   44.961  160.324    1598957383284
01    12.589    0.801   -5.667  116.371    8.156   58.392    1598957383300
02    10.901   -2.818  -10.064  148.805   44.967  160.340    1598957383300
01    12.589    0.798   -5.666  116.359    8.161   58.385    1598957383315
02    10.901   -2.814  -10.065  148.830   44.993  160.334    1598957383315
01    12.588    0.797   -5.665  116.353    8.149   58.377    1598957383337
02    10.902   -2.816  -10.063  148.821   45.024  160.327    1598957383337
01    12.587    0.798   -5.662  116.359    8.132   58.354    1598957383353
02    10.905   -2.816  -10.058  148.785   45.056  160.298    1598957383353
01    12.587    0.799   -5.660  116.360    8.121   58.356    1598957383369
02    10.904   -2.813  -10.058  148.785   45.051  160.290    1598957383369
01    12.586    0.801   -5.657  116.400    8.073   58.307    1598957383384
02    10.904   -2.811  -10.056  148.780   45.056  160.264    1598957383384
01    12.582    0.800   -5.652  116.404    8.064   58.298    1598957383400
02    10.905   -2.809  -10.052  148.784   45.083  160.219    1598957383400
01    12.578    0.805   -5.650  116.463    8.023   58.301    1598957383415
02    10.901   -2.806  -10.053  148.828   45.040  160.223    1598957383415
01    12.573    0.803   -5.651  116.448    7.967   58.334    1598957383438
02    10.897   -2.808  -10.052  148.834   45.014  160.261    1598957383438
01    12.571    0.802   -5.646  116.438    7.962   58.309    1598957383453
02    10.899   -2.809  -10.042  148.794   45.053  160.231    1598957383453
01    12.567    0.804   -5.651  116.448    7.928   58.367    1598957383469
02    10.892   -2.803  -10.047  148.808   44.967  160.223    1598957383469
01    12.566    0.807   -5.652  116.473    7.901   58.385    1598957383485
02    10.888   -2.804  -10.047  148.800   44.942  160.241    1598957383485
01    12.566    0.810   -5.651  116.492    7.903   58.384    1598957383500
02    10.884   -2.799  -10.052  148.790   44.893  160.223    1598957383500
01    12.568    0.809   -5.650  116.460    7.910   58.342    1598957383516
02    10.880   -2.794  -10.058  148.788   44.837  160.232    1598957383516
01    12.569    0.813   -5.651  116.478    7.900   58.318    1598957383538
02    10.878   -2.796  -10.060  148.765   44.845  160.243    1598957383538
01    12.570    0.814   -5.650  116.484    7.909   58.289    1598957383554
02    10.880   -2.797  -10.061  148.749   44.854  160.224    1598957383554
01    12.570    0.810   -5.652  116.460    7.909   58.298    1598957383569
02    10.881   -2.793  -10.065  148.749   44.858  160.198    1598957383569
01    12.569    0.809   -5.655  116.452    7.881   58.302    1598957383585
02    10.882   -2.799  -10.064  148.731   44.904  160.211    1598957383585
01    12.568    0.809   -5.656  116.462    7.881   58.292    1598957383600
02    10.882   -2.800  -10.066  148.746   44.914  160.221    1598957383600
01    12.565    0.807   -5.663  116.459    7.857   58.322    1598957383616
02    10.880   -2.801  -10.071  148.747   44.902  160.224    1598957383616
01    12.564    0.805   -5.665  116.452    7.853   58.327    1598957383638
02    10.877   -2.803  -10.077  148.731   44.892  160.225    1598957383638
01    12.564    0.806   -5.663  116.455    7.855   58.304    1598957383654
02    10.877   -2.799  -10.079  148.744   44.897  160.210    1598957383654
01    12.562    0.803   -5.666  116.449    7.843   58.314    1598957383669
02    10.875   -2.801  -10.083  148.746   44.896  160.207    1598957383669
01    12.560    0.805   -5.672  116.464    7.794   58.307    1598957383685
02    10.880   -2.797  -10.083  148.738   44.917  160.165    1598957383685
01    12.559    0.803   -5.673  116.463    7.770   58.294    1598957383701
02    10.881   -2.791  -10.087  148.760   44.938  160.126    1598957383701
01    12.558    0.802   -5.673  116.461    7.724   58.267    1598957383716
02    10.876   -2.791  -10.099  148.761   44.920  160.124    1598957383716
01    12.557    0.806   -5.674  116.491    7.619   58.186    1598957383738
02    10.872   -2.795  -10.113  148.771   44.947  160.121    1598957383738
01    12.552    0.807   -5.680  116.516    7.523   58.236    1598957383754
02    10.877   -2.792  -10.120  148.788   45.047  160.038    1598957383754
01    12.549    0.806   -5.682  116.534    7.449   58.201    1598957383770
02    10.878   -2.801  -10.139  148.873   45.224  159.959    1598957383770
01    12.546    0.799   -5.683  116.502    7.309   58.223    1598957383785
02    10.869   -2.823  -10.172  149.170   45.472  160.113    1598957383785
01    12.541    0.793   -5.677  116.369    6.941   58.251    1598957383801
02    10.848   -2.850  -10.216  149.650   45.845  160.309    1598957383801
01    12.528    0.787   -5.662  116.379    6.459   58.248    1598957383817
02    10.845   -2.876  -10.243  150.193   46.573  160.332    1598957383817
01    12.504    0.796   -5.652  116.480    5.722   58.297    1598957383839
02    10.840   -2.889  -10.287  150.964   47.295  160.387    1598957383839
01    12.477    0.807   -5.651  116.512    5.064   58.153    1598957383854
02    10.838   -2.900  -10.360  151.741   48.115  160.466    1598957383854
01    12.456    0.814   -5.656  116.342    4.524   57.724    1598957383870
02    10.883   -2.950  -10.400  152.307   49.559  160.544    1598957383870
01    12.436    0.808   -5.675  116.258    4.097   57.251    1598957383886
02    10.916   -2.991  -10.465  152.814   50.791  160.594    1598957383886
01    12.411    0.803   -5.707  116.270    3.668   56.851    1598957383901
02    10.946   -3.049  -10.530  153.137   51.897  160.664    1598957383901
01    12.380    0.773   -5.748  116.200    3.445   56.451    1598957383917
02    10.981   -3.085  -10.566  153.433   52.812  160.739    1598957383917
01    12.322    0.753   -5.810  116.580    3.222   55.951    1598957383939
02    11.001   -3.077  -10.539  153.090   53.099  160.573    1598957383939
01    12.225    0.705   -5.929  117.307    3.741   55.657    1598957383955
02    11.003   -2.884  -10.388  151.212   51.315  159.725    1598957383955
01    12.068    0.637   -6.189  119.326    5.668   55.841    1598957383970
02    11.106   -2.481   -9.910  145.240   47.493  157.316    1598957383970
01    11.884    0.492   -6.622  122.937    9.426   56.812    1598957383986
02    11.262   -2.463   -8.991  129.240   35.247  152.363    1598957383986
01    11.687    0.201   -7.116  128.983   15.682   59.054    1598957384002
02    10.911   -2.022   -9.063  113.083    0.897  155.041    1598957384002
01    11.603    0.039   -7.473  135.375   20.160   62.052    1598957384017
02    11.231   -1.149   -8.479  114.113  -20.436  150.272    1598957384017
01    11.662   -0.133   -7.557  136.387   22.549   62.061    1598957384039
02    11.294   -0.824   -8.455  117.963  -21.584  150.474    1598957384039
01    11.711   -0.171   -7.639  136.641   23.110   61.440    1598957384055
02    11.341   -0.713   -8.526  119.859  -21.118  150.002    1598957384055
01    11.761   -0.172   -7.709  136.741   23.274   60.918    1598957384071
02    11.390   -0.688   -8.604  120.954  -20.464  149.370    1598957384071
01    11.821   -0.166   -7.749  136.525   23.302   60.468    1598957384086
02    11.438   -0.669   -8.667  121.791  -19.956  148.771    1598957384086
01    11.847   -0.114   -7.823  136.351   22.803   60.172    1598957384102
02    11.473   -0.635   -8.728  122.106  -19.805  148.408    1598957384102
01    11.890   -0.027   -7.900  135.860   22.442   59.659    1598957384118
02    11.515   -0.570   -8.793  122.097  -19.691  148.098    1598957384118
01    11.956    0.073   -7.983  134.749   22.333   59.147    1598957384140
02    11.566   -0.495   -8.873  121.238  -19.674  147.907    1598957384140
01    12.067    0.131   -7.996  132.854   22.767   58.775    1598957384155
02    11.631   -0.466   -8.933  119.186  -19.781  148.085    1598957384155
01    12.138    0.144   -7.996  130.845   23.096   58.753    1598957384171
02    11.590   -0.485   -9.050  115.677  -21.589  149.875    1598957384171
01    12.284    0.215   -7.803  127.801   22.836   57.444    1598957384187
02    11.524   -0.121   -9.185  118.124  -19.134  146.894    1598957384187
01    12.390    0.344   -7.545  123.807   19.955   55.744    1598957384202
02    11.067    0.077  -10.016  123.320   -9.374  147.102    1598957384202
01    12.452    0.525   -7.313  119.357   14.412   54.395    1598957384218
02    10.753   -0.580  -10.775  129.746    7.003  150.704    1598957384218
01    12.529    0.749   -7.062  115.605    8.811   54.004    1598957384240
02    10.644   -1.379  -11.232  139.377   26.331  157.001    1598957384240
01    12.586    0.896   -6.853  112.956    5.038   54.368    1598957384256
02    10.757   -2.050  -11.442  146.563   41.309  160.803    1598957384256
01    12.589    0.934   -6.701  111.523    3.243   54.497    1598957384271
02    10.924   -2.437  -11.487  148.586   49.386  160.273    1598957384271
01    12.517    0.920   -6.623  111.590    2.473   54.346    1598957384287
02    11.045   -2.688  -11.498  149.852   53.692  159.831    1598957384287
01    12.412    0.918   -6.598  112.934    2.558   54.231    1598957384302
02    11.133   -2.834  -11.477  150.381   56.105  159.329    1598957384302
01    12.282    0.882   -6.634  114.761    3.513   54.652    1598957384318
02    11.179   -2.844  -11.378  149.450   56.346  158.504    1598957384318
01    12.088    0.788   -6.781  118.082    6.005   55.792    1598957384340
02    11.198   -2.620  -11.084  145.722   52.899  156.648    1598957384340
01    11.821    0.628   -7.117  124.232   10.447   57.816    1598957384356
02    11.570   -2.566   -9.911  131.516   47.963  149.266    1598957384356
01    11.596    0.373   -7.537  132.274   16.401   61.175    1598957384372
02    11.231   -2.330   -9.732  114.207   10.649  151.168    1598957384372
01    11.468    0.121   -7.883  137.349   20.268   63.426    1598957384387
02    11.215   -1.704   -9.464  114.396   -5.275  151.783    1598957384387
01    11.520   -0.048   -7.918  139.016   23.494   63.064    1598957384403
02    11.215   -1.333   -9.310  116.292  -10.592  151.979    1598957384403
01    11.571   -0.114   -7.924  139.548   24.442   62.620    1598957384418
02    11.229   -1.085   -9.207  117.631  -12.840  151.791    1598957384418
01    11.594   -0.130   -7.952  139.809   24.197   62.720    1598957384441
02    11.241   -0.889   -9.141  118.351  -14.101  151.927    1598957384441
01    11.606   -0.105   -8.017  139.876   23.647   62.945    1598957384456
02    11.258   -0.733   -9.126  118.527  -14.936  152.127    1598957384456
01    11.628   -0.063   -8.112  139.741   23.591   63.089    1598957384472
02    11.299   -0.606   -9.161  118.334  -15.413  152.203    1598957384472
01    11.687   -0.029   -8.208  139.190   24.414   63.249    1598957384487
02    11.377   -0.542   -9.214  117.438  -15.491  152.135    1598957384487
01    11.796   -0.011   -8.235  137.917   25.786   63.000    1598957384503
02    11.382   -0.565   -9.350  115.275  -15.989  152.934    1598957384503
01    11.990    0.056   -8.068  133.805   25.942   60.727    1598957384519
02    11.271   -0.238   -9.672  117.198  -14.612  151.180    1598957384519
01    12.168    0.198   -7.805  127.811   22.406   57.738    1598957384541
02    10.841   -0.376  -10.616  123.885   -3.398  151.585    1598957384541
01    12.344    0.453   -7.469  121.050   15.158   55.479    1598957384556
02    10.794   -1.180  -11.128  134.003   17.825  154.351    1598957384556
01    12.500    0.743   -7.186  115.681    7.971   55.212    1598957384572
02    10.942   -1.803  -11.311  143.647   39.620  157.680    1598957384572
01    12.612    0.882   -6.985  112.323    4.647   55.619    1598957384588
02    11.051   -2.330  -11.472  148.599   49.787  160.693    1598957384588
01    12.613    0.903   -6.878  111.169    3.751   55.339    1598957384603
02    11.193   -2.680  -11.535  150.762   55.822  161.508    1598957384603
01    12.516    0.868   -6.864  112.343    4.576   54.826    1598957384619
02    11.327   -2.904  -11.572  150.536   58.605  160.599    1598957384619
01    12.357    0.785   -6.912  114.790    6.274   54.580    1598957384641
02    11.417   -2.948  -11.556  148.090   58.964  157.783    1598957384641
01    12.132    0.634   -7.052  118.539    8.761   55.052    1598957384657
02    11.455   -2.796  -11.368  144.316   56.204  154.919    1598957384657
01    11.855    0.452   -7.341  125.071   12.385   56.824    1598957384672
02    11.780   -2.814  -10.260  132.508   52.273  149.209    1598957384672
01    11.645    0.203   -7.676  132.416   16.971   60.015    1598957384688
02    11.212   -2.582  -10.142  123.099   16.292  154.011    1598957384688
01    11.494    0.032   -8.013  137.469   19.237   62.385    1598957384704
02    11.141   -1.895   -9.855  123.320   -0.359  151.406    1598957384704
01    11.521   -0.140   -8.131  139.292   21.991   62.509    1598957384719
02    11.153   -1.533   -9.686  124.437   -5.756  149.831    1598957384719
01    11.573   -0.232   -8.212  140.099   23.516   62.218    1598957384741
02    11.188   -1.308   -9.601  125.592   -7.733  148.544    1598957384741
01    11.640   -0.285   -8.288  140.391   24.494   62.131    1598957384757
02    11.239   -1.170   -9.565  126.243   -8.221  147.698    1598957384757
01    11.715   -0.307   -8.343  140.196   25.042   62.260    1598957384773
02    11.289   -1.086   -9.558  126.108   -8.360  147.464    1598957384773
01    11.776   -0.277   -8.424  139.725   25.062   62.458    1598957384788
02    11.335   -0.992   -9.586  125.467   -8.904  147.479    1598957384788
01    11.869   -0.201   -8.506  138.651   25.296   62.541    1598957384804
02    11.418   -0.883   -9.623  124.026   -9.642  147.352    1598957384804
01    12.009   -0.122   -8.528  136.717   25.880   62.443    1598957384820
02    11.434   -0.838   -9.715  120.546  -11.819  147.946    1598957384820
01    12.209   -0.018   -8.375  132.446   25.460   60.849    1598957384842
02    11.300   -0.412  -10.066  122.685  -10.013  146.464    1598957384842
01    12.400    0.149   -8.125  126.312   21.988   58.196    1598957384857
02    11.013   -0.562  -10.808  128.481    0.841  147.984    1598957384857
01    12.647    0.457   -7.756  117.368   13.750   55.099    1598957384873
02    10.941   -1.170  -11.347  135.207   14.805  151.028    1598957384873
01    12.858    0.731   -7.458  111.474    7.436   54.351    1598957384889
02    11.075   -1.721  -11.588  142.592   34.202  155.397    1598957384889
01    12.974    0.846   -7.243  108.547    4.715   54.189    1598957384904
02    11.241   -2.226  -11.731  146.959   46.964  158.909    1598957384904
01    12.962    0.872   -7.097  108.468    3.953   53.648    1598957384920
02    11.410   -2.598  -11.834  149.961   54.603  160.707    1598957384920
01    12.885    0.894   -6.985  109.510    3.360   52.976    1598957384942
02    11.551   -2.871  -11.890  151.187   58.907  160.602    1598957384942
01    12.758    0.914   -6.928  111.176    2.892   52.670    1598957384958
02    11.631   -2.989  -11.896  151.816   60.774  159.765    1598957384958
01    12.593    0.909   -6.947  113.300    3.290   53.010    1598957384974
02    11.620   -2.897  -11.821  150.173   59.723  157.838    1598957384974
01    12.359    0.812   -7.091  116.731    5.541   54.246    1598957384989
02    11.637   -2.574  -11.384  145.502   55.637  155.037    1598957384989
01    12.045    0.691   -7.450  123.676    9.792   56.826    1598957385005
02    11.994   -3.064   -9.854  129.070   51.021  148.342    1598957385005
01    11.865    0.335   -7.749  130.664   16.233   60.805    1598957385020
02    11.440   -2.242   -9.896  123.554   10.832  151.453    1598957385020
01    11.788    0.111   -7.963  135.125   20.713   62.525    1598957385043
02    11.332   -1.681   -9.734  125.522   -0.373  149.014    1598957385043
01    11.743   -0.035   -8.096  137.936   23.041   63.237    1598957385058
02    11.271   -1.367   -9.643  127.716   -4.828  147.174    1598957385058
01    11.730   -0.128   -8.170  139.216   23.911   63.574    1598957385074
02    11.239   -1.172   -9.581  129.295   -6.907  145.753    1598957385074
01    11.716   -0.169   -8.245  139.874   23.651   64.181    1598957385089
02    11.215   -1.034   -9.548  130.258   -8.277  145.083    1598957385089
01    11.700   -0.137   -8.361  140.381   23.181   64.837    1598957385105
02    11.207   -0.895   -9.549  130.806   -9.248  144.723    1598957385105
01    11.732   -0.084   -8.496  140.164   23.462   65.261    1598957385121
02    11.231   -0.770   -9.594  130.474   -9.788  144.593    1598957385121
01    11.838   -0.051   -8.573  138.937   24.725   65.298    1598957385143
02    11.304   -0.689   -9.635  128.874  -10.005  144.821    1598957385143
01    12.014    0.029   -8.559  136.765   26.125   64.565    1598957385158
02    11.351   -0.681   -9.680  126.554  -10.449  144.850    1598957385158
01    12.224    0.129   -8.377  132.076   25.913   62.046    1598957385174
02    11.271   -0.375   -9.931  127.861   -9.263  143.751    1598957385174
01    12.424    0.304   -8.100  125.775   22.522   58.577    1598957385190
02    10.973   -0.467  -10.640  132.579   -1.189  145.601    1598957385190
01    12.608    0.549   -7.813  119.014   16.330   55.605    1598957385205
02    10.883   -1.029  -11.193  139.148   12.333  149.444    1598957385205
01    12.790    0.786   -7.556  113.304   10.417   54.261    1598957385221
02    11.019   -1.646  -11.573  146.514   32.057  155.188    1598957385221
01    12.907    0.908   -7.355  109.980    7.298   53.612    1598957385243
02    11.261   -2.203  -11.730  149.499   46.971  158.864    1598957385243
01    12.887    0.928   -7.243  109.661    6.593   52.764    1598957385259
02    11.491   -2.623  -11.810  151.577   55.512  160.890    1598957385259
01    12.765    0.895   -7.210  111.586    7.316   52.224    1598957385274
02    11.689   -2.845  -11.833  151.382   59.784  159.944    1598957385274
01    12.569    0.824   -7.250  114.978    8.877   52.363    1598957385290
02    11.757   -2.840  -11.772  148.325   59.263  156.966    1598957385290
01    12.302    0.705   -7.415  119.983   11.428   53.689    1598957385306
02    11.806   -2.600  -11.404  142.861   55.100  152.828    1598957385306
01    12.009    0.568   -7.742  126.991   15.041   56.751    1598957385321
02    12.091   -3.022  -10.087  128.190   49.365  146.907    1598957385321
01    11.867    0.272   -7.976  132.749   19.890   60.534    1598957385343
02    11.672   -2.296   -9.940  124.887   13.406  145.936    1598957385343
01    11.795    0.071   -8.159  136.275   23.059   62.384    1598957385359
02    11.502   -1.764   -9.780  128.591    1.559  145.442    1598957385359
01    11.759   -0.078   -8.269  138.146   24.779   63.210    1598957385375
02    11.389   -1.475   -9.703  130.961   -3.194  145.243    1598957385375
01    11.749   -0.184   -8.340  139.204   25.684   63.495    1598957385390
02    11.324   -1.295   -9.656  132.530   -5.333  144.924    1598957385390
01    11.763   -0.235   -8.365  139.771   26.009   63.601    1598957385406
02    11.283   -1.186   -9.624  133.283   -6.512  144.943    1598957385406
01    11.759   -0.228   -8.414  140.026   25.580   63.815    1598957385422
02    11.247   -1.091   -9.612  133.443   -7.619  145.183    1598957385422
01    11.770   -0.165   -8.495  140.035   25.195   64.074    1598957385444
02    11.232   -0.968   -9.622  133.130   -8.586  145.437    1598957385444
01    11.840   -0.086   -8.555  139.239   25.463   64.256    1598957385459
02    11.257   -0.852   -9.649  131.693   -9.446  145.823    1598957385459
01    11.994    0.034   -8.528  136.853   25.781   63.533    1598957385475
02    11.281   -0.851   -9.680  128.530  -11.055  146.442    1598957385475
01    12.230    0.181   -8.298  131.348   24.536   60.602    1598957385491
02    11.259   -0.558   -9.801  128.893  -10.855  145.431    1598957385491
01    12.469    0.397   -7.975  123.590   19.491   56.711    1598957385506
02    10.828   -0.585  -10.520  133.570   -4.635  147.202    1598957385506
01    12.739    0.720   -7.555  114.669   10.440   53.811    1598957385522
02    10.595   -1.059  -11.144  140.592    6.421  150.168    1598957385522
01    12.930    0.971   -7.252  109.693    4.788   53.387    1598957385544
02    10.686   -1.503  -11.601  146.524   24.012  153.751    1598957385544
01    13.005    1.057   -7.062  107.486    2.824   53.119    1598957385560
02    10.973   -1.943  -11.703  147.493   41.005  155.260    1598957385560
01    12.952    1.057   -6.978  107.931    2.890   52.386    1598957385575
02    11.190   -2.261  -11.767  149.402   51.159  156.988    1598957385575
01    12.849    1.065   -6.932  109.641    3.031   51.942    1598957385591
02    11.371   -2.504  -11.790  149.819   56.904  156.930    1598957385591
01    12.721    1.058   -6.907  111.516    3.129   51.893    1598957385607
02    11.452   -2.592  -11.744  149.249   58.317  156.037    1598957385607
01    12.552    1.012   -6.948  113.939    3.915   52.401    1598957385622
02    11.454   -2.508  -11.499  147.319   55.405  155.314    1598957385622
01    12.316    0.951   -7.131  117.894    5.942   53.854    1598957385644
02    11.722   -2.624  -10.455  138.153   52.575  152.480    1598957385644
01    12.032    0.777   -7.465  123.640   10.130   56.825    1598957385660
02    11.244   -2.260  -10.335  130.928   17.843  157.355    1598957385660
01    11.789    0.603   -7.844  130.519   14.283   60.820    1598957385675
02    11.211   -1.727   -9.954  125.256   -2.181  151.675    1598957385675
01    11.707    0.360   -8.010  134.250   18.368   62.747    1598957385691
02    11.167   -1.439   -9.744  125.539   -9.572  150.708    1598957385691
01    11.641    0.166   -8.141  136.705   20.703   63.721    1598957385707
02    11.118   -1.215   -9.592  126.824  -12.897  149.693    1598957385707
01    11.610    0.046   -8.247  138.082   21.948   64.110    1598957385722
02    11.093   -1.049   -9.490  128.223  -14.249  148.587    1598957385722
01    11.627   -0.015   -8.324  138.411   22.600   64.341    1598957385744
02    11.081   -0.947   -9.453  128.959  -14.733  147.988    1598957385744
01    11.661   -0.013   -8.425  138.102   22.747   64.660    1598957385762
02    11.097   -0.846   -9.458  129.171  -14.870  147.567    1598957385762
01    11.740    0.029   -8.529  137.152   23.246   64.796    1598957385771
02    11.142   -0.754   -9.514  128.659  -14.804  147.211    1598957385771
01    11.890    0.083   -8.580  135.267   24.160   64.798    1598957385786
02    11.226   -0.670   -9.571  127.026  -14.798  146.888    1598957385786
01    12.121    0.187   -8.510  131.736   24.874   63.231    1598957385802
02    11.265   -0.604   -9.655  124.350  -15.201  146.015    1598957385802
01    12.394    0.328   -8.240  125.218   22.893   59.733    1598957385817
02    11.130   -0.208  -10.051  127.522  -11.528  143.207    1598957385817
01    12.624    0.518   -7.921  118.228   17.657   56.376    1598957385845
02    10.895   -0.471  -10.737  133.067   -0.784  144.647    1598957385845
01    12.845    0.789   -7.601  111.585   10.123   54.149    1598957385860
02    10.840   -1.002  -11.269  142.113   16.504  148.814    1598957385860
01    13.033    1.007   -7.389  107.655    5.419   53.776    1598957385876
02    11.025   -1.561  -11.607  148.335   36.341  153.726    1598957385876
01    13.159    1.093   -7.247  105.435    3.606   53.440    1598957385892
02    11.267   -2.116  -11.762  151.399   49.968  157.854    1598957385892
01    13.198    1.113   -7.162  104.963    2.970   53.044    1598957385907
02    11.494   -2.548  -11.876  155.234   58.054  161.571    1598957385907
01    13.188    1.117   -7.090  104.994    2.330   52.496    1598957385923
02    11.670   -2.870  -11.920  156.668   62.341  162.504    1598957385923
01    13.130    1.129   -7.061  105.734    1.857   52.140    1598957385945
02    11.751   -3.014  -11.922  157.902   63.574  162.953    1598957385945
01    13.050    1.141   -7.078  106.855    1.928   52.058    1598957385961
02    11.734   -2.952  -11.826  156.133   61.657  161.320    1598957385961
01    12.913    1.103   -7.194  108.587    3.307   52.635    1598957385976
02    11.723   -2.612  -11.415  151.223   56.618  158.338    1598957385976
01    12.679    0.970   -7.461  112.421    7.050   54.002    1598957385992
02    11.939   -2.719  -10.287  138.798   48.626  153.795    1598957385992
01    12.387    0.678   -7.778  118.836   12.877   56.306    1598957386007
02    11.441   -2.313  -10.234  127.315   16.925  154.259    1598957386007
01    12.102    0.452   -8.109  127.843   17.921   60.295    1598957386023
02    11.409   -1.685   -9.858  124.644   -3.255  150.539    1598957386023
01    11.933    0.198   -8.286  134.217   21.927   63.325    1598957386045
02    11.307   -1.374   -9.710  125.653  -11.722  150.675    1598957386045
01    11.814    0.041   -8.414  137.079   23.088   65.316    1598957386061
02    11.222   -1.191   -9.634  126.450  -15.999  150.508    1598957386061
01    11.749   -0.032   -8.505  138.228   23.308   66.660    1598957386076
02    11.161   -1.068   -9.589  126.866  -18.361  150.558    1598957386076
01    11.717   -0.068   -8.589  138.408   23.307   67.495    1598957386092
02    11.120   -0.975   -9.569  126.809  -19.498  150.951    1598957386092
01    11.713   -0.070   -8.677  138.273   23.555   67.993    1598957386108
02    11.101   -0.906   -9.579  126.382  -19.879  151.442    1598957386108
01    11.744   -0.043   -8.768  138.072   24.275   68.250    1598957386123
02    11.097   -0.843   -9.631  125.477  -19.931  151.839    1598957386123
01    11.920    0.040   -8.700  136.157   25.248   67.154    1598957386146
02    11.089   -0.656   -9.771  126.045  -18.210  150.334    1598957386146
01    12.202    0.239   -8.428  130.245   23.773   63.479    1598957386161
02    10.775   -0.328  -10.522  130.953  -11.133  148.974    1598957386161
01    12.491    0.495   -8.069  122.505   18.966   59.490    1598957386177
02    10.616   -0.874  -11.304  137.969    5.122  151.664    1598957386177
01    12.689    0.726   -7.790  116.430   13.349   57.539    1598957386192
02    10.799   -1.560  -11.655  146.019   26.283  154.862    1598957386192
01    12.798    0.883   -7.660  112.412    9.326   56.996    1598957386208
02    11.018   -1.963  -11.688  150.538   42.682  158.634    1598957386208
01    12.829    0.921   -7.584  110.638    8.426   57.062    1598957386224
02    11.158   -2.036  -11.568  150.259   47.980  159.930    1598957386224
01    12.713    0.844   -7.626  112.443   10.177   57.661    1598957386239
02    11.349   -2.084  -11.103  143.514   46.950  158.032    1598957386239
01    12.493    0.689   -7.767  117.538   13.706   58.816    1598957386261
02    11.352   -2.177  -10.658  134.356   34.218  157.430    1598957386261
01    12.226    0.483   -7.982  125.104   17.793   60.950    1598957386277
02    11.205   -1.957  -10.461  124.820   10.566  155.760    1598957386277
01    12.018    0.351   -8.183  131.823   20.485   63.111    1598957386293
02    11.176   -1.590  -10.208  124.394   -3.732  154.819    1598957386293
01    11.919    0.240   -8.285  135.552   22.455   64.203    1598957386308
02    11.158   -1.361  -10.038  124.775  -10.136  154.594    1598957386308
01    11.870    0.171   -8.349  137.632   23.567   65.085    1598957386324
02    11.144   -1.158   -9.911  124.880  -13.804  154.336    1598957386324
01    11.887    0.150   -8.340  138.119   24.021   65.801    1598957386340
02    11.060   -0.842   -9.962  126.336  -13.887  153.351    1598957386340
01    11.976    0.234   -8.232  135.114   22.285   65.006    1598957386362
02    10.654   -0.629  -10.583  132.326   -7.133  153.907    1598957386362
01    12.112    0.423   -8.079  129.279   17.804   63.113    1598957386377
02    10.498   -1.080  -11.131  140.330    8.336  157.304    1598957386377
01    12.284    0.612   -7.922  123.278   13.401   61.173    1598957386393
02    10.659   -1.535  -11.337  145.834   24.783  159.080    1598957386393
01    12.496    0.742   -7.729  117.775   10.266   59.652    1598957386409
02    10.783   -1.907  -11.439  149.166   35.721  161.505    1598957386409
01    12.667    0.827   -7.501  112.962    7.726   57.786    1598957386424
02    10.886   -2.185  -11.519  152.959   44.255  163.986    1598957386424
01    12.686    0.838   -7.334  111.160    6.612   56.099    1598957386440
02    11.007   -2.423  -11.570  154.962   49.762  164.821    1598957386440
01    12.591    0.819   -7.242  111.888    6.438   54.814    1598957386462
02    11.105   -2.565  -11.580  155.534   52.169  164.192    1598957386462
01    12.419    0.757   -7.232  114.333    7.122   54.232    1598957386478
02    11.187   -2.587  -11.440  154.169   52.059  162.615    1598957386478
01    12.189    0.675   -7.336  118.696    8.676   54.559    1598957386493
02    11.356   -2.511  -10.901  149.320   49.496  159.962    1598957386493
01    11.947    0.535   -7.550  124.627   11.608   56.156    1598957386509
02    11.141   -2.484  -10.624  139.941   31.665  160.256    1598957386509
01    11.753    0.305   -7.806  131.126   15.198   58.829    1598957386525
02    11.096   -2.028  -10.294  131.734   10.046  155.456    1598957386525
01    11.656    0.123   -8.019  135.254   18.215   59.867    1598957386540
02    11.093   -1.733  -10.090  129.933    0.361  154.269    1598957386540
01    11.606   -0.041   -8.203  138.418   20.769   60.047    1598957386547
02    11.109   -1.496   -9.933  129.885   -4.257  153.056    1598957386547
01    11.611   -0.161   -8.323  139.853   22.415   59.543    1598957386578
02    11.151   -1.318   -9.814  130.286   -6.711  151.781    1598957386578
01    11.642   -0.221   -8.402  140.399   23.179   59.145    1598957386594
02    11.195   -1.196   -9.739  130.625   -8.140  150.929    1598957386594
01    11.660   -0.210   -8.522  140.644   23.200   59.170    1598957386609
02    11.234   -1.096   -9.726  130.733   -9.153  150.516    1598957386609
01    11.715   -0.163   -8.655  140.371   23.692   59.441    1598957386625
02    11.284   -1.016   -9.783  130.219   -9.797  150.162    1598957386625
01    11.834   -0.082   -8.739  139.122   24.627   59.715    1598957386640
02    11.334   -1.014   -9.856  127.854  -10.519  150.367    1598957386640
01    12.084   -0.056   -8.565  134.783   25.769   58.409    1598957386647
02    11.273   -0.800  -10.019  127.651  -10.813  148.429    1598957386647
01    12.308    0.060   -8.262  128.806   23.411   55.775    1598957386678
02    11.051   -0.590  -10.522  132.533   -4.815  146.842    1598957386678
01    12.462    0.285   -7.989  122.987   17.638   53.555    1598957386694
02    10.862   -0.923  -11.144  138.688    7.033  149.285    1598957386694
01    12.645    0.579   -7.718  116.609    9.986   52.194    1598957386709
02    10.937   -1.471  -11.605  144.903   22.363  152.041    1598957386709
01    12.870    0.819   -7.466  111.047    4.506   52.031    1598957386725
02    11.136   -1.974  -11.754  149.310   39.570  155.917    1598957386725
01    13.035    0.921   -7.272  107.148    1.813   51.968    1598957386741
02    11.286   -2.387  -11.873  154.244   50.024  160.731    1598957386741
01    13.103    0.961   -7.114  105.544    0.718   51.520    1598957386763
02    11.436   -2.705  -11.936  156.689   56.444  163.168    1598957386763
01    13.077    0.940   -6.998  105.084    0.075   50.970    1598957386778
02    11.533   -2.907  -11.940  158.153   59.639  163.867    1598957386778
01    12.974    0.963   -6.944  106.213   -0.353   50.771    1598957386794
02    11.535   -2.948  -11.880  158.432   59.582  163.634    1598957386794
01    12.807    0.951   -6.978  108.058    0.459   51.192    1598957386809
02    11.503   -2.797  -11.634  155.647   56.850  161.676    1598957386809
01    12.529    0.827   -7.188  111.800    3.641   52.160    1598957386825
02    11.729   -2.671  -10.674  146.094   53.073  157.164    1598957386825
01    12.185    0.571   -7.553  119.049    9.815   54.257    1598957386841
02    11.236   -2.494  -10.485  136.377   25.497  159.864    1598957386841
01    11.904    0.310   -7.922  129.025   16.098   58.179    1598957386847
02    11.269   -1.882  -10.002  129.624    3.717  152.018    1598957386847
01    11.778    0.092   -8.119  134.443   20.099   59.888    1598957386878
02    11.194   -1.548   -9.821  130.214   -5.435  151.697    1598957386878
01    11.687   -0.047   -8.287  137.864   22.132   60.875    1598957386894
02    11.125   -1.319   -9.728  131.168   -9.912  151.072    1598957386894
01    11.634   -0.096   -8.457  139.732   23.038   61.862    1598957386910
02    11.077   -1.147   -9.697  131.688  -12.237  150.390    1598957386910
01    11.650   -0.101   -8.632  140.135   24.000   62.903    1598957386925
02    11.076   -1.006   -9.740  130.970  -13.357  149.888    1598957386925
01    11.738   -0.125   -8.788  139.488   25.992   63.969    1598957386941
02    11.117   -0.846   -9.827  129.860  -12.860  149.239    1598957386941
01    11.927   -0.106   -8.795  137.226   28.175   63.602    1598957386947
02    11.140   -0.691  -10.014  129.047  -10.174  148.169    1598957386947
01    12.197    0.018   -8.588  131.685   28.342   60.539    1598957386978
02    11.050   -0.544  -10.426  130.655   -4.554  147.385    1598957386978
01    12.488    0.242   -8.231  123.537   24.249   56.131    1598957386994
02    10.886   -0.751  -11.053  135.135    5.814  149.263    1598957386994
01    12.752    0.475   -7.853  115.422   17.093   53.211    1598957387005
02    10.964   -1.386  -11.433  141.031   21.056  152.232    1598957387005
01    12.962    0.683   -7.554  109.231   10.101   52.593    1598957387020
02    11.105   -1.888  -11.531  149.057   39.814  157.770    1598957387020
01    13.135    0.854   -7.270  104.641    4.689   53.087    1598957387036
02    11.123   -2.294  -11.697  157.051   48.280  164.734    1598957387036
01    13.202    0.987   -7.042  102.622    1.526   53.612    1598957387047
02    11.197   -2.559  -11.707  160.110   54.282  168.001    1598957387047
01    13.151    1.054   -6.902  102.541    0.248   53.369    1598957387078
02    11.231   -2.707  -11.714  161.498   56.380  169.041    1598957387078
01    13.003    1.087   -6.858  104.386    0.643   52.767    1598957387094
02    11.278   -2.770  -11.714  160.635   57.558  167.879    1598957387094
01    12.789    1.055   -6.883  107.186    2.038   51.842    1598957387110
02    11.331   -2.786  -11.671  159.144   58.007  166.104    1598957387110
01    12.500    0.979   -7.028  111.386    4.382   51.309    1598957387125
02    11.399   -2.689  -11.416  155.812   56.616  163.599    1598957387125
01    12.178    0.843   -7.328  117.083    8.076   51.523    1598957387141
02    11.762   -2.726  -10.340  144.843   54.472  157.900    1598957387141
01    11.910    0.567   -7.668  123.902   13.630   53.419    1598957387147
02    11.349   -2.583  -10.197  131.555   25.498  157.574    1598957387147
01    11.687    0.417   -8.020  131.020   16.907   56.638    1598957387179
02    11.196   -1.997   -9.970  128.618    5.078  155.623    1598957387179
01    11.608    0.157   -8.221  135.521   20.853   58.829    1598957387194
02    11.145   -1.667   -9.812  128.677   -3.139  154.513    1598957387194
01    11.580   -0.027   -8.401  138.300   23.236   60.215    1598957387210
02    11.125   -1.447   -9.733  129.498   -7.189  153.502    1598957387210
01    11.610   -0.151   -8.550  139.401   24.897   61.114    1598957387225
02    11.133   -1.317   -9.717  129.947   -8.932  152.809    1598957387225
01    11.670   -0.211   -8.696  139.516   25.997   61.772    1598957387241
02    11.156   -1.234   -9.755  129.821   -9.754  152.292    1598957387241
01    11.788   -0.205   -8.809  138.417   27.187   61.796    1598957387248
02    11.214   -1.166   -9.822  128.612  -10.093  151.472    1598957387248
01    11.935   -0.183   -8.890  136.358   28.389   61.833    1598957387263
02    11.286   -1.095   -9.890  126.025  -10.817  150.886    1598957387263
01    12.195   -0.092   -8.735  131.950   29.288   59.721    1598957387294
02    11.267   -0.783  -10.118  126.481   -9.567  148.525    1598957387294
01    12.462    0.114   -8.428  124.885   26.342   55.582    1598957387310
02    11.031   -0.610  -10.782  131.105   -1.672  148.052    1598957387310
01    12.702    0.351   -8.086  117.296   20.145   51.953    1598957387326
02    10.920   -1.065  -11.404  137.215   12.159  151.009    1598957387326
01    12.902    0.587   -7.808  111.328   13.412   50.521    1598957387341
02    11.064   -1.628  -11.715  143.219   28.411  154.009    1598957387341
01    13.097    0.820   -7.550  106.682    7.863   50.331    1598957387348
02    11.233   -2.047  -11.803  148.176   43.745  158.198    1598957387348
01    13.190    0.959   -7.384  104.330    5.153   50.388    1598957387364
02    11.379   -2.406  -11.888  153.121   53.106  162.970    1598957387364
01    13.172    1.018   -7.270  104.241    4.544   49.826    1598957387395
02    11.531   -2.743  -11.925  155.804   59.251  166.099    1598957387395
01    13.061    1.027   -7.219  105.433    4.736   49.440    1598957387410
02    11.648   -2.911  -11.916  156.310   61.989  165.971    1598957387410
01    12.878    0.991   -7.224  107.633    5.614   49.541    1598957387426
02    11.662   -2.854  -11.846  153.837   61.015  163.432    1598957387426
01    12.585    0.853   -7.379  111.794    8.207   50.831    1598957387442
02    11.733   -2.633  -11.385  146.512   57.355  158.424    1598957387442
01    12.212    0.673   -7.744  119.361   12.751   53.604    1598957387448
02    11.903   -2.870  -10.315  133.440   48.408  154.259    1598957387448
01    11.997    0.305   -8.011  127.750   19.343   57.358    1598957387464
02    11.517   -2.229  -10.200  127.117   15.350  153.845    1598957387464
01    11.874    0.080   -8.238  134.187   24.106   60.127    1598957387495
02    11.392   -1.790  -10.038  128.474    4.006  153.709    1598957387495
01    11.788   -0.109   -8.415  138.256   26.714   62.126    1598957387511
02    11.310   -1.561   -9.947  129.650   -0.743  153.778    1598957387511
01    11.758   -0.244   -8.519  140.050   27.940   63.097    1598957387526
02    11.258   -1.425   -9.896  130.434   -2.985  153.857    1598957387526
01    11.739   -0.312   -8.621  140.818   27.965   63.913    1598957387542
02    11.218   -1.326   -9.874  130.763   -4.340  154.212    1598957387542
01    11.738   -0.308   -8.752  140.993   27.738   64.615    1598957387549
02    11.201   -1.216   -9.886  130.748   -5.268  154.560    1598957387549
01    11.801   -0.279   -8.869  140.343   28.230   64.974    1598957387564
02    11.224   -1.130   -9.929  129.991   -5.635  154.863    1598957387564
01    11.943   -0.250   -8.913  138.566   29.447   64.859    1598957387595
02    11.268   -1.122   -9.981  127.903   -5.902  155.586    1598957387595
01    12.193   -0.114   -8.784  133.987   29.960   62.050    1598957387611
02    11.285   -1.074  -10.032  125.543   -7.392  155.168    1598957387611
01    12.473    0.096   -8.490  126.755   27.500   57.303    1598957387627
02    11.215   -0.830  -10.280  127.841   -5.254  153.797    1598957387627
01    12.714    0.339   -8.168  119.275   22.120   53.193    1598957387642
02    10.920   -1.010  -10.830  133.311    2.844  156.662    1598957387642
01    12.926    0.596   -7.869  112.451   15.136   50.846    1598957387649
02    10.646   -1.626  -11.474  141.038   13.363  161.110    1598957387649
01    13.094    0.809   -7.653  107.790   10.082   50.472    1598957387665
02    10.745   -2.202  -11.930  149.918   29.789  166.115    1598957387665
01    13.182    0.908   -7.521  105.284    8.074   50.356    1598957387680
02    11.120   -2.680  -11.937  153.054   46.534  168.638    1598957387680
01    13.176    0.931   -7.410  104.968    7.709   49.572    1598957387712
02    11.372   -2.995  -11.926  155.636   55.466  170.362    1598957387712
01    13.091    0.940   -7.353  105.992    7.620   49.086    1598957387727
02    11.548   -3.159  -11.908  156.715   60.439  170.355    1598957387727
01    12.964    0.916   -7.325  107.569    7.879   49.095    1598957387743
02    11.623   -3.149  -11.842  154.912   61.023  168.069    1598957387743
01    12.767    0.826   -7.370  110.143    9.015   50.083    1598957387749
02    11.645   -2.944  -11.623  150.440   58.295  164.255    1598957387749
01    12.476    0.696   -7.559  115.064   11.504   52.183    1598957387765
02    11.888   -2.854  -10.721  139.316   54.294  157.459    1598957387765
01    12.156    0.438   -7.858  121.920   15.949   55.474    1598957387781
02    11.534   -2.736  -10.458  129.457   28.697  158.751    1598957387781
01    11.852    0.291   -8.210  130.217   18.595   59.484    1598957387812
02    11.375   -2.190  -10.191  127.238    7.885  156.776    1598957387812
01    11.739    0.048   -8.368  135.337   22.449   61.387    1598957387827
02    11.265   -1.806   -9.983  128.592   -0.626  156.636    1598957387827
01    11.683   -0.123   -8.479  137.998   24.567   62.126    1598957387843
02    11.180   -1.518   -9.838  129.959   -4.528  156.356    1598957387843
01    11.690   -0.228   -8.536  138.901   25.844   62.268    1598957387850
02    11.139   -1.351   -9.751  130.747   -6.215  156.221    1598957387850
01    11.715   -0.260   -8.606  139.026   26.279   62.604    1598957387865
02    11.119   -1.235   -9.730  130.947   -7.262  156.362    1598957387865
01    11.759   -0.264   -8.698  138.561   26.663   63.068    1598957387881
02    11.136   -1.159   -9.754  130.433   -7.771  156.539    1598957387881
01    11.843   -0.244   -8.774  137.515   27.411   63.327    1598957387896
02    11.189   -1.089   -9.799  129.341   -8.035  156.439    1598957387896
01    11.985   -0.201   -8.771  135.396   28.381   62.833    1598957387928
02    11.221   -1.117   -9.860  126.496   -8.505  156.565    1598957387928
01    12.206   -0.073   -8.613  130.574   28.039   60.050    1598957387943
02    11.216   -0.948   -9.944  125.840   -8.878  155.068    1598957387943
01    12.428    0.125   -8.352  124.063   25.012   56.044    1598957387950
02    11.064   -0.807  -10.291  128.826   -4.965  154.912    1598957387950
01    12.633    0.342   -8.073  117.824   20.255   52.726    1598957387966
02    10.787   -1.074  -10.810  133.775    3.142  157.627    1598957387966
01    12.855    0.612   -7.757  111.360   13.831   50.363    1598957387981
02    10.498   -1.666  -11.490  141.845   14.457  162.308    1598957387981
01    12.999    0.820   -7.543  107.494    9.593   49.858    1598957387997
02    10.659   -2.278  -11.856  149.614   32.654  167.163    1598957387997
01    13.040    0.887   -7.416  105.636    8.108   49.676    1598957388028
02    11.033   -2.734  -11.830  151.813   48.969  168.248    1598957388028
01    12.970    0.893   -7.360  106.010    8.151   49.502    1598957388044
02    11.257   -2.998  -11.808  153.755   56.972  169.078    1598957388044
01    12.826    0.857   -7.353  107.904    9.180   49.940    1598957388050
02    11.380   -3.022  -11.755  152.404   59.395  167.013    1598957388050
01    12.578    0.737   -7.456  111.571   11.339   51.451    1598957388066
02    11.476   -2.896  -11.501  146.718   57.946  162.751    1598957388066
01    12.238    0.531   -7.697  117.939   15.029   54.068    1598957388081
02    11.706   -2.818  -10.709  136.841   52.834  156.539    1598957388081
01    11.892    0.240   -8.032  126.549   19.753   58.311    1598957388097
02    11.496   -2.763  -10.334  128.471   31.904  156.953    1598957388097
01    11.599    0.078   -8.405  134.812   22.074   62.552    1598957388128
02    11.312   -2.262  -10.121  127.613   11.575  157.118    1598957388128
01    11.549   -0.145   -8.505  138.710   25.649   64.050    1598957388144
02    11.197   -1.960   -9.984  128.767    3.487  158.029    1598957388144
01    11.530   -0.323   -8.565  140.641   27.805   64.716    1598957388151
02    11.113   -1.766   -9.892  129.663    0.072  158.493    1598957388151
01    11.541   -0.439   -8.603  141.445   29.018   65.027    1598957388166
02    11.049   -1.632   -9.833  130.256   -1.407  158.814    1598957388166
01    11.566   -0.488   -8.634  141.437   29.386   65.263    1598957388182
02    11.004   -1.532   -9.799  130.317   -2.310  159.171    1598957388182
01    11.595   -0.485   -8.687  141.003   29.331   65.620    1598957388197
02    10.981   -1.430   -9.801  129.941   -3.152  159.443    1598957388197
01    11.664   -0.435   -8.732  139.940   29.493   65.762    1598957388213
02    10.998   -1.336   -9.822  128.872   -3.934  159.619    1598957388213
01    11.773   -0.376   -8.740  138.027   29.895   65.747    1598957388244
02    11.013   -1.308   -9.851  126.455   -5.099  160.212    1598957388244
01    11.972   -0.235   -8.605  133.849   29.890   63.424    1598957388251
02    11.025   -1.155   -9.866  124.585   -7.149  158.700    1598957388251
01    12.171   -0.038   -8.378  128.077   27.643   59.956    1598957388266
02    10.927   -0.892  -10.086  127.359   -5.111  157.885    1598957388266
01    12.386    0.262   -8.100  121.808   22.967   56.429    1598957388282
02    10.660   -1.080  -10.525  132.378    2.067  160.538    1598957388282
01    12.641    0.591   -7.784  114.490   16.380   53.249    1598957388298
02    10.302   -1.458  -11.073  138.917    9.914  164.962    1598957388298
01    12.840    0.829   -7.544  109.674   11.701   51.877    1598957388313
02    10.137   -2.052  -11.682  146.289   21.824  169.974    1598957388313
01    12.930    0.945   -7.407  107.222    9.545   51.174    1598957388345
02    10.540   -2.565  -11.713  150.632   39.336  171.856    1598957388345
01    12.908    0.956   -7.340  106.825    9.264   50.449    1598957388351
02    10.874   -2.875  -11.697  152.177   50.339  171.563    1598957388351
01    12.814    0.943   -7.309  107.961    9.616   49.798    1598957388367
02    11.122   -3.005  -11.629  152.069   56.390  169.781    1598957388367
01    12.646    0.892   -7.373  110.204   10.695   49.990    1598957388382
02    11.258   -2.914  -11.481  148.926   56.577  166.503    1598957388382
01    12.394    0.709   -7.547  113.966   13.388   51.358    1598957388398
02    11.460   -2.781  -10.926  142.191   53.751  162.183    1598957388398
01    12.073    0.426   -7.849  120.894   17.897   54.689    1598957388414
02    11.445   -2.846  -10.341  132.900   40.839  161.003    1598957388414
01    11.860    0.045   -8.066  129.513   23.368   59.282    1598957388445
02    11.238   -2.404  -10.130  124.946   15.523  158.862    1598957388445
01    11.723   -0.150   -8.265  135.187   26.023   61.899    1598957388451
02    11.163   -2.003   -9.930  126.552    4.388  158.836    1598957388451
01    11.647   -0.271   -8.403  138.295   27.231   63.200    1598957388467
02    11.097   -1.763   -9.826  128.002   -0.817  159.216    1598957388467
01    11.632   -0.351   -8.489  139.781   27.960   63.698    1598957388483
02    11.056   -1.586   -9.751  128.977   -3.261  159.433    1598957388483
01    11.644   -0.385   -8.552  140.183   28.044   64.026    1598957388498
02    11.030   -1.458   -9.710  129.284   -4.682  159.845    1598957388498
01    11.677   -0.360   -8.615  139.872   27.807   64.163    1598957388514
02    11.020   -1.334   -9.711  129.049   -5.821  160.226    1598957388514
01    11.745   -0.297   -8.682  138.953   27.790   64.105    1598957388545
02    11.049   -1.210   -9.741  128.212   -6.771  160.403    1598957388545
01    11.853   -0.231   -8.708  137.240   28.200   63.865    1598957388552
02    11.085   -1.162   -9.782  126.153   -7.724  160.883    1598957388552
01    12.047   -0.108   -8.614  133.322   28.309   61.620    1598957388567
02    11.122   -1.098   -9.788  123.726   -9.407  160.040    1598957388567
01    12.266    0.099   -8.396  127.723   26.347   57.655    1598957388583
02    11.119   -0.847   -9.902  125.216   -8.302  158.500    1598957388583
01    12.495    0.356   -8.108  121.464   22.187   53.704    1598957388599
02    10.887   -0.930  -10.307  128.944   -2.455  160.281    1598957388599
01    12.785    0.671   -7.737  114.029   15.545   50.125    1598957388614
02    10.452   -1.219  -10.918  135.102    4.686  163.947    1598957388614
01    13.020    0.928   -7.459  108.594    9.882   49.056    1598957388645
02    10.100   -1.802  -11.712  143.522   15.502  168.437    1598957388645
01    13.176    1.070   -7.283  105.135    6.780   49.044    1598957388652
02    10.496   -2.335  -11.856  149.513   34.883  170.533    1598957388652
01    13.242    1.086   -7.175  103.162    5.761   48.861    1598957388668
02    10.898   -2.681  -11.795  151.031   48.980  170.094    1598957388668
01    13.199    1.092   -7.111  103.171    5.464   48.416    1598957388683
02    11.139   -2.895  -11.753  152.394   56.505  169.897    1598957388683
01    13.096    1.091   -7.084  104.373    5.652   48.269    1598957388699
02    11.281   -2.966  -11.687  152.427   59.778  168.687    1598957388699
01    12.928    1.036   -7.128  106.213    6.691   48.810    1598957388714
02    11.344   -2.895  -11.538  150.212   59.124  166.543    1598957388714
01    12.660    0.924   -7.294  109.911    9.133   50.258    1598957388746
02    11.480   -2.719  -11.008  143.668   55.667  162.773    1598957388746
01    12.318    0.709   -7.606  115.953   13.535   52.861    1598957388752
02    11.489   -2.762  -10.351  133.427   43.222  160.877    1598957388752
01    12.043    0.342   -7.872  124.336   19.813   56.428    1598957388768
02    11.222   -2.431  -10.174  123.348   16.723  160.013    1598957388768
01    11.843    0.115   -8.124  131.260   23.458   59.888    1598957388784
02    11.144   -1.981   -9.942  124.028    2.618  159.388    1598957388784
01    11.730   -0.051   -8.279  135.811   25.628   61.929    1598957388799
02    11.075   -1.642   -9.763  125.871   -3.357  159.473    1598957388799
01    11.670   -0.153   -8.392  138.035   26.384   62.778    1598957388815
02    11.026   -1.405   -9.644  127.317   -6.199  159.373    1598957388815
01    11.650   -0.192   -8.487  138.989   26.465   63.368    1598957388830
02    10.994   -1.254   -9.596  128.130   -7.661  159.498    1598957388830
01    11.664   -0.191   -8.583  139.074   26.477   63.910    1598957388853
02    10.987   -1.136   -9.608  128.335   -8.521  159.712    1598957388853
01    11.714   -0.164   -8.680  138.551   26.847   64.243    1598957388868
02    11.013   -1.061   -9.653  127.786   -8.869  159.846    1598957388868
01    11.836   -0.138   -8.696  136.965   27.891   63.965    1598957388884
02    11.072   -0.994   -9.702  126.363   -9.049  159.670    1598957388884
01    11.995   -0.023   -8.629  134.614   28.386   62.583    1598957388899
02    11.105   -0.939   -9.767  124.153   -9.059  158.785    1598957388899
01    12.213    0.149   -8.377  129.065   26.979   59.094    1598957388915
02    11.040   -0.763   -9.969  125.897   -6.496  157.547    1598957388915
01    12.400    0.393   -8.088  122.788   22.481   55.514    1598957388931
02    10.774   -0.914  -10.411  130.326    0.349  159.601    1598957388931
01    12.589    0.655   -7.812  116.830   16.842   53.011    1598957388953
02    10.448   -1.354  -10.911  137.122    9.060  163.664    1598957388953
01    12.792    0.911   -7.551  111.166   11.150   51.606    1598957388968
02    10.206   -1.950  -11.581  148.190   23.260  170.090    1598957388968
01    12.935    1.048   -7.355  107.597    8.238   51.013    1598957388984
02    10.516   -2.485  -11.702  153.065   40.743  173.001    1598957388984
01    12.971    1.088   -7.213  106.084    7.033   50.400    1598957389000
02    10.824   -2.809  -11.663  155.019   52.133  173.318    1598957389000
01    12.908    1.111   -7.136  106.352    6.448   49.890    1598957389015
02    11.019   -2.958  -11.606  156.397   57.668  172.961    1598957389015
01    12.784    1.108   -7.129  107.854    6.835   50.106    1598957389031
02    11.112   -2.913  -11.509  154.817   58.328  170.733    1598957389031
01    12.571    1.016   -7.232  110.508    8.593   51.203    1598957389053
02    11.218   -2.701  -11.187  149.439   56.109  166.533    1598957389053
01    12.262    0.807   -7.484  115.857   12.485   53.345    1598957389069
02    11.482   -2.593  -10.366  139.269   51.005  160.508    1598957389069
01    11.919    0.469   -7.846  124.441   18.161   57.214    1598957389084
02    11.246   -2.421  -10.152  130.554   29.356  160.843    1598957389084
01    11.636    0.283   -8.244  134.083   21.519   61.710    1598957389100
02    11.164   -1.926   -9.930  127.752   11.006  158.929    1598957389100
01    11.603    0.044   -8.344  138.484   25.361   63.301    1598957389116
02    11.097   -1.655   -9.811  128.181    2.971  159.597    1598957389116
01    11.591   -0.114   -8.424  140.717   27.033   64.019    1598957389131
02    11.041   -1.451   -9.737  128.865   -0.940  159.998    1598957389131
01    11.598   -0.215   -8.492  141.582   27.656   64.480    1598957389153
02    11.006   -1.311   -9.697  129.305   -2.920  160.433    1598957389153
01    11.615   -0.252   -8.574  141.753   27.680   65.014    1598957389169
02    10.986   -1.204   -9.700  129.275   -4.132  161.021    1598957389169
01    11.658   -0.256   -8.659  141.304   27.844   65.449    1598957389185
02    10.997   -1.128   -9.731  128.684   -4.837  161.525    1598957389185
01    11.746   -0.225   -8.709  140.224   28.415   65.580    1598957389200
02    11.037   -1.081   -9.770  127.476   -5.361  161.852    1598957389200
01    11.892   -0.107   -8.695  137.465   28.586   64.127    1598957389216
02    11.060   -1.119   -9.800  124.416   -6.886  161.623    1598957389216
01    12.124    0.063   -8.483  131.536   27.478   60.069    1598957389232
02    11.058   -0.930   -9.859  124.609   -7.583  159.550    1598957389232
01    12.341    0.287   -8.209  124.583   23.467   55.737    1598957389254
02    10.897   -0.834  -10.165  128.407   -3.226  159.815    1598957389254
01    12.566    0.540   -7.899  117.597   17.519   52.371    1598957389269
02    10.646   -1.084  -10.544  134.134    4.959  162.990    1598957389269
01    12.789    0.812   -7.605  111.693   11.319   50.813    1598957389285
02    10.198   -1.634  -11.228  141.514   13.209  167.636    1598957389285
01    12.953    0.979   -7.389  108.037    7.850   50.522    1598957389301
02    10.191   -2.219  -11.731  149.706   27.655  172.528    1598957389301
