01    21.037    5.633  -11.162 -110.600   60.338   45.384    1600653946404
02    20.979    6.276  -13.822 -116.228   33.824  178.050    1600653946404
01    21.029    5.613  -11.184 -110.728   60.204   45.329    1600653946420
02    20.968    6.283  -13.822 -116.253   33.760  178.014    1600653946420
01    21.040    5.598  -11.161 -110.657   60.221   45.515    1600653946438
02    20.960    6.318  -13.823 -116.242   33.818  177.903    1600653946438
01    21.040    5.596  -11.163 -110.751   60.180   45.436    1600653946453
02    20.964    6.321  -13.821 -116.189   33.806  177.929    1600653946453
01    21.050    5.593  -11.139 -110.754   60.195   45.490    1600653946469
02    20.949    6.353  -13.808 -116.113   33.827  177.844    1600653946469
01    21.046    5.610  -11.136 -110.779   60.232   45.438    1600653946485
02    20.968    6.357  -13.777 -116.037   33.950  177.948    1600653946485
01    21.040    5.603  -11.146 -110.839   60.180   45.391    1600653946500
02    20.978    6.322  -13.773 -116.128   33.929  177.981    1600653946500
01    21.040    5.602  -11.159 -110.938   60.136   45.265    1600653946516
02    20.976    6.304  -13.785 -116.209   33.837  177.951    1600653946516
01    21.034    5.624  -11.165 -110.908   60.171   45.213    1600653946538
02    20.949    6.291  -13.842 -116.290   33.651  177.765    1600653946538
01    21.030    5.624  -11.172 -110.944   60.133   45.147    1600653946554
02    20.950    6.306  -13.825 -116.203   33.681  177.867    1600653946554
01    21.031    5.623  -11.157 -110.912   60.201   45.202    1600653946569
02    20.949    6.310  -13.824 -116.179   33.652  177.888    1600653946569
01    21.030    5.648  -11.151 -110.844   60.246   45.214    1600653946585
02    20.960    6.309  -13.818 -116.202   33.731  177.889    1600653946585
01    21.043    5.632  -11.133 -110.721   60.277   45.428    1600653946601
02    20.953    6.318  -13.822 -116.195   33.706  177.830    1600653946601
01    21.031    5.648  -11.145 -110.884   60.270   45.208    1600653946616
02    20.949    6.309  -13.827 -116.283   33.667  177.744    1600653946616
01    21.024    5.626  -11.152 -111.030   60.236   45.124    1600653946638
02    20.941    6.316  -13.828 -116.338   33.656  177.655    1600653946638
01    21.009    5.611  -11.171 -111.148   60.116   45.007    1600653946654
02    20.947    6.295  -13.808 -116.470   33.702  177.646    1600653946654
01    21.011    5.605  -11.156 -111.125   60.112   45.042    1600653946670
02    20.941    6.288  -13.808 -116.558   33.616  177.585    1600653946670
01    21.007    5.598  -11.158 -111.250   60.101   44.904    1600653946685
02    20.929    6.277  -13.821 -116.625   33.547  177.518    1600653946685
01    21.013    5.589  -11.147 -111.250   60.086   44.941    1600653946701
02    20.922    6.298  -13.823 -116.581   33.676  177.399    1600653946701
01    21.018    5.591  -11.134 -111.154   60.067   45.042    1600653946716
02    20.920    6.318  -13.813 -116.476   33.754  177.364    1600653946716
01    21.019    5.567  -11.138 -111.249   60.021   45.037    1600653946739
02    20.915    6.318  -13.825 -116.503   33.727  177.324    1600653946739
01    21.019    5.570  -11.133 -111.135   60.017   45.114    1600653946754
02    20.918    6.332  -13.806 -116.388   33.826  177.393    1600653946754
01    21.021    5.583  -11.127 -111.133   60.079   45.108    1600653946770
02    20.917    6.351  -13.795 -116.333   33.810  177.445    1600653946770
01    21.026    5.591  -11.123 -111.142   60.081   45.120    1600653946785
02    20.945    6.369  -13.768 -116.287   33.877  177.553    1600653946785
01    21.032    5.597  -11.115 -111.081   60.127   45.172    1600653946801
02    20.940    6.420  -13.769 -116.193   33.921  177.532    1600653946801
01    21.024    5.605  -11.127 -111.133   60.095   45.090    1600653946817
02    20.971    6.388  -13.732 -116.269   34.015  177.585    1600653946817
01    21.016    5.631  -11.140 -111.202   60.147   44.918    1600653946839
02    20.999    6.325  -13.724 -116.366   34.000  177.699    1600653946839
01    21.012    5.639  -11.145 -111.206   60.151   44.861    1600653946855
02    21.009    6.330  -13.717 -116.311   33.971  177.769    1600653946855
01    21.020    5.639  -11.134 -111.165   60.247   44.926    1600653946870
02    20.985    6.317  -13.769 -116.416   33.866  177.676    1600653946870
01    21.033    5.634  -11.124 -111.132   60.263   45.024    1600653946886
02    21.010    6.341  -13.720 -116.290   34.009  177.905    1600653946886
01    21.028    5.629  -11.131 -111.141   60.200   44.989    1600653946901
02    20.983    6.338  -13.767 -116.325   33.898  177.756    1600653946901
01    21.013    5.642  -11.155 -111.342   60.173   44.733    1600653946917
02    20.966    6.343  -13.785 -116.312   33.870  177.724    1600653946917
01    21.019    5.664  -11.132 -111.159   60.273   44.886    1600653946939
02    20.966    6.344  -13.788 -116.295   33.879  177.715    1600653946939
01    21.019    5.671  -11.123 -111.120   60.292   44.886    1600653946955
02    20.931    6.375  -13.827 -116.285   33.823  177.501    1600653946955
01    21.017    5.671  -11.119 -111.145   60.257   44.855    1600653946970
02    20.910    6.340  -13.869 -116.327   33.630  177.438    1600653946970
01    21.001    5.785  -11.059 -110.755   60.448   44.971    1600653946986
02    20.927    6.332  -13.824 -116.342   33.734  177.545    1600653946986
01    21.010    5.668  -11.092 -111.075   60.223   44.840    1600653947002
02    20.943    6.347  -13.787 -116.296   33.782  177.612    1600653947002
01    21.022    5.688  -11.059 -110.999   60.352   44.918    1600653947017
02    20.934    6.344  -13.795 -116.351   33.759  177.492    1600653947017
01    21.034    5.674  -11.059 -111.005   60.369   44.973    1600653947039
02    20.957    6.358  -13.763 -116.330   33.912  177.549    1600653947039
01    21.063    5.658  -11.029 -110.729   60.436   45.300    1600653947055
02    20.952    6.368  -13.772 -116.326   33.922  177.517    1600653947055
01    21.051    5.638  -11.080 -110.823   60.291   45.224    1600653947071
02    20.941    6.357  -13.799 -116.405   33.848  177.459    1600653947071
01    21.054    5.632  -11.089 -110.934   60.326   45.168    1600653947086
02    20.943    6.344  -13.810 -116.425   33.805  177.420    1600653947086
01    21.035    5.637  -11.130 -111.119   60.288   44.988    1600653947102
02    20.926    6.360  -13.830 -116.405   33.802  177.319    1600653947102
01    21.047    5.603  -11.104 -111.142   60.263   45.077    1600653947118
02    20.941    6.343  -13.809 -116.384   33.823  177.450    1600653947118
01    21.055    5.623  -11.089 -111.242   60.317   44.998    1600653947140
02    20.953    6.356  -13.778 -116.331   33.960  177.533    1600653947140
01    21.039    5.613  -11.122 -111.376   60.231   44.849    1600653947155
02    20.957    6.343  -13.774 -116.369   33.891  177.556    1600653947155
01    21.035    5.618  -11.128 -111.383   60.208   44.838    1600653947171
02    20.953    6.357  -13.767 -116.351   33.925  177.534    1600653947171
01    21.041    5.627  -11.099 -111.264   60.244   44.946    1600653947187
02    20.947    6.378  -13.770 -116.277   33.974  177.492    1600653947187
01    21.035    5.634  -11.113 -111.335   60.243   44.832    1600653947202
02    20.943    6.361  -13.782 -116.419   33.970  177.433    1600653947202
01    21.029    5.644  -11.108 -111.308   60.250   44.835    1600653947218
02    20.929    6.390  -13.792 -116.409   34.024  177.280    1600653947218
01    21.033    5.657  -11.096 -111.169   60.312   44.920    1600653947240
02    20.917    6.383  -13.803 -116.485   34.005  177.223    1600653947240
01    21.041    5.722  -11.052 -110.776   60.431   45.108    1600653947256
02    20.926    6.394  -13.774 -116.392   34.150  177.333    1600653947256
01    21.058    5.665  -11.053 -110.983   60.388   45.115    1600653947271
02    20.931    6.390  -13.769 -116.433   34.106  177.275    1600653947271
01    21.063    5.673  -11.034 -110.879   60.491   45.215    1600653947287
02    20.929    6.421  -13.773 -116.332   34.162  177.264    1600653947287
01    21.050    5.635  -11.088 -111.230   60.275   44.941    1600653947303
02    20.950    6.392  -13.753 -116.366   34.139  177.416    1600653947303
01    21.047    5.638  -11.105 -111.184   60.215   44.957    1600653947318
02    20.951    6.389  -13.754 -116.338   34.097  177.475    1600653947318
01    21.058    5.661  -11.080 -110.969   60.283   45.157    1600653947340
02    20.958    6.374  -13.758 -116.298   34.032  177.546    1600653947340
01    21.049    5.665  -11.087 -110.928   60.243   45.151    1600653947356
02    20.963    6.377  -13.751 -116.212   34.038  177.637    1600653947356
01    21.055    5.660  -11.070 -110.913   60.271   45.254    1600653947372
02    20.954    6.371  -13.767 -116.237   33.972  177.619    1600653947372
01    21.071    5.649  -11.044 -110.813   60.335   45.449    1600653947387
02    20.966    6.373  -13.746 -116.245   34.047  177.711    1600653947387
01    21.071    5.644  -11.047 -110.878   60.343   45.397    1600653947403
02    20.983    6.364  -13.723 -116.286   34.165  177.831    1600653947403
01    21.073    5.647  -11.048 -110.939   60.372   45.372    1600653947418
02    21.000    6.356  -13.692 -116.305   34.258  177.878    1600653947418
01    21.062    5.683  -11.042 -110.900   60.459   45.280    1600653947441
02    20.951    6.389  -13.751 -116.475   34.181  177.519    1600653947441
01    21.053    5.677  -11.057 -111.011   60.401   45.179    1600653947456
02    20.938    6.426  -13.749 -116.358   34.207  177.439    1600653947456
01    21.041    5.709  -11.062 -111.035   60.468   45.040    1600653947472
02    20.921    6.457  -13.760 -116.405   34.202  177.325    1600653947472
01    21.045    5.715  -11.046 -111.079   60.526   44.985    1600653947488
02    20.935    6.421  -13.743 -116.490   34.153  177.424    1600653947488
01    21.045    5.706  -11.046 -111.114   60.477   44.959    1600653947503
02    20.926    6.416  -13.748 -116.529   34.062  177.374    1600653947503
01    21.046    5.683  -11.049 -111.317   60.400   44.848    1600653947519
02    20.945    6.405  -13.716 -116.524   34.137  177.436    1600653947519
01    21.055    5.675  -11.034 -111.151   60.424   45.033    1600653947541
02    20.951    6.386  -13.714 -116.556   34.090  177.413    1600653947541
01    21.057    5.672  -11.031 -111.066   60.381   45.121    1600653947557
02    20.936    6.401  -13.735 -116.584   34.076  177.270    1600653947557
01    21.056    5.680  -11.038 -111.117   60.357   45.034    1600653947572
02    20.941    6.401  -13.733 -116.551   34.054  177.355    1600653947572
01    21.061    5.675  -11.038 -111.170   60.331   45.020    1600653947588
02    20.948    6.414  -13.726 -116.486   34.109  177.388    1600653947588
01    21.061    5.682  -11.027 -111.000   60.343   45.162    1600653947603
02    20.966    6.379  -13.713 -116.448   34.076  177.556    1600653947603
01    21.060    5.680  -11.036 -111.108   60.334   45.073    1600653947619
02    20.965    6.358  -13.733 -116.473   33.974  177.558    1600653947619
01    21.063    5.695  -11.033 -111.073   60.406   45.106    1600653947641
02    20.991    6.352  -13.706 -116.431   34.080  177.715    1600653947641
01    21.073    5.697  -11.023 -110.964   60.461   45.260    1600653947657
02    20.989    6.337  -13.712 -116.464   34.011  177.738    1600653947657
01    21.054    5.703  -11.043 -111.107   60.389   45.061    1600653947672
02    21.007    6.339  -13.685 -116.423   34.062  177.804    1600653947672
01    21.045    5.722  -11.048 -111.112   60.448   44.974    1600653947688
02    20.989    6.333  -13.722 -116.529   34.001  177.602    1600653947688
01    21.047    5.717  -11.041 -111.059   60.415   45.024    1600653947704
02    21.005    6.331  -13.686 -116.510   34.094  177.723    1600653947704
01    21.023    5.699  -11.086 -111.478   60.267   44.601    1600653947719
02    20.999    6.334  -13.690 -116.520   34.067  177.687    1600653947719
01    21.042    5.698  -11.048 -111.287   60.394   44.804    1600653947741
02    20.963    6.355  -13.723 -116.567   33.946  177.473    1600653947741
01    21.034    5.706  -11.052 -111.351   60.337   44.681    1600653947757
02    20.968    6.386  -13.690 -116.450   34.099  177.549    1600653947757
01    21.028    5.714  -11.047 -111.394   60.370   44.609    1600653947773
02    20.953    6.377  -13.719 -116.458   33.983  177.467    1600653947773
01    21.025    5.723  -11.048 -111.430   60.378   44.559    1600653947788
02    20.950    6.377  -13.714 -116.468   33.958  177.459    1600653947788
01    21.022    5.722  -11.052 -111.420   60.352   44.560    1600653947804
02    20.952    6.382  -13.701 -116.384   33.982  177.492    1600653947804
01    21.037    5.683  -11.041 -111.355   60.272   44.789    1600653947820
02    20.943    6.365  -13.726 -116.523   33.840  177.382    1600653947820
01    21.034    5.696  -11.043 -111.284   60.305   44.804    1600653947842
02    20.947    6.370  -13.715 -116.517   33.886  177.393    1600653947842
01    21.027    5.693  -11.058 -111.339   60.287   44.726    1600653947857
02    20.953    6.384  -13.690 -116.418   34.004  177.478    1600653947857
01    21.037    5.681  -11.045 -111.317   60.332   44.792    1600653947873
02    20.958    6.394  -13.680 -116.413   34.073  177.463    1600653947873
01    21.033    5.684  -11.047 -111.377   60.406   44.717    1600653947889
02    20.958    6.389  -13.681 -116.418   34.054  177.459    1600653947889
01    21.031    5.697  -11.042 -111.304   60.407   44.732    1600653947904
02    20.968    6.374  -13.685 -116.472   34.015  177.510    1600653947904
01    21.009    5.717  -11.072 -111.461   60.326   44.460    1600653947920
02    20.955    6.366  -13.711 -116.613   33.989  177.375    1600653947920
01    21.017    5.722  -11.064 -111.343   60.387   44.565    1600653947942
02    20.942    6.384  -13.728 -116.595   33.933  177.301    1600653947942
01    21.026    5.711  -11.058 -111.394   60.406   44.607    1600653947958
02    20.931    6.377  -13.740 -116.639   33.922  177.272    1600653947958
01    21.023    5.717  -11.068 -111.452   60.382   44.536    1600653947973
02    20.930    6.371  -13.747 -116.699   33.888  177.246    1600653947973
01    21.027    5.688  -11.072 -111.530   60.321   44.582    1600653947989
02    20.895    6.391  -13.820 -116.770   33.735  176.955    1600653947989
01    21.035    5.671  -11.074 -111.439   60.290   44.738    1600653948005
02    20.937    6.415  -13.751 -116.553   33.947  177.236    1600653948005
01    21.028    5.672  -11.090 -111.475   60.214   44.646    1600653948020
02    20.932    6.442  -13.734 -116.539   34.055  177.195    1600653948020
01    21.024    5.663  -11.100 -111.586   60.192   44.561    1600653948042
02    20.958    6.463  -13.692 -116.369   34.214  177.374    1600653948042
01    21.036    5.656  -11.086 -111.572   60.254   44.634    1600653948058
02    20.939    6.410  -13.732 -116.555   34.029  177.248    1600653948058
01    21.029    5.675  -11.092 -111.527   60.264   44.600    1600653948074
02    20.922    6.406  -13.769 -116.556   33.947  177.195    1600653948074
01    21.020    5.673  -11.105 -111.607   60.212   44.511    1600653948089
02    20.923    6.444  -13.758 -116.419   34.064  177.256    1600653948089
01    21.015    5.676  -11.106 -111.673   60.194   44.439    1600653948105
02    20.946    6.398  -13.746 -116.470   34.005  177.375    1600653948105
01    21.006    5.700  -11.101 -111.540   60.198   44.477    1600653948120
02    20.946    6.387  -13.742 -116.521   34.011  177.365    1600653948120
01    21.018    5.687  -11.088 -111.362   60.209   44.726    1600653948143
02    20.920    6.372  -13.774 -116.566   33.890  177.321    1600653948143
01    21.025    5.687  -11.068 -111.296   60.228   44.821    1600653948158
02    20.934    6.341  -13.778 -116.617   33.928  177.376    1600653948158
01    21.028    5.693  -11.064 -111.261   60.250   44.874    1600653948174
02    20.954    6.330  -13.746 -116.628   33.990  177.478    1600653948174
01    21.037    5.663  -11.048 -111.284   60.275   44.982    1600653948190
02    20.944    6.340  -13.759 -116.642   33.976  177.421    1600653948190
01    21.041    5.653  -11.050 -111.322   60.242   44.986    1600653948205
02    20.944    6.344  -13.762 -116.637   34.009  177.400    1600653948205
01    21.040    5.664  -11.046 -111.298   60.250   44.962    1600653948221
02    20.962    6.358  -13.728 -116.523   34.099  177.559    1600653948221
01    21.037    5.669  -11.049 -111.320   60.263   44.937    1600653948243
02    20.963    6.346  -13.739 -116.636   34.048  177.449    1600653948243
01    21.027    5.668  -11.074 -111.482   60.252   44.733    1600653948259
02    20.959    6.389  -13.728 -116.538   34.151  177.433    1600653948259
01    21.033    5.668  -11.069 -111.511   60.271   44.726    1600653948274
02    20.945    6.406  -13.743 -116.480   34.092  177.386    1600653948274
01    21.037    5.688  -11.061 -111.499   60.366   44.704    1600653948290
02    20.965    6.438  -13.703 -116.325   34.274  177.506    1600653948290
01    21.037    5.670  -11.065 -111.526   60.314   44.749    1600653948305
02    20.967    6.441  -13.697 -116.288   34.264  177.540    1600653948305
01    21.034    5.668  -11.064 -111.474   60.219   44.787    1600653948321
02    20.957    6.420  -13.723 -116.340   34.101  177.524    1600653948321
01    21.037    5.669  -11.068 -111.464   60.222   44.778    1600653948343
02    20.956    6.422  -13.729 -116.402   34.161  177.456    1600653948343
01    21.036    5.678  -11.062 -111.425   60.283   44.795    1600653948359
02    20.957    6.422  -13.731 -116.421   34.212  177.428    1600653948359
01    21.032    5.690  -11.061 -111.459   60.322   44.747    1600653948374
02    20.940    6.407  -13.757 -116.413   34.057  177.316    1600653948374
01    21.032    5.733  -11.047 -111.360   60.422   44.711    1600653948390
02    20.960    6.371  -13.732 -116.487   34.125  177.492    1600653948390
01    21.046    5.686  -11.038 -111.483   60.419   44.760    1600653948406
02    20.970    6.379  -13.711 -116.454   34.212  177.541    1600653948406
01    21.043    5.694  -11.048 -111.452   60.374   44.741    1600653948421
02    20.959    6.412  -13.726 -116.448   34.276  177.388    1600653948421
01    21.030    5.723  -11.041 -111.356   60.397   44.735    1600653948443
02    20.972    6.399  -13.716 -116.491   34.381  177.443    1600653948443
01    21.033    5.705  -11.041 -111.326   60.365   44.798    1600653948459
02    20.950    6.386  -13.750 -116.591   34.316  177.263    1600653948459
01    21.027    5.718  -11.037 -111.220   60.358   44.814    1600653948475
02    20.923    6.375  -13.810 -116.800   34.342  176.938    1600653948475
01    21.044    5.724  -11.007 -111.030   60.442   44.983    1600653948490
02    20.931    6.356  -13.847 -117.036   34.743  176.611    1600653948490
01    21.043    5.709  -11.034 -111.099   60.403   44.869    1600653948506
02    20.913    6.355  -13.926 -117.843   35.819  175.544    1600653948506
01    21.048    5.695  -11.051 -111.195   60.440   44.788    1600653948522
02    20.877    6.422  -13.999 -117.906   37.176  174.737    1600653948522
01    21.060    5.713  -11.036 -110.750   60.695   45.066    1600653948544
02    20.906    6.440  -14.031 -117.710   38.194  175.074    1600653948544
01    21.075    5.702  -11.055 -110.501   60.667   45.311    1600653948559
02    20.941    6.436  -14.039 -116.976   38.305  175.923    1600653948559
01    21.067    5.669  -11.167 -110.423   60.547   45.279    1600653948575
02    20.997    6.549  -13.900 -115.164   37.933  177.376    1600653948575
01    21.054    5.691  -11.390 -110.019   60.974   45.859    1600653948591
02    21.106    6.856  -13.425 -112.541   36.303  179.006    1600653948591
01    21.043    5.755  -11.730 -109.952   63.445   48.042    1600653948606
02    20.740    7.967  -12.692 -110.221   30.330  176.828    1600653948606
01    21.111    5.823  -11.870 -105.056   63.898   54.607    1600653948622
02    20.693    7.035  -12.710 -116.190   22.011  171.717    1600653948622
01    21.183    6.030  -11.796  -97.062   63.580   64.004    1600653948644
02    20.693    6.745  -12.783 -120.602   17.826  167.540    1600653948644
01    21.240    6.180  -11.726  -91.934   62.618   70.142    1600653948660
02    20.717    6.744  -12.768 -122.694   16.325  165.615    1600653948660
01    21.256    6.329  -11.754  -90.299   62.314   71.567    1600653948675
02    20.739    6.739  -12.836 -123.351   15.118  165.347    1600653948675
01    21.255    6.344  -11.839  -90.485   62.184   70.820    1600653948691
02    20.748    6.765  -12.908 -122.793   14.277  165.705    1600653948691
01    21.260    6.374  -11.919  -90.400   62.782   69.851    1600653948707
02    20.853    6.628  -12.954 -121.897   13.745  167.585    1600653948707
01    21.337    6.276  -11.854  -90.422   62.904   68.625    1600653948722
02    20.952    6.127  -13.279 -122.373   14.522  169.373    1600653948722
01    21.395    6.224  -11.719  -87.766   60.363   67.969    1600653948744
02    20.751    5.498  -14.464 -124.584   18.691  169.559    1600653948744
01    21.477    5.986  -11.568  -85.331   55.490   66.594    1600653948760
02    20.548    5.602  -15.643 -125.930   28.006  169.323    1600653948760
01    21.549    5.754  -11.448  -82.849   50.656   64.260    1600653948776
02    20.725    5.899  -16.075 -125.372   38.536  171.031    1600653948776
01    21.642    5.552  -11.346  -81.071   48.109   61.968    1600653948791
02    21.071    6.235  -16.052 -120.990   51.825  176.193    1600653948791
01    21.735    5.254  -11.304  -80.716   47.655   60.563    1600653948807
02    21.422    6.462  -15.792 -111.242   62.490 -173.638    1600653948807
01    21.823    5.188  -11.219  -79.952   48.735   60.561    1600653948822
02    21.729    6.505  -15.504  -99.273   66.590 -161.153    1600653948822
01    21.854    5.147  -11.239  -80.034   49.617   60.670    1600653948838
02    21.863    6.480  -15.413  -94.928   66.977 -155.998    1600653948838
01    21.866    5.141  -11.213  -80.247   50.649   61.469    1600653948860
02    22.025    6.505  -15.209  -89.775   66.487 -150.394    1600653948860
01    21.834    5.107  -11.279  -81.940   51.952   61.826    1600653948876
02    22.206    6.421  -14.954  -88.289   63.798 -147.849    1600653948876
01    21.815    5.061  -11.262  -84.050   53.968   63.383    1600653948892
02    22.445    6.488  -14.257  -86.657   60.332 -145.504    1600653948892
01    21.706    5.110  -11.459  -87.318   56.195   64.227    1600653948907
02    22.641    7.107  -12.739  -89.561   54.827 -149.716    1600653948907
01    21.607    5.222  -11.669  -89.524   58.821   66.431    1600653948923
02    22.171    8.034  -11.898  -98.080   43.790 -162.568    1600653948923
01    21.573    5.340  -11.832  -90.254   59.707   69.260    1600653948938
02    21.731    7.112  -12.217 -113.218   28.290 -176.698    1600653948938
01    21.638    5.534  -11.724  -86.281   59.673   75.276    1600653948961
02    21.481    6.753  -12.459 -119.208   21.139  177.066    1600653948961
01    21.689    5.721  -11.649  -83.765   59.003   78.514    1600653948976
02    21.375    6.619  -12.582 -121.751   17.212  173.796    1600653948976
01    21.683    5.809  -11.725  -83.603   58.437   78.673    1600653948992
02    21.335    6.581  -12.622 -122.694   14.763  172.178    1600653948992
01    21.680    5.793  -11.804  -84.188   58.007   77.797    1600653949007
02    21.326    6.528  -12.653 -122.204   12.808  172.396    1600653949007
01    21.685    5.836  -11.797  -84.774   58.458   76.302    1600653949023
02    21.362    6.164  -12.834 -122.250   11.481  173.934    1600653949023
01    21.677    5.853  -11.741  -85.604   58.271   73.958    1600653949039
02    21.292    5.418  -13.569 -123.786   13.538  175.403    1600653949039
01    21.702    5.803  -11.599  -85.416   55.799   71.332    1600653949061
02    20.966    4.967  -15.138 -125.099   21.139  174.752    1600653949061
01    21.739    5.619  -11.474  -85.563   52.327   68.033    1600653949076
02    20.978    5.096  -16.169 -125.494   32.918  174.902    1600653949076
01    21.765    5.463  -11.406  -85.518   47.456   62.805    1600653949092
02    21.306    5.582  -16.355 -122.457   45.435  177.606    1600653949092
01    21.848    5.139  -11.291  -85.901   44.923   59.239    1600653949108
02    21.687    5.846  -16.182 -116.039   56.210 -176.127    1600653949108
01    21.979    4.871  -11.136  -86.253   44.412   57.570    1600653949123
02    21.973    6.008  -15.942 -104.495   65.427 -164.896    1600653949123
01    22.087    4.691  -10.948  -86.654   44.690   57.554    1600653949139
02    22.267    6.138  -15.643  -87.234   70.022 -147.675    1600653949139
01    22.120    4.498  -10.870  -87.765   44.696   57.852    1600653949161
02    22.483    6.165  -15.465  -75.640   69.990 -135.716    1600653949161
01    21.977    4.609  -10.982  -89.322   45.775   57.852    1600653949177
02    22.730    5.990  -15.119  -71.843   66.068 -130.597    1600653949177
01    21.876    4.584  -11.130  -92.169   47.516   58.572    1600653949192
02    22.944    6.088  -14.383  -75.615   61.174 -133.752    1600653949192
01    21.694    4.757  -11.469  -95.770   50.682   58.895    1600653949208
02    23.005    6.967  -12.774  -82.985   55.283 -143.608    1600653949208
01    21.554    4.981  -11.841  -98.668   54.174   59.518    1600653949224
02    22.202    7.923  -12.440  -95.574   41.068 -162.870    1600653949224
01    21.534    5.131  -11.972  -98.628   55.359   62.136    1600653949239
02    21.860    7.299  -12.516 -109.227   27.984 -174.811    1600653949239
01    21.587    5.287  -11.953  -96.432   55.972   65.802    1600653949261
02    21.714    6.821  -12.575 -115.789   20.544 -179.290    1600653949261
01    21.647    5.462  -11.886  -93.798   56.186   68.787    1600653949277
02    21.646    6.516  -12.624 -118.694   16.054  179.037    1600653949277
01    21.707    5.538  -11.865  -92.117   56.362   70.173    1600653949293
02    21.601    6.308  -12.721 -120.050   12.799  177.963    1600653949293
01    21.757    5.580  -11.848  -91.139   56.535   70.279    1600653949308
02    21.602    6.013  -12.809 -120.657   11.000  178.533    1600653949308
01    21.826    5.531  -11.705  -90.361   56.297   70.083    1600653949324
02    21.536    5.387  -13.319 -122.413   12.133  179.351    1600653949324
01    21.832    5.462  -11.570  -89.895   54.493   68.606    1600653949340
02    21.167    4.815  -14.709 -123.974   18.307  177.944    1600653949340
01    21.841    5.338  -11.417  -89.234   51.643   66.803    1600653949346
02    21.127    4.911  -15.748 -123.674   30.299  178.090    1600653949346
01    21.865    5.166  -11.291  -88.544   47.874   64.134    1600653949377
02    21.414    5.200  -16.052 -121.086   43.173 -179.319    1600653949377
01    21.887    4.989  -11.203  -88.021   44.924   61.157    1600653949393
02    21.741    5.491  -15.987 -115.184   53.200 -173.726    1600653949393
01    21.938    4.695  -11.139  -88.492   43.022   58.673    1600653949409
02    21.987    5.694  -15.925 -106.769   62.268 -165.723    1600653949409
01    22.020    4.520  -11.047  -88.495   42.809   57.622    1600653949424
02    22.193    5.770  -15.843  -92.572   68.687 -151.479    1600653949424
01    22.020    4.528  -11.052  -88.429   43.152   56.704    1600653949440
02    22.336    5.844  -15.756  -77.698   70.761 -136.517    1600653949440
01    22.015    4.583  -11.064  -88.177   43.595   56.223    1600653949446
02    22.523    5.768  -15.583  -68.944   69.551 -126.712    1600653949446
01    22.016    4.571  -11.083  -88.492   44.325   56.042    1600653949478
02    22.684    5.729  -15.282  -69.528   66.083 -126.759    1600653949478
01    22.001    4.512  -11.191  -89.334   45.573   56.609    1600653949493
02    22.825    5.845  -14.634  -75.937   61.558 -133.147    1600653949493
01    21.973    4.532  -11.361  -90.589   48.295   57.997    1600653949509
02    22.806    6.724  -13.050  -85.056   55.252 -145.072    1600653949509
01    21.892    4.707  -11.623  -91.755   52.138   60.097    1600653949524
02    22.153    7.447  -12.639  -96.349   41.254 -161.590    1600653949524
01    21.908    4.801  -11.716  -91.000   54.185   64.560    1600653949540
02    21.906    6.912  -12.587 -107.561   30.343 -169.996    1600653949540
01    21.923    4.981  -11.782  -88.364   55.540   70.505    1600653949547
02    21.787    6.542  -12.683 -113.682   24.042 -172.770    1600653949547
01    21.933    5.285  -11.837  -85.194   56.320   75.468    1600653949578
02    21.766    6.300  -12.755 -117.263   19.829 -172.942    1600653949578
01    21.934    5.485  -11.856  -84.039   56.818   77.094    1600653949594
02    21.727    6.124  -12.896 -118.994   16.495 -173.027    1600653949594
01    21.924    5.616  -11.795  -85.398   58.267   75.301    1600653949609
02    21.712    5.653  -13.193 -120.087   14.721 -173.530    1600653949609
01    21.901    5.598  -11.728  -87.352   57.650   71.682    1600653949625
02    21.509    4.952  -14.089 -121.769   16.822 -174.915    1600653949625
01    21.879    5.509  -11.638  -87.625   54.166   67.946    1600653949640
02    21.188    4.763  -15.497 -122.888   26.634 -177.583    1600653949640
01    21.910    5.248  -11.549  -87.291   49.513   64.623    1600653949647
02    21.209    5.147  -16.144 -122.807   40.266 -178.430    1600653949647
01    21.941    5.054  -11.455  -86.653   46.177   61.846    1600653949663
02    21.467    5.588  -16.210 -119.680   53.220 -176.220    1600653949663
01    21.976    4.854  -11.386  -86.381   44.558   59.786    1600653949694
02    21.742    5.755  -16.102 -113.697   61.824 -170.463    1600653949694
01    22.031    4.727  -11.254  -85.929   43.669   58.779    1600653949709
02    21.981    5.876  -15.959 -103.413   67.680 -160.410    1600653949709
01    22.057    4.649  -11.159  -85.958   43.340   58.014    1600653949725
02    22.189    5.964  -15.789  -89.219   70.268 -146.180    1600653949725
01    22.041    4.588  -11.174  -86.683   43.239   57.123    1600653949741
02    22.370    5.858  -15.659  -80.937   68.705 -137.250    1600653949741
01    22.019    4.619  -11.178  -87.137   43.816   57.048    1600653949747
02    22.552    5.826  -15.273  -77.327   65.322 -133.098    1600653949747
01    21.997    4.558  -11.223  -88.266   44.513   57.461    1600653949763
02    22.747    6.071  -14.378  -79.235   60.497 -135.506    1600653949763
01    21.947    4.527  -11.353  -90.119   45.761   57.978    1600653949794
02    22.564    7.059  -12.988  -86.984   52.859 -146.350    1600653949794
01    21.881    4.578  -11.515  -91.715   47.593   59.782    1600653949810
02    21.979    7.307  -12.822  -97.089   38.896 -159.661    1600653949810
01    21.835    4.687  -11.631  -92.333   49.174   62.417    1600653949825
02    21.771    6.832  -12.700 -106.056   28.653 -167.416    1600653949825
01    21.809    4.861  -11.695  -91.491   51.102   66.779    1600653949841
02    21.712    6.546  -12.622 -112.917   20.409 -171.776    1600653949841
01    21.847    4.960  -11.693  -89.805   52.026   71.383    1600653949848
02    21.702    6.414  -12.557 -116.848   14.997 -173.268    1600653949848
01    21.820    5.141  -11.767  -89.456   52.870   72.048    1600653949863
02    21.672    6.216  -12.631 -118.793   10.875 -173.623    1600653949863
01    21.770    5.419  -11.831  -89.926   54.028   70.350    1600653949894
02    21.691    5.748  -12.833 -120.474    9.604 -173.326    1600653949894
01    21.800    5.465  -11.726  -90.145   53.775   68.603    1600653949910
02    21.570    5.075  -13.587 -122.137   13.046 -173.904    1600653949910
01    21.803    5.406  -11.628  -90.130   51.457   65.970    1600653949926
02    21.274    4.747  -14.920 -123.257   22.834 -176.334    1600653949926
01    21.826    5.195  -11.546  -89.838   48.475   63.698    1600653949941
02    21.335    4.970  -15.646 -121.314   36.508 -175.330    1600653949941
01    21.878    5.018  -11.471  -89.443   46.718   62.198    1600653949948
02    21.654    5.273  -15.739 -115.608   47.812 -170.027    1600653949948
01    21.935    4.900  -11.379  -88.839   45.738   61.325    1600653949963
02    21.964    5.439  -15.734 -109.349   54.901 -163.863    1600653949963
01    21.981    4.749  -11.326  -88.713   44.948   60.759    1600653949979
02    22.207    5.644  -15.672 -102.166   60.686 -156.787    1600653949979
01    21.997    4.669  -11.319  -88.675   44.573   60.372    1600653950010
02    22.400    5.724  -15.627  -92.945   64.282 -147.393    1600653950010
01    22.014    4.625  -11.339  -88.803   44.495   60.026    1600653950026
02    22.639    5.743  -15.423  -82.233   65.239 -136.105    1600653950026
01    22.019    4.615  -11.371  -89.239   45.030   59.862    1600653950042
02    22.876    5.752  -14.979  -78.030   62.486 -131.503    1600653950042
01    22.015    4.641  -11.442  -89.898   46.253   60.056    1600653950048
02    23.081    6.123  -13.928  -80.524   57.814 -135.080    1600653950048
01    22.014    4.672  -11.515  -90.789   48.060   60.813    1600653950064
02    22.758    7.389  -12.611  -87.669   48.796 -146.924    1600653950064
01    22.045    4.743  -11.520  -90.856   50.040   63.094    1600653950079
02    22.413    6.455  -12.498 -105.098   32.818 -162.865    1600653950079
01    22.045    4.859  -11.562  -89.928   51.957   67.106    1600653950111
02    22.145    6.235  -12.524 -111.556   24.532 -169.148    1600653950111
01    22.024    4.979  -11.654  -88.830   52.598   70.921    1600653950126
02    21.982    6.129  -12.608 -115.674   18.636 -172.610    1600653950126
01    21.981    5.270  -11.721  -87.130   52.984   73.423    1600653950142
02    21.856    6.118  -12.678 -118.156   14.161 -174.582    1600653950142
01    21.919    5.476  -11.871  -87.146   53.329   73.100    1600653950148
02    21.780    6.108  -12.713 -119.015   11.044 -174.940    1600653950148
01    21.841    5.648  -11.997  -87.887   54.639   71.282    1600653950164
02    21.742    5.858  -12.888 -119.629    8.800 -174.700    1600653950164
01    21.844    5.628  -12.006  -89.281   55.652   68.730    1600653950180
02    21.686    5.227  -13.393 -121.191   10.232 -174.099    1600653950180
01    21.904    5.574  -11.809  -88.388   54.462   67.242    1600653950211
02    21.423    4.745  -14.575 -122.634   17.679 -176.024    1600653950211
01    21.955    5.320  -11.665  -87.822   51.760   65.196    1600653950227
02    21.226    4.975  -15.712 -123.386   29.927 -177.852    1600653950227
01    21.987    5.139  -11.595  -87.129   49.294   63.240    1600653950242
02    21.394    5.434  -16.088 -121.959   43.106 -176.769    1600653950242
01    22.028    4.944  -11.486  -86.676   47.525   61.825    1600653950249
02    21.697    5.694  -16.123 -118.024   53.439 -172.643    1600653950249
01    22.078    4.889  -11.356  -86.174   46.369   60.699    1600653950264
02    21.916    5.944  -16.113 -112.245   62.152 -166.847    1600653950264
01    22.075    4.774  -11.357  -86.970   45.642   58.960    1600653950280
02    22.173    6.066  -15.953 -100.236   69.544 -154.363    1600653950280
01    22.086    4.692  -11.341  -87.596   45.397   57.860    1600653950296
02    22.348    6.192  -15.793  -85.159   72.462 -139.554    1600653950296
01    22.093    4.690  -11.287  -87.781   45.879   57.611    1600653950327
02    22.587    6.094  -15.516  -74.469   70.193 -128.017    1600653950327
01    22.069    4.685  -11.327  -88.885   46.918   57.225    1600653950342
02    22.810    6.033  -15.019  -73.750   65.479 -126.586    1600653950342
01    22.026    4.685  -11.442  -91.007   49.436   57.399    1600653950349
02    23.031    6.480  -13.698  -77.585   59.619 -131.873    1600653950349
01    21.908    4.798  -11.739  -94.105   53.518   57.392    1600653950365
02    22.617    7.785  -12.300  -86.608   49.357 -145.815    1600653950365
01    21.816    4.889  -12.059  -95.437   55.869   58.963    1600653950380
02    22.207    7.142  -12.370 -102.729   36.398 -161.980    1600653950380
01    21.868    5.102  -12.081  -92.356   57.724   64.569    1600653950396
02    21.951    6.703  -12.598 -110.536   28.322 -168.942    1600653950396
01    21.919    5.328  -12.023  -88.473   58.818   69.907    1600653950427
02    21.795    6.541  -12.780 -114.384   23.449 -172.466    1600653950427
01    21.914    5.458  -12.068  -86.560   59.010   71.977    1600653950443
02    21.721    6.424  -12.852 -116.765   19.599 -174.724    1600653950443
01    21.910    5.625  -12.083  -85.861   59.612   71.885    1600653950449
02    21.648    6.313  -12.939 -117.745   16.083 -176.414    1600653950449
01    21.893    5.708  -12.073  -86.238   60.252   70.398    1600653950465
02    21.625    6.080  -13.011 -118.024   13.716 -176.208    1600653950465
01    21.943    5.637  -11.906  -86.226   59.989   69.382    1600653950480
02    21.519    5.558  -13.514 -119.620   14.050 -175.927    1600653950480
01    21.917    5.562  -11.834  -86.362   57.761   67.128    1600653950496
02    21.077    5.053  -14.853 -122.438   19.614 -177.909    1600653950496
01    21.923    5.372  -11.734  -86.094   54.346   65.034    1600653950527
02    20.824    5.321  -16.056 -124.587   31.181 -179.567    1600653950527
01    21.964    5.154  -11.597  -85.800   51.067   63.268    1600653950543
02    21.029    5.709  -16.488 -125.563   44.038 -179.256    1600653950543
01    21.982    5.051  -11.530  -85.434   48.518   60.979    1600653950549
02    21.426    6.100  -16.311 -122.382   55.583 -175.359    1600653950549
01    22.026    4.915  -11.461  -85.710   47.281   59.261    1600653950565
02    21.709    6.324  -16.189 -116.438   64.402 -169.111    1600653950565
01    22.051    4.854  -11.430  -86.110   47.291   58.029    1600653950580
02    21.999    6.394  -15.971 -105.103   71.124 -156.812    1600653950580
01    22.040    4.813  -11.456  -86.847   47.568   56.995    1600653950596
02    22.241    6.402  -15.715  -91.347   73.243 -142.496    1600653950596
01    22.065    4.796  -11.411  -87.294   48.466   57.238    1600653950627
02    22.519    6.266  -15.330  -83.648   70.483 -133.571    1600653950627
01    22.056    4.722  -11.458  -89.294   50.117   57.838    1600653950643
02    22.816    6.488  -14.365  -82.335   64.904 -132.355    1600653950643
01    21.943    4.764  -11.689  -92.081   52.910   58.330    1600653950650
02    22.819    7.553  -12.622  -88.584   56.598 -142.621    1600653950650
01    21.934    4.943  -11.757  -92.552   56.477   61.070    1600653950665
02    22.217    7.310  -12.546 -105.041   39.204 -161.871    1600653950665
01    21.954    5.064  -11.780  -91.586   58.444   65.625    1600653950681
02    21.946    6.893  -12.601 -112.836   28.216 -168.652    1600653950681
01    21.947    5.215  -11.835  -89.533   58.836   69.824    1600653950696
02    21.788    6.743  -12.650 -116.533   22.167 -171.584    1600653950696
01    21.941    5.441  -11.872  -87.378   58.708   72.705    1600653950728
02    21.712    6.667  -12.653 -118.766   18.166 -172.771    1600653950728
01    21.892    5.643  -11.948  -86.687   58.461   73.016    1600653950743
02    21.638    6.529  -12.718 -120.057   14.231 -173.155    1600653950743
01    21.794    5.734  -12.107  -87.697   58.656   71.085    1600653950750
02    21.558    6.201  -12.933 -121.194   11.305 -172.793    1600653950750
01    21.787    5.759  -11.992  -88.041   58.648   69.645    1600653950765
02    21.363    5.573  -13.670 -123.217   12.337 -172.944    1600653950765
01    21.831    5.664  -11.798  -88.022   57.143   68.035    1600653950781
02    20.942    5.154  -15.120 -125.520   19.855 -174.830    1600653950781
01    21.821    5.421  -11.716  -88.334   54.321   65.601    1600653950797
02    20.801    5.412  -16.168 -126.972   31.875 -175.914    1600653950797
01    21.823    5.236  -11.641  -88.383   51.663   63.351    1600653950812
02    21.042    5.935  -16.395 -126.953   45.238 -175.647    1600653950812
01    21.851    5.090  -11.524  -88.299   49.358   61.153    1600653950844
02    21.443    6.265  -16.222 -123.693   55.961 -172.062    1600653950844
01    21.839    5.005  -11.502  -89.108   48.522   58.489    1600653950850
02    21.764    6.393  -16.002 -117.707   64.122 -165.668    1600653950850
01    21.854    4.945  -11.408  -89.593   48.398   57.254    1600653950866
02    22.004    6.434  -15.792 -107.141   69.730 -154.508    1600653950866
01    21.824    4.963  -11.355  -90.837   49.143   55.889    1600653950881
02    22.220    6.422  -15.511  -93.848   71.100 -140.561    1600653950881
01    21.780    4.942  -11.332  -93.423   50.326   54.779    1600653950897
02    22.417    6.406  -15.083  -86.408   68.244 -132.640    1600653950897
01    21.695    4.972  -11.369  -96.668   52.009   53.654    1600653950913
02    22.612    6.606  -14.137  -85.822   63.617 -132.316    1600653950913
01    21.613    4.989  -11.487  -99.184   53.492   53.568    1600653950944
02    22.530    7.783  -12.120  -90.013   56.003 -139.729    1600653950944
01    21.577    5.096  -11.552  -99.349   55.158   55.543    1600653950950
02    21.857    7.209  -12.249 -106.964   38.211 -159.374    1600653950950
01    21.550    5.198  -11.648  -98.206   55.828   58.372    1600653950966
02    21.524    6.759  -12.371 -114.276   27.495 -167.423    1600653950966
01    21.552    5.335  -11.713  -96.017   56.356   61.749    1600653950982
02    21.326    6.552  -12.552 -117.841   21.521 -171.877    1600653950982
01    21.558    5.499  -11.817  -94.150   56.726   64.300    1600653950997
02    21.252    6.428  -12.658 -119.973   17.215 -174.525    1600653950997
01    21.582    5.601  -11.910  -92.759   57.195   66.124    1600653951013
02    21.211    6.395  -12.745 -120.881   14.223 -176.295    1600653951013
01    21.586    5.743  -11.964  -92.221   57.978   66.649    1600653951044
02    21.207    6.343  -12.812 -120.781   12.345 -176.138    1600653951044
01    21.564    5.760  -11.965  -92.946   58.350   65.618    1600653951051
02    21.189    5.859  -13.193 -122.511   11.997 -174.951    1600653951051
01    21.603    5.759  -11.759  -92.845   57.708   64.790    1600653951066
02    20.923    5.495  -14.196 -124.631   16.736 -175.758    1600653951066
01    21.606    5.604  -11.609  -92.515   55.442   63.564    1600653951082
02    20.683    5.549  -15.562 -126.695   26.539 -176.698    1600653951082
01    21.590    5.425  -11.544  -92.346   52.862   62.048    1600653951098
02    20.853    5.939  -16.144 -127.557   38.617 -176.514    1600653951098
01    21.600    5.266  -11.483  -92.319   50.311   60.443    1600653951113
02    21.201    6.245  -16.209 -125.152   49.405 -173.293    1600653951113
01    21.598    5.165  -11.447  -92.435   48.524   58.843    1600653951144
02    21.505    6.427  -16.143 -120.444   58.450 -167.967    1600653951144
01    21.609    5.087  -11.401  -92.649   48.040   57.987    1600653951151
02    21.768    6.588  -15.973 -111.176   66.969 -158.231    1600653951151
01    21.602    5.048  -11.395  -93.257   48.301   57.258    1600653951167
02    21.990    6.619  -15.836  -99.091   71.724 -145.249    1600653951167
01    21.596    5.041  -11.407  -93.498   48.817   57.035    1600653951182
02    22.241    6.644  -15.582  -83.325   73.344 -128.852    1600653951182
01    21.583    5.041  -11.424  -94.010   49.634   56.834    1600653951198
02    22.475    6.511  -15.230  -77.383   70.591 -121.709    1600653951198
01    21.552    5.126  -11.463  -94.634   51.125   56.786    1600653951213
02    22.694    6.567  -14.435  -80.028   65.229 -124.323    1600653951213
01    21.503    5.156  -11.618  -96.137   52.483   56.535    1600653951229
02    22.732    7.735  -12.141  -85.865   57.804 -134.144    1600653951229
01    21.513    5.193  -11.703  -96.228   53.934   58.023    1600653951251
02    21.884    7.588  -12.226 -104.317   38.540 -157.941    1600653951251
01    21.529    5.280  -11.739  -95.145   54.817   60.788    1600653951267
02    21.540    7.040  -12.395 -112.362   26.556 -165.782    1600653951267
01    21.536    5.428  -11.816  -93.458   55.748   64.400    1600653951282
02    21.390    6.726  -12.501 -116.572   20.724 -169.191    1600653951282
01    21.595    5.537  -11.826  -91.407   56.337   68.268    1600653951298
02    21.342    6.572  -12.574 -118.979   17.557 -170.688    1600653951298
01    21.610    5.724  -11.832  -89.796   56.934   70.457    1600653951314
02    21.326    6.514  -12.631 -119.990   15.310 -171.202    1600653951314
01    21.564    5.874  -11.985  -90.351   57.616   69.345    1600653951329
02    21.290    6.420  -12.781 -120.340   13.233 -171.543    1600653951329
01    21.625    5.857  -11.911  -91.085   57.992   67.903    1600653951352
02    21.292    5.922  -13.123 -121.704   12.515 -170.846    1600653951352
01    21.664    5.743  -11.815  -91.376   56.578   66.035    1600653951367
02    20.976    5.366  -14.259 -124.319   15.660 -172.025    1600653951367
01    21.654    5.604  -11.687  -90.790   53.535   64.110    1600653951390
02    20.626    5.428  -15.767 -126.543   25.356 -174.056    1600653951390
01    21.683    5.362  -11.634  -90.257   50.393   62.356    1600653951405
02    20.801    5.839  -16.301 -127.758   37.849 -174.441    1600653951405
01    21.696    5.235  -11.602  -89.534   48.139   60.761    1600653951421
02    21.252    6.135  -16.178 -126.330   49.382 -172.258    1600653951421
01    21.727    5.104  -11.591  -89.040   46.778   59.325    1600653951436
02    21.573    6.396  -15.977 -122.552   59.646 -168.484    1600653951436
01    21.772    4.995  -11.537  -88.672   46.434   58.931    1600653951451
02    21.782    6.563  -15.856 -115.406   67.211 -161.709    1600653951451
01    21.813    4.874  -11.462  -88.828   46.684   59.273    1600653951467
02    21.968    6.751  -15.703 -105.454   71.710 -151.626    1600653951467
01    21.800    4.822  -11.460  -89.723   47.557   59.556    1600653951483
02    22.202    6.695  -15.502  -93.698   72.239 -138.665    1600653951483
01    21.740    4.885  -11.531  -91.229   49.371   59.934    1600653951498
02    22.501    6.623  -14.986  -84.792   68.920 -127.804    1600653951498
01    21.629    5.033  -11.696  -93.198   51.763   60.008    1600653951514
02    22.827    6.990  -13.637  -84.273   63.499 -127.873    1600653951514
01    21.575    5.250  -11.800  -93.948   54.563   60.960    1600653951530
02    22.611    8.527  -11.398  -89.438   54.360 -137.333    1600653951530
01    21.592    5.310  -11.876  -93.692   55.547   62.464    1600653951552
02    22.026    7.286  -11.788 -109.894   36.405 -158.702    1600653951552
01    21.628    5.415  -11.880  -91.386   55.886   65.453    1600653951567
02    21.621    6.815  -12.228 -116.129   26.336 -166.835    1600653951567
01    21.612    5.554  -11.997  -89.703   55.980   67.318    1600653951583
02    21.400    6.685  -12.509 -118.835   21.004 -171.317    1600653951583
01    21.644    5.636  -12.069  -87.912   55.965   69.385    1600653951599
02    21.314    6.587  -12.646 -120.288   17.700 -173.671    1600653951599
01    21.704    5.641  -12.093  -86.317   56.008   71.361    1600653951614
02    21.272    6.565  -12.753 -120.781   15.355 -174.638    1600653951614
01    21.755    5.647  -12.090  -84.829   56.269   73.285    1600653951630
02    21.324    6.506  -12.783 -120.700   14.241 -173.499    1600653951630
01    21.781    5.727  -12.025  -84.592   57.063   73.419    1600653951652
02    21.333    6.088  -13.128 -121.414   13.408 -171.539    1600653951652
01    21.831    5.720  -11.888  -84.658   56.474   72.604    1600653951668
02    21.108    5.480  -14.189 -123.366   15.722 -171.056    1600653951668
01    21.825    5.633  -11.763  -85.550   54.252   70.013    1600653951683
02    20.771    5.362  -15.738 -125.798   23.771 -172.176    1600653951683
01    21.820    5.481  -11.677  -86.517   51.425   67.229    1600653951699
02    20.876    5.831  -16.339 -127.507   35.257 -172.900    1600653951699
01    21.819    5.343  -11.588  -86.931   48.837   64.877    1600653951715
02    21.244    6.272  -16.340 -127.294   46.408 -171.995    1600653951715
01    21.799    5.148  -11.573  -87.898   46.655   62.008    1600653951730
02    21.593    6.518  -16.160 -125.140   59.746 -169.042    1600653951730
01    21.822    5.000  -11.494  -88.211   46.144   60.677    1600653951752
02    21.798    6.741  -16.047 -120.333   71.068 -163.993    1600653951752
01    21.842    4.960  -11.382  -88.271   46.507   60.142    1600653951768
02    22.055    6.933  -15.806 -101.306   78.780 -144.632    1600653951768
01    21.856    4.977  -11.302  -88.194   47.028   59.775    1600653951784
02    22.204    7.004  -15.720  -79.255   80.998 -122.010    1600653951784
01    21.890    4.956  -11.205  -88.113   46.879   59.454    1600653951799
02    22.348    6.995  -15.604  -62.973   80.489 -104.859    1600653951799
01    21.864    4.886  -11.229  -88.970   46.441   57.932    1600653951815
02    22.452    6.970  -15.523  -56.829   79.629  -98.293    1600653951815
01    21.858    4.832  -11.235  -90.064   46.358   56.233    1600653951830
02    22.523    6.858  -15.461  -60.425   77.422 -101.760    1600653951830
01    21.821    4.756  -11.287  -91.848   46.529   54.510    1600653951853
02    22.665    6.597  -15.230  -67.052   73.134 -107.031    1600653951853
01    21.844    4.650  -11.268  -94.253   47.805   54.177    1600653951868
02    22.940    6.626  -14.160  -75.210   67.535 -115.681    1600653951868
01    21.777    4.600  -11.503  -98.198   50.797   53.949    1600653951884
02    23.066    8.024  -11.417  -81.619   58.819 -126.810    1600653951884
01    21.737    4.872  -11.726 -101.359   56.169   54.870    1600653951900
02    22.078    8.068  -11.727 -100.341   37.923 -152.620    1600653951900
01    21.726    4.994  -11.978 -102.655   58.904   57.013    1600653951915
02    21.751    7.156  -12.204 -111.328   21.019 -164.762    1600653951915
01    21.793    5.160  -12.007  -98.080   60.089   62.811    1600653951931
02    21.687    6.823  -12.332 -117.272   10.028 -171.027    1600653951931
01    21.870    5.306  -11.959  -93.606   59.126   67.148    1600653951953
02    21.649    6.687  -12.342 -120.265    3.986 -174.428    1600653951953
01    21.888    5.383  -11.948  -92.208   57.662   67.886    1600653951969
02    21.576    6.629  -12.385 -121.006    0.275 -176.034    1600653951969
01    21.864    5.405  -11.989  -92.402   56.312   66.732    1600653951984
02    21.494    6.571  -12.430 -120.822   -1.755 -175.899    1600653951984
01    21.861    5.365  -11.998  -92.977   55.716   65.581    1600653952000
02    21.505    6.388  -12.391 -120.537   -2.056 -171.431    1600653952000
01    21.843    5.405  -11.965  -93.664   56.040   63.939    1600653952015
02    21.530    5.883  -12.636 -120.808   -0.257 -166.519    1600653952015
01    21.836    5.417  -11.887  -92.949   54.874   62.591    1600653952031
02    21.375    5.039  -13.672 -122.533    5.780 -164.040    1600653952031
01    21.845    5.322  -11.774  -91.179   50.939   61.305    1600653952053
02    20.966    4.606  -15.513 -123.826   17.012 -164.819    1600653952053
01    21.851    5.185  -11.684  -88.709   44.566   58.674    1600653952069
02    20.923    5.047  -16.389 -124.671   31.890 -165.795    1600653952069
01    21.895    4.965  -11.527  -86.932   40.557   56.063    1600653952084
02    21.089    5.645  -16.644 -124.610   46.274 -166.143    1600653952084
01    21.991    4.653  -11.366  -86.351   39.217   54.109    1600653952100
02    21.388    6.177  -16.435 -121.819   59.702 -163.874    1600653952100
01    22.104    4.430  -11.190  -86.090   39.321   53.604    1600653952116
02    21.709    6.443  -16.133 -113.144   70.251 -154.857    1600653952116
01    22.141    4.495  -11.129  -85.343   40.074   53.250    1600653952131
02    21.936    6.539  -15.982  -97.276   74.708 -138.340    1600653952131
01    22.171    4.402  -11.075  -85.398   39.919   53.100    1600653952154
02    22.229    6.520  -15.680  -78.850   75.099 -118.625    1600653952154
01    22.183    4.375  -11.050  -85.521   40.001   52.640    1600653952169
02    22.411    6.431  -15.425  -73.920   72.727 -113.113    1600653952169
01    22.188    4.387  -11.020  -85.379   40.303   53.134    1600653952185
02    22.637    6.362  -14.810  -75.096   68.353 -113.570    1600653952185
01    22.234    4.237  -10.977  -86.854   41.415   54.850    1600653952200
02    22.904    6.756  -13.245  -80.582   61.793 -120.956    1600653952200
01    22.159    4.254  -11.155  -90.311   44.976   56.652    1600653952216
02    22.458    8.070  -11.756  -89.178   49.531 -135.624    1600653952216
01    22.104    4.605  -11.139  -92.459   49.284   59.871    1600653952232
02    22.138    6.780  -11.767 -106.189   27.141 -150.610    1600653952232
01    21.983    4.831  -11.411  -94.180   52.053   63.556    1600653952254
02    21.890    6.425  -11.931 -112.934   16.677 -155.636    1600653952254
01    21.912    5.063  -11.593  -92.722   53.011   68.122    1600653952269
02    21.764    6.282  -12.125 -117.109   10.438 -157.471    1600653952269
01    21.892    5.213  -11.704  -91.556   53.072   70.300    1600653952285
02    21.741    6.221  -12.197 -119.660    6.975 -157.769    1600653952285
01    21.901    5.269  -11.796  -90.688   52.798   70.143    1600653952301
02    21.714    6.071  -12.320 -120.819    4.163 -157.933    1600653952301
01    21.925    5.382  -11.851  -89.517   53.622   68.985    1600653952316
02    21.748    5.775  -12.435 -120.656    3.291 -157.011    1600653952316
01    21.984    5.360  -11.787  -88.673   53.362   67.280    1600653952332
02    21.706    5.031  -13.047 -121.347    4.837 -156.228    1600653952332
01    21.999    5.222  -11.715  -87.779   50.271   64.621    1600653952354
02    21.288    4.381  -14.626 -122.672   11.957 -158.685    1600653952354
01    22.050    5.031  -11.594  -86.214   45.508   61.941    1600653952370
02    21.029    4.567  -16.019 -123.541   24.767 -160.802    1600653952370
01    22.112    4.788  -11.445  -85.255   41.392   59.448    1600653952385
02    21.141    5.190  -16.514 -123.574   39.438 -161.806    1600653952385
01    22.164    4.624  -11.352  -84.287   38.745   57.081    1600653952401
02    21.425    5.636  -16.504 -121.771   51.942 -160.435    1600653952401
01    22.296    4.336  -11.136  -83.607   36.980   55.752    1600653952417
02    21.694    6.022  -16.312 -117.252   64.275 -156.437    1600653952417
01    22.354    4.194  -11.044  -83.096   36.204   54.435    1600653952432
02    21.898    6.366  -16.052 -107.330   73.810 -146.829    1600653952432
01    22.373    4.209  -10.970  -82.150   36.009   53.681    1600653952454
02    22.047    6.547  -15.897  -89.820   78.571 -128.960    1600653952454
01    22.380    4.266  -10.922  -81.850   36.255   52.792    1600653952470
02    22.127    6.703  -15.777  -74.066   80.787 -113.067    1600653952470
01    22.365    4.310  -10.907  -81.646   36.539   51.582    1600653952486
02    22.120    6.735  -15.745  -71.019   81.396 -109.932    1600653952486
01    22.391    4.224  -10.838  -82.171   36.827   50.808    1600653952501
02    22.182    6.657  -15.594  -69.098   80.526 -108.051    1600653952501
01    22.462    4.203  -10.686  -82.799   37.960   51.376    1600653952517
02    22.298    6.478  -15.281  -75.382   75.397 -114.903    1600653952517
01    22.453    4.130  -10.693  -86.058   40.676   52.892    1600653952532
02    22.676    6.593  -13.961  -78.420   66.906 -118.763    1600653952532
01    22.234    4.135  -11.022  -92.586   45.739   53.976    1600653952555
02    22.711    8.122  -11.413  -84.323   55.273 -130.102    1600653952555
01    22.095    4.394  -11.225  -98.400   52.589   56.361    1600653952570
02    21.933    7.333  -11.948 -102.591   32.006 -150.099    1600653952570
01    21.960    4.673  -11.467  -99.692   55.375   60.390    1600653952586
02    21.719    6.747  -12.122 -111.099   19.647 -156.073    1600653952586
01    21.822    4.979  -11.728  -98.321   55.627   63.917    1600653952601
02    21.654    6.466  -12.236 -116.710   12.219 -158.523    1600653952601
01    21.771    5.251  -11.829  -96.062   55.296   66.138    1600653952617
02    21.636    6.320  -12.299 -119.814    8.086 -160.016    1600653952617
01    21.745    5.402  -11.892  -94.939   55.034   65.872    1600653952633
02    21.593    6.156  -12.408 -120.976    5.013 -161.860    1600653952633
01    21.747    5.358  -11.944  -94.660   54.779   64.623    1600653952655
02    21.566    5.990  -12.435 -120.544    3.667 -162.732    1600653952655
01    21.788    5.390  -11.894  -93.551   54.549   63.881    1600653952671
02    21.525    5.608  -12.703 -120.154    3.922 -161.038    1600653952671
01    21.777    5.370  -11.789  -92.447   53.207   62.650    1600653952686
02    21.327    4.985  -13.591 -121.661    8.266 -160.432    1600653952686
01    21.783    5.218  -11.629  -90.816   49.594   61.089    1600653952702
02    20.969    4.719  -15.030 -123.311   17.768 -161.780    1600653952702
01    21.824    5.062  -11.432  -88.976   45.393   59.348    1600653952717
02    20.825    5.038  -16.168 -125.052   30.595 -163.016    1600653952717
01    21.872    4.852  -11.298  -87.564   41.170   56.998    1600653952733
02    21.023    5.734  -16.395 -124.786   45.074 -162.659    1600653952733
01    21.920    4.646  -11.223  -86.856   38.444   54.435    1600653952755
02    21.352    6.134  -16.267 -122.728   58.105 -159.937    1600653952755
01    22.003    4.519  -11.084  -86.190   37.613   53.204    1600653952771
02    21.579    6.440  -16.038 -118.568   69.763 -155.724    1600653952771
01    22.084    4.392  -10.943  -86.075   37.641   52.821    1600653952786
02    21.761    6.688  -15.836 -111.134   77.128 -148.346    1600653952786
01    22.134    4.303  -10.862  -86.341   38.329   52.941    1600653952802
02    22.003    6.742  -15.580  -92.417   80.375 -129.056    1600653952802
01    22.126    4.267  -10.926  -87.048   39.620   53.366    1600653952818
02    22.274    6.588  -15.268  -77.576   76.908 -113.311    1600653952818
01    22.083    4.269  -11.063  -88.564   42.173   54.751    1600653952833
02    22.579    6.607  -14.623  -77.513   70.893 -112.531    1600653952833
01    21.963    4.354  -11.371  -91.889   46.343   56.207    1600653952855
02    23.018    7.330  -12.657  -81.617   63.443 -118.253    1600653952855
01    21.797    4.657  -11.810  -95.830   52.436   56.976    1600653952871
02    22.573    8.879  -11.014  -91.809   51.471 -133.809    1600653952871
01    21.713    4.860  -12.148  -98.055   55.727   58.688    1600653952887
02    22.119    7.700  -11.591 -109.615   32.949 -151.028    1600653952887
01    21.728    5.176  -12.211  -94.699   58.159   64.489    1600653952902
02    21.815    7.138  -12.084 -116.378   22.979 -156.659    1600653952902
01    21.743    5.412  -12.269  -92.037   58.765   68.149    1600653952918
02    21.690    6.885  -12.349 -119.320   17.874 -158.680    1600653952918
01    21.735    5.612  -12.253  -90.022   59.241   70.077    1600653952934
02    21.574    6.753  -12.567 -120.819   14.497 -160.014    1600653952934
01    21.790    5.706  -12.172  -88.953   59.717   70.668    1600653952956
02    21.487    6.662  -12.703 -120.966   12.070 -160.257    1600653952956
01    21.772    5.871  -12.177  -89.188   60.409   69.029    1600653952971
02    21.488    6.262  -12.936 -121.222   10.743 -159.507    1600653952971
01    21.769    5.953  -12.080  -89.112   60.413   67.427    1600653952987
02    21.322    5.578  -13.750 -122.450   11.794 -159.088    1600653952987
01    21.801    5.778  -11.954  -89.023   58.129   65.607    1600653953003
02    21.011    5.280  -14.986 -124.010   18.670 -160.769    1600653953003
01    21.810    5.641  -11.818  -88.304   54.624   63.519    1600653953018
02    20.876    5.544  -16.060 -125.520   30.186 -162.113    1600653953018
01    21.860    5.450  -11.665  -87.398   50.966   61.567    1600653953034
02    21.026    6.174  -16.395 -126.448   43.586 -162.814    1600653953034
01    21.896    5.269  -11.556  -86.693   46.874   58.566    1600653953056
02    21.321    6.565  -16.355 -125.765   55.458 -161.447    1600653953056
01    21.917    5.181  -11.489  -86.118   44.254   55.122    1600653953072
02    21.553    6.949  -16.130 -123.941   68.345 -159.720    1600653953072
01    21.991    5.005  -11.355  -85.897   42.970   53.294    1600653953087
02    21.675    7.209  -15.979 -118.317   76.915 -154.454    1600653953087
01    22.093    4.765  -11.200  -86.303   42.698   52.431    1600653953103
02    21.839    7.338  -15.753 -103.964   81.742 -140.024    1600653953103
01    22.108    4.635  -11.165  -86.977   42.737   51.806    1600653953119
02    21.976    7.336  -15.619  -87.162   82.177 -122.873    1600653953119
01    22.100    4.573  -11.142  -87.486   43.249   52.057    1600653953134
02    22.181    7.164  -15.367  -75.694   78.109 -110.463    1600653953134
01    22.110    4.497  -11.138  -88.630   44.398   53.497    1600653953156
02    22.402    7.142  -14.794  -79.041   72.106 -113.386    1600653953156
01    21.992    4.543  -11.389  -91.264   47.305   55.126    1600653953172
02    22.802    7.710  -12.658  -84.231   64.403 -120.114    1600653953172
01    21.762    4.813  -11.882  -95.400   52.074   55.444    1600653953188
02    22.303    8.974  -11.216  -93.931   51.131 -135.198    1600653953188
01    21.708    4.954  -12.108  -97.099   54.493   57.301    1600653953203
02    21.870    7.814  -11.655 -109.546   32.838 -150.748    1600653953203
01    21.740    5.196  -12.096  -95.020   56.063   61.784    1600653953219
02    21.573    7.327  -12.070 -115.213   22.760 -155.616    1600653953219
01    21.711    5.371  -12.178  -93.225   56.497   64.679    1600653953234
02    21.390    7.062  -12.391 -118.302   16.366 -157.831    1600653953234
01    21.733    5.532  -12.113  -90.967   56.690   66.898    1600653953257
02    21.393    6.823  -12.460 -120.027   12.603 -158.088    1600653953257
01    21.681    5.708  -12.182  -90.319   56.952   66.297    1600653953272
02    21.313    6.655  -12.646 -119.963    9.401 -158.246    1600653953272
01    21.718    5.741  -12.121  -89.670   57.053   65.805    1600653953288
02    21.316    6.135  -12.943 -120.415    8.532 -157.059    1600653953288
01    21.785    5.686  -11.976  -88.876   55.846   65.123    1600653953304
02    21.129    5.454  -13.894 -122.154   11.849 -157.395    1600653953304
01    21.788    5.593  -11.860  -88.195   52.941   63.367    1600653953319
02    20.824    5.262  -15.192 -124.219   21.366 -159.501    1600653953319
01    21.824    5.414  -11.724  -87.709   49.629   61.509    1600653953335
02    20.767    5.671  -15.971 -125.690   34.690 -161.315    1600653953335
01    21.855    5.274  -11.587  -87.004   46.037   59.220    1600653953357
02    20.953    6.135  -16.184 -126.237   47.807 -161.790    1600653953357
01    21.873    5.143  -11.460  -86.907   43.511   56.805    1600653953373
02    21.191    6.536  -16.149 -125.699   58.470 -161.091    1600653953373
01    21.895    4.981  -11.320  -87.484   42.499   55.036    1600653953388
02    21.465    6.799  -15.968 -122.353   68.816 -157.446    1600653953388
01    21.921    4.756  -11.199  -88.413   42.288   54.065    1600653953404
02    21.692    6.993  -15.788 -113.782   76.276 -148.487    1600653953404
01    21.920    4.735  -11.140  -88.626   42.536   53.507    1600653953419
02    21.941    7.045  -15.560  -92.299   79.281 -126.334    1600653953419
01    21.917    4.742  -11.128  -88.937   43.094   53.248    1600653953435
02    22.152    6.962  -15.309  -79.097   76.395 -112.546    1600653953435
01    21.912    4.661  -11.179  -89.793   43.823   53.254    1600653953457
02    22.389    6.870  -14.811  -79.545   70.728 -111.947    1600653953457
01    21.882    4.701  -11.312  -90.431   45.470   54.140    1600653953473
02    22.711    7.304  -13.074  -83.846   64.108 -117.236    1600653953473
01    21.840    4.776  -11.535  -91.596   48.320   55.766    1600653953488
02    22.313    8.770  -11.236  -91.643   53.013 -130.096    1600653953488
01    21.870    4.844  -11.607  -91.627   51.020   58.666    1600653953504
02    21.947    7.317  -11.331 -110.549   31.538 -148.486    1600653953504
01    21.821    5.045  -11.764  -90.439   53.080   62.769    1600653953520
02    21.595    6.916  -11.710 -116.515   20.752 -154.791    1600653953520
01    21.792    5.236  -11.862  -87.983   54.322   67.730    1600653953535
02    21.392    6.812  -11.999 -119.926   14.329 -158.029    1600653953535
01    21.772    5.463  -11.955  -85.756   55.300   71.262    1600653953557
02    21.327    6.754  -12.168 -121.976   10.748 -159.144    1600653953557
01    21.772    5.672  -12.042  -84.403   56.340   73.009    1600653953573
02    21.288    6.715  -12.345 -122.600    8.459 -158.933    1600653953573
01    21.798    5.785  -12.037  -84.908   58.141   72.495    1600653953589
02    21.327    6.434  -12.558 -122.339    7.564 -157.615    1600653953589
01    21.790    5.823  -12.016  -87.675   59.578   69.296    1600653953604
02    21.304    5.939  -13.134 -122.331    8.941 -156.823    1600653953604
01    21.826    5.790  -11.806  -87.744   57.670   67.143    1600653953620
02    21.085    5.493  -14.239 -123.491   13.886 -157.560    1600653953620
01    21.849    5.541  -11.703  -88.048   53.107   64.258    1600653953636
02    20.970    5.496  -15.464 -124.720   24.259 -158.412    1600653953636
01    21.871    5.290  -11.595  -87.678   48.941   61.940    1600653953658
02    21.060    5.913  -16.041 -125.258   36.272 -158.998    1600653953658
01    21.924    5.110  -11.430  -87.243   46.147   60.231    1600653953673
02    21.319    6.212  -16.142 -124.127   47.129 -157.620    1600653953673
01    21.942    4.964  -11.373  -87.326   44.515   58.379    1600653953689
02    21.511    6.520  -16.147 -122.162   57.857 -155.815    1600653953689
01    21.957    4.852  -11.320  -87.401   43.684   57.012    1600653953705
02    21.709    6.726  -16.019 -117.513   67.405 -150.889    1600653953705
01    21.967    4.749  -11.323  -87.827   43.503   55.882    1600653953720
02    21.961    6.843  -15.782 -106.625   73.774 -139.397    1600653953720
01    21.975    4.760  -11.330  -87.755   44.192   55.561    1600653953736
02    22.160    6.873  -15.593  -93.768   75.833 -126.243    1600653953736
01    21.970    4.749  -11.388  -88.260   45.288   55.368    1600653953758
02    22.316    6.883  -15.310  -86.098   72.926 -118.635    1600653953758
01    21.949    4.790  -11.437  -88.813   47.090   55.964    1600653953774
02    22.542    6.926  -14.579  -85.964   67.338 -117.806    1600653953774
01    21.890    4.891  -11.605  -90.003   49.670   56.528    1600653953789
02    22.715    7.996  -12.251  -88.546   59.589 -123.830    1600653953789
01    21.797    5.118  -11.796  -91.010   52.929   57.227    1600653953805
02    21.970    8.859  -11.639  -96.945   42.863 -138.252    1600653953805
01    21.762    5.106  -11.955  -91.369   54.133   59.794    1600653953821
02    21.497    7.944  -12.068 -109.205   26.792 -150.700    1600653953821
01    21.750    5.262  -12.050  -89.586   55.478   64.444    1600653953836
02    21.357    7.336  -12.290 -114.651   19.020 -153.963    1600653953836
01    21.758    5.381  -12.124  -87.427   56.411   69.385    1600653953858
02    21.330    6.988  -12.458 -117.985   15.352 -154.722    1600653953858
01    21.823    5.497  -12.092  -84.438   56.932   74.210    1600653953874
02    21.352    6.896  -12.525 -119.666   13.664 -154.573    1600653953874
01    21.810    5.721  -12.132  -82.925   57.847   75.594    1600653953890
02    21.398    6.749  -12.627 -120.387   12.293 -153.910    1600653953890
01    21.801    5.847  -12.147  -84.145   59.245   73.747    1600653953905
02    21.491    6.413  -12.796 -120.333   11.561 -152.872    1600653953905
01    21.813    5.874  -12.060  -85.443   59.455   71.231    1600653953921
02    21.451    5.854  -13.369 -120.785   12.534 -152.560    1600653953921
01    21.833    5.799  -11.916  -85.841   57.399   68.509    1600653953936
02    21.183    5.408  -14.605 -122.029   17.508 -153.969    1600653953936
01    21.851    5.543  -11.837  -86.053   53.606   65.375    1600653953959
02    21.060    5.684  -15.581 -123.147   27.889 -155.653    1600653953959
01    21.901    5.293  -11.681  -85.652   50.134   63.192    1600653953974
02    21.210    6.076  -15.919 -123.549   39.107 -156.128    1600653953974
01    21.919    5.198  -11.576  -84.887   47.766   61.241    1600653953990
02    21.404    6.439  -15.926 -122.718   51.460 -155.670    1600653953990
01    21.937    5.095  -11.503  -84.448   46.206   59.335    1600653954006
02    21.610    6.738  -15.750 -119.547   63.019 -153.084    1600653954006
01    21.970    4.991  -11.381  -84.180   45.524   58.375    1600653954021
02    21.713    6.923  -15.643 -114.674   69.126 -148.783    1600653954021
01    21.968    4.822  -11.363  -85.245   45.628   57.674    1600653954037
02    21.860    6.976  -15.480 -105.949   71.386 -139.571    1600653954037
01    21.945    4.741  -11.340  -86.307   46.521   58.046    1600653954059
02    22.129    6.985  -14.964  -94.007   68.919 -126.155    1600653954059
01    21.838    4.811  -11.500  -88.222   48.362   58.159    1600653954075
02    22.423    7.288  -13.780  -90.939   62.888 -123.413    1600653954075
01    21.750    4.999  -11.637  -89.729   51.051   58.918    1600653954090
02    22.320    8.757  -11.367  -93.597   53.256 -130.393    1600653954090
01    21.740    5.129  -11.646  -90.133   53.112   60.597    1600653954106
02    21.655    7.689  -11.711 -110.328   30.178 -150.104    1600653954106
01    21.681    5.269  -11.747  -90.114   54.078   62.522    1600653954121
02    21.333    7.140  -11.938 -116.240   18.692 -156.087    1600653954121
01    21.652    5.404  -11.827  -89.413   54.738   64.744    1600653954137
02    21.150    6.927  -12.127 -119.195   13.139 -159.145    1600653954137
01    21.612    5.497  -11.917  -88.777   55.494   66.884    1600653954159
02    21.071    6.809  -12.267 -120.838   10.260 -160.249    1600653954159
01    21.625    5.568  -11.971  -87.808   56.306   69.332    1600653954175
02    21.040    6.783  -12.393 -121.643    8.629 -160.062    1600653954175
01    21.613    5.720  -12.034  -87.426   57.801   70.374    1600653954190
02    21.075    6.604  -12.568 -121.997    7.780 -158.774    1600653954190
01    21.628    5.796  -11.998  -88.572   59.332   69.470    1600653954206
02    21.089    6.196  -13.045 -122.253    8.545 -157.391    1600653954206
01    21.684    5.882  -11.814  -87.638   58.912   68.956    1600653954222
02    20.992    5.786  -13.933 -123.263   12.360 -156.993    1600653954222
01    21.694    5.831  -11.732  -86.719   55.983   66.889    1600653954237
02    20.846    5.738  -15.095 -124.761   20.354 -157.745    1600653954237
01    21.748    5.615  -11.648  -86.072   52.386   64.517    1600653954259
02    20.911    6.097  -15.742 -126.063   30.936 -158.535    1600653954259
01    21.791    5.415  -11.596  -85.531   49.688   62.099    1600653954275
02    21.219    6.362  -15.831 -125.835   43.228 -157.625    1600653954275
01    21.856    5.263  -11.495  -84.780   47.989   60.560    1600653954291
02    21.412    6.639  -15.757 -123.554   55.466 -155.674    1600653954291
01    21.897    5.077  -11.414  -84.746   46.706   58.969    1600653954306
02    21.610    6.838  -15.516 -119.269   64.293 -151.586    1600653954306
01    21.879    4.953  -11.367  -85.244   46.657   58.141    1600653954322
02    21.730    6.926  -15.349 -113.544   67.138 -145.930    1600653954322
01    21.861    4.881  -11.293  -86.070   47.580   58.773    1600653954338
02    21.962    6.986  -14.880 -103.368   66.368 -134.604    1600653954338
01    21.751    4.952  -11.395  -87.909   49.861   59.603    1600653954360
02    22.244    7.207  -13.869  -97.100   62.030 -127.981    1600653954360
01    21.588    5.191  -11.622  -90.227   53.290   59.789    1600653954375
02    22.354    8.254  -11.680  -97.574   54.688 -130.902    1600653954375
01    21.571    5.422  -11.649  -90.611   56.142   61.444    1600653954391
02    21.685    7.812  -11.865 -110.202   34.770 -147.870    1600653954391
01    21.523    5.555  -11.725  -90.958   57.165   62.544    1600653954407
02    21.314    7.296  -12.059 -116.633   23.207 -155.524    1600653954407
01    21.498    5.678  -11.741  -90.699   57.579   63.572    1600653954422
02    21.048    7.100  -12.197 -119.252   16.783 -160.125    1600653954422
01    21.460    5.769  -11.802  -90.416   57.688   64.228    1600653954438
02    20.947    6.923  -12.272 -120.614   13.343 -162.338    1600653954438
01    21.441    5.746  -11.871  -90.562   57.701   64.838    1600653954460
02    20.876    6.920  -12.330 -121.043   11.550 -163.655    1600653954460
01    21.464    5.796  -11.849  -89.453   58.595   66.897    1600653954476
02    20.872    6.883  -12.349 -121.323   10.636 -163.488    1600653954476
01    21.474    5.809  -11.872  -89.557   59.790   68.027    1600653954491
02    20.892    6.760  -12.510 -121.406   10.011 -162.254    1600653954491
01    21.488    5.835  -11.883  -89.909   60.657   67.969    1600653954507
02    20.892    6.424  -12.982 -122.160   10.866 -160.617    1600653954507
01    21.497    5.845  -11.856  -89.349   59.214   67.091    1600653954523
02    20.723    5.983  -14.142 -123.905   14.400 -159.852    1600653954523
01    21.531    5.796  -11.779  -87.980   56.091   66.121    1600653954538
02    20.685    6.070  -15.425 -125.806   22.630 -159.771    1600653954538
01    21.564    5.721  -11.723  -87.343   53.439   64.331    1600653954560
02    20.982    6.431  -15.857 -126.780   32.885 -159.327    1600653954560
01    21.601    5.653  -11.651  -86.752   51.518   62.482    1600653954576
02    21.268    6.907  -15.843 -127.021   48.446 -158.914    1600653954576
01    21.638    5.529  -11.606  -86.774   50.337   60.259    1600653954592
02    21.508    7.175  -15.655 -123.761   61.281 -156.121    1600653954592
01    21.635    5.431  -11.624  -87.284   49.973   58.030    1600653954607
02    21.752    7.239  -15.216 -114.918   68.026 -147.785    1600653954607
01    21.674    5.341  -11.561  -87.919   50.768   57.820    1600653954623
02    22.031    7.317  -14.469 -104.517   66.953 -138.244    1600653954623
01    21.619    5.322  -11.663  -90.343   52.967   57.611    1600653954638
02    22.283    7.774  -13.098  -96.940   60.944 -133.419    1600653954638
01    21.558    5.414  -11.785  -93.081   56.424   57.846    1600653954661
02    22.050    8.602  -11.871  -97.978   47.699 -140.013    1600653954661
01    21.524    5.496  -11.843  -94.479   57.992   58.728    1600653954676
02    21.679    7.967  -11.923 -109.409   31.207 -152.141    1600653954676
01    21.488    5.657  -11.857  -94.125   59.129   60.739    1600653954692
02    21.408    7.539  -12.081 -114.817   22.215 -156.705    1600653954692
01    21.451    5.819  -11.860  -93.451   59.871   62.361    1600653954708
02    21.242    7.321  -12.175 -117.630   17.478 -159.024    1600653954708
01    21.443    5.911  -11.809  -92.933   60.316   63.440    1600653954723
02    21.117    7.231  -12.229 -118.955   14.846 -160.449    1600653954723
01    21.418    5.996  -11.779  -93.192   60.436   63.097    1600653954739
02    21.023    7.179  -12.235 -119.552   13.246 -161.427    1600653954739
01    21.356    6.047  -11.790  -94.022   60.280   61.903    1600653954761
02    20.950    7.100  -12.246 -119.957   11.958 -162.045    1600653954761
01    21.324    6.048  -11.747  -94.700   59.930   60.966    1600653954777
02    20.859    7.031  -12.290 -120.054   10.733 -162.424    1600653954777
01    21.278    6.060  -11.755  -95.160   59.720   60.346    1600653954792
02    20.828    7.002  -12.264 -120.081   10.407 -162.167    1600653954792
01    21.271    6.030  -11.726  -95.478   59.590   60.321    1600653954808
02    20.814    6.941  -12.236 -120.514   10.212 -161.782    1600653954808
01    21.264    6.037  -11.672  -95.439   59.539   60.735    1600653954823
02    20.785    6.949  -12.234 -120.790   10.197 -161.573    1600653954823
01    21.233    6.044  -11.696  -95.715   59.480   60.808    1600653954839
02    20.771    6.957  -12.216 -121.039   10.253 -161.120    1600653954839
01    21.209    6.104  -11.694  -95.714   59.638   60.958    1600653954855
02    20.757    6.961  -12.226 -121.355   10.263 -160.937    1600653954855
01    21.201    6.106  -11.701  -95.989   59.710   60.901    1600653954877
02    20.768    6.947  -12.199 -121.643   10.433 -160.688    1600653954877
