01    14.272    7.422   -8.403  -98.817   26.158   29.694    1603256563481
02    12.400    9.697  -13.334 -154.583   37.404 -127.990    1603256563481
01    14.268    7.435   -8.416  -98.791   26.202   29.658    1603256563496
02    12.392    9.711  -13.340 -154.583   37.355 -128.039    1603256563496
01    14.279    7.433   -8.419  -98.786   26.252   29.671    1603256563512
02    12.422    9.698  -13.324 -154.612   37.452 -127.943    1603256563512
01    14.280    7.444   -8.414  -98.759   26.317   29.713    1603256563528
02    12.438    9.706  -13.313 -154.688   37.537 -127.987    1603256563528
01    14.271    7.470   -8.411  -98.621   26.384   29.752    1603256563550
02    12.428    9.722  -13.318 -154.729   37.566 -128.047    1603256563550
01    14.271    7.480   -8.406  -98.597   26.446   29.782    1603256563565
02    12.437    9.726  -13.312 -154.723   37.631 -128.025    1603256563565
01    14.281    7.484   -8.392  -98.489   26.473   29.888    1603256563581
02    12.434    9.737  -13.305 -154.764   37.625 -128.111    1603256563581
01    14.293    7.478   -8.383  -98.515   26.467   29.922    1603256563597
02    12.430    9.746  -13.301 -154.751   37.613 -128.138    1603256563597
01    14.302    7.474   -8.375  -98.486   26.504   29.939    1603256563612
02    12.431    9.751  -13.298 -154.741   37.616 -128.129    1603256563612
01    14.308    7.474   -8.367  -98.487   26.590   29.922    1603256563635
02    12.423    9.753  -13.306 -154.722   37.529 -128.139    1603256563635
01    14.318    7.454   -8.363  -98.610   26.597   29.944    1603256563650
02    12.422    9.756  -13.304 -154.736   37.520 -128.151    1603256563650
01    14.316    7.465   -8.360  -98.572   26.668   29.966    1603256563666
02    12.423    9.753  -13.302 -154.745   37.499 -128.147    1603256563666
01    14.316    7.472   -8.349  -98.516   26.711   30.085    1603256563681
02    12.431    9.754  -13.296 -154.781   37.505 -128.140    1603256563681
01    14.312    7.483   -8.347  -98.490   26.701   30.072    1603256563697
02    12.420    9.761  -13.301 -154.769   37.451 -128.159    1603256563697
01    14.305    7.481   -8.363  -98.590   26.643   29.940    1603256563713
02    12.422    9.757  -13.302 -154.787   37.433 -128.114    1603256563713
01    14.304    7.496   -8.360  -98.491   26.706   29.983    1603256563728
02    12.428    9.765  -13.294 -154.809   37.467 -128.158    1603256563728
01    14.303    7.491   -8.372  -98.505   26.635   29.969    1603256563750
02    12.435    9.778  -13.283 -154.842   37.495 -128.224    1603256563750
01    14.303    7.494   -8.380  -98.488   26.619   29.944    1603256563766
02    12.425    9.767  -13.303 -154.831   37.386 -128.208    1603256563766
01    14.307    7.495   -8.377  -98.470   26.648   30.008    1603256563782
02    12.426    9.770  -13.305 -154.805   37.375 -128.218    1603256563782
01    14.305    7.497   -8.383  -98.470   26.639   29.968    1603256563797
02    12.421    9.769  -13.315 -154.813   37.253 -128.237    1603256563797
01    14.306    7.494   -8.391  -98.511   26.579   29.951    1603256563813
02    12.410    9.767  -13.327 -154.721   37.101 -128.149    1603256563813
01    14.306    7.491   -8.390  -98.542   26.604   29.988    1603256563828
02    12.418    9.770  -13.323 -154.746   37.186 -128.082    1603256563828
01    14.312    7.489   -8.385  -98.549   26.605   30.061    1603256563851
02    12.429    9.775  -13.312 -154.755   37.362 -128.060    1603256563851
01    14.311    7.491   -8.392  -98.543   26.583   30.046    1603256563866
02    12.432    9.776  -13.316 -154.755   37.356 -128.022    1603256563866
01    14.312    7.493   -8.394  -98.515   26.575   30.052    1603256563882
02    12.431    9.779  -13.319 -154.789   37.348 -128.043    1603256563882
01    14.314    7.495   -8.394  -98.482   26.569   30.063    1603256563897
02    12.435    9.776  -13.322 -154.753   37.343 -127.976    1603256563897
01    14.312    7.503   -8.399  -98.443   26.587   30.023    1603256563913
02    12.440    9.769  -13.324 -154.780   37.316 -127.977    1603256563913
01    14.308    7.509   -8.408  -98.453   26.588   29.981    1603256563929
02    12.429    9.785  -13.321 -154.793   37.305 -128.112    1603256563929
01    14.314    7.513   -8.387  -98.457   26.617   30.036    1603256563951
02    12.428    9.789  -13.319 -154.849   37.295 -128.169    1603256563951
01    14.308    7.518   -8.384  -98.449   26.599   30.046    1603256563967
02    12.417    9.797  -13.320 -154.837   37.236 -128.208    1603256563967
01    14.299    7.515   -8.393  -98.488   26.558   30.034    1603256563982
02    12.418    9.797  -13.317 -154.835   37.243 -128.180    1603256563982
01    14.302    7.512   -8.391  -98.516   26.574   30.062    1603256563998
02    12.427    9.792  -13.312 -154.831   37.286 -128.093    1603256563998
01    14.309    7.507   -8.392  -98.519   26.572   30.108    1603256564013
02    12.430    9.782  -13.323 -154.837   37.251 -128.043    1603256564013
01    14.311    7.504   -8.399  -98.518   26.596   30.125    1603256564029
02    12.431    9.787  -13.325 -154.850   37.261 -128.072    1603256564029
01    14.321    7.497   -8.397  -98.588   26.633   30.291    1603256564051
02    12.436    9.793  -13.320 -154.818   37.290 -128.040    1603256564051
01    14.316    7.506   -8.402  -98.575   26.724   30.230    1603256564067
02    12.446    9.785  -13.324 -154.867   37.288 -128.024    1603256564067
01    14.323    7.498   -8.403  -98.639   26.693   30.312    1603256564082
02    12.448    9.787  -13.329 -154.890   37.269 -128.036    1603256564082
01    14.323    7.500   -8.406  -98.663   26.686   30.304    1603256564098
02    12.445    9.782  -13.341 -154.911   37.219 -128.027    1603256564098
01    14.320    7.507   -8.415  -98.624   26.678   30.224    1603256564114
02    12.444    9.786  -13.347 -154.909   37.212 -128.022    1603256564114
01    14.321    7.510   -8.417  -98.602   26.668   30.243    1603256564129
02    12.445    9.791  -13.348 -154.917   37.223 -128.027    1603256564129
01    14.328    7.511   -8.418  -98.552   26.659   30.320    1603256564151
02    12.454    9.784  -13.358 -154.862   37.218 -127.944    1603256564151
01    14.331    7.510   -8.424  -98.496   26.605   30.367    1603256564167
02    12.486    9.764  -13.358 -154.878   37.378 -127.711    1603256564167
01    14.338    7.511   -8.420  -98.475   26.610   30.452    1603256564183
02    12.497    9.777  -13.352 -154.821   37.452 -127.760    1603256564183
01    14.342    7.520   -8.417  -98.420   26.635   30.486    1603256564198
02    12.494    9.777  -13.361 -154.770   37.351 -127.718    1603256564198
01    14.352    7.514   -8.419  -98.442   26.614   30.535    1603256564214
02    12.503    9.767  -13.359 -154.738   37.368 -127.645    1603256564214
01    14.353    7.523   -8.415  -98.378   26.686   30.574    1603256564230
02    12.504    9.780  -13.348 -154.846   37.380 -127.809    1603256564230
01    14.357    7.515   -8.417  -98.423   26.668   30.603    1603256564252
02    12.508    9.788  -13.345 -154.861   37.423 -127.861    1603256564252
01    14.361    7.513   -8.419  -98.437   26.644   30.634    1603256564267
02    12.505    9.776  -13.359 -154.877   37.339 -127.811    1603256564267
01    14.368    7.506   -8.420  -98.431   26.628   30.717    1603256564283
02    12.491    9.774  -13.382 -154.845   37.228 -127.794    1603256564283
01    14.368    7.509   -8.427  -98.399   26.614   30.705    1603256564299
02    12.489    9.778  -13.388 -154.795   37.241 -127.790    1603256564299
01    14.360    7.513   -8.441  -98.359   26.606   30.620    1603256564314
02    12.507    9.781  -13.373 -154.792   37.398 -127.772    1603256564314
01    14.363    7.509   -8.442  -98.375   26.605   30.641    1603256564330
02    12.511    9.780  -13.376 -154.819   37.342 -127.775    1603256564330
01    14.362    7.517   -8.444  -98.349   26.631   30.630    1603256564352
02    12.519    9.779  -13.371 -154.820   37.385 -127.765    1603256564352
01    14.370    7.509   -8.440  -98.396   26.632   30.691    1603256564368
02    12.536    9.753  -13.374 -154.875   37.353 -127.690    1603256564368
01    14.370    7.510   -8.438  -98.408   26.662   30.703    1603256564383
02    12.534    9.753  -13.371 -154.888   37.343 -127.679    1603256564383
01    14.371    7.512   -8.437  -98.407   26.686   30.707    1603256564399
02    12.531    9.770  -13.359 -154.919   37.388 -127.768    1603256564399
01    14.375    7.506   -8.435  -98.425   26.671   30.736    1603256564414
02    12.529    9.765  -13.364 -154.870   37.357 -127.705    1603256564414
01    14.379    7.504   -8.431  -98.449   26.696   30.801    1603256564430
02    12.523    9.758  -13.376 -154.862   37.312 -127.699    1603256564430
01    14.381    7.504   -8.434  -98.473   26.710   30.823    1603256564452
02    12.521    9.760  -13.382 -154.820   37.289 -127.663    1603256564452
01    14.380    7.499   -8.443  -98.495   26.610   30.807    1603256564468
02    12.531    9.761  -13.377 -154.841   37.368 -127.648    1603256564468
01    14.389    7.490   -8.443  -98.530   26.632   30.895    1603256564484
02    12.532    9.749  -13.389 -154.822   37.325 -127.577    1603256564484
01    14.389    7.489   -8.450  -98.524   26.672   30.901    1603256564499
02    12.527    9.750  -13.401 -154.825   37.285 -127.581    1603256564499
01    14.392    7.483   -8.456  -98.479   26.679   30.936    1603256564515
02    12.529    9.757  -13.402 -154.817   37.337 -127.599    1603256564515
01    14.397    7.476   -8.465  -98.460   26.672   30.926    1603256564530
02    12.520    9.772  -13.404 -154.727   37.335 -127.621    1603256564530
01    14.403    7.474   -8.470  -98.421   26.696   30.941    1603256564553
02    12.515    9.769  -13.417 -154.753   37.299 -127.621    1603256564553
01    14.399    7.490   -8.463  -98.343   26.742   30.973    1603256564568
02    12.519    9.760  -13.424 -154.748   37.288 -127.600    1603256564568
01    14.390    7.498   -8.464  -98.286   26.767   30.960    1603256564584
02    12.520    9.741  -13.440 -154.734   37.250 -127.534    1603256564584
01    14.392    7.483   -8.471  -98.287   26.734   30.992    1603256564599
02    12.534    9.734  -13.439 -154.737   37.312 -127.485    1603256564599
01    14.383    7.473   -8.485  -98.314   26.703   30.953    1603256564615
02    12.525    9.737  -13.450 -154.746   37.297 -127.519    1603256564615
01    14.392    7.454   -8.481  -98.326   26.653   31.001    1603256564631
02    12.527    9.736  -13.450 -154.683   37.334 -127.487    1603256564631
01    14.386    7.449   -8.489  -98.309   26.612   30.972    1603256564653
02    12.534    9.725  -13.452 -154.683   37.376 -127.424    1603256564653
01    14.394    7.445   -8.477  -98.251   26.644   31.039    1603256564668
02    12.537    9.722  -13.447 -154.670   37.422 -127.423    1603256564668
01    14.386    7.445   -8.479  -98.259   26.665   31.026    1603256564684
02    12.546    9.713  -13.440 -154.706   37.473 -127.405    1603256564684
01    14.392    7.448   -8.468  -98.241   26.690   31.090    1603256564700
02    12.543    9.721  -13.434 -154.695   37.542 -127.427    1603256564700
01    14.399    7.438   -8.458  -98.253   26.748   31.170    1603256564715
02    12.551    9.715  -13.426 -154.730   37.685 -127.363    1603256564715
01    14.401    7.438   -8.451  -98.191   26.733   31.273    1603256564731
02    12.547    9.711  -13.433 -154.764   37.577 -127.405    1603256564731
01    14.396    7.439   -8.460  -98.191   26.749   31.223    1603256564753
02    12.542    9.710  -13.432 -154.784   37.553 -127.474    1603256564753
01    14.386    7.436   -8.478  -98.228   26.692   31.134    1603256564769
02    12.555    9.708  -13.422 -154.735   37.728 -127.398    1603256564769
01    14.384    7.428   -8.491  -98.238   26.629   31.136    1603256564784
02    12.560    9.701  -13.425 -154.707   37.740 -127.331    1603256564784
01    14.394    7.417   -8.490  -98.227   26.640   31.254    1603256564800
02    12.568    9.706  -13.425 -154.662   37.946 -127.336    1603256564800
01    14.391    7.424   -8.492  -98.079   26.667   31.353    1603256564816
02    12.569    9.688  -13.453 -154.560   37.882 -127.156    1603256564816
01    14.394    7.417   -8.498  -98.048   26.623   31.469    1603256564831
02    12.611    9.653  -13.469 -154.518   38.062 -126.919    1603256564831
01    14.398    7.414   -8.503  -97.922   26.654   31.625    1603256564853
02    12.611    9.666  -13.476 -154.492   38.151 -126.983    1603256564853
01    14.404    7.412   -8.510  -97.882   26.723   31.766    1603256564869
02    12.607    9.670  -13.484 -154.497   38.129 -127.057    1603256564869
01    14.403    7.413   -8.520  -97.956   26.672   31.873    1603256564885
02    12.607    9.670  -13.495 -154.443   38.142 -127.040    1603256564885
01    14.393    7.425   -8.523  -98.013   26.599   31.999    1603256564900
02    12.602    9.658  -13.522 -154.464   38.058 -127.033    1603256564900
01    14.388    7.422   -8.529  -98.147   26.495   32.127    1603256564916
02    12.616    9.661  -13.518 -154.485   38.129 -127.051    1603256564916
01    14.379    7.426   -8.548  -98.168   26.400   32.217    1603256564932
02    12.639    9.664  -13.523 -154.395   38.257 -127.017    1603256564932
01    14.391    7.437   -8.544  -97.989   26.498   32.510    1603256564954
02    12.638    9.673  -13.546 -154.264   38.302 -127.010    1603256564954
01    14.398    7.435   -8.552  -97.912   26.511   32.590    1603256564970
02    12.669    9.666  -13.542 -154.318   38.424 -127.120    1603256564970
01    14.415    7.431   -8.530  -98.130   26.690   33.285    1603256564985
02    12.678    9.686  -13.541 -154.242   38.481 -127.357    1603256564985
01    14.411    7.442   -8.515  -98.825   26.611   33.857    1603256565001
02    12.677    9.690  -13.544 -154.203   38.315 -127.662    1603256565001
01    14.388    7.463   -8.511  -99.708   26.450   34.405    1603256565017
02    12.680    9.694  -13.542 -153.799   38.088 -127.861    1603256565017
01    14.359    7.481   -8.519 -100.630   26.484   34.805    1603256565032
02    12.711    9.685  -13.525 -153.139   37.872 -127.745    1603256565032
01    14.319    7.500   -8.556 -101.475   26.632   35.207    1603256565054
02    12.754    9.667  -13.502 -152.739   37.523 -127.903    1603256565054
01    14.295    7.534   -8.557 -102.445   27.294   36.297    1603256565070
02    12.762    9.689  -13.480 -152.758   36.846 -128.838    1603256565070
01    14.214    7.616   -8.609 -103.779   28.084   36.924    1603256565085
02    12.830    9.767  -13.321 -152.804   36.343 -130.191    1603256565085
01    14.203    7.608   -8.631 -106.753   29.348   38.870    1603256565101
02    13.073    9.906  -12.770 -153.319   35.318 -132.742    1603256565101
01    14.096    7.645   -8.836 -111.950   31.220   40.359    1603256565116
02    13.294   10.003  -11.937 -152.723   30.711 -135.895    1603256565116
01    13.816    7.791   -9.356 -119.432   34.250   40.270    1603256565132
02    13.045    9.536  -11.855 -150.546   14.165 -135.673    1603256565132
01    13.373    8.205  -10.040 -129.002   38.352   36.943    1603256565154
02    12.189    8.799  -12.487 -145.758  -16.241 -133.231    1603256565154
01    13.339    8.636  -10.030 -133.817   43.045   35.475    1603256565170
02    12.620    8.734  -11.853 -147.976  -22.278 -132.621    1603256565170
01    13.442    8.901   -9.867 -135.323   46.406   34.731    1603256565185
02    12.801    9.012  -11.429 -148.736  -22.254 -132.529    1603256565185
01    13.528    8.985   -9.820 -135.308   47.354   34.381    1603256565201
02    12.917    9.107  -11.255 -149.567  -21.936 -131.621    1603256565201
01    13.587    9.018   -9.842 -135.084   47.671   33.699    1603256565217
02    12.998    9.149  -11.185 -150.023  -21.005 -130.839    1603256565217
01    13.645    9.003   -9.888 -134.845   47.863   33.337    1603256565232
02    13.024    9.191  -11.191 -150.109  -20.120 -130.660    1603256565232
01    13.722    8.963   -9.920 -134.408   48.181   33.762    1603256565254
02    13.068    9.218  -11.198 -150.467  -19.119 -130.055    1603256565254
01    13.803    8.926   -9.891 -133.960   48.772   34.515    1603256565270
02    13.134    9.176  -11.210 -151.094  -18.247 -128.945    1603256565270
01    13.820    8.933   -9.890 -133.634   48.981   34.803    1603256565286
02    13.137    9.160  -11.262 -151.216  -17.902 -127.836    1603256565286
01    13.839    8.925   -9.885 -133.177   49.123   35.127    1603256565301
02    13.121    9.195  -11.278 -150.668  -17.313 -126.693    1603256565301
01    13.854    8.949   -9.863 -131.882   49.190   35.347    1603256565317
02    13.101    9.271  -11.237 -149.219  -16.086 -126.136    1603256565317
01    13.889    8.960   -9.847 -128.219   49.033   36.186    1603256565333
02    13.053    9.363  -11.201 -145.715  -14.631 -126.391    1603256565333
01    13.880    8.984   -9.911 -123.179   48.383   37.080    1603256565354
02    13.089    9.269  -11.238 -143.285  -12.501 -124.494    1603256565354
01    13.938    9.059   -9.730 -110.160   46.062   39.733    1603256565370
02    13.079    9.121  -11.493 -141.581   -5.676 -121.731    1603256565370
01    13.982    8.929   -9.584  -99.007   37.137   38.641    1603256565386
02    12.852    8.585  -12.883 -142.826    3.817 -119.284    1603256565386
01    14.224    8.479   -9.216  -95.277   29.521   38.302    1603256565401
02    12.692    8.517  -14.457 -145.003   17.661 -119.166    1603256565401
01    14.415    8.064   -8.942  -94.721   25.651   36.607    1603256565417
02    13.135    9.043  -14.687 -146.863   35.662 -119.599    1603256565417
01    14.532    7.839   -8.791  -93.846   23.415   34.970    1603256565433
02    13.479    9.543  -14.449 -148.630   48.136 -121.486    1603256565433
01    14.657    7.723   -8.608  -92.781   21.920   34.181    1603256565448
02    13.617    9.754  -14.274 -149.340   53.390 -122.499    1603256565448
01    14.737    7.651   -8.439  -92.223   21.016   33.959    1603256565470
02    13.721    9.760  -14.118 -147.162   55.497 -120.114    1603256565470
01    14.741    7.647   -8.314  -92.237   20.674   33.912    1603256565486
02    13.770    9.783  -13.975 -145.917   56.114 -118.798    1603256565486
01    14.767    7.567   -8.235  -92.976   20.276   34.121    1603256565502
02    13.760    9.752  -13.928 -145.226   55.650 -118.032    1603256565502
01    14.741    7.517   -8.240  -93.896   20.045   34.114    1603256565517
02    13.727    9.723  -13.933 -145.509   55.012 -118.431    1603256565517
01    14.733    7.483   -8.214  -95.036   20.428   34.552    1603256565533
02    13.740    9.684  -13.915 -145.827   54.678 -118.860    1603256565533
01    14.694    7.514   -8.212  -96.065   21.121   34.874    1603256565548
02    13.713    9.661  -13.928 -145.477   54.032 -119.027    1603256565548
01    14.696    7.502   -8.160  -97.993   22.078   36.049    1603256565571
02    13.694    9.753  -13.814 -146.149   54.108 -121.103    1603256565571
01    14.708    7.397   -8.125 -102.645   23.954   38.170    1603256565586
02    13.808   10.063  -13.071 -146.947   54.020 -126.140    1603256565586
01    14.511    7.322   -8.491 -111.061   26.821   39.263    1603256565602
02    14.271   10.174  -11.040 -149.776   47.147 -131.462    1603256565602
01    14.008    7.470   -9.254 -125.453   31.873   37.265    1603256565617
02    12.775    8.843  -12.301 -150.260   13.214 -131.049    1603256565617
01    13.507    8.027   -9.832 -135.237   36.503   32.553    1603256565633
02    12.644    8.519  -11.979 -151.367  -15.906 -130.881    1603256565633
01    13.398    8.578   -9.822 -140.051   42.829   29.466    1603256565649
02    12.730    8.851  -11.455 -154.019  -23.230 -131.624    1603256565649
01    13.415    8.836   -9.752 -141.681   45.365   28.864    1603256565671
02    12.759    9.120  -11.165 -155.472  -25.075 -131.530    1603256565671
01    13.424    8.994   -9.726 -141.361   45.925   28.491    1603256565687
02    12.756    9.322  -10.993 -155.366  -24.964 -131.186    1603256565687
01    13.428    9.056   -9.757 -140.955   45.808   28.030    1603256565702
02    12.750    9.428  -10.926 -154.955  -24.393 -130.704    1603256565702
01    13.470    9.068   -9.772 -140.349   46.202   28.252    1603256565718
02    12.802    9.414  -10.934 -155.092  -23.734 -129.979    1603256565718
01    13.505    9.064   -9.790 -139.896   46.433   28.850    1603256565733
02    12.834    9.387  -10.958 -155.373  -23.330 -129.373    1603256565733
01    13.546    9.056   -9.763 -139.400   46.777   29.723    1603256565749
02    12.858    9.374  -10.961 -155.433  -22.863 -128.555    1603256565749
01    13.580    9.065   -9.734 -138.076   46.994   30.359    1603256565771
02    12.820    9.468  -10.932 -153.687  -22.207 -128.485    1603256565771
01    13.608    9.077   -9.703 -133.807   47.080   31.415    1603256565787
02    12.756    9.605  -10.858 -148.525  -20.806 -128.397    1603256565787
01    13.665    9.103   -9.603 -127.375   46.750   32.999    1603256565802
02    12.819    9.557  -10.784 -143.647  -17.510 -126.167    1603256565802
01    13.633    9.171   -9.463 -115.156   42.376   33.974    1603256565818
02    12.852    9.297  -11.091 -142.796  -10.372 -123.880    1603256565818
01    13.713    8.916   -9.375 -103.136   30.930   32.633    1603256565834
02    12.642    8.942  -12.069 -143.630   -2.080 -121.681    1603256565834
01    14.054    8.399   -9.093  -96.549   23.360   31.551    1603256565849
02    12.600    8.556  -13.599 -143.731   12.097 -117.735    1603256565849
01    14.473    7.915   -8.696  -92.639   19.855   30.647    1603256565856
02    12.952    8.690  -14.195 -142.916   29.339 -115.093    1603256565856
01    14.732    7.675   -8.343  -90.426   17.390   30.145    1603256565887
02    13.213    9.010  -14.249 -143.573   42.759 -115.451    1603256565887
01    14.890    7.528   -8.066  -89.801   15.801   30.173    1603256565903
02    13.468    9.187  -14.136 -143.378   51.116 -114.651    1603256565903
01    14.965    7.445   -7.940  -89.514   15.021   30.371    1603256565918
02    13.606    9.307  -14.051 -143.205   55.112 -114.576    1603256565918
01    15.022    7.335   -7.928  -89.205   14.429   30.410    1603256565934
02    13.739    9.374  -13.966 -143.049   58.113 -114.696    1603256565934
01    15.071    7.303   -7.920  -87.952   13.962   30.324    1603256565950
02    13.811    9.439  -13.906 -142.540   59.753 -114.966    1603256565950
01    15.165    7.242   -7.871  -87.110   13.785   30.626    1603256565956
02    13.884    9.433  -13.836 -142.091   60.507 -114.538    1603256565956
01    15.175    7.305   -7.766  -86.900   14.562   31.567    1603256565988
02    13.878    9.481  -13.807 -143.101   60.411 -116.085    1603256565988
01    15.157    7.341   -7.628  -88.399   16.001   33.366    1603256566003
02    13.872    9.514  -13.764 -143.731   60.139 -117.151    1603256566003
01    15.097    7.313   -7.476  -92.883   18.468   35.981    1603256566019
02    13.884    9.589  -13.632 -143.720   59.640 -118.072    1603256566019
01    14.925    7.232   -7.497 -100.435   21.341   38.153    1603256566034
02    13.832    9.749  -13.336 -144.128   57.093 -120.868    1603256566034
01    14.584    7.186   -7.881 -110.216   23.951   39.148    1603256566050
02    13.962   10.146  -11.803 -148.459   53.124 -127.413    1603256566050
01    14.055    7.310   -8.653 -122.331   27.808   37.286    1603256566057
02    13.706    9.253  -11.579 -155.854   32.419 -130.966    1603256566057
01    13.621    8.071   -9.052 -133.837   36.685   31.332    1603256566088
02    13.317    8.912  -11.035 -152.352    0.503 -126.904    1603256566088
01    13.306    8.578   -9.467 -141.351   41.362   28.130    1603256566104
02    13.043    8.898  -10.991 -154.403  -15.991 -129.142    1603256566104
01    13.187    8.941   -9.598 -145.145   44.312   26.112    1603256566119
02    12.824    9.119  -10.955 -155.355  -20.996 -131.069    1603256566119
01    13.165    9.159   -9.618 -145.935   45.483   25.576    1603256566135
02    12.675    9.332  -10.924 -155.452  -22.133 -131.575    1603256566135
01    13.165    9.251   -9.620 -145.964   45.496   25.144    1603256566150
02    12.604    9.426  -10.915 -155.714  -22.692 -131.743    1603256566150
01    13.145    9.275   -9.708 -145.728   44.944   24.901    1603256566157
02    12.550    9.528  -10.899 -155.095  -22.381 -132.289    1603256566157
01    13.147    9.320   -9.731 -145.464   45.204   24.894    1603256566173
02    12.529    9.589  -10.899 -154.792  -21.683 -132.211    1603256566173
01    13.213    9.351   -9.660 -145.161   46.089   25.325    1603256566204
02    12.525    9.635  -10.904 -154.744  -21.070 -132.210    1603256566204
01    13.256    9.345   -9.615 -144.747   46.269   26.076    1603256566219
02    12.531    9.644  -10.913 -154.979  -20.824 -132.217    1603256566219
01    13.276    9.356   -9.563 -144.192   46.185   26.734    1603256566235
02    12.530    9.670  -10.900 -154.615  -20.491 -132.330    1603256566235
01    13.266    9.423   -9.520 -142.596   46.105   26.806    1603256566251
02    12.464    9.839  -10.813 -152.055  -19.492 -133.431    1603256566251
01    13.319    9.421   -9.443 -138.695   46.178   27.981    1603256566257
02    12.371    9.998  -10.719 -147.497  -18.299 -133.607    1603256566257
01    13.356    9.573   -9.195 -130.480   46.148   29.686    1603256566273
02    12.586    9.836  -10.602 -144.526  -13.289 -130.336    1603256566273
01    13.245    9.576   -9.090 -114.311   37.849   30.952    1603256566304
02    12.450    9.506  -11.408 -146.013   -5.820 -128.742    1603256566304
01    13.427    9.122   -8.968 -104.606   26.399   29.694    1603256566320
02    12.034    9.484  -12.597 -148.810    3.654 -128.213    1603256566320
01    13.719    8.696   -8.780  -99.589   21.783   27.991    1603256566335
02    12.127    9.482  -13.587 -148.902   19.599 -125.182    1603256566335
01    14.089    8.305   -8.441  -96.701   19.988   27.471    1603256566351
02    12.508    9.544  -13.923 -146.235   34.583 -119.557    1603256566351
01    14.298    8.080   -8.177  -95.276   18.072   27.050    1603256566358
02    12.866    9.641  -13.889 -145.017   44.679 -116.434    1603256566358
01    14.421    7.967   -7.948  -94.379   16.927   27.250    1603256566373
02    13.062    9.730  -13.831 -143.895   49.876 -115.152    1603256566373
01    14.491    7.882   -7.823  -93.979   16.227   27.145    1603256566404
02    13.188    9.797  -13.735 -143.515   52.644 -115.123    1603256566404
01    14.527    7.845   -7.677  -94.335   16.156   27.648    1603256566420
02    13.272    9.812  -13.666 -143.913   53.912 -115.475    1603256566420
01    14.511    7.815   -7.605  -95.328   16.018   28.086    1603256566436
02    13.312    9.820  -13.644 -144.557   54.589 -116.225    1603256566436
01    14.487    7.787   -7.586  -96.141   16.065   28.564    1603256566451
02    13.328    9.877  -13.607 -144.835   55.654 -117.383    1603256566451
01    14.445    7.810   -7.560  -96.804   16.559   29.113    1603256566458
02    13.351    9.904  -13.588 -144.693   56.055 -117.753    1603256566458
01    14.436    7.821   -7.511  -98.186   17.214   30.030    1603256566473
02    13.353    9.973  -13.511 -145.018   56.377 -119.541    1603256566473
01    14.475    7.756   -7.375 -101.859   18.720   32.052    1603256566489
02    13.406   10.171  -13.070 -144.858   56.427 -123.720    1603256566489
01    14.453    7.581   -7.368 -109.360   21.247   35.069    1603256566520
02    13.813   10.580  -11.036 -146.881   51.970 -129.656    1603256566520
01    14.033    7.572   -8.009 -122.120   25.212   35.932    1603256566536
02    13.182    8.963  -11.678 -154.512   22.000 -130.934    1603256566536
01    13.526    8.300   -8.419 -134.748   33.791   31.289    1603256566552
02    13.018    8.758  -10.755 -153.703   -6.423 -126.739    1603256566552
01    13.191    8.774   -8.760 -142.022   38.251   28.904    1603256566558
02    12.767    9.064  -10.482 -155.835  -20.474 -128.151    1603256566558
01    13.016    9.133   -8.916 -144.363   40.057   27.813    1603256566574
02    12.561    9.359  -10.404 -156.849  -25.694 -128.337    1603256566574
01    12.964    9.331   -9.003 -144.890   40.460   26.935    1603256566589
02    12.441    9.562  -10.370 -156.943  -27.378 -128.207    1603256566589
01    12.928    9.409   -9.146 -144.801   39.898   25.849    1603256566621
02    12.413    9.691  -10.329 -156.452  -27.279 -128.187    1603256566621
01    12.944    9.452   -9.283 -144.342   40.335   25.038    1603256566630
02    12.426    9.772  -10.330 -155.920  -26.439 -127.939    1603256566630
01    13.032    9.458   -9.327 -143.998   41.566   25.083    1603256566645
02    12.479    9.765  -10.388 -156.254  -25.854 -127.335    1603256566645
01    13.121    9.463   -9.325 -143.633   42.554   25.610    1603256566658
02    12.510    9.760  -10.468 -156.724  -25.599 -126.631    1603256566658
01    13.186    9.454   -9.323 -143.164   43.099   26.451    1603256566674
02    12.578    9.742  -10.494 -157.283  -24.799 -125.887    1603256566674
01    13.221    9.459   -9.339 -142.564   43.294   26.894    1603256566690
02    12.595    9.799  -10.492 -156.571  -23.817 -125.636    1603256566690
01    13.251    9.484   -9.369 -139.977   43.642   26.688    1603256566721
02    12.520    9.999  -10.431 -151.571  -21.648 -125.406    1603256566721
01    13.330    9.473   -9.325 -135.950   44.223   27.375    1603256566736
02    12.563   10.023  -10.373 -146.216  -15.860 -124.891    1603256566736
01    13.316    9.619   -9.061 -126.576   42.413   28.245    1603256566752
02    12.542    9.756  -10.880 -145.394   -7.592 -123.475    1603256566752
01    13.329    9.431   -8.968 -113.221   32.307   28.377    1603256566759
02    12.291    9.307  -12.390 -146.485    2.891 -121.866    1603256566759
01    13.533    9.052   -8.831 -105.565   23.705   27.099    1603256566774
02    12.430    9.232  -13.654 -146.354   19.336 -119.224    1603256566774
01    13.863    8.676   -8.540 -100.934   19.882   26.248    1603256566790
02    12.808    9.483  -13.947 -145.194   35.262 -117.102    1603256566790
01    14.174    8.389   -8.127  -99.728   17.850   26.453    1603256566821
02    13.043    9.717  -13.938 -145.431   44.976 -117.126    1603256566821
01    14.292    8.233   -7.861 -100.115   16.517   26.768    1603256566837
02    13.202    9.826  -13.889 -144.815   50.067 -116.269    1603256566837
01    14.255    8.186   -7.813  -99.970   15.555   26.170    1603256566852
02    13.324    9.897  -13.829 -144.878   53.341 -116.092    1603256566852
01    14.278    8.119   -7.810  -98.634   14.500   25.167    1603256566859
02    13.361   10.009  -13.753 -145.773   55.589 -117.828    1603256566859
01    14.363    8.042   -7.740  -97.150   13.656   24.750    1603256566875
02    13.399   10.063  -13.641 -146.404   56.826 -118.641    1603256566875
01    14.476    8.021   -7.522  -96.872   13.912   25.831    1603256566890
02    13.368   10.079  -13.600 -146.887   56.381 -119.293    1603256566890
01    14.518    7.987   -7.302  -98.471   14.588   27.397    1603256566906
02    13.358   10.112  -13.488 -147.528   56.254 -120.268    1603256566906
01    14.469    7.938   -7.153 -102.423   15.797   29.035    1603256566937
02    13.314   10.151  -13.356 -147.955   54.609 -121.343    1603256566937
01    14.390    7.804   -7.054 -109.498   17.424   31.436    1603256566953
02    13.290   10.275  -13.011 -149.674   52.226 -124.661    1603256566953
01    14.113    7.745   -7.277 -118.487   19.088   33.320    1603256566959
02    13.631   10.429  -11.669 -154.819   47.394 -131.411    1603256566959
01    13.546    7.941   -8.002 -128.464   21.486   32.515    1603256566975
02    13.238    9.309  -11.934 -162.433   21.517 -134.875    1603256566975
01    12.894    8.467   -8.798 -140.087   26.152   28.189    1603256566990
02    12.118    9.240  -11.999 -152.397  -17.597 -132.996    1603256566990
01    12.675    8.955   -9.017 -145.540   31.119   24.028    1603256567006
02    12.281    9.204  -11.292 -152.720  -28.232 -134.189    1603256567006
01    12.632    9.306   -9.057 -148.098   34.501   22.234    1603256567037
02    12.299    9.433  -10.870 -152.546  -30.254 -133.154    1603256567037
01    12.667    9.500   -9.067 -148.606   36.743   21.764    1603256567053
02    12.312    9.614  -10.636 -152.887  -30.036 -132.534    1603256567053
01    12.722    9.589   -9.090 -148.473   37.884   21.278    1603256567059
02    12.323    9.746  -10.515 -152.727  -29.562 -132.944    1603256567059
01    12.786    9.619   -9.114 -148.111   38.651   20.820    1603256567075
02    12.345    9.828  -10.444 -152.296  -28.699 -133.150    1603256567075
01    12.843    9.637   -9.148 -147.445   39.246   20.694    1603256567091
02    12.380    9.871  -10.417 -152.001  -27.687 -133.153    1603256567091
01    12.884    9.656   -9.186 -146.276   39.739   20.493    1603256567106
02    12.406    9.946  -10.369 -150.772  -25.891 -133.581    1603256567106
01    12.919    9.690   -9.225 -143.141   40.384   20.368    1603256567138
02    12.381   10.070  -10.315 -147.287  -22.781 -133.556    1603256567138
01    13.053    9.739   -9.119 -137.077   42.669   21.429    1603256567153
02    12.359   10.096  -10.308 -143.703  -19.080 -130.801    1603256567153
01    13.000    9.848   -9.014 -125.821   40.249   22.356    1603256567160
02    12.374    9.890  -10.621 -144.533  -10.999 -127.584    1603256567160
01    13.106    9.567   -8.979 -112.464   31.032   22.963    1603256567175
02    12.180    9.685  -11.460 -146.705   -2.814 -125.242    1603256567175
01    13.412    9.141   -8.849 -103.627   23.626   22.323    1603256567191
02    11.925    9.651  -12.972 -149.486   10.815 -124.054    1603256567191
01    13.882    8.669   -8.559  -97.660   20.261   21.840    1603256567207
02    12.178    9.910  -13.638 -151.337   28.948 -123.127    1603256567207
01    14.251    8.317   -8.259  -94.782   18.104   21.427    1603256567238
02    12.439   10.133  -13.778 -152.881   41.193 -122.626    1603256567238
01    14.484    8.115   -8.043  -93.269   16.623   20.900    1603256567253
02    12.614   10.288  -13.795 -153.974   48.283 -122.761    1603256567253
01    14.634    8.038   -7.854  -92.095   16.008   20.843    1603256567260
02    12.729   10.390  -13.725 -154.454   52.471 -123.153    1603256567260
01    14.682    7.997   -7.738  -91.889   15.563   20.905    1603256567276
02    12.828   10.446  -13.662 -154.310   54.664 -122.905    1603256567276
01    14.673    8.007   -7.673  -91.784   15.239   20.943    1603256567291
02    12.909   10.453  -13.609 -153.769   55.797 -122.119    1603256567291
01    14.697    7.941   -7.633  -92.124   14.796   21.231    1603256567307
02    12.956   10.460  -13.564 -153.777   56.445 -122.384    1603256567307
01    14.749    7.883   -7.611  -92.068   14.629   21.797    1603256567323
02    13.016   10.459  -13.526 -153.465   57.012 -122.705    1603256567323
01    14.821    7.858   -7.538  -92.146   14.935   23.170    1603256567354
02    13.078   10.467  -13.474 -153.181   57.365 -123.696    1603256567354
01    14.879    7.822   -7.455  -93.066   15.629   25.406    1603256567360
02    13.185   10.495  -13.333 -152.540   56.958 -125.619    1603256567360
01    14.971    7.709   -7.314  -96.024   17.393   29.384    1603256567376
02    13.483   10.739  -12.559 -153.768   55.706 -132.111    1603256567376
01    14.914    7.571   -7.426 -102.044   20.823   33.428    1603256567392
02    13.858   10.690  -11.254 -153.999   44.088 -136.102    1603256567392
01    14.568    7.515   -7.975 -113.630   25.990   35.754    1603256567407
02    12.926    9.778  -11.900 -153.936   13.259 -136.110    1603256567407
01    13.647    7.943   -9.034 -130.858   30.125   32.106    1603256567423
02    12.183    9.082  -12.168 -149.977  -23.442 -133.305    1603256567423
01    13.090    8.686   -9.452 -140.613   34.375   24.052    1603256567454
02    12.443    9.069  -11.434 -152.590  -33.824 -135.625    1603256567454
01    12.969    9.195   -9.442 -146.220   39.083   18.600    1603256567461
02    12.537    9.425  -10.911 -153.488  -35.388 -135.811    1603256567461
01    12.957    9.474   -9.423 -149.231   41.763   16.103    1603256567476
02    12.566    9.686  -10.685 -155.173  -35.165 -134.408    1603256567476
01    12.990    9.602   -9.427 -150.325   43.115   15.597    1603256567492
02    12.560    9.877  -10.581 -156.011  -34.755 -133.300    1603256567492
01    13.009    9.688   -9.444 -151.392   43.904   14.734    1603256567508
02    12.570    9.954  -10.577 -157.415  -34.924 -132.089    1603256567508
01    13.022    9.769   -9.460 -152.486   44.595   13.247    1603256567523
02    12.572   10.068  -10.541 -157.711  -34.580 -131.571    1603256567523
01    13.063    9.829   -9.434 -152.965   45.594   12.106    1603256567555
02    12.594   10.168  -10.473 -157.632  -33.450 -130.815    1603256567555
01    13.093    9.908   -9.421 -150.910   46.513   11.983    1603256567561
02    12.581   10.399  -10.297 -154.621  -29.771 -130.081    1603256567561
01    13.155    9.825   -9.507 -145.397   46.857   15.225    1603256567577
02    12.532   10.731   -9.981 -147.840  -22.988 -131.363    1603256567577
01    13.303    9.953   -9.172 -138.584   49.455   17.025    1603256567592
02    12.641   10.348  -10.313 -145.002  -15.073 -129.261    1603256567592
01    13.234   10.015   -8.987 -123.629   44.206   21.207    1603256567608
02    12.411    9.952  -11.377 -146.099   -5.996 -127.314    1603256567608
01    13.342    9.652   -8.928 -112.793   34.535   23.087    1603256567624
02    12.169    9.756  -12.541 -148.254    6.703 -124.521    1603256567624
01    13.593    9.272   -8.764 -105.127   27.136   23.555    1603256567639
02    12.281    9.766  -13.429 -149.145   23.432 -121.710    1603256567639
01    13.935    8.895   -8.431 -101.168   22.855   24.014    1603256567661
02    12.570    9.981  -13.708 -150.716   38.972 -121.687    1603256567661
01    14.197    8.584   -8.068 -100.886   20.216   23.952    1603256567677
02    12.765   10.147  -13.818 -152.246   47.301 -122.566    1603256567677
01    14.306    8.425   -7.757 -102.245   18.937   24.228    1603256567693
02    12.918   10.325  -13.768 -153.686   52.793 -124.276    1603256567693
01    14.291    8.364   -7.561 -104.738   18.523   24.540    1603256567708
02    12.988   10.467  -13.695 -154.791   54.939 -125.987    1603256567708
01    14.247    8.279   -7.383 -109.080   18.710   25.392    1603256567724
02    13.018   10.572  -13.574 -155.659   55.203 -127.240    1603256567724
01    14.099    8.238   -7.337 -114.647   18.955   26.148    1603256567740
02    13.029   10.742  -13.273 -157.127   54.775 -130.459    1603256567740
01    13.869    8.279   -7.444 -121.021   19.620   26.814    1603256567762
02    13.118   10.890  -12.633 -159.403   51.203 -135.873    1603256567762
01    13.515    8.445   -7.780 -127.288   20.716   26.808    1603256567777
02    13.332   10.690  -11.851 -163.777   38.777 -141.309    1603256567777
01    13.111    8.700   -8.320 -133.630   23.024   25.584    1603256567793
02    12.522   10.151  -12.197 -159.671   -2.152 -137.497    1603256567793
01    12.850    9.149   -8.584 -139.412   27.235   22.972    1603256567809
02    12.362    9.983  -11.728 -153.042  -21.064 -136.528    1603256567809
01    12.697    9.485   -8.794 -144.673   31.500   21.274    1603256567824
02    12.347   10.026  -11.261 -152.164  -26.185 -138.071    1603256567824
01    12.629    9.773   -8.944 -147.126   35.078   20.301    1603256567840
02    12.339   10.151  -10.874 -151.967  -27.126 -138.852    1603256567840
01    12.672    9.959   -9.040 -147.950   37.973   19.768    1603256567862
02    12.340   10.266  -10.654 -151.957  -27.075 -139.204    1603256567862
01    12.747   10.025   -9.143 -148.079   39.699   19.740    1603256567878
02    12.361   10.345  -10.539 -151.897  -26.474 -139.285    1603256567878
01    12.820   10.058   -9.246 -147.462   40.989   20.212    1603256567893
02    12.422   10.391  -10.488 -151.949  -25.350 -138.969    1603256567893
01    12.897   10.056   -9.367 -146.924   42.142   20.593    1603256567909
02    12.479   10.396  -10.532 -152.169  -24.315 -138.338    1603256567909
01    12.990   10.055   -9.436 -146.436   43.559   20.908    1603256567925
02    12.535   10.397  -10.594 -152.206  -23.347 -137.780    1603256567925
01    13.078   10.061   -9.464 -145.771   44.748   20.968    1603256567940
02    12.573   10.415  -10.635 -151.810  -22.333 -137.334    1603256567940
01    13.157   10.091   -9.456 -143.685   45.696   20.701    1603256567963
02    12.576   10.472  -10.638 -150.061  -21.106 -137.252    1603256567963
01    13.243   10.048   -9.467 -139.339   46.057   21.028    1603256567978
02    12.536   10.506  -10.643 -146.598  -19.950 -136.222    1603256567978
01    13.351   10.080   -9.336 -131.258   47.128   22.588    1603256567994
02    12.608   10.427  -10.584 -142.960  -15.697 -131.616    1603256567994
01    13.346   10.086   -9.226 -117.064   42.597   24.226    1603256568009
02    12.591   10.235  -10.896 -143.451   -7.823 -127.740    1603256568009
01    13.453    9.821   -9.147 -105.544   32.727   24.309    1603256568025
02    12.347    9.989  -11.927 -145.778    1.649 -125.328    1603256568025
01    13.811    9.301   -8.909  -98.311   25.719   23.256    1603256568041
02    12.093    9.980  -13.404 -147.695   15.214 -124.484    1603256568041
01    14.276    8.838   -8.513  -93.799   21.973   22.496    1603256568063
02    12.405   10.197  -13.840 -148.355   32.520 -123.204    1603256568063
01    14.551    8.630   -8.117  -92.103   19.985   22.142    1603256568079
02    12.689   10.406  -13.834 -149.400   43.909 -123.319    1603256568079
01    14.627    8.535   -7.897  -92.231   18.753   21.765    1603256568094
02    12.873   10.542  -13.764 -150.343   50.082 -123.713    1603256568094
01    14.651    8.429   -7.843  -92.656   17.849   21.295    1603256568110
02    12.992   10.646  -13.700 -150.697   53.695 -124.486    1603256568110
01    14.667    8.412   -7.814  -92.249   17.350   20.731    1603256568135
02    13.054   10.731  -13.651 -151.379   55.735 -126.003    1603256568135
01    14.730    8.378   -7.787  -91.190   16.913   19.947    1603256568150
02    13.097   10.811  -13.537 -152.047   57.151 -127.368    1603256568150
01    14.808    8.389   -7.667  -90.374   16.969   20.055    1603256568163
02    13.091   10.875  -13.426 -152.638   57.178 -128.622    1603256568163
01    14.825    8.412   -7.532  -91.114   17.422   20.842    1603256568179
02    13.051   10.942  -13.291 -153.325   56.269 -130.791    1603256568179
01    14.855    8.373   -7.269  -94.656   18.865   23.161    1603256568195
02    13.129   11.085  -12.765 -153.103   55.508 -134.338    1603256568195
01    14.920    8.012   -7.123 -103.548   21.570   27.484    1603256568210
02    13.631   11.182  -11.014 -153.024   49.325 -138.170    1603256568210
01    14.517    7.795   -7.824 -116.609   25.283   29.802    1603256568226
02    12.704    9.711  -11.987 -155.112   10.700 -136.619    1603256568226
01    13.691    8.658   -8.567 -132.495   32.706   24.077    1603256568241
02    12.798    9.339  -11.201 -153.143  -15.692 -134.640    1603256568241
01    13.106    9.339   -9.165 -145.571   37.580   16.479    1603256568264
02    12.693    9.588  -10.842 -153.844  -31.345 -139.459    1603256568264
01    12.944    9.789   -9.318 -152.806   41.892   10.313    1603256568279
02    12.605    9.984  -10.540 -153.528  -37.701 -142.968    1603256568279
01    12.943   10.030   -9.366 -155.594   44.232    6.295    1603256568295
02    12.548   10.319  -10.325 -152.578  -39.097 -144.456    1603256568295
01    12.970   10.173   -9.403 -155.158   45.317    4.657    1603256568310
02    12.551   10.550  -10.143 -151.667  -37.402 -144.482    1603256568310
01    13.028   10.255   -9.425 -152.101   46.368    5.634    1603256568326
02    12.552   10.727  -10.023 -150.464  -33.787 -142.027    1603256568326
01    13.110   10.306   -9.437 -146.728   47.440    8.724    1603256568342
02    12.482   10.964   -9.930 -146.379  -27.761 -137.682    1603256568342
01    13.228   10.250   -9.433 -140.405   47.932   13.264    1603256568364
02    12.456   11.056   -9.886 -140.764  -18.271 -135.399    1603256568364
01    13.148   10.489   -9.147 -128.768   46.842   16.423    1603256568380
02    12.448   10.694  -10.469 -142.703   -8.566 -129.844    1603256568380
01    13.140   10.266   -9.100 -115.708   38.492   19.165    1603256568395
02    12.141   10.435  -11.593 -145.702    0.922 -127.259    1603256568395
01    13.412    9.784   -9.014 -107.945   31.502   19.763    1603256568411
02    12.052   10.441  -12.772 -148.187   13.630 -125.640    1603256568411
01    13.719    9.446   -8.817 -101.066   26.817   20.100    1603256568426
02    12.250   10.684  -13.374 -150.653   28.583 -125.377    1603256568426
01    14.011    9.194   -8.485  -97.392   23.825   20.678    1603256568442
02    12.444   10.879  -13.575 -153.727   40.223 -126.496    1603256568442
01    14.240    8.962   -8.086  -97.451   22.054   21.025    1603256568464
02    12.585   11.015  -13.629 -155.562   47.645 -127.215    1603256568464
01    14.321    8.781   -7.773  -99.809   20.959   21.284    1603256568480
02    12.680   11.102  -13.594 -156.409   51.565 -127.682    1603256568480
01    14.261    8.700   -7.595 -103.040   20.318   21.358    1603256568495
02    12.713   11.150  -13.552 -156.899   53.106 -127.878    1603256568495
01    14.103    8.695   -7.583 -105.931   19.570   20.837    1603256568511
02    12.755   11.151  -13.498 -156.433   53.755 -127.050    1603256568511
01    13.937    8.740   -7.632 -107.458   18.536   20.091    1603256568527
02    12.759   11.153  -13.457 -156.450   53.618 -127.250    1603256568527
01    13.866    8.762   -7.631 -108.334   17.929   19.756    1603256568542
02    12.755   11.165  -13.401 -156.853   53.486 -128.133    1603256568542
01    13.894    8.722   -7.549 -109.867   17.763   20.322    1603256568564
02    12.756   11.230  -13.223 -157.856   53.162 -130.966    1603256568564
01    13.975    8.598   -7.442 -113.218   18.207   21.802    1603256568580
02    12.931   11.421  -12.445 -160.186   52.552 -138.516    1603256568580
01    13.937    8.499   -7.526 -119.474   19.834   23.348    1603256568596
02    13.223   10.903  -11.569 -162.269   39.365 -141.263    1603256568596
01    13.655    8.520   -7.964 -132.536   23.777   24.112    1603256568611
02    12.025   10.165  -12.109 -154.412   -3.637 -136.483    1603256568611
01    13.242    8.880   -8.375 -141.564   27.302   20.399    1603256568627
02    11.978    9.985  -11.513 -151.160  -25.507 -139.802    1603256568627
01    12.988    9.343   -8.509 -147.162   31.973   17.635    1603256568643
02    11.995   10.146  -10.944 -150.843  -32.591 -140.821    1603256568643
01    12.799    9.725   -8.593 -149.317   33.511   16.150    1603256568665
02    11.999   10.290  -10.559 -151.041  -35.625 -140.627    1603256568665
01    12.691    9.965   -8.663 -149.747   34.076   15.139    1603256568680
02    12.009   10.415  -10.264 -150.709  -36.363 -140.704    1603256568680
01    12.642   10.089   -8.749 -149.695   34.614   14.474    1603256568696
02    12.072   10.483  -10.047 -151.091  -35.546 -139.743    1603256568696
01    12.646   10.116   -8.869 -149.628   35.387   14.297    1603256568712
02    12.125   10.497   -9.979 -151.937  -34.647 -138.210    1603256568712
01    12.668   10.156   -8.940 -149.399   36.575   13.982    1603256568727
02    12.167   10.523   -9.958 -152.524  -33.378 -136.822    1603256568727
01    12.694   10.290   -8.941 -147.289   38.161   12.793    1603256568743
02    12.174   10.647   -9.875 -150.137  -31.215 -136.802    1603256568743
01    12.779   10.235   -9.062 -142.500   39.215   12.633    1603256568765
02    12.150   10.863   -9.650 -144.016  -27.162 -136.971    1603256568765
01    12.911   10.302   -8.954 -135.314   41.317   12.964    1603256568780
02    12.337   10.630   -9.637 -141.054  -20.889 -132.341    1603256568780
01    12.915   10.248   -8.955 -122.980   38.188   13.943    1603256568796
02    12.306   10.288  -10.278 -142.607  -12.072 -129.375    1603256568796
01    13.203    9.789   -8.893 -109.673   29.756   15.904    1603256568812
02    12.013   10.074  -11.409 -145.694   -3.354 -127.664    1603256568812
01    13.659    9.263   -8.733 -101.193   23.417   16.691    1603256568827
02    11.791   10.115  -12.575 -149.104   10.224 -127.399    1603256568827
01    14.213    8.806   -8.393  -95.678   20.559   17.425    1603256568843
02    11.994   10.318  -13.214 -151.452   27.222 -126.847    1603256568843
01    14.568    8.561   -8.041  -93.680   19.323   18.327    1603256568865
02    12.232   10.495  -13.466 -153.121   38.671 -126.444    1603256568865
01    14.679    8.509   -7.757  -94.080   18.917   19.334    1603256568880
02    12.442   10.619  -13.557 -153.583   45.696 -125.894    1603256568880
01    14.620    8.515   -7.630  -95.853   18.470   19.350    1603256568896
02    12.578   10.771  -13.510 -154.032   49.878 -126.358    1603256568896
01    14.506    8.521   -7.625  -97.875   17.757   18.555    1603256568912
02    12.653   10.855  -13.436 -154.948   51.023 -127.145    1603256568912
01    14.428    8.499   -7.631  -99.440   17.302   18.136    1603256568927
02    12.670   10.875  -13.435 -154.826   50.709 -127.023    1603256568927
01    14.384    8.501   -7.617 -100.517   17.385   18.284    1603256568943
02    12.667   10.932  -13.412 -155.089   51.199 -128.076    1603256568943
01    14.407    8.473   -7.524 -102.484   18.076   19.634    1603256568965
02    12.700   11.053  -13.217 -155.683   51.859 -131.685    1603256568965
01    14.485    8.332   -7.402 -107.200   19.742   22.385    1603256568980
02    12.948   11.270  -12.384 -154.638   51.787 -137.179    1603256568980
01    14.377    8.198   -7.605 -115.228   22.228   25.081    1603256568996
02    13.151   10.878  -11.815 -155.004   36.322 -137.240    1603256568996
01    13.848    8.318   -8.354 -131.043   26.812   25.591    1603256569012
02    12.386   10.201  -12.193 -150.094   -9.269 -132.570    1603256569012
01    13.160    8.892   -9.096 -141.319   30.937   19.873    1603256569027
02    12.388    9.982  -11.790 -152.863  -25.216 -136.522    1603256569027
01    12.962    9.512   -9.176 -148.177   38.521   14.191    1603256569043
02    12.354   10.178  -11.361 -153.306  -29.868 -139.556    1603256569043
01    12.918    9.911   -9.157 -150.274   42.203   11.764    1603256569065
02    12.342   10.382  -11.013 -153.147  -31.046 -141.135    1603256569065
01    12.877   10.204   -9.168 -149.224   43.344   10.721    1603256569081
02    12.305   10.600  -10.712 -151.841  -30.887 -142.091    1603256569081
01    12.837   10.453   -9.176 -145.875   43.993    9.719    1603256569096
02    12.218   10.886  -10.394 -148.067  -29.075 -142.698    1603256569096
01    12.890   10.452   -9.235 -140.558   44.121   10.968    1603256569112
02    12.191   11.114   -9.987 -143.019  -24.068 -140.529    1603256569112
01    12.890   10.627   -9.046 -131.350   44.684   12.057    1603256569128
02    12.312   10.909   -9.980 -142.204  -16.808 -136.214    1603256569128
01    12.817   10.545   -9.013 -118.031   38.972   13.564    1603256569143
02    11.999   10.688  -10.880 -144.555   -8.730 -133.657    1603256569143
01    13.137   10.049   -8.881 -108.464   31.776   15.050    1603256569165
02    11.580   10.711  -11.983 -147.602    0.316 -132.524    1603256569165
01    13.538    9.599   -8.693 -101.766   27.171   15.448    1603256569181
02    11.494   10.901  -12.715 -150.877   13.120 -132.242    1603256569181
01    13.863    9.365   -8.415  -96.384   24.404   15.939    1603256569197
02    11.637   11.104  -13.020 -153.504   28.357 -132.080    1603256569197
01    14.083    9.192   -8.154  -94.083   21.987   15.738    1603256569212
02    11.802   11.247  -13.136 -155.964   39.393 -132.160    1603256569212
01    14.234    9.020   -7.935  -93.264   19.967   15.071    1603256569228
02    11.947   11.315  -13.179 -157.203   46.112 -131.615    1603256569228
01    14.402    8.854   -7.726  -92.440   18.619   14.777    1603256569244
02    12.076   11.355  -13.165 -157.596   50.166 -131.193    1603256569244
01    14.573    8.694   -7.555  -91.873   17.800   15.012    1603256569266
02    12.202   11.339  -13.131 -157.844   52.148 -130.636    1603256569266
01    14.646    8.628   -7.440  -91.872   17.565   16.016    1603256569281
02    12.309   11.311  -13.135 -157.317   53.071 -129.600    1603256569281
01    14.688    8.575   -7.322  -92.882   18.016   18.179    1603256569297
02    12.420   11.294  -13.163 -157.324   54.030 -128.989    1603256569297
01    14.675    8.534   -7.212  -95.421   19.373   20.827    1603256569313
02    12.570   11.309  -13.165 -158.222   55.487 -129.264    1603256569313
01    14.605    8.462   -7.207 -100.478   21.324   23.328    1603256569328
02    12.682   11.465  -12.960 -160.836   55.714 -135.088    1603256569328
01    14.466    8.347   -7.425 -108.755   23.662   25.625    1603256569344
02    13.122   11.693  -11.826 -163.601   52.113 -142.734    1603256569344
01    13.986    8.478   -8.124 -120.547   26.465   25.691    1603256569366
02    13.124   10.878  -11.821 -165.892   27.490 -141.233    1603256569366
01    13.293    9.161   -8.838 -134.666   31.400   20.885    1603256569381
02    12.278   10.719  -11.860 -150.856  -10.524 -136.263    1603256569381
01    12.921    9.722   -9.144 -145.689   36.596   15.898    1603256569397
02    12.318   10.637  -11.365 -152.584  -21.835 -139.427    1603256569397
01    12.824   10.148   -9.113 -151.586   40.674   13.043    1603256569413
02    12.270   10.749  -11.037 -153.419  -26.684 -140.049    1603256569413
01    12.779   10.417   -9.068 -153.018   41.680   11.944    1603256569428
02    12.223   10.840  -10.813 -154.240  -29.227 -139.086    1603256569428
01    12.750   10.527   -9.065 -152.354   40.976   11.605    1603256569444
02    12.154   10.901  -10.677 -154.109  -31.085 -138.016    1603256569444
01    12.720   10.570   -9.085 -151.643   40.149   10.900    1603256569466
02    12.130   10.943  -10.488 -153.979  -31.301 -136.905    1603256569466
01    12.715   10.561   -9.121 -150.576   40.166   10.548    1603256569482
02    12.129   10.981  -10.315 -153.449  -30.615 -135.713    1603256569482
01    12.726   10.563   -9.138 -149.207   40.749   10.328    1603256569497
02    12.123   10.975  -10.234 -152.660  -29.822 -134.503    1603256569497
01    12.747   10.612   -9.128 -146.176   42.070    9.684    1603256569513
02    12.052   11.146  -10.055 -148.898  -27.517 -134.985    1603256569513
01    12.883   10.482   -9.166 -141.103   43.756   11.488    1603256569529
02    12.056   11.169   -9.887 -144.076  -23.349 -133.664    1603256569529
01    12.919   10.605   -8.963 -132.145   44.751   12.625    1603256569544
02    12.306   10.813   -9.958 -142.749  -16.129 -130.511    1603256569544
01    12.916   10.455   -8.951 -118.818   38.814   14.449    1603256569566
02    12.057   10.455  -11.038 -144.600   -8.356 -128.569    1603256569566
01    13.260    9.946   -8.825 -106.775   29.618   16.494    1603256569582
02    11.679   10.462  -12.251 -147.791    2.857 -127.911    1603256569582
01    13.770    9.394   -8.585  -98.868   24.528   16.789    1603256569598
02    11.696   10.635  -13.039 -151.155   19.233 -127.190    1603256569598
01    14.226    9.019   -8.241  -94.507   22.119   17.061    1603256569613
02    11.995   10.806  -13.271 -153.419   35.044 -125.849    1603256569613
01    14.489    8.802   -7.902  -93.353   20.566   17.489    1603256569629
02    12.188   10.939  -13.398 -155.066   43.516 -125.409    1603256569629
01    14.570    8.703   -7.683  -93.956   19.664   17.591    1603256569644
02    12.338   11.029  -13.455 -156.364   48.648 -125.904    1603256569644
01    14.538    8.652   -7.577  -95.606   18.902   17.263    1603256569667
02    12.465   11.098  -13.424 -157.349   52.105 -126.760    1603256569667
01    14.446    8.645   -7.536  -97.209   18.277   16.818    1603256569682
02    12.527   11.150  -13.379 -157.646   53.333 -127.329    1603256569682
01    14.387    8.636   -7.425  -99.446   18.123   17.316    1603256569698
02    12.551   11.197  -13.311 -157.923   53.227 -128.083    1603256569698
01    14.396    8.544   -7.213 -103.714   18.662   19.363    1603256569713
02    12.609   11.351  -12.917 -159.643   53.127 -133.763    1603256569713
01    14.385    8.317   -7.127 -111.409   20.075   22.373    1603256569729
02    13.011   11.395  -11.752 -161.882   48.187 -140.375    1603256569729
01    14.047    8.256   -7.591 -121.582   22.265   24.184    1603256569745
02    12.562   10.491  -12.075 -162.653   11.560 -136.117    1603256569745
01    13.327    8.867   -8.271 -133.757   26.045   21.349    1603256569767
02    12.030   10.292  -11.836 -149.795  -25.177 -133.607    1603256569767
01    12.857    9.371   -8.666 -143.130   29.741   17.174    1603256569783
02    12.050   10.267  -11.288 -151.405  -34.682 -137.463    1603256569783
01    12.680    9.802   -8.744 -147.762   33.631   13.227    1603256569798
02    12.053   10.395  -10.845 -151.121  -37.515 -139.608    1603256569798
01    12.635   10.030   -8.810 -149.391   35.808   11.095    1603256569814
02    12.072   10.550  -10.455 -150.731  -37.858 -140.555    1603256569814
01    12.608   10.164   -8.949 -149.463   36.806    9.931    1603256569829
02    12.097   10.690  -10.178 -150.308  -36.808 -140.325    1603256569829
01    12.617   10.270   -9.107 -149.082   38.143    9.008    1603256569845
02    12.185   10.740  -10.048 -150.806  -34.866 -138.942    1603256569845
01    12.667   10.318   -9.275 -148.931   39.850    8.501    1603256569867
02    12.238   10.815  -10.029 -151.032  -32.480 -137.547    1603256569867
01    12.736   10.439   -9.365 -148.020   42.002    7.846    1603256569883
02    12.247   10.931  -10.060 -149.899  -29.752 -136.667    1603256569883
01    12.866   10.523   -9.355 -144.994   44.380    7.834    1603256569898
02    12.185   11.117  -10.067 -145.774  -26.214 -136.601    1603256569898
01    13.009   10.618   -9.256 -139.209   46.783    8.654    1603256569914
02    12.183   11.100  -10.122 -141.810  -21.047 -135.359    1603256569914
01    12.951   10.708   -9.169 -127.242   44.747   10.776    1603256569930
02    12.224   10.770  -10.594 -142.646  -12.857 -131.496    1603256569930
01    13.155   10.316   -9.082 -113.303   36.927   14.190    1603256569945
02    11.973   10.593  -11.532 -145.850   -1.448 -128.905    1603256569945
01    13.553    9.807   -8.845 -104.505   29.481   16.506    1603256569967
02    11.800   10.657  -12.844 -149.545   15.136 -128.185    1603256569967
01    13.894    9.464   -8.534  -99.630   26.001   17.254    1603256569983
02    11.988   10.923  -13.433 -151.779   31.946 -128.515    1603256569983
01    14.139    9.222   -8.115  -98.847   23.897   17.761    1603256569999
02    12.255   11.086  -13.471 -153.234   42.915 -128.357    1603256569999
01    14.260    8.995   -7.716 -101.470   22.280   18.368    1603256570014
02    12.413   11.119  -13.420 -152.560   47.596 -126.934    1603256570014
01    14.176    8.899   -7.541 -105.080   20.828   18.087    1603256570030
02    12.497   11.117  -13.285 -151.568   49.091 -125.976    1603256570030
01    14.076    8.832   -7.390 -109.059   19.690   18.105    1603256570046
02    12.519   11.029  -13.191 -151.168   48.276 -124.942    1603256570046
01    13.960    8.780   -7.267 -113.656   18.671   18.524    1603256570068
02    12.487   10.986  -13.123 -150.981   47.531 -124.674    1603256570068
01    13.752    8.852   -7.264 -117.145   18.039   18.381    1603256570083
02    12.473   10.954  -13.046 -151.335   47.004 -125.057    1603256570083
01    13.618    8.889   -7.278 -119.948   17.945   18.739    1603256570099
02    12.482   11.040  -12.813 -151.934   46.629 -127.768    1603256570099
01    13.551    8.856   -7.351 -123.650   18.792   19.747    1603256570115
02    12.765   11.227  -11.976 -153.365   45.964 -133.358    1603256570115
01    13.355    8.879   -7.734 -128.873   20.987   19.878    1603256570130
02    12.693   10.672  -11.942 -155.691   25.045 -136.465    1603256570130
01    12.981    9.222   -8.276 -135.699   25.876   17.030    1603256570146
02    12.017   10.450  -11.945 -146.040  -12.388 -136.181    1603256570146
01    12.673    9.611   -8.733 -143.986   30.563   13.990    1603256570168
02    12.125   10.393  -11.356 -147.539  -22.322 -138.340    1603256570168
01    12.567   10.069   -8.856 -148.940   35.449   11.040    1603256570184
02    12.131   10.513  -10.936 -148.106  -26.379 -138.471    1603256570184
01    12.540   10.342   -9.019 -150.818   38.168    9.386    1603256570199
02    12.153   10.645  -10.642 -148.511  -27.423 -138.085    1603256570199
01    12.583   10.484   -9.165 -151.556   40.153    8.388    1603256570215
02    12.187   10.738  -10.492 -148.745  -27.418 -137.969    1603256570215
01    12.663   10.549   -9.244 -151.698   41.820    7.855    1603256570231
02    12.226   10.806  -10.436 -148.764  -26.836 -138.176    1603256570231
01    12.757   10.580   -9.270 -151.033   43.152    7.813    1603256570246
02    12.270   10.833  -10.423 -148.562  -25.915 -138.668    1603256570246
01    12.840   10.670   -9.198 -148.146   44.410    7.545    1603256570268
02    12.297   10.884  -10.383 -146.676  -24.603 -140.233    1603256570268
01    12.837   10.665   -9.328 -140.907   44.513    8.188    1603256570284
02    12.266   10.795  -10.468 -144.123  -24.841 -139.967    1603256570284
01    12.945   10.640   -9.232 -130.712   45.076   11.274    1603256570300
02    12.377   10.725  -10.269 -141.289  -21.380 -135.956    1603256570300
01    13.017   10.416   -9.254 -117.770   40.124   13.334    1603256570315
02    12.364   10.584  -10.447 -142.329  -13.699 -133.155    1603256570315
01    13.362    9.901   -9.148 -104.625   31.038   15.035    1603256570331
02    12.131   10.442  -11.143 -144.438   -6.260 -130.969    1603256570331
01    13.915    9.310   -8.849  -96.174   24.727   15.472    1603256570346
02    11.815   10.382  -12.297 -147.492    4.955 -129.082    1603256570346
01    14.424    8.917   -8.428  -91.302   22.278   15.464    1603256570369
02    11.787   10.517  -13.253 -150.621   20.834 -127.881    1603256570369
01    14.650    8.753   -8.115  -89.646   21.016   14.782    1603256570384
02    12.008   10.695  -13.519 -152.926   34.717 -127.220    1603256570384
01    14.739    8.650   -7.903  -89.995   20.030   14.160    1603256570400
02    12.214   10.863  -13.531 -154.624   43.695 -127.253    1603256570400
01    14.741    8.579   -7.801  -90.711   19.340   13.568    1603256570415
02    12.338   10.978  -13.497 -155.952   48.169 -127.742    1603256570415
01    14.712    8.574   -7.728  -91.184   19.012   13.268    1603256570431
02    12.384   11.096  -13.434 -156.872   50.469 -128.925    1603256570431
01    14.673    8.590   -7.672  -91.882   18.800   13.235    1603256570447
02    12.426   11.125  -13.414 -157.500   51.353 -129.187    1603256570447
01    14.614    8.615   -7.614  -93.260   18.880   13.232    1603256570469
02    12.471   11.174  -13.347 -158.268   52.110 -130.227    1603256570469
01    14.552    8.653   -7.498  -95.623   19.235   13.612    1603256570485
02    12.447   11.275  -13.237 -159.376   51.873 -132.673    1603256570485
01    14.537    8.597   -7.329 -100.202   19.929   14.775    1603256570500
02    12.482   11.468  -12.766 -160.224   51.635 -138.064    1603256570500
01    14.562    8.302   -7.234 -108.800   21.302   17.510    1603256570516
02    12.983   11.529  -11.272 -159.957   46.959 -142.629    1603256570516
01    14.173    8.168   -7.776 -126.162   24.345   19.913    1603256570531
02    12.293   10.208  -11.992 -160.084    7.170 -136.954    1603256570531
01    13.550    8.939   -8.142 -142.077   32.541   12.194    1603256570547
02    12.364    9.916  -11.181 -156.627  -17.479 -135.736    1603256570547
01    13.023    9.549   -8.560 -151.889   36.123    5.776    1603256570569
02    12.232   10.131  -10.756 -156.131  -30.061 -139.942    1603256570569
01    12.749   10.060   -8.731 -155.751   39.006    2.308    1603256570585
02    12.130   10.433  -10.418 -155.613  -35.452 -142.152    1603256570585
01    12.625   10.403   -8.804 -154.973   39.971    1.505    1603256570600
02    12.058   10.699  -10.156 -154.247  -36.295 -142.691    1603256570600
01    12.576   10.553   -8.976 -152.839   40.233    1.874    1603256570616
02    12.056   10.885   -9.968 -152.865  -34.607 -142.369    1603256570616
01    12.595   10.631   -9.137 -150.305   41.259    2.257    1603256570632
02    12.058   11.044   -9.866 -150.712  -31.619 -141.613    1603256570632
01    12.664   10.690   -9.240 -146.393   42.888    3.059    1603256570647
02    12.054   11.198   -9.811 -147.048  -27.906 -140.660    1603256570647
01    12.873   10.595   -9.259 -140.537   44.530    5.646    1603256570669
02    12.050   11.275   -9.807 -141.251  -23.173 -137.944    1603256570669
01    12.832   10.799   -9.118 -130.486   44.988    7.187    1603256570685
02    12.210   11.038   -9.972 -140.726  -15.290 -132.246    1603256570685
01    12.896   10.543   -9.149 -116.927   38.855    9.596    1603256570701
02    12.051   10.746  -10.796 -143.099   -6.605 -128.985    1603256570701
01    13.371    9.917   -9.039 -106.899   31.513   11.601    1603256570716
02    11.812   10.660  -11.908 -146.264    3.750 -127.927    1603256570716
01    13.869    9.443   -8.885  -98.922   27.438   12.178    1603256570732
02    11.848   10.892  -12.882 -149.995   19.276 -128.845    1603256570732
01    14.234    9.240   -8.626  -93.397   25.925   12.892    1603256570748
02    12.038   11.176  -13.307 -153.561   33.400 -130.435    1603256570748
01    14.465    9.091   -8.348  -91.824   24.208   12.795    1603256570770
02    12.209   11.366  -13.433 -156.350   43.085 -131.227    1603256570770
01    14.585    8.982   -8.094  -91.989   22.785   12.787    1603256570785
02    12.358   11.444  -13.437 -157.420   48.628 -130.660    1603256570785
01    14.627    8.887   -7.926  -92.794   21.603   12.738    1603256570801
02    12.463   11.449  -13.425 -157.476   51.130 -129.587    1603256570801
01    14.616    8.835   -7.821  -93.450   20.738   12.684    1603256570817
02    12.553   11.414  -13.396 -156.974   52.464 -128.381    1603256570817
01    14.602    8.810   -7.737  -94.160   20.054   12.603    1603256570832
02    12.584   11.436  -13.315 -157.001   52.833 -128.744    1603256570832
01    14.585    8.822   -7.619  -95.445   19.876   12.878    1603256570848
02    12.604   11.546  -13.047 -157.895   52.559 -131.829    1603256570848
01    14.622    8.750   -7.375  -98.782   20.280   14.489    1603256570870
02    12.804   11.690  -12.280 -158.688   50.468 -137.224    1603256570870
01    14.636    8.519   -7.251 -105.353   21.232   16.907    1603256570886
02    12.908   11.398  -11.772 -157.954   34.915 -138.514    1603256570886
01    14.405    8.393   -7.524 -115.795   23.343   18.928    1603256570901
02    12.264   10.886  -11.988 -153.364   -2.461 -138.108    1603256570901
01    13.758    8.674   -8.194 -131.639   25.767   18.389    1603256570917
02    11.986   10.594  -11.770 -145.353  -28.731 -139.669    1603256570917
01    13.217    9.299   -8.508 -138.793   28.873   12.497    1603256570933
02    12.086   10.442  -11.232 -144.111  -39.661 -143.949    1603256570933
01    12.949    9.743   -8.590 -142.176   31.068    8.267    1603256570948
02    12.153   10.516  -10.616 -142.308  -43.140 -146.193    1603256570948
01    12.818    9.980   -8.691 -143.865   32.257    5.471    1603256570970
02    12.200   10.641  -10.145 -141.902  -43.573 -146.131    1603256570970
01    12.749   10.131   -8.824 -144.759   33.497    3.178    1603256570986
02    12.241   10.726   -9.879 -142.145  -43.267 -145.518    1603256570986
01    12.777   10.183   -8.933 -145.889   34.927    1.560    1603256571002
02    12.328   10.737   -9.760 -143.563  -42.759 -144.369    1603256571002
01    12.813   10.218   -9.030 -147.168   36.456    0.267    1603256571017
02    12.395   10.733   -9.753 -145.610  -42.426 -142.507    1603256571017
01    12.840   10.276   -9.124 -148.525   38.215   -0.981    1603256571033
02    12.429   10.770   -9.772 -147.389  -41.692 -140.386    1603256571033
01    12.842   10.423   -9.174 -148.589   40.081   -2.359    1603256571048
02    12.417   10.911   -9.729 -147.075  -39.747 -138.598    1603256571048
01    12.911   10.490   -9.217 -145.924   42.191   -2.308    1603256571071
02    12.327   11.128   -9.637 -142.866  -35.947 -136.831    1603256571071
01    13.061   10.385   -9.261 -141.968   43.607    0.240    1603256571086
02    12.393   11.339   -9.224 -137.504  -26.838 -136.891    1603256571086
01    13.097   10.472   -9.077 -134.427   43.993    2.046    1603256571102
02    12.473   10.815   -9.906 -139.941  -17.004 -132.946    1603256571102
01    13.110   10.314   -9.018 -123.055   39.475    5.631    1603256571118
02    12.086   10.546  -11.156 -144.067   -6.000 -130.311    1603256571118
01    13.372    9.897   -8.879 -111.647   32.052    9.965    1603256571133
02    11.817   10.504  -12.249 -147.894    8.118 -127.987    1603256571133
01    13.694    9.516   -8.674 -104.012   26.878   12.010    1603256571149
02    11.880   10.535  -13.120 -149.786   23.087 -124.908    1603256571149
01    14.044    9.170   -8.324 -101.037   24.298   13.399    1603256571171
02    12.121   10.712  -13.430 -152.096   35.608 -124.390    1603256571171
01    14.198    8.973   -8.064 -101.265   22.958   13.717    1603256571187
02    12.266   10.875  -13.564 -154.147   42.468 -125.360    1603256571187
01    14.239    8.866   -7.822 -103.715   22.497   14.461    1603256571202
02    12.374   11.018  -13.569 -155.311   46.814 -126.330    1603256571202
01    14.241    8.736   -7.633 -108.725   22.482   15.271    1603256571218
02    12.437   11.198  -13.392 -156.021   48.867 -128.605    1603256571218
01    14.116    8.658   -7.613 -115.566   22.448   15.903    1603256571233
02    12.517   11.405  -12.882 -157.098   47.941 -133.179    1603256571233
01    13.852    8.679   -7.823 -123.462   22.775   16.545    1603256571249
02    12.885   11.370  -11.887 -160.772   41.264 -139.193    1603256571249
01    13.402    8.877   -8.399 -132.148   24.441   15.765    1603256571271
02    12.336   10.665  -12.184 -159.784    5.289 -136.156    1603256571271
01    13.105    9.594   -8.480 -140.307   29.666   11.741    1603256571287
02    12.293   10.442  -11.584 -153.292  -16.463 -134.107    1603256571287
01    12.874   10.021   -8.683 -146.590   32.814    8.728    1603256571302
02    12.240   10.518  -11.136 -151.649  -24.339 -137.526    1603256571302
01    12.732   10.317   -8.800 -150.159   34.530    6.369    1603256571318
02    12.177   10.629  -10.849 -151.020  -27.385 -138.549    1603256571318
01    12.677   10.481   -8.882 -151.623   35.239    4.644    1603256571334
02    12.127   10.735  -10.639 -150.207  -28.361 -138.877    1603256571334
01    12.669   10.568   -8.926 -151.994   35.528    3.343    1603256571349
02    12.082   10.851  -10.441 -149.019  -28.164 -139.493    1603256571349
01    12.655   10.632   -9.009 -151.531   35.913    2.368    1603256571365
02    12.075   10.942  -10.285 -147.809  -26.782 -139.747    1603256571365
01    12.670   10.648   -9.110 -150.439   36.706    1.839    1603256571387
02    12.092   10.995  -10.210 -146.418  -24.812 -140.030    1603256571387
01    12.713   10.687   -9.166 -148.213   38.129    1.625    1603256571403
02    12.083   11.039  -10.221 -144.035  -22.853 -140.618    1603256571403
01    12.705   10.733   -9.315 -143.508   39.552    2.003    1603256571418
02    12.104   11.007  -10.257 -141.188  -20.375 -138.489    1603256571418
01    12.780   10.809   -9.182 -134.041   40.709    3.740    1603256571434
02    12.182   10.876  -10.347 -140.187  -14.480 -134.033    1603256571434
01    12.954   10.460   -9.185 -118.857   35.727    6.832    1603256571450
02    12.043   10.587  -11.132 -142.175   -6.812 -129.665    1603256571450
01    13.435    9.887   -9.010 -107.011   29.413   10.137    1603256571465
02    11.828   10.476  -12.390 -145.600    6.572 -126.676    1603256571465
01    13.930    9.417   -8.782 -100.182   27.045   11.478    1603256571488
02    11.895   10.744  -13.321 -149.398   23.025 -127.710    1603256571488
01    14.321    9.139   -8.463  -97.492   26.559   12.626    1603256571503
02    12.145   11.027  -13.608 -153.102   36.834 -129.854    1603256571503
01    14.462    9.016   -8.170  -98.178   26.004   13.503    1603256571519
02    12.359   11.167  -13.736 -154.495   44.858 -129.293    1603256571519
01    14.426    8.947   -8.017 -100.813   24.874   13.743    1603256571534
02    12.543   11.236  -13.756 -154.845   49.817 -128.261    1603256571534
01    14.313    8.938   -7.953 -103.441   23.621   13.401    1603256571550
02    12.646   11.348  -13.676 -155.009   52.779 -128.554    1603256571550
01    14.217    8.925   -7.920 -105.684   22.507   12.895    1603256571566
02    12.708   11.379  -13.596 -154.835   53.385 -128.140    1603256571566
01    14.128    8.945   -7.878 -107.479   21.873   12.354    1603256571588
02    12.697   11.422  -13.499 -154.649   52.635 -128.603    1603256571588
01    14.042    8.943   -7.894 -109.002   21.414   11.549    1603256571603
02    12.661   11.460  -13.344 -155.139   51.228 -129.878    1603256571603
01    14.047    8.897   -7.837 -110.824   21.548   11.878    1603256571619
02    12.671   11.603  -12.907 -156.540   49.663 -134.466    1603256571619
01    14.096    8.759   -7.780 -114.943   22.253   13.874    1603256571635
02    13.132   11.558  -11.690 -160.776   43.912 -141.465    1603256571635
01    13.979    8.664   -8.018 -123.064   24.255   15.664    1603256571651
02    12.216   10.609  -12.395 -158.858    3.698 -141.255    1603256571651
01    13.639    9.008   -8.323 -135.089   29.692   12.123    1603256571666
02    11.988   10.391  -11.883 -147.719  -26.400 -142.670    1603256571666
01    13.180    9.507   -8.666 -145.788   32.912    7.015    1603256571673
02    12.109   10.405  -11.272 -146.164  -39.496 -147.523    1603256571673
01    12.831   10.052   -8.837 -151.071   35.734    2.510    1603256571704
02    12.102   10.564  -10.857 -145.906  -46.694 -149.572    1603256571704
01    12.675   10.395   -8.903 -152.733   37.426   -0.359    1603256571719
02    12.138   10.749  -10.440 -146.491  -48.466 -149.925    1603256571719
01    12.645   10.532   -8.942 -152.313   38.184   -1.866    1603256571735
02    12.169   10.937  -10.055 -146.618  -47.729 -148.644    1603256571735
01    12.676   10.531   -9.010 -150.523   38.610   -1.504    1603256571751
02    12.240   11.027   -9.770 -147.272  -45.686 -145.479    1603256571751
01    12.727   10.521   -9.049 -147.882   39.225   -0.133    1603256571767
02    12.308   11.137   -9.501 -146.823  -41.467 -140.856    1603256571767
01    12.819   10.490   -9.039 -143.184   40.375    2.832    1603256571773
02    12.192   11.356   -9.330 -141.964  -35.637 -136.994    1603256571773
01    12.853   10.582   -8.931 -137.104   41.472    5.237    1603256571805
02    12.234   11.344   -9.216 -138.063  -24.337 -134.590    1603256571805
01    12.685   10.686   -8.908 -125.350   38.234    6.541    1603256571820
02    12.184   10.809  -10.127 -140.858  -12.987 -130.143    1603256571820
01    12.942   10.215   -8.874 -113.335   30.466    8.601    1603256571836
02    11.848   10.491  -11.508 -144.006   -2.942 -127.889    1603256571836
01    13.451    9.662   -8.663 -104.120   24.029   10.709    1603256571851
02    11.725   10.510  -12.549 -147.243    9.754 -127.454    1603256571851
01    13.929    9.276   -8.434  -98.047   21.743   11.402    1603256571867
02    11.881   10.679  -13.043 -149.676   24.589 -127.985    1603256571867
01    14.318    9.025   -8.104  -95.794   21.029   12.741    1603256571873
02    12.090   10.813  -13.272 -151.590   35.411 -128.070    1603256571873
01    14.508    8.883   -7.763  -96.924   20.870   14.704    1603256571889
02    12.274   10.902  -13.395 -152.711   42.211 -127.632    1603256571889
01    14.514    8.773   -7.588 -100.475   20.818   16.269    1603256571920
02    12.442   10.970  -13.468 -152.526   46.115 -126.550    1603256571920
01    14.418    8.722   -7.507 -105.311   21.243   17.505    1603256571936
02    12.586   11.040  -13.461 -152.749   48.376 -126.083    1603256571936
01    14.254    8.741   -7.522 -110.532   21.800   17.940    1603256571952
02    12.606   11.174  -13.418 -153.530   48.692 -127.455    1603256571952
01    14.054    8.806   -7.578 -116.203   22.255   17.897    1603256571967
02    12.629   11.337  -13.216 -155.424   48.293 -130.832    1603256571967
01    13.819    8.913   -7.705 -121.823   22.556   17.224    1603256571973
02    12.726   11.507  -12.738 -158.225   45.627 -136.279    1603256571973
01    13.575    9.038   -7.903 -127.463   23.151   16.367    1603256571989
02    12.857   11.452  -12.199 -161.318   34.675 -141.797    1603256572005
01    13.275    9.249   -8.201 -133.619   24.796   14.131    1603256572020
02    12.419   11.142  -12.271 -159.618    6.995 -143.862    1603256572020
01    12.859    9.613   -8.609 -141.397   27.365    9.668    1603256572036
02    11.900   10.943  -12.218 -148.939  -20.721 -144.774    1603256572036
01    12.492   10.085   -8.874 -145.835   29.123    5.235    1603256572052
02    11.925   10.825  -11.715 -145.990  -29.159 -147.780    1603256572052
01    12.366   10.431   -8.907 -149.013   31.871    2.745    1603256572067
02    11.912   10.849  -11.138 -145.765  -32.425 -148.009    1603256572067
01    12.344   10.626   -8.904 -151.022   33.993    1.557    1603256572074
02    11.894   10.952  -10.646 -146.845  -33.361 -147.086    1603256572074
01    12.344   10.753   -8.913 -151.839   35.448    1.060    1603256572090
02    11.851   11.088  -10.328 -147.567  -33.332 -145.658    1603256572090
01    12.367   10.799   -8.963 -152.003   36.524    1.058    1603256572121
02    11.893   11.165  -10.122 -148.416  -32.450 -144.419    1603256572121
01    12.417   10.804   -9.039 -152.422   37.700    1.121    1603256572137
02    11.953   11.225  -10.026 -149.157  -31.030 -143.465    1603256572137
01    12.483   10.871   -9.038 -152.360   39.482    0.510    1603256572152
02    11.971   11.326   -9.994 -148.835  -29.287 -143.270    1603256572152
01    12.557   10.961   -8.995 -149.462   41.271    0.043    1603256572168
02    11.971   11.461   -9.914 -146.053  -26.826 -143.467    1603256572168
01    12.625   10.915   -9.115 -143.685   42.561    1.391    1603256572175
02    12.022   11.362   -9.922 -143.516  -23.624 -139.908    1603256572175
01    12.758   10.896   -8.964 -135.087   43.418    3.697    1603256572191
02    12.182   11.152   -9.978 -142.929  -17.381 -136.127    1603256572191
01    12.889   10.654   -8.920 -123.020   39.325    7.269    1603256572206
02    12.061   10.919  -10.672 -144.374   -8.941 -132.771    1603256572206
01    13.163   10.222   -8.851 -111.204   31.881   10.330    1603256572237
02    11.831   10.742  -11.677 -146.742    2.246 -129.792    1603256572237
01    13.670    9.623   -8.645 -103.408   26.205   11.695    1603256572253
02    11.790   10.657  -12.861 -147.853   16.914 -126.834    1603256572253
01    14.134    9.202   -8.328  -99.189   23.021   12.164    1603256572269
02    12.111   10.707  -13.429 -147.997   31.359 -124.017    1603256572269
01    14.384    8.986   -8.065  -97.502   20.960   12.220    1603256572275
02    12.346   10.843  -13.562 -149.451   40.667 -124.549    1603256572275
01    14.501    8.884   -7.870  -97.279   19.964   12.398    1603256572291
02    12.486   10.940  -13.593 -150.828   45.330 -125.740    1603256572291
01    14.553    8.808   -7.680  -98.664   19.771   13.221    1603256572306
02    12.609   11.010  -13.529 -152.041   48.017 -126.664    1603256572306
01    14.532    8.727   -7.525 -102.301   19.848   14.247    1603256572338
02    12.639   11.098  -13.446 -153.207   48.622 -128.040    1603256572338
01    14.451    8.652   -7.375 -108.320   20.657   15.348    1603256572353
02    12.619   11.208  -13.253 -153.533   48.051 -129.676    1603256572353
01    14.269    8.581   -7.411 -116.413   21.279   16.367    1603256572369
02    12.791   11.433  -12.463 -155.243   47.728 -135.315    1603256572369
01    13.916    8.641   -7.764 -125.440   22.551   16.321    1603256572376
02    13.046   11.112  -11.740 -159.611   34.992 -139.392    1603256572376
01    13.313    8.954   -8.449 -135.230   24.762   14.328    1603256572391
02    12.123   10.555  -12.142 -154.919   -7.028 -136.811    1603256572391
01    12.798    9.597   -8.791 -142.506   27.506    9.792    1603256572407
02    11.950   10.442  -11.687 -150.186  -23.914 -139.148    1603256572407
01    12.583   10.072   -8.865 -148.252   31.290    6.857    1603256572423
02    11.950   10.552  -11.176 -149.757  -27.906 -140.729    1603256572423
01    12.462   10.417   -8.902 -150.943   33.949    5.061    1603256572454
02    11.924   10.701  -10.844 -149.800  -29.069 -141.097    1603256572454
01    12.418   10.641   -8.962 -151.946   35.687    3.765    1603256572469
02    11.899   10.865  -10.576 -149.496  -28.866 -141.250    1603256572469
01    12.413   10.811   -8.945 -151.519   36.871    2.096    1603256572476
02    11.856   11.024  -10.358 -148.310  -28.254 -141.883    1603256572476
01    12.395   10.968   -8.919 -148.482   37.765    0.328    1603256572491
02    11.776   11.209  -10.126 -144.864  -26.852 -143.568    1603256572491
01    12.418   11.020   -8.970 -142.389   39.386    0.018    1603256572507
02    11.763   11.290   -9.891 -140.803  -23.380 -141.556    1603256572507
01    12.446   11.017   -8.881 -132.329   39.192    0.847    1603256572523
02    11.904   11.053   -9.975 -140.759  -16.302 -137.271    1603256572523
01    12.607   10.672   -8.816 -120.802   34.628    2.866    1603256572554
02    11.640   10.825  -10.868 -143.238   -8.662 -133.742    1603256572554
01    13.059   10.087   -8.607 -112.282   28.958    5.123    1603256572570
02    11.387   10.814  -11.819 -146.307    0.908 -131.925    1603256572570
01    13.466    9.669   -8.406 -105.485   25.016    6.197    1603256572576
02    11.334   10.947  -12.499 -149.580   14.382 -131.344    1603256572576
01    13.801    9.408   -8.131 -101.518   22.820    7.340    1603256572592
02    11.464   11.099  -12.819 -152.532   27.881 -131.497    1603256572592
01    14.029    9.215   -7.809 -100.834   21.587    8.403    1603256572607
02    11.658   11.180  -12.940 -154.124   36.794 -130.673    1603256572607
01    14.089    9.083   -7.574 -102.400   20.429    9.306    1603256572631
02    11.793   11.226  -13.043 -154.298   41.377 -129.216    1603256572631
01    14.066    8.989   -7.411 -105.177   19.809   10.135    1603256572646
02    11.928   11.262  -13.086 -154.882   44.297 -128.331    1603256572646
01    14.014    8.908   -7.316 -108.873   19.608   10.899    1603256572662
02    12.022   11.308  -13.125 -156.078   45.599 -128.235    1603256572662
01    13.915    8.883   -7.298 -113.203   19.645   11.542    1603256572676
02    12.086   11.377  -13.152 -157.639   46.358 -129.069    1603256572676
01    13.781    8.894   -7.345 -118.177   19.887   12.110    1603256572692
02    12.129   11.507  -13.088 -159.384   47.022 -131.717    1603256572692
01    13.601    8.947   -7.510 -123.799   20.432   12.447    1603256572708
02    12.239   11.691  -12.700 -160.534   46.755 -137.046    1603256572708
01    13.314    9.109   -7.843 -130.673   21.818   12.084    1603256572723
02    12.623   11.674  -11.806 -162.802   41.205 -142.503    1603256572723
01    12.936    9.425   -8.295 -139.462   25.020    9.680    1603256572754
02    12.162   11.070  -12.054 -161.714   10.728 -139.522    1603256572754
01    12.792    9.898   -8.341 -148.106   31.692    5.626    1603256572770
02    12.100   10.910  -11.431 -155.147   -9.701 -137.697    1603256572770
01    12.560   10.344   -8.551 -153.215   34.580    3.575    1603256572777
02    11.993   10.951  -11.033 -153.521  -20.159 -140.952    1603256572777
01    12.394   10.698   -8.694 -155.160   36.030    2.482    1603256572792
02    11.859   11.073  -10.725 -152.094  -25.824 -143.100    1603256572792
01    12.307   10.905   -8.795 -155.943   36.863    1.974    1603256572808
02    11.788   11.167  -10.478 -152.018  -28.112 -143.286    1603256572808
01    12.277   10.990   -8.883 -156.076   37.384    1.881    1603256572823
02    11.755   11.239  -10.313 -152.139  -28.503 -142.404    1603256572823
01    12.295   11.020   -8.948 -155.996   38.037    1.724    1603256572839
02    11.756   11.278  -10.227 -152.326  -27.948 -141.138    1603256572839
01    12.350   10.996   -9.007 -155.926   38.850    1.594    1603256572870
02    11.791   11.306  -10.173 -152.198  -26.684 -139.974    1603256572870
01    12.392   11.024   -9.022 -154.660   40.017    1.099    1603256572877
02    11.784   11.362  -10.147 -150.598  -25.090 -139.673    1603256572877
01    12.436   11.060   -9.022 -151.480   41.313    0.467    1603256572893
02    11.751   11.431  -10.106 -146.970  -23.047 -140.040    1603256572893
01    12.454   11.173   -8.920 -144.635   43.374    0.636    1603256572908
02    11.833   11.325  -10.074 -144.164  -19.698 -137.047    1603256572908
01    12.419   11.169   -8.774 -132.000   41.581    2.833    1603256572924
02    11.856   11.132  -10.304 -144.720  -13.052 -134.175    1603256572924
01    12.585   10.731   -8.748 -116.184   32.746    5.645    1603256572939
02    11.565   10.986  -11.166 -147.186   -5.582 -131.739    1603256572939
01    13.039   10.122   -8.539 -107.022   25.100    7.524    1603256572971
02    11.303   11.022  -12.244 -150.312    6.894 -129.705    1603256572971
01    13.537    9.603   -8.222 -101.769   21.882    7.971    1603256572977
02    11.435   11.148  -12.925 -152.717   22.318 -127.768    1603256572977
01    13.884    9.295   -7.821 -100.138   20.112    8.742    1603256572993
02    11.691   11.233  -13.056 -154.214   33.952 -126.240    1603256572993
01    14.019    9.113   -7.497 -101.417   18.743    9.519    1603256573009
02    11.835   11.244  -13.085 -154.393   39.308 -124.957    1603256573009
01    14.006    8.995   -7.291 -104.576   17.686   10.368    1603256573024
02    11.926   11.264  -13.025 -153.961   41.900 -124.294    1603256573024
01    13.961    8.904   -7.129 -109.049   17.321   11.503    1603256573040
02    11.982   11.242  -12.953 -153.536   42.377 -123.745    1603256573040
01    13.882    8.812   -7.038 -114.862   16.999   13.120    1603256573071
02    12.054   11.322  -12.693 -154.562   42.558 -126.193    1603256573071
01    13.682    8.831   -7.119 -121.151   17.211   14.380    1603256573078
02    12.322   11.417  -11.942 -157.297   40.159 -132.381    1603256573078
01    13.427    8.894   -7.427 -128.110   18.884   15.057    1603256573093
02    12.346   10.706  -11.895 -162.903   18.082 -135.152    1603256573093
01    12.981    9.103   -8.047 -136.441   21.394   14.626    1603256573109
02    11.551   10.392  -12.039 -156.664  -21.009 -134.423    1603256573109
01    12.489    9.652   -8.503 -142.662   24.029   11.053    1603256573124
02    11.529   10.425  -11.434 -151.939  -34.011 -140.216    1603256573124
01    12.330   10.116   -8.635 -148.594   29.095    7.458    1603256573140
02    11.628   10.623  -10.884 -151.328  -36.300 -142.386    1603256573140
01    12.263   10.430   -8.737 -151.967   32.581    4.918    1603256573156
02    11.713   10.797  -10.528 -151.883  -36.270 -142.071    1603256573156
01    12.233   10.676   -8.862 -153.471   35.043    2.912    1603256573178
02    11.762   11.001  -10.266 -151.852  -35.098 -141.245    1603256573178
01    12.240   10.869   -8.991 -154.162   37.088    0.767    1603256573193
02    11.812   11.187  -10.091 -151.501  -33.151 -140.441    1603256573193
01    12.276   11.048   -9.089 -152.708   39.580   -1.461    1603256573209
02    11.829   11.454   -9.887 -148.753  -29.408 -141.163    1603256573209
01    12.469   11.015   -9.166 -148.955   42.912   -1.291    1603256573225
02    11.807   11.600   -9.802 -145.106  -24.578 -140.559    1603256573225
01    12.552   11.156   -8.939 -141.274   45.322   -0.456    1603256573240
02    11.877   11.435   -9.920 -143.612  -18.747 -136.917    1603256573240
01    12.539   11.025   -8.844 -128.779   42.255    2.744    1603256573256
02    11.737   11.206  -10.565 -145.059  -11.217 -133.586    1603256573256
01    12.784   10.531   -8.756 -118.402   36.228    5.776    1603256573278
02    11.450   11.116  -11.517 -147.380   -0.892 -131.465    1603256573278
01    13.170   10.028   -8.580 -110.313   30.588    7.911    1603256573294
02    11.417   11.148  -12.195 -150.197   13.146 -130.330    1603256573294
01    13.487    9.689   -8.384 -104.918   26.809    8.936    1603256573309
02    11.495   11.237  -12.660 -152.228   25.316 -130.603    1603256573309
01    13.745    9.440   -8.126 -102.643   24.650    9.481    1603256573325
02    11.670   11.288  -12.883 -153.235   33.865 -130.182    1603256573325
01    13.899    9.261   -7.851 -102.859   23.256   10.068    1603256573341
02    11.815   11.271  -13.058 -153.338   38.321 -128.757    1603256573341
01    13.909    9.163   -7.666 -104.178   21.816   10.465    1603256573356
02    11.939   11.249  -13.180 -153.060   41.320 -127.083    1603256573356
01    13.841    9.126   -7.602 -105.245   20.345   10.322    1603256573378
02    12.055   11.244  -13.212 -153.104   43.961 -126.193    1603256573378
01    13.803    9.113   -7.573 -105.766   19.394   10.126    1603256573394
02    12.101   11.281  -13.220 -153.493   45.449 -126.848    1603256573394
01    13.840    9.058   -7.501 -106.771   18.985   10.484    1603256573410
02    12.148   11.331  -13.160 -154.203   46.469 -128.124    1603256573410
01    13.899    8.980   -7.395 -108.810   18.966   11.649    1603256573425
02    12.208   11.458  -12.894 -154.538   46.661 -131.607    1603256573425
01    13.971    8.832   -7.307 -112.870   19.755   13.681    1603256573441
02    12.501   11.634  -12.036 -154.003   45.521 -136.680    1603256573441
01    13.812    8.760   -7.626 -119.199   21.631   15.369    1603256573457
02    12.590   11.033  -11.841 -155.670   25.183 -136.845    1603256573457
01    13.326    8.950   -8.290 -132.581   25.808   16.442    1603256573479
02    11.992   10.479  -12.019 -150.732  -14.223 -132.112    1603256573479
01    12.768    9.547   -8.659 -140.954   28.565   12.746    1603256573494
02    11.974   10.277  -11.582 -152.457  -28.110 -133.940    1603256573494
01    12.526   10.063   -8.645 -145.913   31.849    9.345    1603256573510
02    11.915   10.447  -11.080 -151.710  -31.497 -136.668    1603256573510
01    12.432   10.344   -8.616 -148.148   33.353    6.933    1603256573526
02    11.835   10.632  -10.660 -150.900  -33.492 -139.026    1603256573526
01    12.407   10.477   -8.607 -148.908   33.722    5.610    1603256573541
02    11.781   10.798  -10.298 -149.960  -34.227 -141.000    1603256573541
01    12.399   10.546   -8.617 -148.740   33.793    4.982    1603256573557
02    11.772   10.925  -10.024 -149.256  -33.822 -142.031    1603256573557
01    12.397   10.583   -8.651 -148.121   33.948    4.834    1603256573579
02    11.791   10.994   -9.854 -148.798  -32.822 -142.207    1603256573579
01    12.397   10.621   -8.692 -147.124   34.403    4.644    1603256573595
02    11.769   11.065   -9.795 -147.580  -31.685 -142.305    1603256573595
01    12.400   10.692   -8.723 -145.016   35.241    3.884    1603256573610
02    11.747   11.181   -9.694 -144.691  -29.683 -142.725    1603256573610
01    12.408   10.800   -8.683 -140.026   36.585    3.837    1603256573626
02    11.765   11.186   -9.649 -140.952  -26.473 -140.088    1603256573626
01    12.318   10.878   -8.659 -129.943   35.070    3.801    1603256573642
02    11.863   11.052   -9.735 -141.307  -18.674 -136.611    1603256573642
01    12.581   10.461   -8.590 -117.056   28.641    4.843    1603256573657
02    11.547   10.818  -10.761 -143.860  -10.188 -132.793    1603256573657
01    13.061    9.925   -8.352 -108.351   22.971    5.844    1603256573679
02    11.318   10.787  -11.757 -147.236    3.652 -129.187    1603256573679
01    13.438    9.583   -8.143 -103.074   20.527    5.750    1603256573695
02    11.372   10.884  -12.403 -150.086   19.126 -127.378    1603256573695
01    13.786    9.306   -7.809 -101.401   19.358    6.618    1603256573711
02    11.525   11.029  -12.695 -152.248   30.490 -127.044    1603256573711
01    13.931    9.133   -7.570 -101.960   18.467    7.228    1603256573726
02    11.661   11.089  -12.828 -152.791   36.117 -126.284    1603256573726
01    13.936    9.068   -7.429 -103.094   17.799    7.683    1603256573742
02    11.781   11.098  -12.893 -152.379   39.222 -125.013    1603256573742
01    13.863    9.068   -7.386 -104.189   17.259    7.595    1603256573757
02    11.853   11.118  -12.915 -151.983   40.780 -124.592    1603256573757
01    13.831    9.040   -7.386 -105.071   16.655    7.441    1603256573780
02    11.898   11.140  -12.902 -152.070   41.414 -124.966    1603256573780
01    13.819    9.024   -7.377 -106.047   16.482    7.475    1603256573795
02    11.924   11.169  -12.845 -152.903   41.215 -126.337    1603256573795
01    13.870    8.976   -7.277 -108.075   16.924    8.676    1603256573811
02    11.975   11.263  -12.613 -153.825   40.538 -129.432    1603256573811
01    13.969    8.806   -7.129 -112.459   17.818   10.928    1603256573826
02    12.167   11.377  -11.995 -154.974   38.758 -134.523    1603256573826
01    13.837    8.738   -7.324 -118.910   19.419   12.869    1603256573842
02    12.238   10.890  -11.819 -158.628   21.540 -136.535    1603256573842
01    13.494    8.785   -7.860 -131.112   22.939   14.785    1603256573858
02    11.608   10.486  -12.005 -153.222  -15.621 -135.252    1603256573858
