01    13.004    2.777   -6.946 -109.698   21.717   31.204    1610521801618
02    13.131    5.632  -11.435  137.654   75.635  -76.942    1610521801618
01    13.005    2.788   -6.942 -109.668   21.748   31.155    1610521801633
02    13.105    5.645  -11.451  138.389   75.375  -76.313    1610521801633
01    13.005    2.790   -6.935 -109.700   21.753   31.130    1610521801656
02    13.099    5.664  -11.439  138.179   75.279  -76.561    1610521801656
01    13.002    2.804   -6.922 -109.718   21.770   31.141    1610521801671
02    13.095    5.666  -11.439  138.349   75.208  -76.280    1610521801671
01    12.996    2.818   -6.904 -109.764   21.762   31.179    1610521801687
02    13.084    5.674  -11.443  138.509   75.142  -76.073    1610521801687
01    12.990    2.822   -6.904 -109.870   21.736   31.171    1610521801703
02    13.081    5.690  -11.438  138.433   75.171  -76.144    1610521801703
01    12.984    2.828   -6.908 -110.019   21.730   31.119    1610521801718
02    13.081    5.704  -11.430  138.192   75.152  -76.346    1610521801718
01    12.982    2.835   -6.919 -110.061   21.732   31.040    1610521801734
02    13.095    5.699  -11.421  137.955   75.187  -76.516    1610521801734
01    12.985    2.828   -6.920 -110.136   21.763   31.005    1610521801756
02    13.097    5.711  -11.418  137.694   75.174  -76.770    1610521801756
01    12.988    2.840   -6.917 -110.102   21.845   30.998    1610521801772
02    13.100    5.725  -11.413  137.467   75.122  -77.013    1610521801772
01    12.990    2.846   -6.908 -110.095   21.884   31.055    1610521801787
02    13.082    5.745  -11.424  137.725   75.035  -76.826    1610521801787
01    12.988    2.852   -6.902 -110.124   21.899   31.086    1610521801803
02    13.075    5.751  -11.424  137.820   75.004  -76.726    1610521801803
01    12.981    2.858   -6.902 -110.182   21.852   31.049    1610521801819
02    13.077    5.749  -11.418  137.772   74.980  -76.734    1610521801819
01    12.977    2.866   -6.898 -110.200   21.846   31.044    1610521801834
02    13.087    5.749  -11.401  137.566   75.007  -76.914    1610521801834
01    12.972    2.871   -6.898 -110.228   21.834   31.004    1610521801856
02    13.090    5.763  -11.390  137.407   74.992  -77.096    1610521801856
01    12.970    2.874   -6.895 -110.248   21.813   30.957    1610521801872
02    13.087    5.771  -11.388  137.346   74.975  -77.159    1610521801872
01    12.969    2.878   -6.893 -110.256   21.800   30.947    1610521801888
02    13.086    5.768  -11.389  137.430   74.958  -77.078    1610521801888
01    12.965    2.884   -6.890 -110.253   21.761   30.923    1610521801904
02    13.088    5.778  -11.375  137.328   74.947  -77.195    1610521801904
01    12.966    2.888   -6.875 -110.250   21.744   30.955    1610521801919
02    13.082    5.787  -11.373  137.288   74.881  -77.236    1610521801919
01    12.968    2.884   -6.866 -110.276   21.697   31.008    1610521801935
02    13.069    5.792  -11.382  137.505   74.819  -77.053    1610521801935
01    12.962    2.883   -6.872 -110.354   21.557   31.008    1610521801957
02    13.057    5.803  -11.389  137.705   74.744  -76.907    1610521801957
01    12.959    2.895   -6.870 -110.359   21.574   31.009    1610521801973
02    13.056    5.797  -11.392  137.677   74.701  -76.839    1610521801973
01    12.956    2.895   -6.877 -110.398   21.570   30.961    1610521801988
02    13.051    5.791  -11.402  137.857   74.729  -76.611    1610521801988
01    12.955    2.899   -6.880 -110.378   21.596   30.942    1610521802004
02    13.059    5.799  -11.393  137.449   74.738  -77.022    1610521802004
01    12.957    2.896   -6.880 -110.378   21.586   30.968    1610521802020
02    13.066    5.791  -11.396  137.338   74.713  -77.075    1610521802020
01    12.960    2.892   -6.880 -110.395   21.567   30.984    1610521802035
02    13.079    5.791  -11.386  137.049   74.735  -77.391    1610521802035
01    12.964    2.886   -6.876 -110.425   21.534   31.047    1610521802057
02    13.078    5.794  -11.388  137.017   74.705  -77.427    1610521802057
01    12.963    2.889   -6.876 -110.448   21.510   31.057    1610521802073
02    13.074    5.794  -11.395  137.128   74.692  -77.371    1610521802073
01    12.960    2.888   -6.879 -110.520   21.447   31.055    1610521802089
02    13.074    5.794  -11.396  137.127   74.688  -77.384    1610521802089
01    12.958    2.881   -6.886 -110.594   21.346   31.033    1610521802104
02    13.077    5.793  -11.399  137.026   74.695  -77.452    1610521802104
01    12.957    2.879   -6.890 -110.608   21.367   31.018    1610521802120
02    13.077    5.787  -11.407  137.023   74.691  -77.434    1610521802120
01    12.957    2.878   -6.893 -110.554   21.328   31.046    1610521802136
02    13.076    5.782  -11.416  137.057   74.697  -77.409    1610521802136
01    12.959    2.875   -6.892 -110.547   21.321   31.104    1610521802158
02    13.077    5.770  -11.426  137.044   74.699  -77.397    1610521802158
01    12.961    2.874   -6.893 -110.554   21.268   31.151    1610521802174
02    13.076    5.774  -11.435  137.039   74.700  -77.414    1610521802174
01    12.967    2.864   -6.894 -110.648   21.229   31.235    1610521802189
02    13.095    5.775  -11.425  136.600   74.740  -77.836    1610521802189
01    12.967    2.861   -6.900 -110.666   21.210   31.260    1610521802205
02    13.110    5.765  -11.422  136.272   74.783  -78.106    1610521802205
01    12.968    2.867   -6.910 -110.604   21.230   31.210    1610521802221
02    13.102    5.773  -11.437  136.626   74.759  -77.840    1610521802221
01    12.973    2.866   -6.909 -110.607   21.269   31.256    1610521802236
02    13.110    5.781  -11.432  136.276   74.781  -78.253    1610521802236
01    12.979    2.862   -6.906 -110.649   21.288   31.310    1610521802258
02    13.123    5.776  -11.429  135.910   74.834  -78.555    1610521802258
01    12.979    2.860   -6.913 -110.703   21.269   31.264    1610521802274
02    13.123    5.785  -11.429  135.786   74.830  -78.719    1610521802274
01    12.979    2.863   -6.913 -110.661   21.240   31.266    1610521802290
02    13.123    5.792  -11.427  135.643   74.795  -78.901    1610521802290
01    12.979    2.864   -6.910 -110.641   21.203   31.289    1610521802305
02    13.118    5.789  -11.436  135.923   74.760  -78.606    1610521802305
01    12.981    2.859   -6.908 -110.686   21.157   31.299    1610521802321
02    13.116    5.787  -11.437  135.891   74.722  -78.638    1610521802321
01    12.982    2.859   -6.911 -110.665   21.119   31.255    1610521802336
02    13.120    5.777  -11.436  136.003   74.743  -78.486    1610521802336
01    12.985    2.851   -6.912 -110.697   21.079   31.227    1610521802358
02    13.124    5.771  -11.433  136.064   74.768  -78.428    1610521802358
01    12.988    2.851   -6.909 -110.683   21.079   31.231    1610521802374
02    13.135    5.755  -11.432  136.075   74.789  -78.352    1610521802374
01    12.995    2.846   -6.907 -110.694   21.030   31.281    1610521802390
02    13.141    5.751  -11.432  136.085   74.797  -78.336    1610521802390
01    13.000    2.846   -6.908 -110.696   21.022   31.321    1610521802406
02    13.146    5.746  -11.444  136.161   74.800  -78.233    1610521802406
01    13.011    2.843   -6.903 -110.721   21.040   31.383    1610521802421
02    13.152    5.752  -11.448  136.079   74.790  -78.310    1610521802421
01    13.016    2.840   -6.904 -110.773   21.024   31.450    1610521802437
02    13.162    5.764  -11.446  135.911   74.800  -78.501    1610521802437
01    13.017    2.851   -6.908 -110.784   21.061   31.477    1610521802459
02    13.167    5.769  -11.452  135.870   74.810  -78.545    1610521802459
01    13.013    2.868   -6.920 -110.777   21.074   31.404    1610521802475
02    13.173    5.765  -11.450  135.758   74.835  -78.625    1610521802475
01    13.015    2.865   -6.926 -110.822   21.030   31.391    1610521802491
02    13.174    5.772  -11.457  135.771   74.803  -78.616    1610521802491
01    13.021    2.863   -6.922 -110.870   21.036   31.419    1610521802506
02    13.172    5.778  -11.459  135.724   74.766  -78.655    1610521802506
01    13.021    2.876   -6.918 -110.858   21.087   31.409    1610521802521
02    13.169    5.805  -11.453  135.542   74.726  -78.889    1610521802521
01    13.023    2.871   -6.920 -110.908   21.050   31.404    1610521802537
02    13.178    5.807  -11.450  135.427   74.732  -78.985    1610521802537
01    13.025    2.878   -6.913 -110.896   21.048   31.428    1610521802553
02    13.173    5.811  -11.455  135.546   74.701  -78.874    1610521802553
01    13.027    2.881   -6.910 -110.908   21.027   31.450    1610521802575
02    13.175    5.819  -11.450  135.475   74.686  -78.964    1610521802575
01    13.030    2.880   -6.908 -110.948   20.980   31.487    1610521802591
02    13.181    5.817  -11.450  135.420   74.675  -78.990    1610521802591
01    13.032    2.884   -6.903 -110.991   20.979   31.535    1610521802606
02    13.184    5.814  -11.457  135.393   74.653  -78.969    1610521802606
01    13.033    2.884   -6.904 -111.090   20.915   31.563    1610521802622
02    13.188    5.821  -11.455  135.329   74.656  -79.031    1610521802622
01    13.037    2.891   -6.905 -111.104   20.998   31.568    1610521802637
02    13.193    5.828  -11.454  134.994   74.544  -79.330    1610521802637
01    13.037    2.900   -6.910 -111.091   21.039   31.534    1610521802653
02    13.197    5.842  -11.451  134.856   74.534  -79.489    1610521802653
01    13.035    2.904   -6.921 -111.112   21.044   31.465    1610521802675
02    13.198    5.854  -11.451  134.740   74.513  -79.578    1610521802675
01    13.041    2.911   -6.924 -111.074   21.091   31.509    1610521802691
02    13.208    5.856  -11.457  134.475   74.488  -79.799    1610521802691
01    13.045    2.920   -6.927 -111.035   21.145   31.557    1610521802706
02    13.224    5.848  -11.458  134.333   74.587  -79.829    1610521802706
01    13.049    2.922   -6.927 -111.041   21.187   31.613    1610521802722
02    13.238    5.854  -11.450  133.837   74.623  -80.311    1610521802722
01    13.051    2.928   -6.938 -111.038   21.171   31.606    1610521802738
02    13.232    5.857  -11.463  134.072   74.614  -80.104    1610521802738
01    13.053    2.924   -6.939 -111.057   21.145   31.640    1610521802753
02    13.231    5.865  -11.471  134.241   74.590  -79.993    1610521802753
01    13.054    2.929   -6.935 -111.069   21.145   31.679    1610521802775
02    13.238    5.864  -11.467  134.143   74.588  -80.047    1610521802775
01    13.052    2.937   -6.939 -111.086   21.156   31.666    1610521802791
02    13.235    5.868  -11.468  134.388   74.598  -79.858    1610521802791
01    13.051    2.934   -6.942 -111.146   21.157   31.655    1610521802806
02    13.240    5.868  -11.469  134.427   74.587  -79.819    1610521802806
01    13.047    2.941   -6.947 -111.129   21.155   31.639    1610521802822
02    13.242    5.863  -11.475  134.473   74.584  -79.757    1610521802822
01    13.055    2.945   -6.935 -111.121   21.202   31.696    1610521802838
02    13.239    5.868  -11.476  134.484   74.564  -79.782    1610521802838
01    13.055    2.936   -6.938 -111.170   21.203   31.683    1610521802853
02    13.229    5.881  -11.483  134.702   74.452  -79.635    1610521802853
01    13.056    2.938   -6.934 -111.166   21.205   31.696    1610521802876
02    13.232    5.873  -11.485  134.684   74.492  -79.640    1610521802876
01    13.059    2.939   -6.930 -111.150   21.207   31.716    1610521802892
02    13.231    5.876  -11.485  134.720   74.454  -79.654    1610521802892
01    13.059    2.943   -6.929 -111.125   21.214   31.722    1610521802907
02    13.238    5.879  -11.481  134.528   74.475  -79.870    1610521802907
01    13.055    2.946   -6.934 -111.104   21.207   31.717    1610521802923
02    13.247    5.881  -11.469  134.222   74.511  -80.206    1610521802923
01    13.057    2.941   -6.928 -111.112   21.202   31.761    1610521802938
02    13.241    5.886  -11.472  134.407   74.463  -80.071    1610521802938
01    13.053    2.945   -6.929 -111.105   21.187   31.769    1610521802954
02    13.244    5.883  -11.469  134.408   74.486  -80.046    1610521802954
01    13.052    2.945   -6.922 -111.124   21.134   31.896    1610521802960
02    13.244    5.882  -11.467  134.495   74.509  -79.970    1610521802960
01    13.046    2.947   -6.922 -111.197   21.086   31.898    1610521802992
02    13.241    5.882  -11.470  134.658   74.489  -79.822    1610521802992
01    13.043    2.944   -6.914 -111.348   21.006   32.077    1610521803008
02    13.233    5.881  -11.474  135.070   74.468  -79.446    1610521803008
01    13.030    2.951   -6.909 -111.421   20.939   32.223    1610521803023
02    13.237    5.874  -11.472  135.111   74.532  -79.379    1610521803023
01    13.015    2.956   -6.900 -111.623   20.883   32.481    1610521803039
02    13.239    5.866  -11.474  135.314   74.558  -79.174    1610521803039
01    13.003    2.951   -6.875 -112.210   20.811   33.043    1610521803054
02    13.240    5.855  -11.470  135.872   74.680  -78.655    1610521803054
01    12.974    2.963   -6.818 -113.189   20.905   33.841    1610521803061
02    13.249    5.784  -11.421  139.140   74.875  -75.319    1610521803061
01    12.930    2.980   -6.764 -115.048   21.287   35.183    1610521803077
02    13.298    5.509  -11.154  151.675   74.307  -62.363    1610521803077
01    12.891    2.938   -6.783 -118.150   22.312   37.830    1610521803108
02    13.540    5.296  -10.255  168.997   71.275  -45.161    1610521803108
01    12.802    2.922   -7.001 -123.146   24.911   40.947    1610521803124
02    13.776    5.283   -8.807 -175.818   61.992  -32.098    1610521803124
01    12.586    3.118   -7.515 -130.033   29.305   41.091    1610521803140
02    12.948    5.515   -8.617 -164.582   38.928  -27.439    1610521803140
01    12.270    3.983   -8.176 -134.971   35.017   36.020    1610521803155
02    10.951    5.391   -9.782 -150.538  -10.454  -29.719    1610521803155
01    12.388    4.184   -8.176 -135.704   40.825   38.054    1610521803161
02    11.421    4.855   -9.122 -155.587  -18.498  -27.178    1610521803161
01    12.473    4.339   -8.143 -134.512   43.153   39.883    1610521803177
02    11.580    4.883   -8.919 -156.388  -20.269  -26.699    1610521803177
01    12.493    4.423   -8.161 -133.437   43.670   41.379    1610521803193
02    11.687    4.903   -8.832 -157.521  -20.013  -24.956    1610521803193
01    12.499    4.466   -8.235 -133.040   44.022   41.951    1610521803224
02    11.752    4.970   -8.815 -157.452  -18.892  -23.225    1610521803224
01    12.520    4.506   -8.310 -132.685   44.842   41.948    1610521803240
02    11.784    5.010   -8.872 -156.497  -18.023  -21.401    1610521803240
01    12.550    4.535   -8.345 -132.069   45.881   41.318    1610521803255
02    11.795    4.992   -8.961 -155.096  -17.242  -20.978    1610521803255
01    12.600    4.596   -8.229 -132.146   47.214   39.595    1610521803262
02    12.034    4.824   -8.803 -154.991   -8.946  -21.099    1610521803262
01    12.617    4.661   -8.008 -127.733   46.517   38.718    1610521803278
02    11.800    4.584   -9.447 -159.217    1.344  -21.687    1610521803278
01    12.519    4.593   -7.873 -120.852   41.422   37.527    1610521803294
02    11.021    4.873  -10.815 -163.481   11.280  -26.702    1610521803294
01    12.482    4.284   -7.740 -113.383   32.946   36.082    1610521803325
02    11.010    5.469  -11.690 -171.175   27.802  -33.237    1610521803325
01    12.575    3.920   -7.491 -107.200   24.923   35.217    1610521803341
02    11.647    6.061  -11.800  174.345   49.315  -46.864    1610521803341
01    12.695    3.668   -7.180 -104.689   21.402   35.446    1610521803356
02    12.428    6.304  -11.677  149.447   66.368  -68.860    1610521803356
01    12.762    3.511   -6.869 -105.546   20.662   36.257    1610521803362
02    12.932    6.398  -11.596  124.745   72.638  -92.069    1610521803362
01    12.731    3.445   -6.646 -109.024   20.890   37.076    1610521803378
02    13.219    6.483  -11.540  111.153   73.826 -105.324    1610521803378
01    12.609    3.430   -6.592 -114.143   21.090   37.215    1610521803394
02    13.421    6.466  -11.499  106.128   75.219 -109.783    1610521803394
01    12.471    3.462   -6.668 -118.615   21.255   37.302    1610521803425
02    13.557    6.307  -11.395  119.691   77.760  -95.357    1610521803425
01    12.381    3.488   -6.828 -122.445   22.211   38.624    1610521803441
02    13.660    6.145  -11.077  155.088   75.947  -60.081    1610521803441
01    12.285    3.598   -7.115 -126.039   23.984   40.241    1610521803456
02    13.834    5.994  -10.357  175.989   69.045  -39.484    1610521803456
01    12.179    3.792   -7.555 -129.367   26.549   41.077    1610521803463
02    13.753    5.883   -9.494 -173.619   54.163  -33.283    1610521803463
01    12.142    4.158   -7.984 -131.949   30.766   40.382    1610521803478
02    12.732    5.939   -9.599 -160.106   17.685  -31.078    1610521803478
01    12.228    4.355   -8.219 -133.357   35.750   41.793    1610521803494
02    12.458    5.635   -9.414 -159.084    1.145  -29.735    1610521803494
01    12.353    4.566   -8.342 -134.078   40.765   43.170    1610521803510
02    12.310    5.559   -9.324 -158.727   -5.328  -29.042    1610521803525
01    12.463    4.716   -8.410 -133.995   44.090   44.850    1610521803541
02    12.254    5.506   -9.274 -159.274   -8.113  -27.863    1610521803541
01    12.526    4.807   -8.523 -133.983   45.968   45.620    1610521803557
02    12.220    5.498   -9.270 -159.193   -9.254  -26.791    1610521803557
01    12.584    4.879   -8.545 -133.755   47.868   45.719    1610521803563
02    12.189    5.504   -9.284 -158.489   -9.783  -26.239    1610521803563
01    12.607    4.895   -8.506 -134.205   48.963   44.690    1610521803579
02    12.187    5.494   -9.236 -158.161   -8.409  -27.055    1610521803579
01    12.661    4.970   -8.195 -131.540   49.266   44.299    1610521803595
02    12.136    5.364   -9.329 -161.751   -2.179  -26.431    1610521803595
01    12.569    4.998   -7.920 -124.816   44.504   44.150    1610521803610
02    11.463    5.509  -10.255 -165.100    4.783  -28.735    1610521803626
01    12.403    4.839   -7.808 -118.465   36.180   42.106    1610521803641
02    10.974    6.073  -11.496 -170.576   17.116  -32.254    1610521803641
01    12.372    4.541   -7.621 -113.892   29.383   40.455    1610521803657
02    11.461    6.560  -11.875 -179.405   33.882  -38.883    1610521803657
01    12.396    4.296   -7.408 -110.775   24.524   39.065    1610521803664
02    12.263    6.874  -11.788  158.065   56.610  -58.400    1610521803664
01    12.432    4.103   -7.206 -109.207   21.537   38.150    1610521803680
02    12.876    6.992  -11.663  120.573   68.027  -93.814    1610521803680
01    12.468    3.933   -6.999 -109.012   20.207   37.883    1610521803695
02    13.232    7.017  -11.599   94.752   69.152 -118.933    1610521803695
01    12.475    3.826   -6.852 -109.988   19.956   37.889    1610521803711
02    13.497    7.016  -11.526   81.041   68.566 -132.676    1610521803711
01    12.444    3.793   -6.781 -111.756   20.324   37.782    1610521803742
02    13.638    6.972  -11.521   76.784   69.495 -137.220    1610521803742
01    12.378    3.808   -6.787 -113.835   20.818   37.518    1610521803758
02    13.665    6.884  -11.553   79.433   71.851 -134.423    1610521803758
01    12.331    3.825   -6.815 -115.713   21.459   37.903    1610521803764
02    13.610    6.750  -11.560   91.967   75.155 -121.254    1610521803764
01    12.306    3.827   -6.883 -117.909   22.496   39.707    1610521803780
02    13.512    6.583  -11.446  122.829   76.727  -89.736    1610521803780
01    12.247    3.888   -7.047 -121.138   24.133   41.944    1610521803795
02    13.542    6.392  -10.915  149.968   73.108  -61.990    1610521803795
01    12.110    4.046   -7.374 -125.760   26.284   43.046    1610521803811
02    13.712    6.085   -9.461  164.773   63.970  -48.360    1610521803811
01    11.941    4.362   -7.811 -133.062   30.631   42.293    1610521803827
02    12.548    6.489   -9.464 -171.678   39.806  -34.082    1610521803827
01    11.933    4.718   -8.100 -137.159   37.027   41.763    1610521803858
02    12.009    6.145   -9.483 -165.116   10.433  -30.809    1610521803858
01    12.013    5.003   -8.170 -139.096   42.089   42.032    1610521803864
02    11.862    6.042   -9.305 -163.212   -3.491  -30.199    1610521803864
01    12.069    5.173   -8.182 -139.697   44.553   42.701    1610521803880
02    11.812    5.978   -9.178 -163.227   -9.111  -29.558    1610521803880
01    12.096    5.272   -8.206 -140.092   45.540   42.911    1610521803896
02    11.783    5.959   -9.095 -163.260  -11.175  -29.486    1610521803896
01    12.104    5.333   -8.230 -140.484   46.099   42.812    1610521803911
02    11.760    5.958   -9.043 -163.125  -11.927  -29.528    1610521803911
01    12.101    5.374   -8.263 -140.940   46.702   42.491    1610521803927
02    11.745    5.980   -9.000 -162.672  -11.713  -29.350    1610521803927
01    12.106    5.406   -8.284 -141.104   47.571   42.007    1610521803958
02    11.746    6.000   -8.967 -161.958  -10.597  -28.568    1610521803958
01    12.187    5.423   -8.159 -140.758   49.217   41.345    1610521803965
02    11.807    5.946   -8.879 -162.576   -5.160  -28.897    1610521803965
01    12.277    5.468   -7.748 -134.622   49.093   42.549    1610521803981
02    11.481    5.907   -9.400 -165.542    1.893  -29.296    1610521803981
01    12.126    5.469   -7.539 -125.797   42.778   41.839    1610521803996
02    10.766    6.222  -10.694 -168.717   12.223  -31.705    1610521803996
01    11.987    5.226   -7.479 -118.369   34.234   38.894    1610521804012
02    10.899    6.599  -11.513 -174.483   29.035  -34.950    1610521804012
01    12.035    4.871   -7.319 -112.218   27.488   36.719    1610521804028
02    11.633    7.043  -11.543  170.976   51.010  -48.010    1610521804028
01    12.134    4.604   -7.118 -108.188   23.970   35.543    1610521804059
02    12.337    7.337  -11.400  135.028   66.176  -81.322    1610521804059
01    12.220    4.410   -6.923 -106.609   22.575   34.938    1610521804066
02    12.763    7.465  -11.339  103.619   68.207 -111.159    1610521804066
01    12.269    4.296   -6.732 -106.574   22.060   34.652    1610521804082
02    13.041    7.515  -11.285   88.532   67.680 -125.381    1610521804082
01    12.268    4.220   -6.619 -107.908   21.599   34.278    1610521804097
02    13.198    7.536  -11.263   82.972   67.790 -130.774    1610521804097
01    12.257    4.169   -6.578 -109.530   21.457   34.150    1610521804113
02    13.292    7.538  -11.250   82.358   68.062 -131.665    1610521804113
01    12.249    4.137   -6.584 -111.297   21.809   34.545    1610521804129
02    13.345    7.510  -11.252   84.527   68.984 -129.751    1610521804129
01    12.257    4.110   -6.588 -113.679   22.773   36.124    1610521804144
02    13.348    7.408  -11.263   93.942   71.673 -120.370    1610521804144
01    12.243    4.083   -6.660 -117.683   24.304   38.838    1610521804166
02    13.308    7.222  -11.174  119.125   73.820  -94.499    1610521804166
01    12.088    4.180   -6.995 -123.728   26.054   41.075    1610521804182
02    13.368    6.955  -10.669  147.209   70.631  -65.594    1610521804182
01    11.827    4.489   -7.587 -131.291   28.925   40.818    1610521804198
02    13.623    6.506   -8.839  162.248   62.124  -52.203    1610521804198
01    11.772    4.988   -7.971 -138.934   35.977   38.745    1610521804213
02    12.550    6.303   -9.013 -172.111   29.606  -30.600    1610521804213
01    11.892    5.303   -8.112 -141.800   42.335   39.054    1610521804229
02    12.098    6.179   -9.108 -166.204    5.477  -29.853    1610521804229
01    12.023    5.492   -8.173 -142.022   45.927   40.370    1610521804244
02    11.953    6.177   -9.104 -163.596   -3.745  -30.364    1610521804244
01    12.101    5.595   -8.213 -141.944   47.344   41.189    1610521804267
02    11.903    6.171   -9.085 -162.915   -7.194  -31.297    1610521804267
01    12.131    5.663   -8.234 -142.305   47.784   40.910    1610521804283
02    11.865    6.198   -9.054 -162.348   -8.499  -32.644    1610521804283
01    12.123    5.694   -8.269 -142.745   47.825   40.242    1610521804298
02    11.826    6.231   -9.030 -161.636   -8.979  -33.489    1610521804298
01    12.118    5.710   -8.254 -143.181   48.278   39.332    1610521804314
02    11.782    6.267   -9.006 -160.548   -9.155  -33.832    1610521804314
01    12.160    5.710   -8.079 -143.204   49.036   38.403    1610521804330
02    11.813    6.195   -8.881 -161.717   -6.492  -33.138    1610521804330
01    12.203    5.732   -7.680 -138.984   48.500   38.903    1610521804345
02    11.561    6.167   -9.154 -166.340    0.004  -33.629    1610521804345
01    12.031    5.755   -7.458 -131.592   42.954   38.274    1610521804367
02    10.642    6.640  -10.309 -170.478    8.240  -37.368    1610521804367
01    11.857    5.579   -7.402 -124.317   35.015   35.882    1610521804384
02    10.441    7.283  -11.278 -178.060   22.563  -41.689    1610521804384
01    11.871    5.263   -7.266 -116.686   27.269   33.384    1610521804399
02    11.236    7.660  -11.409  170.297   41.265  -50.742    1610521804399
01    11.957    5.007   -7.083 -111.483   23.400   31.855    1610521804415
02    12.134    7.768  -11.331  148.724   60.808  -68.481    1610521804415
01    12.071    4.769   -6.842 -109.469   22.047   31.818    1610521804430
02    12.663    7.811  -11.281  118.444   69.171  -95.923    1610521804430
01    12.144    4.600   -6.654 -109.744   21.865   31.712    1610521804446
02    12.955    7.866  -11.231   98.518   69.266 -114.870    1610521804446
01    12.178    4.512   -6.513 -111.336   22.354   32.071    1610521804468
02    13.145    7.889  -11.197   88.388   68.750 -124.546    1610521804468
01    12.130    4.505   -6.488 -113.799   22.612   31.677    1610521804484
02    13.247    7.883  -11.187   85.395   68.933 -127.482    1610521804484
01    12.068    4.524   -6.531 -115.746   22.802   31.186    1610521804499
02    13.283    7.855  -11.184   86.785   69.646 -126.218    1610521804499
01    12.051    4.512   -6.580 -117.324   23.451   31.897    1610521804515
02    13.257    7.770  -11.205   95.544   71.539 -117.677    1610521804515
01    12.050    4.503   -6.644 -119.470   24.804   33.710    1610521804531
02    13.198    7.627  -11.129  115.553   73.166  -97.668    1610521804531
01    11.999    4.566   -6.780 -122.519   26.554   35.929    1610521804546
02    13.175    7.432  -10.759  142.018   71.180  -70.498    1610521804546
01    11.891    4.707   -7.039 -126.489   28.424   37.587    1610521804569
02    13.341    7.033   -9.514  157.729   64.047  -54.682    1610521804569
01    11.731    4.940   -7.426 -132.309   31.283   38.134    1610521804585
02    12.839    6.931   -8.863  172.797   47.455  -43.302    1610521804585
01    11.580    5.402   -7.921 -138.361   36.411   37.001    1610521804600
02    11.905    6.825   -8.945 -169.364   10.988  -34.762    1610521804600
01    11.666    5.747   -7.996 -142.135   43.156   37.079    1610521804616
02    11.597    6.802   -8.852 -165.714   -5.150  -35.447    1610521804616
01    11.750    5.913   -7.980 -143.579   46.793   38.250    1610521804632
02    11.487    6.766   -8.767 -165.335  -11.021  -35.170    1610521804632
01    11.781    6.024   -7.967 -144.477   48.291   38.349    1610521804647
02    11.408    6.790   -8.701 -165.043  -13.533  -35.106    1610521804647
01    11.780    6.094   -7.961 -145.103   48.792   37.158    1610521804669
02    11.317    6.840   -8.651 -163.511  -15.108  -35.600    1610521804669
01    11.777    6.116   -7.950 -146.115   49.317   35.278    1610521804685
02    11.224    6.873   -8.617 -161.271  -16.308  -36.073    1610521804685
01    11.812    6.108   -7.840 -147.295   50.204   33.106    1610521804701
02    11.195    6.852   -8.524 -160.095  -15.711  -37.318    1610521804701
01    11.881    6.108   -7.542 -144.689   50.411   32.539    1610521804716
02    11.273    6.661   -8.478 -165.074   -7.266  -36.672    1610521804716
01    11.820    6.126   -7.257 -135.650   46.509   34.123    1610521804732
02    10.690    6.889   -9.217 -169.214    0.560  -38.610    1610521804732
01    11.664    6.003   -7.182 -125.866   38.252   33.696    1610521804748
02    10.019    7.505  -10.335 -174.754   10.946  -41.931    1610521804748
01    11.671    5.680   -7.092 -118.681   31.240   32.270    1610521804770
02    10.281    8.009  -10.895  174.867   26.629  -48.258    1610521804770
01    11.776    5.379   -6.952 -113.137   27.136   30.993    1610521804786
02    11.079    8.268  -10.951  159.728   43.973  -59.927    1610521804786
01    11.915    5.107   -6.732 -110.695   25.753   30.815    1610521804801
02    11.842    8.280  -10.940  138.245   59.730  -77.774    1610521804801
01    12.022    4.888   -6.495 -111.344   25.386   31.566    1610521804817
02    12.337    8.250  -10.958  118.349   67.138  -95.428    1610521804817
01    12.020    4.790   -6.369 -113.992   25.303   31.957    1610521804833
02    12.659    8.281  -10.944  104.353   68.169 -108.971    1610521804833
01    11.949    4.794   -6.356 -117.165   25.172   31.767    1610521804848
02    12.881    8.289  -10.949   97.386   68.310 -115.646    1610521804848
01    11.871    4.838   -6.378 -119.925   25.155   31.730    1610521804870
02    13.024    8.249  -10.977   97.025   69.589 -115.784    1610521804870
01    11.801    4.887   -6.433 -122.437   25.312   32.241    1610521804886
02    13.097    8.106  -10.941  105.903   71.432 -106.244    1610521804886
01    11.752    4.911   -6.594 -125.058   26.072   34.042    1610521804902
02    13.142    7.907  -10.663  131.131   70.632  -81.614    1610521804902
01    11.687    4.995   -6.899 -128.619   27.887   36.545    1610521804917
02    13.294    7.591   -9.930  151.214   64.545  -62.162    1610521804917
01    11.551    5.259   -7.318 -133.894   30.801   37.267    1610521804933
02    13.201    7.265   -8.851  164.941   50.719  -51.579    1610521804933
01    11.563    5.628   -7.500 -140.431   37.311   36.766    1610521804949
02    12.328    7.034   -8.806 -174.919   20.261  -35.506    1610521804949
01    11.592    5.929   -7.643 -144.923   42.073   36.626    1610521804971
02    11.885    6.945   -8.727 -170.152    2.400  -35.015    1610521804971
01    11.637    6.136   -7.714 -147.218   44.687   36.522    1610521804987
02    11.643    6.963   -8.647 -167.513   -6.351  -35.454    1610521804987
01    11.661    6.246   -7.769 -148.667   45.679   36.037    1610521805002
02    11.502    6.970   -8.603 -166.398  -10.470  -35.781    1610521805002
01    11.651    6.317   -7.806 -149.764   46.015   34.902    1610521805018
02    11.400    6.992   -8.566 -165.354  -12.386  -36.128    1610521805018
01    11.643    6.334   -7.846 -150.757   46.470   33.628    1610521805034
02    11.328    7.018   -8.527 -164.155  -12.985  -35.770    1610521805034
01    11.686    6.314   -7.733 -152.282   47.559   31.709    1610521805049
02    11.325    6.994   -8.414 -164.115  -10.859  -36.304    1610521805049
01    11.790    6.359   -7.276 -149.309   48.576   30.930    1610521805071
02    11.172    6.936   -8.590 -167.868   -3.696  -35.266    1610521805071
01    11.631    6.422   -7.001 -138.798   43.927   31.666    1610521805087
02    10.363    7.196   -9.624 -169.915    4.480  -36.028    1610521805087
01    11.417    6.256   -6.994 -128.151   35.380   29.845    1610521805103
02    10.148    7.488  -10.730 -174.431   20.750  -36.202    1610521805103
01    11.468    5.867   -6.907 -120.289   29.127   28.041    1610521805118
02    10.768    7.724  -11.052  178.021   40.454  -40.598    1610521805118
01    11.613    5.537   -6.769 -114.347   25.983   26.679    1610521805134
02    11.484    8.082  -10.968  159.744   57.547  -57.264    1610521805134
01    11.772    5.283   -6.621 -111.751   25.319   27.132    1610521805149
02    12.002    8.325  -10.871  128.926   65.217  -86.762    1610521805149
01    11.888    5.112   -6.497 -111.563   25.605   27.886    1610521805171
02    12.382    8.472  -10.797  106.517   65.804 -108.234    1610521805171
01    11.941    5.032   -6.390 -112.716   25.832   28.700    1610521805187
02    12.670    8.544  -10.773   93.804   65.713 -119.857    1610521805187
01    11.928    5.007   -6.347 -114.987   25.707   28.838    1610521805203
02    12.846    8.554  -10.810   89.085   66.134 -123.986    1610521805203
01    11.872    5.032   -6.378 -116.976   25.372   28.350    1610521805219
02    12.947    8.523  -10.860   89.303   67.089 -123.633    1610521805219
01    11.852    5.037   -6.413 -118.437   25.388   28.752    1610521805234
02    12.984    8.433  -10.887   95.482   69.037 -117.725    1610521805234
01    11.871    5.006   -6.466 -120.232   26.202   30.607    1610521805250
02    13.015    8.273  -10.776  112.656   70.736 -100.940    1610521805250
01    11.866    5.008   -6.591 -123.356   27.760   33.541    1610521805272
02    13.175    8.013  -10.244  138.027   68.684  -75.943    1610521805272
01    11.746    5.140   -6.896 -128.106   29.470   35.649    1610521805288
02    13.304    7.484   -9.105  158.532   58.252  -56.553    1610521805288
01    11.539    5.464   -7.338 -136.768   33.021   36.032    1610521805304
02    12.308    7.507   -9.042  177.249   34.694  -44.526    1610521805304
01    11.446    5.895   -7.592 -143.246   38.162   35.237    1610521805319
02    11.614    7.328   -9.008 -171.178    5.759  -38.206    1610521805319
01    11.475    6.189   -7.606 -147.886   42.594   34.525    1610521805335
02    11.378    7.266   -8.776 -168.288   -7.999  -37.457    1610521805335
01    11.502    6.333   -7.608 -149.707   44.417   34.225    1610521805350
02    11.261    7.240   -8.594 -166.918  -13.282  -37.250    1610521805350
01    11.515    6.417   -7.611 -150.784   45.201   33.240    1610521805372
02    11.175    7.228   -8.466 -165.946  -15.401  -37.257    1610521805372
01    11.516    6.452   -7.633 -151.096   45.770   32.126    1610521805388
02    11.107    7.226   -8.367 -164.322  -16.066  -37.514    1610521805388
01    11.557    6.421   -7.589 -151.459   46.768   31.184    1610521805404
02    11.065    7.168   -8.305 -163.363  -16.311  -38.087    1610521805404
01    11.682    6.417   -7.260 -150.436   48.439   30.302    1610521805420
02    11.141    6.972   -8.177 -167.496   -9.559  -38.668    1610521805420
01    11.637    6.456   -6.930 -141.693   45.711   31.241    1610521805435
02    10.551    7.253   -8.771 -171.500   -1.839  -41.295    1610521805435
01    11.427    6.410   -6.858 -130.763   37.685   30.183    1610521805451
02     9.992    7.703   -9.669 -176.241    9.732  -43.227    1610521805451
01    11.398    6.096   -6.828 -122.537   30.511   27.987    1610521805473
02    10.197    7.932  -10.277  176.481   27.586  -46.060    1610521805473
01    11.527    5.753   -6.722 -115.720   26.511   26.419    1610521805489
02    10.813    8.109  -10.503  166.042   46.523  -53.651    1610521805489
01    11.687    5.482   -6.599 -111.413   25.233   26.414    1610521805504
02    11.407    8.306  -10.567  143.529   61.298  -73.660    1610521805504
01    11.850    5.250   -6.500 -109.655   25.489   26.903    1610521805520
02    11.846    8.487  -10.586  116.342   64.877  -99.478    1610521805520
01    11.960    5.129   -6.422 -109.407   26.081   27.593    1610521805536
02    12.305    8.621  -10.614   98.370   64.777 -115.957    1610521805536
01    12.009    5.078   -6.368 -110.358   26.377   28.210    1610521805551
02    12.683    8.712  -10.676   89.607   64.514 -123.831    1610521805551
01    11.995    5.070   -6.376 -112.222   26.432   28.274    1610521805573
02    12.892    8.692  -10.764   89.311   65.400 -123.926    1610521805573
01    11.979    5.056   -6.443 -113.776   26.486   28.719    1610521805589
02    12.949    8.528  -10.815   99.815   67.998 -113.684    1610521805589
01    12.013    5.001   -6.513 -115.583   27.387   31.089    1610521805605
02    13.009    8.279  -10.600  120.388   69.148  -93.633    1610521805605
01    12.011    5.003   -6.646 -118.512   29.114   34.376    1610521805621
02    13.160    7.940   -9.942  144.420   65.313  -70.071    1610521805621
01    11.922    5.128   -6.874 -122.575   30.980   36.970    1610521805636
02    13.203    7.568   -9.114  160.882   53.754  -55.017    1610521805636
01    11.774    5.334   -7.160 -129.305   33.319   38.938    1610521805652
02    12.154    7.670   -9.254 -177.177   25.662  -41.994    1610521805652
01    11.578    5.689   -7.510 -137.171   36.274   38.517    1610521805674
02    11.677    7.514   -9.062 -167.124   -2.076  -37.550    1610521805674
01    11.493    6.063   -7.735 -144.133   40.805   37.254    1610521805690
02    11.548    7.415   -8.816 -166.368  -14.885  -36.794    1610521805690
01    11.527    6.274   -7.759 -148.116   44.742   36.819    1610521805705
02    11.510    7.350   -8.636 -167.653  -18.833  -35.297    1610521805705
01    11.548    6.406   -7.730 -150.355   46.626   36.427    1610521805721
02    11.469    7.322   -8.506 -168.856  -20.156  -33.751    1610521805721
01    11.566    6.494   -7.651 -151.536   47.458   35.682    1610521805737
02    11.385    7.343   -8.413 -168.696  -21.352  -32.478    1610521805737
01    11.565    6.546   -7.578 -151.117   47.445   34.222    1610521805752
02    11.260    7.384   -8.338 -166.610  -22.428  -31.618    1610521805752
01    11.525    6.537   -7.551 -151.229   46.546   32.581    1610521805774
02    11.288    7.346   -8.021 -164.709  -17.805  -35.604    1610521805774
01    11.604    6.576   -7.193 -147.985   47.916   31.332    1610521805790
02    11.147    7.196   -8.110 -168.324   -8.639  -37.461    1610521805790
01    11.472    6.680   -6.921 -136.257   43.141   31.385    1610521805805
02    10.247    7.599   -9.050 -171.021    0.012  -41.071    1610521805805
01    11.285    6.562   -6.899 -123.983   33.374   28.345    1610521805821
02     9.925    8.074   -9.930 -177.281   14.616  -43.468    1610521805821
01    11.378    6.196   -6.767 -116.404   27.793   26.749    1610521805837
02    10.415    8.345  -10.326  173.517   33.140  -48.788    1610521805837
01    11.530    5.882   -6.624 -111.120   25.266   25.581    1610521805852
02    11.125    8.503  -10.445  155.035   54.700  -62.808    1610521805852
01    11.713    5.602   -6.453 -108.146   24.885   25.510    1610521805874
02    11.623    8.653  -10.497  127.532   64.492  -87.717    1610521805874
01    11.869    5.384   -6.301 -107.457   25.287   25.912    1610521805890
02    11.963    8.770  -10.517  107.918   65.162 -106.420    1610521805890
01    11.947    5.273   -6.181 -108.253   25.802   26.646    1610521805906
02    12.262    8.852  -10.514   95.338   64.713 -118.119    1610521805906
01    11.942    5.233   -6.108 -110.298   26.021   27.093    1610521805921
02    12.491    8.937  -10.536   90.883   64.137 -122.240    1610521805921
01    11.872    5.243   -6.124 -112.869   25.881   26.932    1610521805937
02    12.641    8.985  -10.575   90.304   64.364 -123.040    1610521805937
01    11.831    5.242   -6.175 -115.167   26.062   27.632    1610521805953
02    12.717    8.923  -10.614   94.134   65.867 -119.712    1610521805953
01    11.828    5.219   -6.294 -117.813   27.194   30.078    1610521805975
02    12.704    8.796  -10.584  109.065   67.640 -105.903    1610521805975
01    11.780    5.310   -6.477 -121.339   29.195   33.145    1610521805991
02    12.646    8.607  -10.367  132.201   66.086  -83.161    1610521805991
01    11.656    5.524   -6.742 -125.603   31.043   35.383    1610521806006
02    12.688    8.280   -9.763  147.814   59.589  -68.030    1610521806006
01    11.504    5.788   -7.076 -132.727   33.654   37.239    1610521806022
02    12.842    7.811   -8.390  157.538   50.343  -59.658    1610521806022
01    11.462    6.195   -7.273 -140.626   39.978   36.915    1610521806037
02    11.930    7.672   -8.399 -178.148   21.054  -41.280    1610521806037
01    11.389    6.575   -7.593 -146.033   42.808   36.233    1610521806053
02    11.511    7.676   -8.426 -171.796    3.836  -37.035    1610521806053
01    11.496    6.750   -7.655 -147.694   46.559   37.252    1610521806075
02    11.377    7.639   -8.434 -170.270   -2.504  -35.207    1610521806075
01    11.565    6.830   -7.657 -148.665   48.098   37.475    1610521806091
02    11.315    7.618   -8.431 -170.091   -4.920  -34.555    1610521806091
01    11.609    6.849   -7.651 -148.979   48.546   36.772    1610521806107
02    11.270    7.602   -8.428 -169.344   -6.317  -34.548    1610521806107
01    11.650    6.821   -7.622 -148.242   48.793   35.726    1610521806122
02    11.211    7.588   -8.411 -167.009   -7.702  -35.280    1610521806122
01    11.671    6.743   -7.597 -147.643   48.536   34.519    1610521806138
02    11.172    7.483   -8.402 -165.777   -8.929  -36.438    1610521806138
01    11.747    6.686   -7.373 -145.830   49.242   33.779    1610521806154
02    11.135    7.357   -8.388 -167.499   -4.339  -38.282    1610521806154
01    11.741    6.639   -7.080 -139.047   46.924   34.827    1610521806175
02    10.769    7.479   -8.822 -170.700    1.809  -41.229    1610521806175
01    11.607    6.557   -6.939 -130.679   40.402   34.836    1610521806191
02    10.129    8.001   -9.719 -175.386    9.914  -45.506    1610521806191
01    11.493    6.382   -6.871 -123.744   33.475   32.742    1610521806207
02     9.884    8.810  -10.498  176.459   20.705  -51.658    1610521806207
01    11.520    6.107   -6.756 -118.563   28.082   30.517    1610521806223
02    10.644    9.214  -10.584  161.857   35.433  -61.816    1610521806223
01    11.599    5.826   -6.614 -115.706   25.923   28.473    1610521806238
02    11.485    9.259  -10.566  143.247   49.922  -76.441    1610521806238
01    11.707    5.595   -6.444 -114.975   25.594   27.811    1610521806254
02    12.061    9.165  -10.628  126.962   60.135  -90.039    1610521806254
01    11.776    5.457   -6.256 -116.516   25.649   28.639    1610521806270
02    12.407    9.131  -10.666  114.812   65.154 -100.688    1610521806270
01    11.714    5.459   -6.235 -119.185   25.534   28.650    1610521806292
02    12.637    9.129  -10.684  106.876   66.521 -108.320    1610521806292
01    11.631    5.533   -6.291 -120.775   25.534   28.559    1610521806307
02    12.824    9.084  -10.695  102.206   67.714 -112.761    1610521806307
01    11.598    5.576   -6.350 -121.919   25.829   29.216    1610521806323
02    12.878    9.026  -10.715  106.917   69.058 -108.589    1610521806323
01    11.601    5.568   -6.430 -123.453   26.570   30.863    1610521806338
02    12.897    8.859  -10.619  121.876   69.689  -93.867    1610521806338
01    11.590    5.556   -6.622 -126.710   28.008   33.734    1610521806354
02    12.958    8.603  -10.174  143.199   66.449  -72.862    1610521806354
01    11.415    5.763   -7.033 -132.411   30.237   35.247    1610521806370
02    13.088    8.142   -9.140  156.731   57.636  -60.186    1610521806370
01    11.213    6.296   -7.400 -142.257   35.316   33.589    1610521806392
02    12.514    8.196   -8.576  174.751   39.645  -47.997    1610521806392
01    11.232    6.723   -7.447 -149.245   41.563   31.506    1610521806407
02    11.908    7.968   -8.615 -175.508   16.140  -40.171    1610521806407
01    11.288    6.988   -7.437 -152.061   44.393   31.102    1610521806423
02    11.555    7.923   -8.538 -171.155    2.034  -38.441    1610521806423
01    11.316    7.133   -7.467 -152.452   45.008   30.617    1610521806439
02    11.311    7.898   -8.467 -168.396   -5.033  -39.275    1610521806439
01    11.338    7.198   -7.489 -152.692   45.156   29.657    1610521806454
02    11.144    7.889   -8.382 -166.567   -7.804  -41.132    1610521806454
01    11.341    7.244   -7.508 -153.037   45.184   28.957    1610521806470
02    11.045    7.878   -8.312 -165.864   -8.837  -42.154    1610521806470
01    11.361    7.236   -7.505 -153.688   45.436   28.365    1610521806492
02    10.983    7.872   -8.259 -165.398   -9.307  -42.438    1610521806492
01    11.432    7.199   -7.361 -154.205   46.168   27.662    1610521806508
02    11.004    7.764   -8.134 -167.589   -7.036  -42.264    1610521806508
01    11.509    7.191   -6.967 -150.376   46.412   27.747    1610521806523
02    10.578    7.908   -8.510 -170.733   -1.943  -43.340    1610521806523
01    11.328    7.241   -6.761 -141.065   41.878   27.582    1610521806539
02     9.810    8.436   -9.409 -174.647    5.917  -46.021    1610521806539
01    11.128    7.107   -6.772 -130.082   34.224   25.228    1610521806555
02     9.540    9.114  -10.264  178.079   17.904  -49.613    1610521806555
01    11.220    6.734   -6.707 -119.952   28.046   23.039    1610521806570
02    10.233    9.490  -10.497  165.377   33.739  -57.818    1610521806570
01    11.378    6.426   -6.619 -114.322   26.447   21.718    1610521806577
02    11.093    9.609  -10.506  146.447   49.604  -72.261    1610521806577
01    11.528    6.219   -6.506 -111.956   26.681   21.650    1610521806608
02    11.669    9.650  -10.560  125.945   59.375  -89.392    1610521806608
01    11.642    6.067   -6.388 -111.773   26.699   21.505    1610521806624
02    12.022    9.694  -10.579  110.495   62.404 -102.917    1610521806624
01    11.712    5.975   -6.303 -112.504   26.576   21.360    1610521806640
02    12.238    9.747  -10.579  102.401   62.463 -110.274    1610521806640
01    11.742    5.924   -6.260 -113.600   26.285   21.191    1610521806655
02    12.391    9.739  -10.589   98.950   62.867 -113.256    1610521806655
01    11.756    5.886   -6.255 -114.548   26.082   21.298    1610521806671
02    12.492    9.731  -10.610   97.851   63.326 -114.477    1610521806671
