01    15.078   -1.269   -9.577   62.275   21.189 -146.534    1612164038020
02    13.832   -4.910  -13.716 -137.396   57.581 -129.061    1612164038020
01    15.078   -1.266   -9.577   62.261   21.165 -146.530    1612164038033
02    13.826   -4.902  -13.722 -137.466   57.589 -129.153    1612164038033
01    15.079   -1.262   -9.574   62.254   21.140 -146.538    1612164038053
02    13.831   -4.902  -13.713 -137.367   57.624 -129.048    1612164038053
01    15.076   -1.259   -9.579   62.260   21.152 -146.534    1612164038063
02    13.836   -4.912  -13.704 -137.256   57.637 -128.887    1612164038063
01    15.072   -1.255   -9.589   62.299   21.151 -146.477    1612164038084
02    13.840   -4.907  -13.706 -137.188   57.634 -128.871    1612164038084
01    15.075   -1.262   -9.587   62.254   21.149 -146.512    1612164038102
02    13.838   -4.905  -13.713 -137.190   57.598 -128.882    1612164038102
01    15.075   -1.259   -9.590   62.257   21.124 -146.510    1612164038115
02    13.841   -4.907  -13.710 -137.169   57.624 -128.812    1612164038115
01    15.081   -1.254   -9.585   62.246   21.112 -146.582    1612164038135
02    13.845   -4.909  -13.709 -136.972   57.618 -128.596    1612164038135
01    15.082   -1.253   -9.587   62.234   21.090 -146.585    1612164038154
02    13.845   -4.899  -13.715 -136.997   57.685 -128.617    1612164038154
01    15.082   -1.256   -9.588   62.178   21.065 -146.581    1612164038166
02    13.838   -4.900  -13.723 -137.106   57.651 -128.690    1612164038166
01    15.079   -1.255   -9.594   62.177   21.052 -146.528    1612164038186
02    13.838   -4.900  -13.725 -137.121   57.662 -128.661    1612164038186
01    15.077   -1.255   -9.596   62.170   21.056 -146.509    1612164038197
02    13.833   -4.899  -13.730 -137.137   57.631 -128.687    1612164038197
01    15.081   -1.247   -9.591   62.205   21.008 -146.536    1612164038217
02    13.829   -4.902  -13.733 -137.143   57.608 -128.685    1612164038217
01    15.083   -1.244   -9.589   62.232   20.953 -146.561    1612164038236
02    13.833   -4.910  -13.730 -137.052   57.602 -128.544    1612164038236
01    15.081   -1.243   -9.593   62.249   20.935 -146.512    1612164038248
02    13.831   -4.905  -13.733 -137.090   57.616 -128.601    1612164038248
01    15.081   -1.243   -9.593   62.255   20.937 -146.499    1612164038268
02    13.832   -4.902  -13.735 -137.074   57.627 -128.609    1612164038268
01    15.080   -1.244   -9.596   62.262   20.938 -146.475    1612164038287
02    13.838   -4.896  -13.731 -137.034   57.686 -128.582    1612164038287
01    15.082   -1.247   -9.591   62.228   20.930 -146.523    1612164038299
02    13.848   -4.882  -13.726 -136.899   57.741 -128.492    1612164038299
01    15.079   -1.245   -9.595   62.251   20.929 -146.494    1612164038320
02    13.841   -4.888  -13.732 -136.948   57.734 -128.505    1612164038320
01    15.078   -1.247   -9.596   62.250   20.918 -146.486    1612164038330
02    13.839   -4.888  -13.731 -136.911   57.721 -128.478    1612164038330
01    15.079   -1.245   -9.595   62.252   20.900 -146.484    1612164038350
02    13.837   -4.896  -13.735 -136.949   57.689 -128.493    1612164038350
01    15.079   -1.244   -9.595   62.258   20.932 -146.492    1612164038371
02    13.832   -4.904  -13.735 -136.930   57.640 -128.444    1612164038371
01    15.081   -1.248   -9.592   62.228   20.950 -146.524    1612164038381
02    13.829   -4.907  -13.735 -136.976   57.636 -128.463    1612164038381
01    15.082   -1.243   -9.591   62.235   20.943 -146.525    1612164038402
02    13.832   -4.897  -13.735 -136.985   57.664 -128.488    1612164038402
01    15.079   -1.241   -9.597   62.247   20.956 -146.488    1612164038420
02    13.841   -4.892  -13.727 -136.856   57.701 -128.379    1612164038420
01    15.078   -1.238   -9.596   62.254   20.954 -146.491    1612164038432
02    13.837   -4.901  -13.723 -136.825   57.679 -128.285    1612164038432
01    15.073   -1.244   -9.601   62.220   20.991 -146.478    1612164038453
02    13.839   -4.897  -13.721 -136.828   57.705 -128.287    1612164038453
01    15.074   -1.245   -9.601   62.192   20.993 -146.488    1612164038463
02    13.835   -4.883  -13.728 -136.903   57.721 -128.427    1612164038463
01    15.073   -1.245   -9.600   62.182   20.996 -146.477    1612164038483
02    13.835   -4.873  -13.731 -136.948   57.718 -128.503    1612164038483
01    15.074   -1.243   -9.596   62.159   20.985 -146.488    1612164038504
02    13.831   -4.877  -13.730 -136.988   57.703 -128.511    1612164038504
01    15.074   -1.249   -9.594   62.102   20.994 -146.508    1612164038514
02    13.830   -4.879  -13.728 -136.996   57.690 -128.517    1612164038514
01    15.072   -1.249   -9.593   62.120   21.008 -146.505    1612164038535
02    13.837   -4.878  -13.719 -136.885   57.749 -128.408    1612164038535
01    15.076   -1.240   -9.590   62.220   20.948 -146.498    1612164038553
02    13.837   -4.857  -13.722 -136.885   57.774 -128.513    1612164038553
01    15.075   -1.238   -9.591   62.248   20.951 -146.468    1612164038565
02    13.838   -4.865  -13.716 -136.876   57.758 -128.469    1612164038565
01    15.078   -1.236   -9.587   62.263   20.951 -146.498    1612164038586
02    13.837   -4.878  -13.714 -136.865   57.744 -128.416    1612164038586
01    15.077   -1.237   -9.586   62.220   20.971 -146.483    1612164038596
02    13.838   -4.878  -13.710 -136.868   57.757 -128.403    1612164038596
01    15.078   -1.238   -9.586   62.225   20.989 -146.483    1612164038617
02    13.834   -4.874  -13.710 -136.977   57.748 -128.537    1612164038617
01    15.081   -1.237   -9.581   62.239   20.985 -146.495    1612164038637
02    13.831   -4.880  -13.714 -137.014   57.706 -128.568    1612164038637
01    15.073   -1.248   -9.589   62.197   21.054 -146.457    1612164038647
02    13.832   -4.876  -13.714 -137.017   57.711 -128.615    1612164038647
01    15.075   -1.243   -9.585   62.209   21.035 -146.469    1612164038668
02    13.832   -4.866  -13.714 -137.028   57.732 -128.665    1612164038668
01    15.076   -1.244   -9.584   62.187   21.042 -146.488    1612164038686
02    13.835   -4.868  -13.711 -137.028   57.750 -128.666    1612164038686
01    15.074   -1.248   -9.587   62.172   21.071 -146.474    1612164038698
02    13.836   -4.867  -13.711 -137.040   57.741 -128.679    1612164038698
01    15.074   -1.243   -9.587   62.186   21.073 -146.472    1612164038719
02    13.830   -4.866  -13.716 -137.112   57.702 -128.756    1612164038719
01    15.074   -1.242   -9.586   62.194   21.076 -146.469    1612164038737
02    13.828   -4.867  -13.717 -137.231   57.703 -128.853    1612164038737
01    15.071   -1.241   -9.589   62.202   21.079 -146.443    1612164038750
02    13.828   -4.864  -13.715 -137.216   57.715 -128.883    1612164038750
01    15.069   -1.240   -9.591   62.222   21.095 -146.440    1612164038770
02    13.826   -4.857  -13.718 -137.304   57.697 -129.026    1612164038770
01    15.065   -1.241   -9.595   62.222   21.124 -146.421    1612164038781
02    13.828   -4.859  -13.713 -137.179   57.732 -128.865    1612164038781
01    15.061   -1.231   -9.600   62.281   21.130 -146.408    1612164038801
02    13.831   -4.856  -13.711 -137.140   57.773 -128.836    1612164038801
01    15.059   -1.227   -9.600   62.287   21.098 -146.393    1612164038819
02    13.838   -4.857  -13.703 -137.073   57.812 -128.719    1612164038819
01    15.059   -1.225   -9.599   62.315   21.106 -146.414    1612164038832
02    13.837   -4.859  -13.702 -136.962   57.803 -128.612    1612164038832
01    15.055   -1.229   -9.607   62.323   21.115 -146.384    1612164038852
02    13.844   -4.867  -13.693 -136.841   57.795 -128.456    1612164038852
01    15.051   -1.245   -9.608   62.274   21.171 -146.397    1612164038871
02    13.837   -4.865  -13.706 -136.895   57.777 -128.536    1612164038871
01    15.049   -1.241   -9.615   62.304   21.165 -146.346    1612164038883
02    13.839   -4.856  -13.710 -136.924   57.821 -128.610    1612164038883
01    15.051   -1.234   -9.614   62.331   21.141 -146.340    1612164038903
02    13.833   -4.864  -13.715 -136.946   57.780 -128.602    1612164038903
01    15.054   -1.242   -9.610   62.308   21.166 -146.382    1612164038914
02    13.840   -4.871  -13.710 -136.831   57.787 -128.426    1612164038914
01    15.056   -1.239   -9.610   62.292   21.139 -146.405    1612164038934
02    13.843   -4.870  -13.708 -136.777   57.824 -128.342    1612164038934
01    15.057   -1.249   -9.605   62.235   21.120 -146.434    1612164038953
02    13.838   -4.870  -13.719 -136.795   57.821 -128.339    1612164038953
01    15.059   -1.249   -9.604   62.210   21.095 -146.469    1612164038965
02    13.845   -4.882  -13.715 -136.272   57.854 -127.653    1612164038965
01    15.058   -1.254   -9.604   62.180   21.084 -146.510    1612164038985
02    13.849   -4.881  -13.723 -136.090   57.879 -127.516    1612164038985
01    15.057   -1.266   -9.603   62.058   21.020 -146.631    1612164039004
02    13.860   -4.886  -13.722 -135.288   58.013 -126.676    1612164039004
01    15.055   -1.262   -9.614   62.149   20.964 -146.610    1612164039017
02    13.868   -4.913  -13.727 -134.746   57.949 -125.885    1612164039017
01    15.055   -1.262   -9.618   62.178   20.921 -146.671    1612164039037
02    13.903   -4.956  -13.719 -133.411   57.846 -124.567    1612164039037
01    15.046   -1.272   -9.629   62.184   20.889 -146.664    1612164039047
02    13.920   -4.946  -13.738 -132.740   57.953 -124.205    1612164039047
01    15.044   -1.271   -9.634   62.238   20.827 -146.698    1612164039068
02    13.915   -4.975  -13.771 -132.583   57.890 -123.812    1612164039068
01    15.046   -1.283   -9.636   62.240   20.799 -146.936    1612164039086
02    13.936   -4.989  -13.766 -131.714   57.841 -122.868    1612164039086
01    15.027   -1.288   -9.667   62.315   20.779 -146.913    1612164039099
02    13.960   -4.972  -13.767 -131.518   58.096 -122.821    1612164039099
01    15.002   -1.310   -9.700   62.382   20.662 -147.164    1612164039119
02    13.979   -4.964  -13.767 -131.992   58.320 -123.208    1612164039119
01    14.947   -1.340   -9.775   62.724   20.586 -147.881    1612164039130
02    14.001   -4.940  -13.773 -133.665   58.700 -124.880    1612164039130
01    14.779   -1.419   -9.992   63.793   21.296 -149.194    1612164039150
02    14.179   -4.721  -13.512 -139.003   59.659 -131.091    1612164039150
01    14.509   -1.630  -10.389   66.786   24.170 -151.992    1612164039171
02    14.759   -4.440  -12.313 -163.795   59.304 -155.119    1612164039171
01    14.182   -2.060  -10.848   71.884   30.149 -156.067    1612164039181
02    14.874   -5.117  -11.125  161.598   47.961  177.218    1612164039181
01    13.847   -2.653  -11.294   81.185   40.086 -159.433    1612164039201
02    13.536   -4.822  -11.955  143.040   12.052  162.055    1612164039201
01    13.821   -2.585  -11.532   94.191   49.051 -158.575    1612164039221
02    13.055   -3.950  -12.064  146.771  -13.899  165.396    1612164039221
01    13.926   -2.547  -11.568   98.277   52.613 -158.062    1612164039233
02    13.093   -3.739  -11.992  148.720  -18.121  166.058    1612164039233
01    13.997   -2.518  -11.619   98.873   52.922 -158.489    1612164039253
02    13.123   -3.715  -12.007  149.984  -18.186  164.807    1612164039253
01    14.069   -2.545  -11.682   97.967   53.345 -159.669    1612164039264
02    13.194   -3.741  -12.058  150.985  -16.516  163.178    1612164039264
01    14.055   -2.644  -11.800   97.370   53.762 -160.285    1612164039284
02    13.247   -3.752  -12.153  151.977  -14.792  161.087    1612164039284
01    14.108   -2.682  -11.819   95.457   53.666 -163.159    1612164039303
02    13.303   -3.810  -12.231  152.487  -12.334  159.011    1612164039303
01    14.130   -2.748  -11.842   93.431   53.053 -166.163    1612164039315
02    13.343   -3.839  -12.309  152.161   -9.184  157.758    1612164039315
01    14.166   -2.775  -11.778   91.307   51.825 -169.049    1612164039336
02    13.422   -3.763  -12.369  151.599   -5.400  156.804    1612164039336
01    14.161   -2.746  -11.697   91.630   50.937 -169.034    1612164039346
02    13.413   -3.675  -12.608  149.166   -2.455  157.189    1612164039346
01    14.230   -2.468  -11.488   90.365   47.034 -169.302    1612164039367
02    13.295   -3.287  -13.033  150.486    2.483  156.915    1612164039367
01    14.372   -2.094  -11.153   86.576   40.060 -168.605    1612164039387
02    12.882   -3.063  -14.049  153.899   10.970  160.554    1612164039387
01    14.628   -1.674  -10.620   80.996   31.965 -166.252    1612164039397
02    12.900   -3.419  -14.594  158.609   23.022  166.695    1612164039397
01    14.758   -1.562  -10.258   74.357   24.630 -161.439    1612164039418
02    13.085   -4.060  -14.694  168.925   38.405  178.858    1612164039418
01    14.806   -1.515  -10.093   69.675   20.719 -156.268    1612164039436
02    13.256   -4.573  -14.587 -173.970   48.839 -162.962    1612164039436
01    14.795   -1.519   -9.993   67.143   19.286 -152.648    1612164039449
02    13.398   -4.959  -14.446 -156.226   52.570 -144.650    1612164039449
01    14.741   -1.572   -9.911   66.335   18.680 -150.227    1612164039469
02    13.556   -5.179  -14.285 -143.579   54.459 -132.079    1612164039469
01    14.667   -1.581   -9.853   67.000   18.344 -148.610    1612164039487
02    13.664   -5.259  -14.189 -136.922   55.540 -125.882    1612164039487
01    14.595   -1.583   -9.819   67.904   18.041 -147.515    1612164039500
02    13.765   -5.287  -14.099 -131.986   56.282 -121.343    1612164039500
01    14.568   -1.564   -9.790   68.676   17.776 -146.920    1612164039520
02    13.819   -5.288  -14.065 -130.161   56.915 -119.637    1612164039520
01    14.555   -1.551   -9.785   69.019   17.549 -146.666    1612164039531
02    13.875   -5.266  -14.041 -129.132   57.384 -118.628    1612164039531
01    14.549   -1.540   -9.806   69.211   17.470 -146.547    1612164039551
02    13.927   -5.265  -14.008 -129.036   57.884 -118.148    1612164039551
01    14.533   -1.555   -9.826   69.368   17.395 -146.693    1612164039563
02    13.955   -5.239  -14.008 -130.284   58.195 -119.346    1612164039563
01    14.494   -1.600   -9.874   69.853   17.587 -147.084    1612164039584
02    13.985   -5.225  -14.012 -132.010   58.679 -120.828    1612164039584
01    14.381   -1.701   -9.977   71.086   18.417 -147.861    1612164039602
02    14.056   -5.135  -13.953 -135.494   59.773 -125.456    1612164039602
01    14.154   -1.868  -10.229   74.452   20.744 -149.121    1612164039615
02    14.384   -4.854  -13.382 -150.148   61.171 -141.285    1612164039615
01    13.803   -2.193  -10.705   81.075   25.963 -151.219    1612164039635
02    14.931   -5.169  -11.704  178.689   57.956 -168.447    1612164039635
01    13.574   -2.413  -11.192   92.156   34.796 -153.865    1612164039654
02    14.271   -5.289  -11.441  149.274   36.425  165.859    1612164039654
01    13.503   -2.512  -11.553   99.750   41.922 -155.142    1612164039666
02    13.252   -4.404  -11.982  149.043    0.008  167.109    1612164039666
01    13.698   -2.596  -11.495   98.124   44.719 -160.266    1612164039686
02    13.114   -3.984  -12.059  149.750  -10.443  167.229    1612164039686
01    13.795   -2.616  -11.474   96.101   44.311 -163.322    1612164039697
02    13.079   -3.877  -12.092  149.705  -13.396  167.246    1612164039697
01    13.864   -2.621  -11.500   94.470   43.545 -165.426    1612164039717
02    13.119   -3.817  -12.113  150.177  -13.356  166.252    1612164039717
01    13.913   -2.643  -11.548   93.345   43.473 -167.124    1612164039736
02    13.146   -3.815  -12.176  150.536  -12.391  165.107    1612164039736
01    13.970   -2.632  -11.599   92.062   43.719 -168.945    1612164039748
02    13.174   -3.842  -12.267  150.452  -10.814  162.920    1612164039748
01    14.063   -2.629  -11.575   89.845   43.908 -170.857    1612164039768
02    13.265   -3.807  -12.317  150.051   -7.790  159.761    1612164039768
01    14.171   -2.524  -11.416   88.757   43.559 -171.627    1612164039787
02    13.270   -3.555  -12.550  149.109   -4.593  157.437    1612164039787
01    14.380   -2.163  -11.052   86.268   38.743 -171.275    1612164039799
02    13.036   -3.001  -13.236  151.301    2.821  157.187    1612164039799
01    14.713   -1.713  -10.478   81.497   30.680 -169.163    1612164039820
02    12.725   -2.830  -14.335  155.028   14.308  161.659    1612164039820
01    14.953   -1.506  -10.046   74.627   22.200 -163.606    1612164039830
02    12.950   -3.465  -14.800  160.547   29.597  169.586    1612164039830
01    15.110   -1.357   -9.914   68.139   16.964 -156.767    1612164039851
02    13.381   -4.161  -14.701  174.003   46.752 -174.740    1612164039851
01    15.160   -1.419   -9.905   63.017   16.433 -152.383    1612164039869
02    13.652   -4.726  -14.474 -161.859   55.677 -148.302    1612164039869
01    15.107   -1.502   -9.927   60.848   17.051 -150.054    1612164039887
02    13.824   -5.043  -14.291 -143.523   56.678 -129.132    1612164039887
01    14.991   -1.604   -9.952   60.941   17.736 -149.371    1612164039902
02    13.967   -5.207  -14.165 -134.468   56.882 -119.998    1612164039902
01    14.809   -1.732  -10.037   62.548   18.810 -149.351    1612164039920
02    14.082   -5.209  -14.089 -132.264   58.354 -118.331    1612164039920
01    14.592   -1.904  -10.155   65.623   20.660 -150.277    1612164039933
02    14.190   -5.047  -14.020 -138.719   61.462 -125.873    1612164039933
01    14.338   -2.083  -10.361   70.719   23.901 -151.572    1612164039953
02    14.335   -4.816  -13.798 -154.850   63.424 -142.989    1612164039953
01    14.139   -2.195  -10.606   77.366   28.061 -153.059    1612164039964
02    14.433   -4.750  -13.412 -175.704   60.217 -162.905    1612164039964
01    13.994   -2.315  -10.882   83.489   32.799 -154.588    1612164039984
02    14.505   -4.740  -12.897  168.010   52.611 -178.905    1612164039984
01    13.859   -2.552  -11.245   89.598   38.668 -155.845    1612164040002
02    14.537   -4.783  -12.143  157.646   41.212  170.131    1612164040002
01    13.837   -2.658  -11.564   97.632   46.344 -156.739    1612164040015
02    13.965   -4.260  -12.263  155.473   17.871  167.351    1612164040015
01    13.960   -2.734  -11.640   98.317   49.805 -161.119    1612164040035
02    13.702   -4.092  -12.338  154.217    6.725  167.553    1612164040035
01    14.035   -2.841  -11.664   96.315   49.947 -165.017    1612164040054
02    13.568   -4.035  -12.394  153.127    0.241  167.831    1612164040054
01    14.094   -2.839  -11.713   94.750   48.704 -168.054    1612164040066
02    13.511   -4.007  -12.458  152.780   -2.368  166.768    1612164040066
01    14.153   -2.851  -11.743   93.260   48.123 -170.621    1612164040086
02    13.521   -3.958  -12.523  153.067   -2.452  164.607    1612164040086
01    14.218   -2.861  -11.751   91.928   47.958 -172.843    1612164040097
02    13.545   -3.950  -12.599  153.082   -1.545  162.164    1612164040097
01    14.305   -2.768  -11.734   90.752   47.234 -174.415    1612164040117
02    13.601   -3.912  -12.648  152.872    0.051  158.771    1612164040117
01    14.372   -2.741  -11.692   89.672   46.997 -174.446    1612164040136
02    13.610   -3.783  -12.790  151.382    1.456  156.632    1612164040136
01    14.509   -2.533  -11.495   87.708   44.442 -174.687    1612164040148
02    13.487   -3.165  -13.319  151.544    5.287  154.866    1612164040148
01    14.720   -2.161  -11.118   84.365   38.146 -173.548    1612164040168
02    13.357   -2.846  -14.164  152.582   14.300  157.015    1612164040168
01    15.031   -1.711  -10.541   78.976   29.171 -170.480    1612164040187
02    13.512   -2.928  -14.833  154.287   25.629  160.198    1612164040187
01    15.245   -1.508  -10.179   71.259   19.722 -164.226    1612164040199
02    13.953   -3.683  -14.867  159.663   43.181  169.566    1612164040199
01    15.382   -1.444  -10.069   64.758   16.007 -158.457    1612164040220
02    14.239   -4.335  -14.677  178.752   59.084 -167.409    1612164040220
01    15.459   -1.492   -9.985   60.040   15.281 -154.728    1612164040231
02    14.344   -4.809  -14.515 -152.673   62.885 -136.647    1612164040231
01    15.468   -1.549   -9.917   57.484   15.309 -152.091    1612164040252
02    14.407   -5.041  -14.367 -135.859   61.574 -119.169    1612164040252
01    15.418   -1.582   -9.863   56.904   15.105 -149.950    1612164040270
02    14.405   -5.149  -14.274 -129.644   60.408 -113.110    1612164040270
01    15.341   -1.608   -9.827   57.483   15.139 -148.444    1612164040283
02    14.375   -5.181  -14.218 -127.918   59.955 -111.876    1612164040283
01    15.231   -1.651   -9.834   58.628   15.731 -147.460    1612164040303
02    14.361   -5.122  -14.176 -128.532   60.646 -113.053    1612164040303
01    15.076   -1.679   -9.918   61.064   16.886 -147.246    1612164040313
02    14.351   -5.000  -14.170 -132.844   62.557 -117.834    1612164040313
01    14.847   -1.780  -10.074   64.365   18.931 -147.935    1612164040334
02    14.390   -4.788  -14.077 -143.870   65.445 -130.740    1612164040334
01    14.646   -1.856  -10.240   68.603   21.113 -149.690    1612164040352
02    14.413   -4.615  -13.864 -163.354   64.901 -150.786    1612164040354
01    14.484   -1.932  -10.436   72.470   23.483 -151.816    1612164040364
02    14.445   -4.528  -13.530 -179.700   60.568 -167.622    1612164040364
01    14.272   -2.123  -10.779   76.585   26.950 -154.117    1612164040386
02    14.730   -4.737  -12.361  165.751   54.812  178.128    1612164040386
01    14.040   -2.503  -11.253   82.370   33.221 -156.681    1612164040404
02    14.452   -4.800  -11.902  151.367   38.908  163.755    1612164040404
01    13.957   -2.660  -11.642   90.233   41.723 -159.483    1612164040416
02    13.746   -4.284  -12.195  148.995    6.693  162.086    1612164040416
01    14.078   -2.764  -11.692   91.204   45.821 -163.827    1612164040437
02    13.526   -4.068  -12.293  148.506   -5.266  163.796    1612164040437
01    14.156   -2.820  -11.725   90.418   46.476 -167.316    1612164040447
02    13.442   -3.975  -12.372  148.732   -9.309  164.188    1612164040447
01    14.219   -2.848  -11.797   89.373   46.803 -169.790    1612164040468
02    13.440   -3.975  -12.439  148.986   -9.374  163.848    1612164040468
01    14.297   -2.847  -11.863   88.024   47.119 -171.941    1612164040486
02    13.463   -4.001  -12.521  148.901   -8.250  163.128    1612164040486
01    14.399   -2.820  -11.881   85.699   46.727 -173.995    1612164040499
02    13.481   -4.066  -12.609  147.700   -6.928  161.657    1612164040499
01    14.486   -2.845  -11.815   82.944   46.155 -175.521    1612164040519
02    13.541   -3.976  -12.677  147.048   -5.091  159.077    1612164040519
01    14.549   -2.688  -11.697   82.724   44.807 -175.232    1612164040529
02    13.571   -3.732  -12.852  146.433   -2.303  156.414    1612164040529
01    14.723   -2.294  -11.387   80.968   39.887 -174.452    1612164040550
02    13.376   -3.169  -13.469  148.680    4.107  156.325    1612164040550
01    15.044   -1.850  -10.872   76.389   32.278 -172.260    1612164040570
02    13.068   -2.985  -14.470  152.293   14.814  160.981    1612164040570
01    15.332   -1.643  -10.377   69.934   24.749 -167.527    1612164040581
02    13.182   -3.561  -14.961  157.805   29.054  169.051    1612164040581
01    15.469   -1.592  -10.186   62.752   19.260 -160.484    1612164040601
02    13.546   -4.228  -14.882  171.100   46.214 -175.519    1612164040601
01    15.499   -1.603  -10.119   57.830   17.737 -154.917    1612164040619
02    13.777   -4.810  -14.636 -164.218   55.880 -148.132    1612164040619
01    15.455   -1.629  -10.085   55.704   17.796 -151.497    1612164040632
02    13.889   -5.128  -14.458 -145.274   56.749 -128.244    1612164040632
01    15.376   -1.652  -10.037   55.492   18.264 -149.565    1612164040652
02    13.956   -5.299  -14.320 -135.507   56.512 -118.612    1612164040652
01    15.255   -1.691  -10.026   56.504   18.999 -148.333    1612164040670
02    13.963   -5.384  -14.215 -131.688   56.206 -115.282    1612164040670
01    15.116   -1.726  -10.039   58.723   20.056 -147.781    1612164040684
02    13.965   -5.394  -14.153 -131.591   56.626 -115.411    1612164040684
01    14.947   -1.777  -10.104   61.281   21.375 -147.691    1612164040702
02    13.992   -5.353  -14.115 -133.332   58.284 -117.393    1612164040702
01    14.789   -1.804  -10.203   64.018   22.730 -148.074    1612164040716
02    14.016   -5.288  -14.081 -137.868   60.059 -122.409    1612164040716
01    14.653   -1.883  -10.317   66.088   24.104 -149.182    1612164040736
02    14.069   -5.155  -14.008 -146.270   61.657 -131.765    1612164040736
01    14.523   -1.978  -10.462   68.435   25.776 -150.774    1612164040746
02    14.188   -5.002  -13.751 -161.993   62.158 -147.753    1612164040746
01    14.333   -2.167  -10.725   71.261   28.405 -152.597    1612164040767
02    14.480   -5.036  -12.837  176.239   59.026 -168.494    1612164040767
01    14.006   -2.602  -11.171   75.386   32.688 -154.602    1612164040786
02    14.544   -5.408  -11.638  153.699   47.938  171.400    1612164040786
01    13.743   -2.930  -11.595   85.720   41.975 -155.693    1612164040798
02    13.751   -4.347  -11.873  148.835   13.561  166.245    1612164040798
01    13.848   -2.865  -11.625   91.001   47.090 -160.992    1612164040819
02    13.379   -4.090  -12.093  146.842   -3.092  166.334    1612164040819
01    13.901   -2.886  -11.634   91.679   48.196 -164.407    1612164040837
02    13.220   -4.043  -12.189  145.970   -9.919  167.375    1612164040837
01    13.940   -2.866  -11.691   91.456   48.048 -166.386    1612164040849
02    13.134   -4.038  -12.297  145.734  -12.378  167.656    1612164040849
01    13.997   -2.909  -11.734   90.292   48.345 -167.851    1612164040870
02    13.137   -4.065  -12.360  145.588  -12.058  167.156    1612164040870
01    14.057   -2.904  -11.770   89.001   48.158 -168.803    1612164040880
02    13.158   -4.095  -12.414  145.333  -11.215  166.199    1612164040880
01    14.113   -2.849  -11.800   87.304   47.455 -169.604    1612164040901
02    13.166   -4.121  -12.477  144.608  -10.404  164.631    1612164040901
01    14.151   -2.874  -11.772   85.048   46.956 -170.292    1612164040919
02    13.206   -4.051  -12.526  144.123   -8.554  162.460    1612164040919
01    14.274   -2.647  -11.600   83.702   44.822 -170.841    1612164040931
02    13.228   -3.729  -12.710  145.109   -4.945  158.986    1612164040931
01    14.519   -2.245  -11.245   80.009   38.960 -170.565    1612164040952
02    12.900   -3.173  -13.476  148.592    2.610  159.172    1612164040952
01    14.889   -1.867  -10.694   73.958   31.431 -168.169    1612164040970
02    12.604   -3.203  -14.401  153.246   14.268  164.190    1612164040970
01    15.117   -1.726  -10.307   66.719   23.844 -162.656    1612164040983
02    12.775   -3.768  -14.829  159.457   28.538  171.908    1612164040983
01    15.225   -1.670  -10.165   61.011   20.324 -156.553    1612164041004
02    13.140   -4.395  -14.764  173.850   46.142 -171.897    1612164041004
01    15.282   -1.664  -10.074   57.376   19.254 -152.209    1612164041014
02    13.389   -4.912  -14.545 -162.641   54.937 -146.674    1612164041014
01    15.268   -1.665  -10.023   55.569   19.060 -149.292    1612164041034
02    13.538   -5.197  -14.388 -144.764   56.087 -128.431    1612164041034
01    15.233   -1.653   -9.982   55.153   19.082 -147.575    1612164041053
02    13.644   -5.324  -14.268 -136.135   56.424 -119.761    1612164041053
01    15.187   -1.664   -9.963   55.105   19.196 -146.864    1612164041065
02    13.728   -5.403  -14.171 -131.338   56.320 -114.996    1612164041065
01    15.121   -1.657   -9.991   55.726   19.522 -146.872    1612164041085
02    13.802   -5.421  -14.119 -128.835   56.728 -112.823    1612164041085
01    15.042   -1.685  -10.048   56.647   20.008 -147.505    1612164041096
02    13.889   -5.407  -14.085 -127.517   57.625 -111.809    1612164041096
01    14.952   -1.718  -10.124   58.195   20.717 -148.359    1612164041118
02    13.969   -5.400  -14.072 -128.162   58.710 -112.636    1612164041118
01    14.856   -1.773  -10.216   60.163   21.624 -149.394    1612164041137
02    14.042   -5.322  -14.072 -131.687   60.280 -116.913    1612164041137
01    14.713   -1.904  -10.327   62.939   23.325 -150.411    1612164041149
02    14.101   -5.194  -14.017 -141.884   61.899 -128.127    1612164041149
01    14.495   -2.093  -10.502   67.463   26.054 -151.246    1612164041170
02    14.222   -5.028  -13.705 -161.803   61.860 -147.880    1612164041170
01    14.140   -2.352  -10.817   73.906   29.599 -152.082    1612164041180
02    14.450   -4.963  -12.732  174.179   56.752 -170.867    1612164041180
01    13.800   -2.580  -11.223   85.063   36.370 -152.836    1612164041200
02    14.331   -5.020  -11.957  155.947   43.560  171.895    1612164041200
01    13.690   -2.614  -11.547   98.707   45.549 -152.862    1612164041219
02    13.565   -4.478  -12.201  147.905   11.729  166.006    1612164041219
01    13.731   -2.691  -11.701  102.965   51.049 -154.904    1612164041231
02    13.346   -4.085  -12.222  148.007   -3.424  167.096    1612164041231
01    13.804   -2.822  -11.669  100.036   51.305 -158.313    1612164041252
02    13.177   -4.068  -12.262  146.828   -9.460  169.714    1612164041252
01    13.846   -2.833  -11.653   97.730   49.237 -160.737    1612164041270
02    13.124   -4.037  -12.259  146.872  -11.614  170.106    1612164041270
01    13.863   -2.850  -11.683   96.310   48.058 -162.213    1612164041282
02    13.108   -4.042  -12.277  146.992  -11.707  169.414    1612164041282
01    13.900   -2.789  -11.730   94.843   47.264 -163.915    1612164041303
02    13.099   -4.050  -12.329  146.630  -11.068  167.455    1612164041303
01    14.010   -2.662  -11.728   92.126   46.536 -166.200    1612164041313
02    13.125   -4.013  -12.406  145.853   -9.908  163.921    1612164041313
01    14.136   -2.647  -11.596   88.408   45.963 -168.302    1612164041334
02    13.188   -3.837  -12.476  145.098   -7.910  159.847    1612164041334
01    14.334   -2.328  -11.332   86.123   42.835 -169.078    1612164041352
02    13.191   -3.248  -12.779  146.459   -3.059  155.920    1612164041352
01    14.603   -1.905  -10.952   81.721   36.276 -168.006    1612164041364
02    12.898   -2.654  -13.692  149.333    6.462  157.695    1612164041364
01    15.040   -1.502  -10.354   75.151   28.711 -165.596    1612164041385
02    12.725   -2.723  -14.563  153.176   18.219  162.664    1612164041385
01    15.314   -1.370  -10.070   66.420   21.039 -159.593    1612164041403
02    13.015   -3.445  -14.838  158.922   33.497  171.050    1612164041403
01    15.428   -1.385  -10.013   59.398   18.251 -154.078    1612164041416
02    13.372   -4.123  -14.696  174.323   49.598 -171.146    1612164041416
01    15.438   -1.458   -9.965   55.356   17.618 -150.536    1612164041438
02    13.571   -4.619  -14.516 -162.511   56.718 -146.060    1612164041438
01    15.378   -1.500   -9.927   54.209   17.619 -148.321    1612164041448
02    13.696   -4.914  -14.360 -146.130   57.886 -129.368    1612164041448
01    15.285   -1.522   -9.909   54.626   17.894 -146.928    1612164041469
02    13.750   -5.056  -14.251 -137.922   57.632 -121.722    1612164041469
01    15.197   -1.530   -9.930   55.505   18.402 -146.260    1612164041487
02    13.781   -5.183  -14.152 -133.180   56.953 -117.137    1612164041487
01    15.145   -1.558   -9.946   55.898   19.068 -146.394    1612164041500
02    13.812   -5.239  -14.107 -130.743   57.033 -114.714    1612164041500
01    15.112   -1.601   -9.943   55.939   19.296 -146.522    1612164041520
02    13.820   -5.268  -14.103 -130.012   57.295 -113.891    1612164041520
01    15.071   -1.640   -9.941   56.206   19.367 -146.395    1612164041530
02    13.844   -5.207  -14.084 -131.980   58.958 -116.362    1612164041530
01    14.984   -1.689   -9.982   57.191   19.724 -146.144    1612164041551
02    13.865   -5.068  -14.016 -140.494   61.198 -125.848    1612164041551
01    14.842   -1.779  -10.042   59.312   20.451 -146.608    1612164041569
02    13.979   -4.816  -13.710 -160.442   62.768 -147.820    1612164041569
01    14.586   -1.936  -10.173   63.226   21.650 -147.613    1612164041582
02    14.106   -4.703  -12.928  174.381   57.182 -171.329    1612164041582
01    14.056   -2.236  -10.555   69.750   24.482 -149.301    1612164041602
02    13.969   -4.588  -12.236  156.228   43.269  171.079    1612164041602
01    13.659   -2.437  -10.986   84.491   32.766 -152.495    1612164041620
02    13.561   -4.143  -12.179  150.241   22.629  163.530    1612164041620
01    13.465   -2.459  -11.387  102.878   43.764 -152.449    1612164041633
02    13.154   -3.763  -12.308  147.757   -0.985  160.895    1612164041633
01    13.595   -2.450  -11.455  105.566   47.887 -156.140    1612164041653
02    13.108   -3.601  -12.322  147.702   -8.088  159.920    1612164041653
01    13.721   -2.557  -11.508  102.072   47.709 -159.653    1612164041664
02    13.149   -3.566  -12.335  147.617   -9.450  160.431    1612164041664
01    13.827   -2.653  -11.582   99.250   46.996 -161.774    1612164041684
02    13.199   -3.614  -12.362  147.081   -9.296  162.333    1612164041684
01    13.891   -2.777  -11.671   96.430   46.656 -163.807    1612164041703
02    13.257   -3.689  -12.397  146.781   -8.592  163.528    1612164041703
01    13.932   -2.870  -11.743   94.475   46.640 -165.742    1612164041715
02    13.300   -3.769  -12.450  146.748   -7.732  163.881    1612164041715
01    14.011   -2.835  -11.782   93.028   46.600 -167.786    1612164041735
02    13.337   -3.831  -12.510  146.787   -6.771  163.651    1612164041735
01    14.144   -2.711  -11.780   90.512   46.396 -169.821    1612164041754
02    13.373   -3.872  -12.578  145.887   -5.956  162.395    1612164041754
01    14.284   -2.617  -11.707   86.902   45.980 -171.272    1612164041766
02    13.444   -3.813  -12.596  144.976   -4.546  159.662    1612164041766
01    14.512   -2.323  -11.462   82.818   42.607 -172.265    1612164041787
02    13.381   -3.462  -12.818  146.948   -0.464  158.131    1612164041787
01    14.840   -1.921  -11.055   77.403   36.052 -171.475    1612164041797
02    13.034   -3.067  -13.644  149.886    7.675  160.996    1612164041797
01    15.243   -1.610  -10.515   70.068   28.381 -167.828    1612164041817
02    12.835   -3.077  -14.570  153.403   18.102  165.352    1612164041817
01    15.471   -1.530  -10.201   61.308   21.156 -161.018    1612164041836
02    13.084   -3.775  -14.835  161.732   36.746  176.618    1612164041836
01    15.541   -1.558  -10.109   55.227   19.283 -155.390    1612164041848
02    13.428   -4.387  -14.657 -179.068   52.804 -162.460    1612164041848
01    15.519   -1.561  -10.132   52.772   19.733 -151.772    1612164041869
02    13.642   -4.818  -14.447 -156.563   57.400 -139.061    1612164041869
01    15.477   -1.588  -10.129   51.958   20.470 -150.019    1612164041887
02    13.761   -5.106  -14.274 -143.124   57.330 -125.213    1612164041887
01    15.387   -1.622  -10.138   52.464   21.278 -149.426    1612164041899
02    13.828   -5.233  -14.167 -137.589   56.848 -120.077    1612164041899
01    15.241   -1.676  -10.211   54.177   22.526 -149.232    1612164041920
02    13.884   -5.236  -14.129 -137.398   57.959 -120.403    1612164041920
01    15.064   -1.769  -10.295   56.793   24.009 -149.610    1612164041930
02    13.938   -5.188  -14.095 -141.364   60.094 -124.880    1612164041930
01    14.828   -1.896  -10.457   60.548   26.253 -150.595    1612164041951
02    14.046   -5.068  -13.927 -150.701   61.993 -135.835    1612164041951
01    14.564   -2.099  -10.662   65.524   29.733 -152.180    1612164041969
02    14.190   -4.986  -13.511 -169.534   60.719 -154.653    1612164041969
01    14.300   -2.352  -10.886   71.771   34.158 -153.795    1612164041981
02    14.295   -4.967  -12.868  171.708   53.541 -172.726    1612164041981
01    14.019   -2.684  -11.151   79.552   39.674 -154.470    1612164042002
02    14.141   -4.918  -12.389  159.827   40.435  176.315    1612164042002
01    13.816   -2.917  -11.438   91.154   46.896 -153.163    1612164042020
02    13.726   -4.765  -12.360  153.596   23.917  171.187    1612164042020
01    13.721   -2.936  -11.729  103.823   53.165 -150.095    1612164042033
02    13.447   -4.405  -12.426  149.660    7.983  167.221    1612164042033
01    13.784   -3.045  -11.843  104.974   56.176 -152.145    1612164042053
02    13.338   -4.261  -12.451  148.291    0.200  168.553    1612164042053
01    13.859   -3.195  -11.874  100.898   55.910 -156.987    1612164042063
02    13.289   -4.273  -12.474  147.656   -2.603  170.684    1612164042063
01    13.912   -3.300  -11.863   97.723   54.609 -161.440    1612164042084
02    13.287   -4.297  -12.488  148.285   -3.351  171.182    1612164042084
01    13.962   -3.292  -11.857   95.918   53.169 -164.787    1612164042102
02    13.293   -4.323  -12.519  149.203   -3.295  170.445    1612164042102
01    14.015   -3.201  -11.876   94.849   52.017 -166.777    1612164042115
02    13.314   -4.357  -12.544  149.419   -2.698  169.278    1612164042115
01    14.121   -3.053  -11.875   92.665   51.077 -168.367    1612164042135
02    13.323   -4.371  -12.585  148.449   -2.290  167.543    1612164042135
01    14.217   -2.933  -11.871   89.517   50.529 -168.945    1612164042154
02    13.335   -4.275  -12.649  147.183   -1.756  164.905    1612164042154
01    14.409   -2.666  -11.670   85.463   48.241 -170.143    1612164042166
02    13.250   -3.838  -12.909  148.231    1.345  162.773    1612164042166
01    14.661   -2.314  -11.297   79.964   42.374 -169.943    1612164042187
02    12.906   -3.456  -13.692  151.128    8.840  164.703    1612164042187
01    15.041   -1.954  -10.706   73.233   34.941 -167.739    1612164042197
02    12.663   -3.437  -14.527  154.633   17.802  168.059    1612164042197
01    15.271   -1.814  -10.324   64.808   26.655 -161.855    1612164042217
02    12.913   -4.026  -14.753  160.878   32.191  175.925    1612164042217
01    15.374   -1.785  -10.205   58.352   23.203 -155.901    1612164042236
02    13.251   -4.620  -14.587  176.225   48.258 -167.060    1612164042236
01    15.393   -1.773  -10.188   54.773   22.944 -151.845    1612164042248
02    13.452   -5.094  -14.355 -162.259   54.930 -144.192    1612164042248
01    15.370   -1.798  -10.150   53.075   23.276 -149.734    1612164042269
02    13.546   -5.386  -14.186 -147.043   55.418 -128.763    1612164042269
01    15.341   -1.796  -10.095   52.853   23.389 -148.698    1612164042287
02    13.623   -5.498  -14.069 -138.877   55.308 -121.437    1612164042287
01    15.288   -1.792  -10.087   53.038   23.481 -147.930    1612164042299
02    13.669   -5.594  -13.986 -134.288   55.000 -117.183    1612164042299
01    15.250   -1.806  -10.058   53.173   23.601 -147.677    1612164042320
02    13.719   -5.603  -13.935 -131.090   55.088 -114.828    1612164042320
01    15.225   -1.808  -10.025   53.458   23.422 -147.363    1612164042330
02    13.750   -5.581  -13.917 -130.030   55.627 -114.284    1612164042330
01    15.190   -1.813  -10.003   53.916   23.218 -147.095    1612164042350
02    13.786   -5.518  -13.884 -131.129   57.043 -115.795    1612164042350
01    15.118   -1.811  -10.027   55.187   23.375 -146.974    1612164042369
02    13.811   -5.373  -13.846 -136.337   58.756 -121.850    1612164042369
01    14.983   -1.856  -10.098   57.463   24.074 -147.370    1612164042381
02    13.879   -5.109  -13.684 -149.294   60.341 -136.550    1612164042381
01    14.801   -1.915  -10.197   61.347   25.092 -148.257    1612164042402
02    13.952   -4.893  -13.285 -168.240   57.835 -154.540    1612164042402
01    14.523   -2.046  -10.369   66.492   27.163 -149.481    1612164042421
02    13.952   -4.717  -12.671  174.942   50.492 -170.352    1612164042421
01    14.085   -2.305  -10.713   73.611   30.989 -150.702    1612164042433
02    13.800   -4.717  -12.233  161.267   39.426  177.489    1612164042433
01    13.670   -2.678  -11.179   87.063   39.760 -151.297    1612164042453
02    13.369   -4.599  -12.251  147.786   17.697  166.218    1612164042453
01    13.513   -2.670  -11.628  102.919   48.568 -146.658    1612164042464
02    13.073   -4.110  -12.198  146.259   -5.620  167.559    1612164042464
01    13.672   -2.772  -11.650  102.557   52.181 -150.748    1612164042484
02    13.029   -3.958  -12.167  145.556  -10.873  168.970    1612164042484
01    13.763   -2.900  -11.624   98.868   51.642 -155.717    1612164042503
02    13.029   -3.931  -12.179  145.861  -11.559  168.794    1612164042503
01    13.804   -2.929  -11.665   96.887   50.426 -158.807    1612164042515
02    13.039   -3.944  -12.224  146.577  -10.894  168.009    1612164042515
01    13.862   -2.959  -11.687   94.971   49.896 -161.627    1612164042535
02    13.090   -3.979  -12.259  147.212   -9.250  166.657    1612164042535
01    13.910   -2.970  -11.713   93.393   49.645 -163.926    1612164042554
02    13.126   -4.004  -12.329  147.790   -7.806  164.819    1612164042554
01    14.001   -2.857  -11.735   91.581   48.891 -166.107    1612164042566
02    13.153   -4.041  -12.406  147.423   -6.304  162.387    1612164042566
01    14.087   -2.843  -11.703   88.614   48.878 -168.061    1612164042587
02    13.227   -3.934  -12.460  147.125   -4.151  159.655    1612164042587
01    14.220   -2.676  -11.568   86.749   48.340 -169.000    1612164042597
02    13.245   -3.628  -12.622  147.331   -0.554  158.103    1612164042597
01    14.436   -2.310  -11.302   83.277   44.060 -168.949    1612164042617
02    12.975   -3.041  -13.368  150.207    6.938  160.215    1612164042617
01    14.763   -1.870  -10.920   77.826   37.825 -167.393    1612164042636
02    12.792   -2.939  -14.132  153.061   16.318  164.385    1612164042636
01    15.197   -1.599  -10.378   69.133   29.697 -164.457    1612164042648
02    12.835   -3.370  -14.659  157.345   28.084  171.196    1612164042648
01    15.397   -1.561  -10.162   60.188   23.376 -158.166    1612164042669
02    13.140   -4.099  -14.674  170.168   45.688 -172.641    1612164042669
01    15.474   -1.609  -10.125   53.979   21.667 -152.951    1612164042687
02    13.392   -4.660  -14.501 -167.206   55.324 -148.390    1612164042687
01    15.519   -1.639  -10.099   50.446   21.746 -149.966    1612164042699
02    13.540   -5.041  -14.279 -147.897   56.278 -128.165    1612164042699
01    15.535   -1.625  -10.078   48.906   21.822 -148.171    1612164042720
02    13.593   -5.288  -14.135 -138.646   54.716 -118.619    1612164042720
01    15.505   -1.641  -10.046   48.542   22.005 -147.241    1612164042730
02    13.620   -5.409  -14.040 -134.294   53.816 -114.800    1612164042730
01    15.440   -1.645  -10.037   49.063   22.130 -146.783    1612164042751
02    13.635   -5.465  -13.993 -132.545   53.722 -113.545    1612164042751
01    15.387   -1.683  -10.019   49.438   22.220 -146.761    1612164042769
02    13.653   -5.456  -13.984 -131.580   54.526 -113.226    1612164042769
01    15.349   -1.675  -10.012   50.079   22.057 -146.632    1612164042781
02    13.700   -5.434  -13.967 -131.140   55.707 -113.049    1612164042781
01    15.306   -1.690  -10.021   50.655   22.013 -146.674    1612164042802
02    13.730   -5.410  -13.962 -131.439   56.480 -113.453    1612164042802
01    15.258   -1.678  -10.035   51.586   21.931 -146.745    1612164042820
02    13.745   -5.396  -13.969 -132.346   56.867 -114.440    1612164042820
01    15.163   -1.698  -10.091   53.026   22.334 -146.980    1612164042833
02    13.770   -5.316  -13.965 -134.780   57.757 -117.625    1612164042833
01    14.968   -1.776  -10.218   56.113   23.670 -147.643    1612164042853
02    13.868   -5.105  -13.840 -144.323   60.209 -128.934    1612164042853
01    14.558   -2.017  -10.488   61.528   26.135 -149.030    1612164042864
02    14.201   -4.845  -13.082 -166.564   60.815 -151.072    1612164042864
01    13.978   -2.464  -10.902   71.908   31.868 -151.267    1612164042884
02    14.414   -4.968  -11.913  166.294   53.933 -176.642    1612164042884
01    13.550   -2.845  -11.304   90.331   42.513 -151.920    1612164042902
02    13.947   -4.673  -11.787  147.303   27.731  164.194    1612164042902
01    13.341   -2.774  -11.736  108.686   50.446 -147.586    1612164042915
02    13.286   -4.077  -12.102  148.211    0.039  164.584    1612164042915
01    13.550   -2.701  -11.724  107.406   52.985 -153.410    1612164042935
02    13.127   -3.891  -12.224  147.903   -6.408  165.240    1612164042935
01    13.688   -2.755  -11.752  103.184   53.109 -157.951    1612164042954
02    13.091   -3.859  -12.328  147.257   -7.369  165.612    1612164042954
01    13.780   -2.877  -11.810   99.090   52.885 -161.012    1612164042966
02    13.095   -3.901  -12.429  146.679   -6.777  166.441    1612164042966
01    13.868   -2.963  -11.839   95.561   52.549 -163.664    1612164042987
02    13.140   -4.009  -12.471  145.896   -5.563  166.863    1612164042987
01    13.955   -2.934  -11.845   92.305   51.478 -165.712    1612164042997
02    13.173   -4.073  -12.508  145.080   -5.043  166.603    1612164042997
01    14.042   -2.858  -11.811   89.371   50.257 -166.649    1612164043017
02    13.196   -4.081  -12.526  144.178   -4.867  165.630    1612164043017
01    14.218   -2.622  -11.645   85.621   47.725 -167.969    1612164043036
02    13.195   -3.836  -12.557  145.737   -2.522  163.691    1612164043036
01    14.462   -2.259  -11.347   80.586   42.224 -168.086    1612164043048
02    12.949   -3.532  -12.948  149.743    3.479  165.039    1612164043048
01    14.720   -1.998  -10.994   74.353   35.730 -166.504    1612164043069
02    12.516   -3.353  -13.845  153.600   11.761  168.654    1612164043069
01    14.995   -1.794  -10.563   68.216   29.471 -163.010    1612164043087
02    12.475   -3.529  -14.514  158.114   22.846  173.645    1612164043087
01    15.187   -1.723  -10.273   61.651   24.057 -157.436    1612164043100
02    12.745   -4.119  -14.654  167.435   37.806 -175.498    1612164043100
01    15.278   -1.705  -10.170   56.777   21.892 -152.454    1612164043120
02    13.020   -4.664  -14.531 -174.212   49.772 -155.994    1612164043120
01    15.305   -1.672  -10.124   54.271   21.489 -149.183    1612164043130
02    13.202   -5.047  -14.385 -155.182   53.196 -136.441    1612164043130
01    15.282   -1.688  -10.069   53.323   21.437 -147.372    1612164043151
02    13.347   -5.257  -14.231 -142.815   53.653 -124.374    1612164043151
01    15.202   -1.704  -10.069   53.662   21.655 -146.193    1612164043169
02    13.445   -5.383  -14.111 -136.846   53.514 -118.844    1612164043169
01    15.091   -1.751  -10.093   54.732   22.179 -145.903    1612164043181
02    13.510   -5.404  -14.051 -135.927   54.252 -118.287    1612164043181
01    14.948   -1.798  -10.139   56.969   22.973 -146.147    1612164043202
02    13.573   -5.332  -14.040 -139.091   56.653 -121.786    1612164043202
01    14.714   -1.897  -10.279   60.424   24.557 -146.707    1612164043220
02    13.653   -5.182  -13.994 -147.197   59.549 -130.885    1612164043220
01    14.423   -2.077  -10.479   65.635   27.395 -147.898    1612164043232
02    13.792   -4.983  -13.761 -162.350   60.594 -146.881    1612164043232
01    14.116   -2.315  -10.727   72.740   31.965 -149.304    1612164043253
02    14.008   -4.914  -13.180  178.406   57.508 -166.112    1612164043253
01    13.692   -2.731  -11.167   82.439   38.629 -149.944    1612164043263
02    14.260   -5.094  -12.022  159.706   48.164  176.669    1612164043263
01    13.520   -2.892  -11.532  100.966   49.555 -147.987    1612164043283
02    13.652   -4.562  -12.125  150.749   22.276  168.375    1612164043283
01    13.507   -2.903  -11.837  110.082   55.423 -147.836    1612164043304
02    13.289   -4.250  -12.303  149.479    6.494  167.663    1612164043304
01    13.621   -3.062  -11.873  106.286   56.856 -153.452    1612164043314
02    13.143   -4.198  -12.429  148.217   -0.442  168.094    1612164043314
01    13.743   -3.138  -11.906  101.833   56.128 -158.371    1612164043334
02    13.096   -4.158  -12.540  147.769   -3.116  168.040    1612164043334
01    13.832   -3.194  -11.974   98.833   55.701 -161.376    1612164043353
02    13.120   -4.192  -12.624  147.213   -3.099  167.944    1612164043353
01    13.924   -3.228  -11.997   96.213   55.575 -163.761    1612164043365
02    13.178   -4.249  -12.670  146.621   -2.181  167.461    1612164043365
