01    15.745    3.246   -7.563 -125.391   18.925   25.710    1606728340700
02    16.897    4.833  -13.427 -148.634   69.544 -122.603    1606728340700
01    15.757    3.252   -7.566 -125.243   19.069   25.825    1606728340715
02    16.913    4.825  -13.453 -148.424   69.660 -122.370    1606728340715
01    15.762    3.268   -7.577 -125.001   19.171   25.901    1606728340725
02    16.962    4.799  -13.460 -147.508   70.083 -121.320    1606728340725
01    15.777    3.258   -7.575 -124.937   19.213   26.052    1606728340750
02    17.019    4.804  -13.448 -146.038   70.716 -119.891    1606728340750
01    15.794    3.247   -7.586 -124.867   19.273   26.141    1606728340766
02    17.020    4.808  -13.498 -145.730   70.764 -119.719    1606728340766
01    15.810    3.243   -7.599 -124.742   19.273   26.230    1606728340776
02    17.063    4.805  -13.497 -144.386   71.239 -118.483    1606728340776
01    15.814    3.253   -7.625 -124.612   19.164   26.238    1606728340801
02    17.107    4.810  -13.497 -143.986   71.440 -118.153    1606728340801
01    15.835    3.247   -7.616 -124.508   19.231   26.436    1606728340817
02    17.131    4.800  -13.510 -143.429   71.521 -117.535    1606728340817
01    15.843    3.226   -7.629 -124.524   19.087   26.548    1606728340827
02    17.134    4.785  -13.544 -143.312   71.328 -117.411    1606728340827
01    15.847    3.241   -7.641 -124.340   19.038   26.599    1606728340852
02    17.140    4.743  -13.578 -142.909   71.131 -116.845    1606728340852
01    15.851    3.230   -7.659 -124.313   18.944   26.627    1606728340868
02    17.194    4.745  -13.529 -142.313   71.648 -116.270    1606728340868
01    15.866    3.222   -7.656 -124.253   18.955   26.741    1606728340878
02    17.201    4.722  -13.562 -142.032   71.394 -115.975    1606728340878
01    15.873    3.224   -7.668 -124.175   18.923   26.764    1606728340894
02    17.211    4.746  -13.569 -142.179   71.521 -116.201    1606728340894
01    15.885    3.231   -7.668 -124.097   18.964   26.829    1606728340904
02    17.222    4.723  -13.574 -142.128   71.505 -115.914    1606728340919
01    15.897    3.226   -7.660 -124.095   18.953   26.947    1606728340929
02    17.220    4.718  -13.595 -142.060   71.417 -115.824    1606728340929
01    15.909    3.228   -7.651 -124.039   19.004   27.082    1606728340944
02    17.227    4.722  -13.591 -141.977   71.487 -115.766    1606728340944
01    15.913    3.238   -7.657 -123.987   19.027   27.062    1606728340954
02    17.239    4.738  -13.592 -141.906   71.519 -115.736    1606728340954
01    15.921    3.243   -7.659 -123.951   19.072   27.118    1606728340980
02    17.230    4.738  -13.617 -141.984   71.429 -115.797    1606728340980
01    15.930    3.238   -7.662 -123.993   19.086   27.179    1606728340996
02    17.232    4.771  -13.617 -141.939   71.543 -115.906    1606728340996
01    15.938    3.231   -7.675 -124.097   19.116   27.167    1606728341006
02    17.245    4.775  -13.618 -141.953   71.650 -115.837    1606728341006
01    15.944    3.232   -7.691 -124.106   19.096   27.200    1606728341031
02    17.242    4.764  -13.639 -141.863   71.577 -115.674    1606728341031
01    15.944    3.249   -7.697 -124.083   19.118   27.200    1606728341047
02    17.254    4.779  -13.648 -141.894   71.701 -115.674    1606728341047
01    15.946    3.238   -7.716 -124.165   19.040   27.231    1606728341057
02    17.280    4.804  -13.636 -141.343   71.928 -115.165    1606728341057
01    15.948    3.246   -7.732 -124.186   19.023   27.220    1606728341082
02    17.308    4.776  -13.627 -140.408   72.045 -114.006    1606728341082
01    15.954    3.258   -7.735 -124.150   19.016   27.267    1606728341098
02    17.333    4.812  -13.606 -140.014   72.423 -113.776    1606728341098
01    15.955    3.274   -7.738 -124.126   19.047   27.254    1606728341108
02    17.334    4.803  -13.623 -140.297   72.297 -113.874    1606728341108
01    15.962    3.280   -7.744 -124.120   19.022   27.320    1606728341134
02    17.348    4.797  -13.627 -140.060   72.429 -113.544    1606728341134
01    15.960    3.274   -7.764 -124.154   18.935   27.324    1606728341149
02    17.359    4.771  -13.644 -139.561   72.322 -112.889    1606728341149
01    15.961    3.277   -7.783 -124.171   18.844   27.324    1606728341159
02    17.357    4.762  -13.675 -139.387   72.203 -112.684    1606728341159
01    15.971    3.297   -7.774 -124.098   18.821   27.411    1606728341185
02    17.371    4.745  -13.702 -138.873   72.230 -112.107    1606728341185
01    15.976    3.290   -7.783 -124.204   18.714   27.487    1606728341201
02    17.374    4.747  -13.737 -138.418   72.227 -111.666    1606728341201
01    15.977    3.309   -7.780 -124.161   18.685   27.521    1606728341211
02    17.410    4.759  -13.720 -137.786   72.539 -111.032    1606728341211
01    15.984    3.314   -7.774 -124.178   18.631   27.692    1606728341236
02    17.420    4.752  -13.754 -137.031   72.554 -110.130    1606728341236
01    15.988    3.312   -7.776 -124.142   18.529   27.858    1606728341251
02    17.425    4.726  -13.798 -136.115   72.565 -109.163    1606728341251
01    15.990    3.305   -7.792 -124.176   18.289   27.982    1606728341262
02    17.467    4.740  -13.787 -134.820   73.188 -107.842    1606728341262
01    16.010    3.299   -7.782 -124.079   18.356   28.309    1606728341277
02    17.486    4.746  -13.798 -133.075   73.478 -106.181    1606728341277
01    16.016    3.289   -7.786 -123.932   18.107   28.523    1606728341303
02    17.504    4.722  -13.848 -132.272   73.398 -105.249    1606728341303
01    16.016    3.288   -7.808 -123.780   17.749   28.524    1606728341313
02    17.543    4.698  -13.872 -130.676   73.619 -103.643    1606728341313
01    16.021    3.295   -7.817 -123.622   17.619   28.645    1606728341326
02    17.621    4.645  -13.831 -127.007   74.154  -99.744    1606728341326
01    16.025    3.293   -7.828 -123.417   17.377   28.864    1606728341338
02    17.639    4.678  -13.864 -126.674   74.575  -99.468    1606728341338
01    16.039    3.280   -7.837 -123.125   17.087   29.032    1606728341364
02    17.678    4.653  -13.891 -124.978   74.766  -97.637    1606728341364
01    16.046    3.270   -7.865 -122.550   16.495   29.072    1606728341379
02    17.678    4.660  -13.945 -123.609   75.140  -96.643    1606728341379
01    16.057    3.233   -7.898 -121.986   15.655   29.050    1606728341389
02    17.704    4.661  -13.995 -121.000   75.587  -94.229    1606728341389
01    16.081    3.237   -7.901 -120.854   14.877   28.887    1606728341415
02    17.758    4.695  -13.995 -117.515   76.833  -91.097    1606728341415
01    16.133    3.146   -7.904 -119.786   13.791   29.120    1606728341426
02    17.840    4.723  -13.964 -111.224   77.802  -85.469    1606728341426
01    16.219    3.064   -7.883 -118.425   13.176   29.633    1606728341440
02    17.914    4.756  -13.971 -106.443   78.274  -80.974    1606728341440
01    16.302    2.971   -7.863 -117.221   12.675   30.393    1606728341466
02    17.990    4.758  -13.976 -101.878   78.690  -76.395    1606728341466
01    16.364    2.907   -7.870 -116.361   12.461   31.028    1606728341482
02    18.087    4.755  -13.978  -96.257   79.187  -70.707    1606728341482
01    16.419    2.899   -7.848 -115.749   12.673   31.783    1606728341492
02    18.216    4.800  -13.910  -88.281   79.649  -62.846    1606728341492
01    16.430    2.876   -7.885 -115.814   12.958   31.993    1606728341518
02    18.236    4.792  -13.972  -86.419   79.997  -60.578    1606728341518
01    16.414    2.880   -7.940 -115.809   12.901   31.954    1606728341527
02    18.175    4.886  -14.077  -87.048   80.393  -61.501    1606728341527
01    16.404    2.891   -7.986 -115.716   12.713   31.831    1606728341544
02    18.190    4.993  -14.048  -84.297   81.074  -59.153    1606728341544
01    16.406    2.866   -8.007 -115.403   12.441   32.015    1606728341569
02    18.183    4.972  -14.063  -83.358   81.082  -58.193    1606728341569
01    16.427    2.829   -8.011 -115.085   12.340   32.375    1606728341586
02    18.196    4.935  -14.098  -82.608   80.886  -57.553    1606728341586
01    16.436    2.827   -8.001 -114.681   12.459   32.668    1606728341595
02    18.244    4.931  -14.053  -78.571   80.872  -53.794    1606728341595
01    16.428    2.829   -8.015 -114.554   12.385   32.666    1606728341611
02    18.229    4.871  -14.077  -79.232   80.624  -54.432    1606728341611
01    16.409    2.838   -8.019 -114.582   12.339   32.412    1606728341627
02    18.185    4.837  -14.112  -81.894   80.518  -57.190    1606728341627
01    16.399    2.816   -8.008 -114.830   12.206   32.228    1606728341652
02    18.181    4.800  -14.101  -82.589   80.571  -57.859    1606728341652
01    16.391    2.789   -7.988 -115.161   12.171   32.060    1606728341655
02    18.155    4.806  -14.093  -83.648   80.534  -59.067    1606728341655
01    16.378    2.768   -7.972 -115.528   12.158   31.815    1606728341673
02    18.130    4.727  -14.084  -85.894   80.334  -61.031    1606728341673
01    16.351    2.770   -7.966 -115.755   12.074   31.518    1606728341699
02    18.095    4.739  -14.074  -87.622   80.406  -62.818    1606728341699
01    16.331    2.788   -7.946 -115.978   12.170   31.267    1606728341714
02    18.068    4.745  -14.054  -89.635   80.438  -64.698    1606728341714
01    16.309    2.789   -7.938 -116.272   12.192   31.042    1606728341728
02    18.019    4.745  -14.061  -92.775   80.460  -67.804    1606728341728
01    16.287    2.802   -7.928 -116.528   12.221   30.825    1606728341750
02    17.979    4.708  -14.058  -95.866   80.285  -70.796    1606728341750
01    16.278    2.798   -7.899 -116.816   12.390   30.778    1606728341766
02    17.951    4.677  -14.033  -99.008   80.194  -73.789    1606728341766
01    16.263    2.811   -7.888 -117.098   12.555   30.633    1606728341776
02    17.891    4.714  -14.042 -102.696   80.143  -77.659    1606728341776
01    16.247    2.822   -7.900 -117.384   12.516   30.561    1606728341801
02    17.858    4.722  -14.050 -105.649   80.014  -80.641    1606728341801
01    16.246    2.836   -7.877 -117.586   12.754   30.710    1606728341817
02    17.850    4.733  -14.056 -106.568   79.890  -81.392    1606728341817
01    16.232    2.839   -7.883 -117.859   12.753   30.853    1606728341828
02    17.874    4.696  -14.057 -105.470   79.574  -79.814    1606728341828
01    16.226    2.856   -7.880 -118.153   12.878   31.043    1606728341844
02    17.872    4.715  -14.064 -105.096   79.732  -79.460    1606728341844
01    16.207    2.900   -7.890 -118.397   12.985   31.083    1606728341869
02    17.876    4.732  -14.076 -104.196   79.702  -78.507    1606728341869
01    16.195    2.908   -7.895 -118.900   13.108   31.360    1606728341879
02    17.884    4.753  -14.092 -103.601   79.843  -77.872    1606728341879
01    16.181    2.968   -7.874 -119.374   13.488   31.829    1606728341895
02    17.874    4.753  -14.122 -103.879   79.801  -77.913    1606728341895
01    16.153    2.986   -7.861 -120.572   13.832   32.851    1606728341905
02    17.811    4.909  -14.122 -108.508   80.500  -82.951    1606728341905
01    16.138    2.951   -7.831 -123.322   15.226   35.189    1606728341931
02    17.672    5.159  -13.958 -130.584   80.572 -106.206    1606728341931
01    16.063    2.898   -8.016 -128.138   18.284   38.018    1606728341947
02    17.676    5.460  -13.132 -164.514   75.862 -142.477    1606728341947
01    15.828    2.948   -8.860 -133.297   23.182   39.086    1606728341957
02    18.121    5.489  -11.019 -173.662   67.272 -155.644    1606728341957
01    15.606    3.354   -9.899 -137.948   30.723   38.277    1606728341983
02    17.821    5.432  -10.052 -166.176   49.404 -150.480    1606728341983
01    15.662    4.060  -10.319 -140.597   39.583   37.575    1606728341999
02    16.209    5.096  -11.384 -154.494   14.188 -137.991    1606728341999
01    15.747    4.238  -10.478 -142.667   44.095   38.847    1606728342008
02    16.331    4.176  -11.303 -161.944    7.506 -137.589    1606728342008
01    15.923    4.516  -10.280 -141.217   47.901   42.234    1606728342034
02    16.344    4.165  -11.335 -163.650    7.394 -137.027    1606728342034
01    15.971    4.613  -10.253 -140.033   48.271   43.356    1606728342049
02    16.395    4.179  -11.300 -163.862    7.865 -136.989    1606728342049
01    15.978    4.679  -10.242 -139.833   48.323   42.396    1606728342060
02    16.392    4.243  -11.262 -163.539    7.981 -137.812    1606728342060
01    15.960    4.689  -10.258 -139.159   47.843   41.369    1606728342085
02    16.378    4.255  -11.228 -163.016    7.862 -138.571    1606728342085
01    15.985    4.731  -10.168 -137.318   47.840   40.874    1606728342100
02    16.367    4.319  -11.155 -161.899    7.801 -139.218    1606728342100
01    16.008    4.712  -10.002 -135.045   47.042   40.621    1606728342110
02    16.316    4.354  -11.060 -160.392    6.854 -138.898    1606728342110
01    15.956    4.745   -9.838 -132.682   45.154   39.094    1606728342135
02    16.112    4.322  -11.132 -158.189    6.067 -136.258    1606728342135
01    15.862    4.736   -9.636 -130.200   41.834   36.711    1606728342151
02    15.926    4.037  -11.523 -157.409    7.908 -132.627    1606728342151
01    15.738    4.723   -9.413 -127.063   37.273   33.867    1606728342161
02    15.649    3.706  -12.319 -157.645   11.817 -129.528    1606728342161
01    15.625    4.602   -9.204 -123.576   30.730   31.043    1606728342176
02    15.357    3.392  -13.715 -159.316   18.759 -127.679    1606728342176
01    15.570    4.308   -8.966 -120.825   23.056   28.064    1606728342202
02    15.519    4.038  -14.388 -163.650   30.045 -131.758    1606728342202
01    15.637    3.891   -8.720 -119.429   18.232   26.242    1606728342212
02    15.961    4.731  -14.313 -170.666   45.780 -140.282    1606728342212
01    15.786    3.582   -8.488 -117.780   16.412   25.585    1606728342230
02    16.270    4.968  -14.332 -172.235   56.512 -143.363    1606728342230
01    15.921    3.358   -8.264 -116.981   15.307   25.983    1606728342238
02    16.649    4.998  -14.315 -169.043   66.561 -140.851    1606728342238
01    15.992    3.225   -8.141 -116.596   14.152   26.520    1606728342263
02    17.006    4.989  -14.222 -158.493   74.528 -130.887    1606728342263
01    16.040    3.112   -8.058 -116.409   13.056   27.085    1606728342279
02    17.273    4.999  -14.118 -139.830   79.005 -112.566    1606728342279
01    16.091    3.019   -7.997 -116.164   12.423   27.661    1606728342289
02    17.445    5.037  -14.074 -125.636   80.953  -98.616    1606728342289
01    16.146    2.907   -7.989 -116.054   12.078   28.169    1606728342314
02    17.596    5.070  -14.032 -114.101   82.294  -87.310    1606728342314
01    16.193    2.880   -7.977 -115.703   12.081   28.733    1606728342330
02    17.723    5.072  -13.981 -101.837   83.008  -75.248    1606728342330
01    16.198    2.871   -7.985 -115.689   12.154   29.326    1606728342339
02    17.786    5.072  -14.015  -97.162   82.915  -70.724    1606728342339
01    16.192    2.853   -7.966 -116.164   12.349   30.263    1606728342365
02    17.866    5.062  -14.010  -91.585   82.985  -65.128    1606728342365
01    16.188    2.817   -7.945 -117.279   12.914   31.678    1606728342381
02    17.854    5.022  -14.015 -100.190   82.291  -74.523    1606728342381
01    16.225    2.638   -8.020 -119.817   14.646   34.065    1606728342391
02    17.792    5.036  -13.884 -125.459   79.836 -101.692    1606728342391
01    16.150    2.481   -8.559 -124.378   18.747   37.164    1606728342417
02    17.819    5.031  -13.369 -145.569   73.651 -123.252    1606728342417
01    15.950    2.640   -9.571 -130.256   26.917   38.061    1606728342431
02    18.037    5.062  -11.524 -151.541   64.504 -132.849    1606728342431
01    15.921    3.323  -10.405 -134.321   38.908   36.512    1606728342442
02    17.484    5.274  -11.120 -146.584   46.860 -129.971    1606728342442
01    16.039    3.666  -10.775 -137.093   46.198   35.116    1606728342468
02    17.303    3.979  -11.123 -154.315   28.249 -129.696    1606728342468
01    16.290    4.016  -10.574 -134.902   52.118   39.209    1606728342483
02    17.057    3.760  -11.362 -158.030   19.653 -130.935    1606728342483
01    16.390    4.190  -10.445 -133.268   53.125   40.817    1606728342493
02    16.955    3.699  -11.431 -159.215   16.057 -131.181    1606728342493
01    16.373    4.310  -10.395 -133.609   52.642   39.115    1606728342519
02    16.858    3.734  -11.416 -159.434   14.038 -132.336    1606728342519
01    16.340    4.298  -10.401 -134.140   51.513   37.463    1606728342531
02    16.761    3.758  -11.411 -159.375   12.468 -133.674    1606728342531
01    16.316    4.339  -10.334 -133.119   50.833   36.597    1606728342544
02    16.675    3.844  -11.366 -158.361   11.468 -134.705    1606728342544
01    16.259    4.400  -10.248 -131.677   49.806   35.358    1606728342560
02    16.597    3.885  -11.278 -157.155   10.092 -134.614    1606728342560
01    16.194    4.436  -10.136 -129.587   48.133   33.584    1606728342586
02    16.449    3.899  -11.263 -154.900    7.323 -132.104    1606728342586
01    16.122    4.470   -9.915 -126.142   45.174   31.934    1606728342596
02    16.297    3.681  -11.367 -154.377    6.100 -126.817    1606728342596
01    16.005    4.470   -9.672 -122.409   39.777   29.742    1606728342612
02    15.996    3.315  -12.038 -154.749    9.482 -123.032    1606728342612
01    15.901    4.299   -9.450 -119.253   31.758   27.242    1606728342632
02    15.534    2.570  -13.691 -155.566   15.965 -119.473    1606728342632
01    15.876    3.960   -9.118 -116.917   23.175   24.860    1606728342647
02    15.695    2.800  -14.761 -156.955   29.288 -120.742    1606728342647
01    15.967    3.496   -8.830 -116.067   17.615   22.592    1606728342663
02    16.331    3.635  -14.701 -157.517   45.919 -124.902    1606728342663
01    16.144    3.146   -8.599 -114.536   15.226   21.076    1606728342672
02    16.893    4.120  -14.431 -154.286   59.640 -125.684    1606728342672
01    16.325    2.908   -8.350 -113.752   14.026   21.429    1606728342698
02    17.333    4.398  -14.239 -145.173   70.268 -119.375    1606728342698
01    16.429    2.801   -8.152 -113.462   13.403   22.491    1606728342714
02    17.647    4.487  -14.131 -127.609   75.965 -103.103    1606728342714
01    16.437    2.796   -8.003 -113.719   12.869   23.597    1606728342732
02    17.802    4.546  -14.097 -111.340   77.718  -87.161    1606728342732
01    16.398    2.763   -7.910 -115.126   12.431   24.559    1606728342749
02    17.803    4.611  -14.092 -107.609   77.673  -84.009    1606728342749
01    16.363    2.718   -7.883 -117.299   13.189   25.497    1606728342765
02    17.696    4.652  -13.976 -117.768   75.571  -94.957    1606728342765
01    16.351    2.591   -7.962 -120.822   15.462   27.161    1606728342775
02    17.614    4.710  -13.553 -131.913   71.368 -109.855    1606728342775
01    16.277    2.459   -8.385 -125.231   19.043   28.981    1606728342800
02    17.662    4.767  -12.614 -142.385   65.241 -122.499    1606728342800
01    16.129    2.526   -9.161 -129.731   24.654   29.811    1606728342820
02    17.650    4.848  -11.063 -146.319   54.329 -128.352    1606728342820
01    16.213    3.058   -9.582 -131.955   34.207   30.678    1606728342833
02    17.100    3.860  -10.986 -151.268   29.219 -126.868    1606728342833
01    16.268    3.323   -9.927 -134.622   41.841   32.727    1606728342851
02    16.832    3.536  -11.123 -155.893   18.840 -131.385    1606728342851
01    16.314    3.600  -10.079 -134.029   45.962   35.570    1606728342868
02    16.756    3.507  -11.195 -158.027   14.294 -133.066    1606728342868
01    16.333    3.826  -10.124 -133.652   47.660   36.385    1606728342877
02    16.726    3.532  -11.202 -159.274   12.069 -134.173    1606728342877
01    16.308    3.995  -10.167 -134.137   47.620   34.696    1606728342893
02    16.673    3.587  -11.186 -159.755   10.446 -135.856    1606728342893
01    16.265    4.112  -10.214 -134.418   47.291   32.414    1606728342919
02    16.583    3.671  -11.205 -159.311    8.885 -137.694    1606728342919
01    16.237    4.183  -10.211 -133.974   47.083   30.718    1606728342933
02    16.530    3.761  -11.167 -158.314    8.111 -138.697    1606728342933
01    16.206    4.232  -10.180 -132.525   46.530   29.573    1606728342949
02    16.450    3.844  -11.152 -156.760    6.871 -138.270    1606728342949
01    16.187    4.280  -10.028 -129.391   45.217   29.731    1606728342954
02    16.377    3.813  -11.162 -155.415    5.332 -134.284    1606728342954
01    16.142    4.279   -9.838 -125.669   41.957   29.735    1606728342980
02    16.239    3.701  -11.350 -154.522    5.600 -130.493    1606728342980
01    16.064    4.209   -9.633 -122.402   37.033   29.045    1606728342995
02    15.981    3.371  -11.986 -154.348    8.078 -126.736    1606728342995
01    16.001    4.071   -9.414 -119.965   31.654   27.965    1606728343005
02    15.618    2.724  -13.468 -154.379   13.316 -123.317    1606728343005
01    15.978    3.897   -9.177 -117.649   25.149   26.458    1606728343033
02    15.753    2.625  -14.662 -154.364   22.502 -121.909    1606728343033
01    16.025    3.582   -8.882 -116.699   20.223   25.245    1606728343049
02    16.369    3.309  -14.875 -154.281   36.814 -123.199    1606728343049
01    16.138    3.296   -8.646 -115.807   17.837   24.350    1606728343056
02    17.040    3.921  -14.562 -151.312   54.318 -123.626    1606728343056
01    16.253    3.089   -8.470 -115.180   16.568   24.145    1606728343082
02    17.495    4.270  -14.358 -142.010   66.734 -117.171    1606728343082
01    16.339    2.954   -8.350 -114.860   15.776   24.566    1606728343098
02    17.852    4.458  -14.186 -125.382   74.435 -101.827    1606728343098
01    16.383    2.871   -8.281 -114.742   15.334   25.273    1606728343107
02    18.083    4.560  -14.097 -105.458   77.317  -82.407    1606728343107
01    16.401    2.853   -8.235 -114.625   15.106   25.875    1606728343133
02    18.171    4.664  -14.140  -94.118   78.053  -71.414    1606728343133
01    16.374    2.861   -8.235 -114.745   14.929   26.004    1606728343149
02    18.233    4.783  -14.123  -86.135   79.087  -63.582    1606728343149
01    16.365    2.832   -8.217 -115.263   14.955   26.190    1606728343159
02    18.164    4.899  -14.131  -91.941   80.064  -70.201    1606728343159
01    16.378    2.762   -8.168 -116.497   15.555   26.902    1606728343185
02    18.004    4.994  -14.038 -114.909   79.893  -94.810    1606728343185
01    16.391    2.651   -8.234 -118.848   17.261   28.106    1606728343201
02    17.917    5.126  -13.477 -138.849   76.105 -121.054    1606728343201
01    16.347    2.526   -8.549 -122.592   20.345   29.467    1606728343210
02    17.991    5.170  -12.063 -149.386   68.425 -134.615    1606728343210
01    16.218    2.572   -9.186 -128.781   26.741   30.047    1606728343234
02    17.769    5.251  -10.489 -149.142   55.156 -136.874    1606728343234
01    16.257    3.090   -9.484 -133.458   38.186   30.464    1606728343252
02    17.034    3.962  -10.619 -152.615   27.479 -131.504    1606728343252
01    16.190    3.329   -9.906 -138.981   44.363   30.530    1606728343262
02    16.716    3.616  -10.927 -157.056   16.369 -134.958    1606728343262
01    16.221    3.684  -10.061 -138.604   48.546   32.481    1606728343277
02    16.637    3.621  -11.081 -159.035   12.564 -136.292    1606728343277
01    16.283    3.918  -10.119 -136.832   49.766   33.965    1606728343288
02    16.645    3.656  -11.134 -159.588   11.103 -137.209    1606728343288
01    16.310    4.080  -10.189 -135.611   49.322   32.949    1606728343313
02    16.662    3.688  -11.138 -159.414   10.266 -138.709    1606728343313
01    16.343    4.169  -10.242 -133.933   48.643   31.433    1606728343333
02    16.670    3.741  -11.119 -158.465    9.635 -140.358    1606728343333
01    16.398    4.137  -10.225 -131.283   47.518   31.155    1606728343338
02    16.671    3.796  -11.088 -156.701    8.932 -140.280    1606728343338
01    16.435    4.110  -10.126 -128.148   46.084   31.048    1606728343364
02    16.574    3.850  -11.158 -154.370    7.046 -138.817    1606728343364
01    16.400    4.122   -9.975 -124.588   43.242   30.145    1606728343380
02    16.514    3.726  -11.194 -153.171    5.791 -134.724    1606728343380
01    16.340    4.079   -9.751 -121.211   38.887   28.771    1606728343390
02    16.348    3.457  -11.532 -152.834    6.708 -130.485    1606728343390
01    16.267    3.975   -9.528 -118.558   33.479   26.739    1606728343415
02    16.005    2.956  -12.526 -153.073   10.004 -126.777    1606728343415
01    16.234    3.800   -9.242 -116.527   27.568   24.753    1606728343434
02    15.750    2.439  -14.075 -153.798   16.480 -124.199    1606728343434
01    16.230    3.573   -8.925 -115.298   21.463   22.725    1606728343441
02    16.018    2.992  -14.806 -155.119   27.574 -125.240    1606728343441
01    16.253    3.277   -8.654 -115.144   17.423   20.749    1606728343466
02    16.594    3.743  -14.617 -156.175   44.069 -128.199    1606728343466
01    16.330    3.078   -8.373 -114.795   15.491   19.954    1606728343482
02    16.958    4.085  -14.496 -152.723   57.085 -126.933    1606728343482
01    16.388    2.927   -8.125 -115.255   14.674   20.448    1606728343492
02    17.376    4.314  -14.238 -142.279   68.210 -117.892    1606728343492
01    16.395    2.836   -7.960 -116.445   14.738   21.712    1606728343518
02    17.548    4.559  -14.105 -131.534   73.890 -108.441    1606728343518
01    16.350    2.798   -7.921 -118.380   15.568   23.165    1606728343534
02    17.523    4.760  -13.982 -132.871   74.602 -111.298    1606728343534
01    16.319    2.653   -8.029 -121.925   17.920   25.274    1606728343543
02    17.521    4.967  -13.489 -141.204   72.371 -121.425    1606728343543
01    16.190    2.509   -8.633 -126.817   22.241   27.005    1606728343569
02    17.656    4.986  -12.594 -147.289   66.758 -129.735    1606728343569
01    16.011    2.794   -9.589 -131.796   29.874   26.465    1606728343584
02    17.774    5.027  -11.537 -147.726   57.315 -133.300    1606728343584
01    15.996    3.496  -10.267 -136.360   39.862   24.013    1606728343594
02    17.067    5.092  -11.776 -143.446   35.979 -132.234    1606728343594
01    16.116    3.768  -10.543 -140.395   47.702   22.824    1606728343610
02    17.101    4.382  -11.472 -149.286   25.282 -132.247    1606728343610
01    16.320    4.007  -10.400 -140.512   54.003   25.609    1606728343634
02    17.030    4.141  -11.405 -152.797   20.028 -133.274    1606728343634
01    16.390    4.180  -10.243 -138.439   54.972   28.131    1606728343645
02    16.973    4.024  -11.300 -154.644   16.979 -133.980    1606728343645
01    16.347    4.314  -10.184 -138.093   53.764   27.124    1606728343661
02    16.868    3.996  -11.225 -155.531   14.463 -135.720    1606728343661
01    16.266    4.387  -10.194 -138.276   52.231   24.677    1606728343671
02    16.748    3.987  -11.189 -155.631   12.315 -137.712    1606728343671
01    16.221    4.369  -10.201 -137.707   51.209   23.163    1606728343696
02    16.649    4.009  -11.168 -154.749   10.571 -138.789    1606728343696
01    16.207    4.361  -10.122 -135.097   50.326   23.533    1606728343712
02    16.547    4.012  -11.164 -154.031    8.994 -137.355    1606728343712
01    16.191    4.343   -9.920 -131.281   48.261   24.806    1606728343735
02    16.395    3.957  -11.302 -153.499    8.694 -134.684    1606728343735
01    16.106    4.364   -9.685 -127.231   44.104   25.250    1606728343748
02    16.198    3.787  -11.667 -153.055   10.266 -130.891    1606728343748
01    15.998    4.325   -9.465 -123.788   38.367   24.696    1606728343763
02    15.817    3.254  -12.748 -153.160   13.557 -126.723    1606728343763
01    15.901    4.141   -9.165 -120.757   31.186   23.478    1606728343773
02    15.631    2.769  -14.190 -153.357   20.003 -123.628    1606728343773
01    15.896    3.802   -8.797 -118.911   24.413   22.201    1606728343799
02    16.148    3.217  -14.615 -152.865   31.594 -122.721    1606728343799
01    15.944    3.497   -8.565 -117.886   20.391   20.758    1606728343815
02    16.763    3.899  -14.410 -150.196   49.000 -122.366    1606728343815
01    16.053    3.302   -8.346 -116.677   18.639   20.210    1606728343835
02    17.231    4.275  -14.180 -143.068   62.639 -117.911    1606728343835
01    16.125    3.181   -8.190 -116.043   17.466   20.249    1606728343850
02    17.514    4.521  -14.024 -131.923   71.048 -108.430    1606728343850
01    16.175    3.075   -8.054 -115.956   16.836   21.081    1606728343866
02    17.711    4.651  -13.925 -118.082   75.151  -95.505    1606728343866
01    16.192    3.027   -7.997 -115.994   16.493   21.812    1606728343876
02    17.833    4.786  -13.894 -106.036   76.658  -84.211    1606728343876
01    16.186    3.032   -7.958 -115.983   16.413   22.286    1606728343901
02    17.946    4.854  -13.840  -97.073   77.267  -75.101    1606728343901
01    16.157    3.005   -7.960 -116.304   16.227   22.420    1606728343917
02    17.965    4.923  -13.838  -94.974   77.851  -73.060    1606728343917
01    16.141    2.986   -7.959 -116.819   16.238   22.603    1606728343935
02    17.956    4.953  -13.801  -98.241   78.242  -76.577    1606728343935
01    16.140    2.916   -7.964 -118.170   16.780   23.270    1606728343952
02    17.820    5.067  -13.714 -113.388   78.019  -93.204    1606728343952
01    16.146    2.859   -8.041 -120.479   18.577   24.510    1606728343968
02    17.727    5.150  -13.313 -132.331   74.930 -113.549    1606728343968
01    16.113    2.783   -8.340 -124.021   21.518   25.766    1606728343978
02    17.748    5.257  -11.951 -145.177   68.911 -128.430    1606728343978
01    15.993    2.863   -8.930 -129.940   27.316   26.056    1606728343994
02    17.592    5.295  -10.327 -149.328   57.021 -134.220    1606728343994
01    15.823    3.385   -9.652 -135.927   36.192   23.821    1606728344019
02    16.489    4.719  -10.889 -149.442   29.918 -133.834    1606728344019
01    15.830    3.700  -10.065 -141.363   43.079   23.306    1606728344035
02    16.354    4.141  -10.903 -155.744   14.965 -137.382    1606728344035
01    15.936    4.060  -10.075 -141.400   47.941   24.951    1606728344051
02    16.295    4.094  -10.983 -158.273    9.824 -138.545    1606728344051
01    15.997    4.264  -10.044 -139.575   49.199   26.684    1606728344055
02    16.308    4.081  -10.992 -159.163    8.142 -138.685    1606728344055
01    16.012    4.399  -10.031 -138.488   48.881   26.077    1606728344080
02    16.299    4.100  -10.971 -159.242    7.183 -139.955    1606728344080
01    16.002    4.455  -10.029 -137.337   47.988   24.669    1606728344096
02    16.261    4.112  -10.948 -158.420    6.227 -141.463    1606728344096
01    16.003    4.454   -9.996 -135.617   46.921   23.581    1606728344106
02    16.204    4.189  -10.903 -156.659    5.473 -142.283    1606728344106
01    16.005    4.432   -9.912 -132.661   45.466   23.605    1606728344136
02    16.096    4.185  -10.970 -154.671    3.764 -138.920    1606728344136
01    15.992    4.405   -9.754 -128.534   42.622   23.756    1606728344151
02    15.996    4.042  -11.102 -153.754    4.002 -134.467    1606728344151
01    15.939    4.342   -9.563 -124.861   38.260   23.240    1606728344157
02    15.866    3.795  -11.495 -153.702    6.796 -130.272    1606728344157
01    15.911    4.194   -9.339 -121.835   33.090   22.726    1606728344183
02    15.631    3.379  -12.401 -153.822   11.175 -126.493    1606728344183
01    15.910    4.009   -9.111 -119.329   27.572   21.896    1606728344198
02    15.473    2.834  -13.767 -154.193   17.831 -123.529    1606728344198
01    15.968    3.687   -8.763 -117.479   22.148   21.326    1606728344208
02    15.794    3.051  -14.483 -154.571   28.471 -123.349    1606728344208
01    16.057    3.356   -8.512 -116.597   18.535   20.395    1606728344236
02    16.339    3.688  -14.507 -154.616   42.818 -125.461    1606728344236
01    16.180    3.108   -8.335 -115.820   16.710   19.584    1606728344251
02    16.815    4.167  -14.345 -152.372   56.641 -126.295    1606728344251
01    16.252    3.044   -8.180 -115.234   15.908   19.063    1606728344259
02    17.150    4.424  -14.196 -146.221   66.584 -122.134    1606728344259
01    16.277    2.988   -8.007 -115.660   15.340   19.404    1606728344285
02    17.376    4.607  -14.074 -136.470   72.741 -113.232    1606728344285
01    16.244    2.949   -7.878 -117.034   15.170   20.196    1606728344301
02    17.445    4.768  -14.009 -129.928   75.114 -107.382    1606728344301
01    16.178    2.961   -7.817 -119.065   15.846   21.128    1606728344310
02    17.425    4.860  -13.844 -131.669   74.804 -109.668    1606728344310
01    16.131    2.840   -7.863 -122.421   17.390   22.742    1606728344336
02    17.363    4.980  -13.447 -140.284   71.780 -119.503    1606728344336
01    16.032    2.709   -8.246 -126.872   20.626   24.311    1606728344352
02    17.438    5.044  -12.576 -147.523   66.703 -128.999    1606728344352
01    15.883    2.792   -8.998 -131.569   26.543   24.489    1606728344361
02    17.505    5.101  -11.311 -150.362   57.326 -134.723    1606728344361
01    15.786    3.147   -9.769 -137.684   35.441   22.848    1606728344377
02    17.214    5.007  -10.793 -149.211   41.127 -135.107    1606728344377
01    15.831    3.575  -10.146 -142.234   43.507   21.026    1606728344387
02    17.045    4.192  -10.739 -152.816   25.717 -133.848    1606728344387
01    15.996    3.921  -10.221 -144.503   51.730   21.788    1606728344413
02    16.800    4.052  -10.978 -155.811   17.416 -137.093    1606728344413
01    16.129    4.154  -10.232 -141.909   54.774   24.542    1606728344436
02    16.745    3.979  -11.073 -156.964   13.817 -137.969    1606728344436
01    16.220    4.323  -10.189 -139.159   55.316   25.782    1606728344438
02    16.736    3.991  -11.068 -157.201   12.019 -139.466    1606728344438
01    16.249    4.421  -10.189 -137.611   54.359   25.017    1606728344464
02    16.707    4.020  -11.045 -156.794   10.681 -141.185    1606728344464
01    16.254    4.443  -10.156 -136.261   53.123   23.946    1606728344479
02    16.634    4.057  -11.034 -155.687    9.089 -142.472    1606728344479
01    16.249    4.417  -10.079 -133.573   51.309   24.220    1606728344489
02    16.511    4.149  -11.039 -153.908    7.299 -141.057    1606728344489
01    16.221    4.389   -9.925 -129.973   48.696   24.803    1606728344515
02    16.364    4.097  -11.130 -152.805    6.477 -137.061    1606728344515
01    16.156    4.354   -9.707 -126.574   44.656   24.802    1606728344536
02    16.208    3.894  -11.411 -152.422    7.416 -132.135    1606728344536
01    16.064    4.272   -9.493 -123.849   39.471   24.173    1606728344540
02    15.892    3.463  -12.234 -152.716   10.371 -127.991    1606728344540
01    15.979    4.152   -9.287 -121.503   33.809   23.211    1606728344566
02    15.623    2.950  -13.576 -153.017   16.140 -124.656    1606728344566
01    15.928    3.884   -8.957 -119.411   27.203   22.295    1606728344581
02    15.847    2.965  -14.418 -152.862   25.275 -123.160    1606728344581
01    15.939    3.585   -8.631 -118.257   22.249   21.554    1606728344591
02    16.449    3.477  -14.468 -151.784   39.283 -123.019    1606728344591
01    16.008    3.361   -8.403 -117.188   19.557   20.835    1606728344617
02    16.957    3.916  -14.270 -147.782   53.871 -121.663    1606728344617
01    16.100    3.194   -8.221 -116.453   18.015   20.588    1606728344636
02    17.353    4.275  -14.032 -139.099   65.271 -115.537    1606728344636
01    16.166    3.078   -8.093 -116.033   17.113   20.860    1606728344642
02    17.589    4.452  -13.940 -128.184   71.226 -105.770    1606728344642
01    16.189    3.015   -8.038 -115.770   16.520   21.131    1606728344668
02    17.762    4.593  -13.856 -116.765   74.771  -95.052    1606728344668
01    16.196    2.971   -7.988 -115.763   16.205   21.426    1606728344684
02    17.834    4.652  -13.871 -108.273   75.746  -86.628    1606728344684
01    16.177    2.977   -7.971 -115.670   15.947   21.397    1606728344694
02    17.882    4.710  -13.847 -103.795   76.547  -82.234    1606728344694
01    16.171    2.954   -7.932 -115.971   15.812   21.425    1606728344719
02    17.871    4.769  -13.820 -104.401   77.086  -83.120    1606728344719
01    16.167    2.913   -7.880 -116.656   16.126   21.863    1606728344735
02    17.767    4.861  -13.762 -113.460   76.995  -93.423    1606728344735
01    16.185    2.811   -7.914 -118.280   17.116   23.045    1606728344744
02    17.637    4.977  -13.495 -127.816   74.734 -109.662    1606728344744
01    16.204    2.703   -8.086 -121.035   19.653   24.793    1606728344760
02    17.579    5.080  -12.719 -139.482   69.529 -123.339    1606728344760
01    16.159    2.670   -8.500 -125.070   23.976   26.350    1606728344786
02    17.607    5.272  -10.812 -144.508   61.107 -130.474    1606728344786
01    16.000    2.852   -9.206 -131.779   31.093   26.037    1606728344796
02    17.188    4.978  -10.287 -146.814   44.113 -132.670    1606728344796
01    15.963    3.273   -9.600 -137.615   39.792   24.976    1606728344811
02    16.804    3.983  -10.432 -153.277   22.972 -133.263    1606728344811
01    15.946    3.721   -9.857 -141.736   46.913   23.832    1606728344822
02    16.483    3.945  -10.686 -157.451   11.153 -138.032    1606728344822
01    15.967    4.073   -9.969 -141.238   49.807   24.711    1606728344848
02    16.362    4.054  -10.819 -158.497    7.163 -139.520    1606728344848
01    15.994    4.298  -10.010 -140.128   50.351   24.839    1606728344864
02    16.295    4.132  -10.902 -158.739    5.539 -140.697    1606728344864
01    16.002    4.403  -10.066 -139.003   49.748   24.094    1606728344874
02    16.270    4.186  -10.920 -158.089    5.076 -141.788    1606728344874
01    16.007    4.491  -10.076 -137.669   49.463   23.022    1606728344900
02    16.257    4.246  -10.911 -156.959    4.938 -142.669    1606728344900
01    16.031    4.518   -9.996 -134.846   48.579   23.074    1606728344915
02    16.204    4.317  -10.914 -155.087    4.296 -142.371    1606728344915
01    16.020    4.567   -9.811 -130.529   46.483   23.257    1606728344925
02    16.078    4.310  -10.984 -152.451    3.191 -138.254    1606728344925
01    15.924    4.557   -9.616 -125.717   41.918   22.156    1606728344951
02    15.969    4.052  -11.191 -152.031    4.685 -132.881    1606728344951
01    15.845    4.413   -9.384 -121.425   35.945   20.334    1606728344966
02    15.673    3.641  -11.967 -152.885    8.571 -129.168    1606728344966
01    15.820    4.166   -9.104 -118.030   29.432   18.418    1606728344976
02    15.238    3.129  -13.558 -154.565   15.250 -126.528    1606728344976
01    15.873    3.848   -8.762 -115.907   23.089   16.957    1606728345002
02    15.374    3.573  -14.383 -156.990   27.343 -128.102    1606728345002
01    15.949    3.508   -8.483 -115.397   19.110   15.541    1606728345018
02    15.920    4.354  -14.192 -159.918   42.555 -132.938    1606728345018
01    16.070    3.231   -8.236 -114.790   17.588   15.252    1606728345028
02    16.277    4.779  -14.006 -161.155   54.845 -136.971    1606728345028
01    16.133    3.120   -8.058 -114.470   17.288   15.830    1606728345037
02    16.607    4.873  -13.932 -158.328   63.562 -135.255    1606728345037
01    16.127    3.090   -7.911 -114.566   17.044   16.817    1606728345069
02    16.913    4.912  -13.846 -149.899   70.304 -127.181    1606728345069
01    16.070    3.106   -7.792 -115.292   16.604   17.834    1606728345079
02    17.070    5.001  -13.788 -140.164   73.991 -117.642    1606728345079
01    15.985    3.123   -7.733 -116.677   16.314   18.763    1606728345094
02    17.079    5.138  -13.678 -138.516   74.859 -116.570    1606728345094
01    15.946    3.058   -7.715 -118.900   17.001   19.963    1606728345105
02    17.028    5.240  -13.358 -141.477   72.498 -120.345    1606728345105
01    15.938    2.930   -7.848 -122.141   18.933   21.579    1606728345130
02    17.012    5.258  -12.748 -147.278   67.158 -127.317    1606728345130
01    15.882    2.824   -8.338 -126.548   22.903   22.970    1606728345137
02    17.156    5.302  -11.514 -149.516   59.840 -132.740    1606728345137
01    15.789    2.997   -9.096 -132.066   30.417   22.485    1606728345156
02    16.971    5.236  -10.648 -147.837   44.652 -133.727    1606728345156
01    15.867    3.350   -9.514 -137.201   40.591   21.492    1606728345182
02    16.829    4.248  -10.564 -151.769   27.123 -132.559    1606728345182
01    15.929    3.777   -9.821 -141.610   49.362   20.536    1606728345198
02    16.522    4.136  -10.825 -155.080   17.218 -136.836    1606728345198
01    16.022    4.104  -10.018 -140.233   53.061   22.803    1606728345208
02    16.460    4.110  -10.960 -156.260   13.177 -137.703    1606728345208
01    16.102    4.379  -10.057 -137.973   54.546   23.959    1606728345234
02    16.463    4.150  -10.997 -156.552   11.365 -138.725    1606728345234
01    16.104    4.513  -10.158 -136.664   53.845   22.913    1606728345238
02    16.442    4.190  -11.013 -156.219   10.092 -140.340    1606728345238
01    16.136    4.556  -10.143 -134.727   53.154   22.096    1606728345259
02    16.412    4.240  -10.988 -155.100    9.234 -141.741    1606728345259
01    16.146    4.534  -10.085 -132.051   51.814   22.060    1606728345285
02    16.330    4.355  -10.996 -153.054    7.979 -141.126    1606728345285
01    16.121    4.489   -9.956 -127.912   49.235   22.715    1606728345301
02    16.221    4.289  -11.056 -151.844    6.283 -137.424    1606728345301
01    16.083    4.413   -9.709 -124.048   45.336   23.105    1606728345310
02    16.088    4.086  -11.277 -151.564    6.601 -133.248    1606728345310
01    16.002    4.309   -9.453 -121.182   40.267   22.377    1606728345336
02    15.867    3.778  -11.856 -151.850    9.291 -129.433    1606728345336
01    15.920    4.164   -9.195 -119.158   34.792   21.177    1606728345338
02    15.506    3.219  -13.223 -152.629   14.150 -125.969    1606728345338
01    15.870    3.970   -8.940 -117.688   28.765   19.760    1606728345361
02    15.589    3.130  -14.377 -153.627   22.565 -124.402    1606728345361
01    15.875    3.689   -8.668 -117.403   23.960   18.583    1606728345377
02    16.146    3.847  -14.487 -154.483   37.091 -125.715    1606728345377
01    15.929    3.432   -8.472 -117.142   21.616   17.848    1606728345403
02    16.648    4.486  -14.204 -154.176   53.322 -128.197    1606728345403
01    15.989    3.300   -8.349 -116.694   20.717   17.660    1606728345413
02    17.038    4.827  -13.968 -150.827   64.908 -127.223    1606728345413
01    16.028    3.215   -8.212 -116.721   20.436   18.299    1606728345428
02    17.320    4.906  -13.897 -143.085   71.890 -119.923    1606728345428
01    16.030    3.168   -8.118 -117.139   20.213   19.110    1606728345438
02    17.522    5.050  -13.802 -130.941   76.362 -108.379    1606728345438
01    15.986    3.195   -8.072 -117.803   20.058   19.829    1606728345464
02    17.547    5.135  -13.783 -125.123   77.434 -102.850    1606728345464
01    15.941    3.175   -8.088 -119.090   20.293   20.383    1606728345479
02    17.462    5.276  -13.652 -130.341   76.395 -109.416    1606728345479
01    15.939    3.093   -8.184 -120.962   21.389   21.418    1606728345489
02    17.359    5.355  -13.234 -139.260   72.103 -119.631    1606728345489
01    15.953    2.951   -8.494 -123.936   24.108   22.758    1606728345515
02    17.414    5.414  -12.280 -145.167   66.082 -128.669    1606728345515
01    15.911    3.026   -9.094 -127.546   29.128   23.023    1606728345531
02    17.415    5.494  -10.903 -145.573   55.190 -132.526    1606728345531
01    15.853    3.488   -9.684 -131.634   37.586   21.433    1606728345540
02    16.765    4.937  -11.009 -145.975   31.207 -132.498    1606728345540
01    15.916    3.768   -9.994 -137.520   45.748   21.010    1606728345566
02    16.671    4.388  -10.881 -152.122   19.526 -137.865    1606728345566
01    15.991    4.095  -10.039 -138.683   51.006   22.637    1606728345581
02    16.539    4.328  -10.921 -154.682   13.732 -140.331    1606728345581
01    16.032    4.327  -10.019 -137.967   52.384   24.028    1606728345591
02    16.486    4.335  -10.887 -156.210   10.428 -141.580    1606728345591
01    15.994    4.531  -10.030 -138.051   51.801   22.413    1606728345617
02    16.409    4.385  -10.847 -156.662    8.073 -143.266    1606728345617
01    15.939    4.642  -10.048 -138.230   50.855   19.996    1606728345633
02    16.315    4.451  -10.825 -156.228    6.279 -145.418    1606728345633
01    15.896    4.697  -10.045 -137.378   50.035   18.463    1606728345643
02    16.230    4.514  -10.791 -155.099    5.337 -146.766    1606728345643
01    15.874    4.690   -9.997 -135.323   49.063   18.219    1606728345668
02    16.102    4.627  -10.800 -153.052    4.370 -146.383    1606728345668
01    15.831    4.731   -9.830 -131.147   47.283   18.694    1606728345684
02    15.975    4.603  -10.851 -152.084    3.835 -142.112    1606728345684
01    15.761    4.696   -9.626 -126.843   43.445   18.787    1606728345694
02    15.818    4.443  -11.091 -152.215    5.244 -137.487    1606728345694
01    15.688    4.590   -9.411 -123.314   38.489   18.132    1606728345720
02    15.525    4.132  -11.809 -153.006    8.666 -133.654    1606728345720
01    15.654    4.400   -9.189 -120.414   33.103   17.238    1606728345736
02    15.146    3.690  -13.250 -154.410   14.331 -131.144    1606728345736
01    15.670    4.147   -8.929 -117.836   27.163   16.473    1606728345745
02    15.242    3.845  -14.222 -156.014   23.764 -131.036    1606728345745
01    15.752    3.786   -8.615 -116.711   22.990   15.968    1606728345761
02    15.803    4.442  -14.249 -158.088   38.515 -133.288    1606728345761
01    15.861    3.490   -8.382 -116.088   21.060   15.755    1606728345771
02    16.309    4.869  -14.053 -158.850   53.451 -135.543    1606728345771
01    15.949    3.338   -8.199 -115.560   20.292   16.167    1606728345797
02    16.702    5.082  -13.900 -156.075   64.577 -133.715    1606728345797
01    15.952    3.311   -8.111 -115.350   19.661   16.382    1606728345818
02    17.012    5.163  -13.797 -148.603   72.009 -126.316    1606728345818
01    15.920    3.310   -8.020 -115.653   19.006   16.501    1606728345822
02    17.175    5.276  -13.787 -138.279   76.116 -115.932    1606728345822
01    15.863    3.337   -7.938 -116.178   18.352   16.456    1606728345848
02    17.238    5.352  -13.756 -131.025   78.090 -108.473    1606728345848
01    15.814    3.317   -7.842 -117.540   17.951   16.593    1606728345864
02    17.153    5.482  -13.723 -136.975   78.435 -115.186    1606728345864
01    15.776    3.211   -7.790 -120.186   18.322   17.150    1606728345873
02    17.038    5.594  -13.515 -146.462   76.893 -126.238    1606728345873
01    15.738    3.081   -7.909 -123.896   20.063   18.330    1606728345899
02    16.974    5.641  -13.016 -154.264   72.034 -135.875    1606728345899
01    15.662    2.993   -8.319 -128.731   23.507   19.420    1606728345915
02    17.127    5.665  -11.777 -156.669   65.634 -141.815    1606728345915
01    15.500    3.171   -9.024 -135.231   29.907   18.697    1606728345925
02    17.035    5.708  -10.403 -153.309   52.886 -141.883    1606728345925
01    15.483    3.699   -9.480 -140.851   39.979   16.569    1606728345950
02    16.348    4.822  -10.557 -152.099   26.451 -137.055    1606728345950
01    15.491    3.963   -9.864 -146.046   45.885   15.569    1606728345967
02    16.176    4.452  -10.608 -155.488   13.812 -141.766    1606728345967
01    15.581    4.308   -9.926 -145.059   49.924   17.628    1606728345976
02    16.068    4.464  -10.732 -156.483    7.513 -143.656    1606728345976
01    15.668    4.502   -9.954 -142.648   50.798   20.171    1606728346002
02    16.072    4.476  -10.768 -156.886    4.923 -144.213    1606728346002
01    15.707    4.625  -10.011 -141.320   50.550   20.566    1606728346018
02    16.077    4.478  -10.797 -156.663    3.731 -144.952    1606728346018
01    15.749    4.676  -10.059 -140.414   50.455   20.381    1606728346028
02    16.086    4.500  -10.806 -156.014    3.490 -145.804    1606728346028
01    15.786    4.706  -10.068 -139.175   50.480   20.255    1606728346041
02    16.096    4.531  -10.792 -155.167    3.694 -146.126    1606728346041
01    15.814    4.742   -9.994 -136.858   50.245   20.502    1606728346069
02    16.093    4.582  -10.750 -153.855    3.765 -145.846    1606728346069
01    15.824    4.739   -9.840 -133.561   49.024   20.803    1606728346079
02    15.929    4.661  -10.858 -151.454    2.071 -143.115    1606728346079
01    15.759    4.779   -9.633 -129.036   45.886   20.110    1606728346095
02    15.849    4.489  -10.941 -151.141    2.423 -137.252    1606728346095
01    15.663    4.710   -9.442 -124.678   40.666   18.497    1606728346105
02    15.617    4.149  -11.479 -151.836    5.226 -133.060    1606728346105
01    15.635    4.479   -9.205 -119.818   32.635   16.602    1606728346131
02    15.206    3.478  -12.951 -153.171   10.641 -129.576    1606728346131
01    15.667    4.191   -8.890 -116.243   24.636   14.863    1606728346141
02    15.143    3.566  -14.190 -155.127   20.058 -129.449    1606728346141
01    15.754    3.767   -8.506 -114.905   18.872   13.096    1606728346157
02    15.632    4.301  -14.259 -157.599   34.988 -132.679    1606728346157
01    15.906    3.406   -8.181 -113.526   16.029   11.806    1606728346183
02    16.042    4.657  -14.079 -158.295   49.646 -135.103    1606728346183
01    16.028    3.194   -7.898 -112.679   14.393   11.708    1606728346198
02    16.368    4.780  -13.952 -154.781   60.299 -132.738    1606728346198
01    16.059    3.119   -7.722 -112.354   13.297   11.995    1606728346208
02    16.680    4.828  -13.806 -147.140   68.264 -125.324    1606728346208
01    16.034    3.141   -7.575 -112.450   12.740   12.526    1606728346234
02    16.835    4.887  -13.746 -137.865   72.171 -116.046    1606728346234
01    15.965    3.143   -7.504 -113.147   11.906   12.618    1606728346242
02    16.852    4.943  -13.782 -132.500   73.514 -110.376    1606728346242
01    15.910    3.144   -7.429 -113.837   11.384   12.672    1606728346260
02    16.852    5.034  -13.759 -129.762   74.860 -107.658    1606728346260
01    15.849    3.143   -7.411 -114.462   11.077   12.548    1606728346286
02    16.858    5.067  -13.693 -129.717   75.611 -107.309    1606728346286
01    15.804    3.148   -7.385 -115.176   11.170   12.695    1606728346301
02    16.804    5.206  -13.601 -134.866   76.267 -113.287    1606728346301
01    15.760    3.148   -7.347 -116.364   11.656   13.234    1606728346312
02    16.673    5.365  -13.465 -143.262   75.083 -123.040    1606728346312
01    15.717    3.117   -7.334 -118.402   12.681   14.467    1606728346327
02    16.570    5.474  -13.125 -151.365   71.954 -132.079    1606728346327
01    15.653    3.078   -7.404 -121.426   14.355   16.192    1606728346342
02    16.515    5.574  -12.231 -158.971   66.519 -140.580    1606728346342
01    15.583    3.026   -7.612 -125.889   17.551   18.626    1606728346363
02    16.574    5.512  -10.699 -164.046   58.007 -146.916    1606728346363
01    15.461    3.026   -8.099 -132.622   23.557   20.680    1606728346379
02    16.123    5.341  -10.363 -162.573   42.437 -147.527    1606728346379
01    15.248    3.404   -9.000 -138.060   31.471   20.095    1606728346389
02    15.271    5.193  -10.819 -155.122   14.078 -144.801    1606728346389
01    15.275    3.828   -9.536 -140.243   39.099   20.509    1606728346415
02    15.478    4.572  -10.541 -158.162    2.648 -145.385    1606728346415
01    15.358    4.294   -9.662 -139.926   44.765   22.003    1606728346431
02    15.558    4.609  -10.509 -159.159    0.320 -146.603    1606728346431
01    15.447    4.484   -9.699 -138.686   46.633   24.431    1606728346442
02    15.643    4.672  -10.501 -159.667    0.378 -146.628    1606728346442
01    15.472    4.619   -9.759 -138.252   46.892   24.510    1606728346466
02    15.688    4.715  -10.519 -159.876    0.518 -146.753    1606728346466
01    15.499    4.717   -9.757 -138.344   47.257   23.643    1606728346482
02    15.728    4.776  -10.495 -159.677    0.804 -147.492    1606728346482
01    15.496    4.825   -9.723 -137.905   47.279   22.442    1606728346492
02    15.713    4.836  -10.490 -159.129    0.397 -148.087    1606728346492
01    15.488    4.897   -9.628 -136.553   46.729   21.525    1606728346518
02    15.679    4.899  -10.429 -158.051   -0.212 -148.279    1606728346518
01    15.465    4.922   -9.512 -134.361   45.235   20.788    1606728346534
02    15.594    4.974  -10.360 -156.052   -1.440 -147.403    1606728346534
01    15.382    4.981   -9.386 -130.859   42.780   19.226    1606728346544
02    15.443    5.023  -10.328 -153.060   -2.046 -143.402    1606728346544
01    15.300    4.979   -9.173 -126.241   38.840   17.252    1606728346559
02    15.321    4.807  -10.490 -152.373    0.141 -137.780    1606728346559
01    15.249    4.794   -8.972 -122.072   32.835   14.928    1606728346585
02    15.073    4.478  -11.076 -153.039    4.328 -133.439    1606728346585
01    15.264    4.529   -8.727 -117.838   25.231   12.433    1606728346595
02    14.601    3.908  -12.630 -154.627   10.589 -130.608    1606728346595
01    15.371    4.161   -8.346 -114.812   18.644   10.717    1606728346611
02    14.644    4.147  -13.645 -157.120   21.638 -131.704    1606728346611
01    15.582    3.696   -7.952 -113.458   14.532    9.263    1606728346621
02    15.080    4.792  -13.701 -160.756   39.016 -137.263    1606728346621
01    15.812    3.372   -7.684 -111.731   12.644    7.769    1606728346646
02    15.415    5.025  -13.676 -161.612   51.787 -140.307    1606728346646
01    15.989    3.201   -7.471 -110.586   11.831    7.369    1606728346662
02    15.805    5.138  -13.558 -158.212   62.135 -138.487    1606728346662
01    16.044    3.162   -7.340 -109.980   11.274    7.658    1606728346671
02    16.113    5.217  -13.447 -151.914   69.109 -132.755    1606728346671
01    16.032    3.207   -7.195 -109.851   10.918    8.635    1606728346697
02    16.290    5.280  -13.395 -145.174   72.528 -125.691    1606728346697
01    15.957    3.239   -7.091 -110.564   10.234    9.181    1606728346713
02    16.398    5.358  -13.365 -140.030   74.756 -119.821    1606728346713
01    15.875    3.247   -7.026 -111.494    9.377    9.245    1606728346723
02    16.443    5.403  -13.341 -136.443   75.984 -115.556    1606728346723
01    15.798    3.268   -6.979 -112.345    8.797    9.068    1606728346748
02    16.454    5.449  -13.297 -137.591   76.883 -116.271    1606728346748
01    15.735    3.287   -6.906 -113.428    8.492    9.247    1606728346763
02    16.395    5.541  -13.233 -142.166   76.868 -121.544    1606728346763
01    15.688    3.232   -6.831 -115.246    8.329   10.349    1606728346774
02    16.331    5.529  -13.109 -146.205   74.941 -126.467    1606728346774
01    15.702    3.105   -6.751 -118.085    9.648   12.909    1606728346799
02    16.302    5.504  -12.832 -148.161   71.203 -130.030    1606728346799
01    15.717    2.906   -6.835 -122.520   12.773   16.832    1606728346815
02    16.368    5.442  -12.148 -149.495   65.284 -132.401    1606728346815
01    15.609    2.836   -7.354 -128.965   19.408   21.076    1606728346825
02    16.564    5.396  -10.628 -150.917   57.054 -136.088    1606728346825
01    15.448    3.000   -8.157 -134.736   28.335   22.294    1606728346850
02    16.275    5.186  -10.250 -149.856   41.478 -135.851    1606728346850
01    15.442    3.532   -8.754 -136.555   38.810   21.601    1606728346865
02    15.971    4.357  -10.212 -152.119   15.061 -131.676    1606728346865
01    15.502    3.939   -9.270 -138.813   45.179   21.820    1606728346875
02    15.952    4.156  -10.240 -156.151    7.017 -138.471    1606728346875
01    15.578    4.301   -9.504 -137.928   48.207   23.196    1606728346901
02    15.900    4.299  -10.391 -156.914    4.268 -141.746    1606728346901
01    15.642    4.471   -9.620 -136.317   48.595   24.545    1606728346917
02    15.931    4.374  -10.439 -156.918    3.681 -143.005    1606728346917
01    15.683    4.535   -9.716 -135.746   48.525   24.584    1606728346927
02    15.930    4.412  -10.517 -156.728    3.226 -144.118    1606728346927
01    15.701    4.575   -9.758 -135.302   48.694   24.346    1606728346952
02    15.947    4.458  -10.527 -156.383    3.377 -144.968    1606728346952
01    15.699    4.613   -9.735 -134.728   48.817   24.131    1606728346968
02    15.926    4.517  -10.544 -155.914    3.193 -145.302    1606728346968
01    15.664    4.689   -9.654 -133.535   48.477   23.604    1606728346978
02    15.883    4.594  -10.497 -155.046    2.816 -144.774    1606728346978
01    15.625    4.745   -9.475 -131.471   47.331   22.991    1606728346994
02    15.708    4.681  -10.593 -152.980    0.903 -141.371    1606728346994
01    15.536    4.773   -9.236 -128.500   44.237   21.776    1606728347020
02    15.631    4.530  -10.648 -152.272    1.335 -135.736    1606728347020
01    15.428    4.716   -9.001 -125.734   39.441   19.864    1606728347030
02    15.444    4.246  -11.098 -152.660    4.266 -131.834    1606728347030
01    15.342    4.564   -8.786 -123.041   33.611   17.711    1606728347044
02    15.093    3.630  -12.439 -153.389    9.399 -128.598    1606728347044
01    15.328    4.338   -8.535 -119.804   26.301   15.483    1606728347056
02    15.004    3.429  -13.827 -154.307   17.616 -127.648    1606728347056
01    15.394    4.060   -8.260 -117.667   20.250   14.054    1606728347081
02    15.496    4.000  -14.044 -155.366   32.576 -129.501    1606728347081
01    15.517    3.716   -8.003 -116.190   16.757   12.637    1606728347097
02    15.991    4.611  -13.735 -155.513   49.139 -132.682    1606728347097
01    15.666    3.459   -7.760 -114.537   15.071   12.154    1606728347107
02    16.274    4.834  -13.605 -152.936   59.646 -132.147    1606728347107
01    15.791    3.291   -7.532 -113.574   14.279   12.424    1606728347133
02    16.533    4.964  -13.482 -146.610   67.332 -126.904    1606728347133
01    15.838    3.208   -7.387 -113.138   13.595   12.787    1606728347144
02    16.689    5.030  -13.442 -138.769   71.424 -119.212    1606728347144
01    15.841    3.156   -7.300 -113.142   12.997   12.886    1606728347158
02    16.785    5.099  -13.387 -132.335   73.873 -112.684    1606728347158
01    15.815    3.143   -7.230 -113.326   12.750   12.896    1606728347183
02    16.841    5.153  -13.351 -128.155   75.587 -108.134    1606728347183
01    15.775    3.148   -7.194 -113.550   12.612   12.721    1606728347199
02    16.865    5.220  -13.320 -126.154   76.747 -106.132    1606728347199
01    15.741    3.157   -7.163 -113.761   12.650   12.572    1606728347209
02    16.837    5.289  -13.306 -127.474   77.515 -107.346    1606728347209
01    15.701    3.152   -7.137 -114.311   12.668   12.735    1606728347235
02    16.771    5.371  -13.261 -132.276   77.797 -112.520    1606728347235
01    15.681    3.118   -7.102 -115.455   13.129   13.758    1606728347244
02    16.688    5.442  -13.139 -140.426   76.664 -121.825    1606728347244
01    15.692    3.023   -7.104 -117.911   14.815   15.904    1606728347260
02    16.626    5.545  -12.771 -147.851   73.552 -131.177    1606728347260
01    15.678    2.890   -7.305 -121.893   17.944   18.700    1606728347286
02    16.692    5.591  -11.586 -152.561   67.517 -137.744    1606728347286
01    15.591    2.885   -7.832 -127.977   24.281   21.055    1606728347301
02    16.751    5.612   -9.929 -153.397   57.638 -141.172    1606728347301
01    15.456    3.114   -8.551 -134.947   33.033   20.626    1606728347311
02    16.138    5.298   -9.977 -150.953   38.717 -139.909    1606728347311
01    15.411    3.543   -9.097 -139.166   40.110   19.536    1606728347327
02    15.914    4.192  -10.099 -155.590   14.086 -139.048    1606728347327
01    15.408    3.981   -9.310 -142.340   46.132   19.407    1606728347344
02    15.675    4.335  -10.197 -157.998    2.868 -145.338    1606728347344
01    15.397    4.283   -9.356 -142.392   47.737   20.473    1606728347362
02    15.585    4.497  -10.223 -158.727   -0.825 -147.021    1606728347362
01    15.349    4.482   -9.404 -142.872   47.438   20.035    1606728347378
02    15.516    4.631  -10.233 -158.991   -2.306 -147.968    1606728347378
01    15.282    4.605   -9.494 -142.939   46.782   18.978    1606728347388
02    15.467    4.709  -10.250 -158.656   -2.897 -148.597    1606728347388
01    15.294    4.670   -9.470 -142.242   47.260   18.472    1606728347414
02    15.447    4.768  -10.236 -157.989   -2.807 -149.121    1606728347414
01    15.275    4.741   -9.470 -140.797   47.100   17.792    1606728347429
02    15.425    4.826  -10.206 -156.966   -2.918 -149.389    1606728347429
01    15.271    4.856   -9.343 -137.641   46.699   17.341    1606728347444
02    15.352    4.897  -10.189 -154.892   -3.663 -148.551    1606728347444
01    15.231    4.915   -9.206 -133.298   44.532   16.419    1606728347465
02    15.192    4.928  -10.267 -151.854   -5.684 -143.308    1606728347465
01    15.180    4.849   -9.053 -128.319   40.011   14.849    1606728347480
02    15.194    4.713  -10.243 -151.698   -3.088 -136.696    1606728347480
01    15.175    4.663   -8.850 -123.580   34.444   13.171    1606728347490
02    14.994    4.411  -10.823 -152.870    2.033 -133.272    1606728347490
01    15.239    4.379   -8.593 -119.272   27.668   11.766    1606728347516
02    14.609    3.880  -12.295 -154.828    8.854 -130.440    1606728347516
01    15.353    4.067   -8.289 -116.240   21.413   10.606    1606728347532
02    14.555    3.934  -13.661 -157.299   19.608 -131.155    1606728347532
01    15.556    3.610   -7.962 -115.207   17.617    9.882    1606728347545
02    15.124    4.573  -13.737 -159.999   35.300 -135.612    1606728347545
01    15.765    3.341   -7.758 -113.336   16.520    9.390    1606728347567
02    15.566    4.956  -13.590 -161.003   49.240 -139.408    1606728347567
01    15.911    3.193   -7.570 -112.275   16.053    9.711    1606728347583
02    15.944    5.141  -13.490 -158.845   59.638 -138.918    1606728347583
01    15.953    3.177   -7.424 -111.665   15.590   10.647    1606728347593
02    16.295    5.172  -13.410 -152.748   67.198 -133.004    1606728347593
01    15.913    3.185   -7.357 -111.677   14.886   11.479    1606728347618
02    16.558    5.197  -13.333 -142.608   71.773 -122.452    1606728347618
01    15.882    3.181   -7.301 -111.720   14.283   12.202    1606728347634
02    16.707    5.229  -13.307 -135.009   74.132 -114.346    1606728347634
01    15.865    3.162   -7.269 -111.649   13.851   12.524    1606728347645
02    16.791    5.303  -13.287 -131.442   76.174 -110.951    1606728347645
01    15.861    3.160   -7.250 -111.470   13.764   12.511    1606728347669
02    16.812    5.393  -13.289 -130.467   77.676 -110.538    1606728347669
01    15.842    3.146   -7.230 -111.549   13.724   12.388    1606728347685
02    16.858    5.469  -13.237 -129.067   79.005 -109.468    1606728347685
01    15.815    3.149   -7.190 -111.893   13.756   12.310    1606728347695
02    16.814    5.548  -13.237 -131.119   78.928 -111.890    1606728347695
01    15.759    3.187   -7.150 -112.531   13.765   12.374    1606728347710
02    16.749    5.585  -13.180 -136.015   78.310 -117.046    1606728347710
01    15.722    3.172   -7.057 -114.091   14.148   13.065    1606728347720
02    16.632    5.637  -13.013 -144.685   76.043 -126.594    1606728347720
01    15.685    3.084   -7.031 -117.174   15.525   14.434    1606728347746
02    16.540    5.734  -12.511 -151.554   71.503 -135.033    1606728347746
01    15.620    2.957   -7.201 -124.872   20.076   17.685    1606728347762
02    16.661    5.757  -10.706 -155.726   64.783 -141.164    1606728347762
01    15.448    2.944   -7.798 -134.650   27.500   18.879    1606728347772
02    16.419    5.638   -9.581 -155.640   51.078 -143.754    1606728347772
01    15.094    3.523   -8.929 -141.993   36.199   14.774    1606728347797
02    15.035    5.474  -10.531 -148.430   12.672 -143.932    1606728347797
01    15.089    3.837   -9.592 -149.197   43.724   13.259    1606728347813
02    15.315    4.573  -10.386 -155.808   -1.394 -149.181    1606728347813
01    15.247    4.317   -9.648 -151.658   51.034   12.203    1606728347823
02    15.535    4.614  -10.211 -157.321   -4.442 -151.799    1606728347823
01    15.405    4.488   -9.687 -150.345   53.992   14.172    1606728347849
02    15.670    4.689  -10.228 -157.565   -5.228 -152.731    1606728347849
01    15.540    4.565   -9.698 -148.611   54.932   15.184    1606728347864
02    15.806    4.690  -10.213 -157.395   -4.987 -153.265    1606728347864
01    15.632    4.543   -9.706 -147.444   54.866   15.649    1606728347874
02    15.868    4.705  -10.227 -156.812   -5.052 -153.930    1606728347874
01    15.668    4.568   -9.681 -146.168   54.322   15.445    1606728347900
02    15.870    4.732  -10.246 -156.012   -5.471 -154.244    1606728347900
01    15.694    4.582   -9.582 -143.793   53.368   15.588    1606728347916
02    15.826    4.764  -10.214 -154.804   -6.101 -153.725    1606728347916
01    15.673    4.582   -9.454 -140.432   51.118   15.504    1606728347926
02    15.716    4.829  -10.170 -152.732   -6.794 -151.586    1606728347926
01    15.596    4.632   -9.293 -135.605   47.743   14.948    1606728347951
02    15.546    4.783  -10.246 -150.570   -8.900 -144.597    1606728347951
01    15.503    4.580   -9.131 -130.716   42.578   14.237    1606728347967
02    15.543    4.587  -10.133 -150.460   -5.929 -138.472    1606728347967
01    15.426    4.463   -8.935 -126.355   36.876   13.226    1606728347977
02    15.336    4.303  -10.608 -151.172   -1.159 -134.637    1606728347977
01    15.407    4.263   -8.703 -122.059   29.930   12.277    1606728347993
02    15.000    3.880  -11.646 -152.347    4.868 -131.375    1606728347993
01    15.443    4.008   -8.353 -118.206   23.623   11.435    1606728348018
02    14.759    3.577  -13.081 -153.870   13.195 -130.196    1606728348018
01    15.550    3.674   -7.926 -116.346   18.879   11.006    1606728348028
02    15.081    3.981  -13.558 -155.899   28.633 -131.909    1606728348028
01    15.674    3.383   -7.666 -115.510   16.533   10.603    1606728348046
02    15.471    4.485  -13.539 -157.232   44.069 -135.227    1606728348046
01    15.803    3.231   -7.487 -114.589   16.141   10.997    1606728348069
02    15.858    4.758  -13.418 -156.081   55.457 -135.662    1606728348069
01    15.851    3.234   -7.360 -113.996   16.249   11.559    1606728348079
02    16.181    4.903  -13.373 -151.629   63.316 -131.806    1606728348079
01    15.818    3.272   -7.277 -114.122   16.089   11.912    1606728348095
02    16.452    4.997  -13.333 -144.054   69.031 -123.845    1606728348095
01    15.742    3.315   -7.237 -114.668   15.513   11.792    1606728348105
02    16.610    5.151  -13.279 -137.448   72.987 -117.139    1606728348105
01    15.682    3.332   -7.167 -115.368   15.129   11.711    1606728348131
02    16.667    5.256  -13.268 -134.114   74.741 -113.764    1606728348131
01    15.638    3.317   -7.089 -116.401   14.948   11.894    1606728348146
02    16.648    5.399  -13.231 -136.616   75.997 -116.827    1606728348146
01    15.595    3.286   -7.025 -118.048   15.187   12.475    1606728348156
02    16.601    5.500  -13.108 -142.281   75.938 -123.380    1606728348156
01    15.594    3.130   -7.012 -121.431   16.579   14.344    1606728348182
02    16.562    5.584  -12.820 -149.578   73.559 -132.757    1606728348182
01    15.553    2.962   -7.256 -126.245   19.749   16.700    1606728348198
02    16.647    5.591  -12.192 -153.812   68.303 -138.931    1606728348198
01    15.403    2.964   -7.922 -133.726   26.250   18.319    1606728348208
02    16.968    5.555  -10.562 -155.576   60.800 -144.465    1606728348208
01    15.231    3.277   -8.861 -142.538   36.211   15.903    1606728348234
02    16.726    5.626   -9.816 -152.636   45.693 -146.211    1606728348234
01    15.531    3.862   -8.981 -148.076   52.022   13.378    1606728348246
02    16.284    4.548  -10.190 -152.619   22.879 -138.744    1606728348246
01    15.595    4.206   -9.471 -152.042   56.044   10.963    1606728348259
02    16.206    4.308  -10.400 -154.574   12.579 -141.113    1606728348259
01    15.746    4.477   -9.701 -149.454   58.823   13.333    1606728348285
02    16.201    4.342  -10.575 -154.941    8.633 -143.193    1606728348285
01    15.893    4.636   -9.849 -143.937   59.058   17.480    1606728348301
02    16.236    4.350  -10.735 -154.339    7.018 -144.311    1606728348301
01    15.999    4.675  -10.017 -140.401   58.545   19.778    1606728348311
02    16.325    4.355  -10.804 -153.368    7.088 -145.335    1606728348311
01    16.109    4.664  -10.084 -138.479   58.694   21.183    1606728348327
02    16.425    4.390  -10.807 -152.525    7.856 -146.122    1606728348327
01    16.127    4.700  -10.151 -138.083   58.757   21.200    1606728348347
02    16.485    4.457  -10.794 -152.086    8.624 -146.660    1606728348347
01    16.117    4.742  -10.135 -138.116   58.727   20.926    1606728348362
02    16.524    4.508  -10.726 -152.097    9.185 -146.987    1606728348362
01    16.087    4.807  -10.019 -138.345   58.607   20.064    1606728348378
02    16.506    4.570  -10.646 -152.098    9.165 -147.337    1606728348378
01    15.993    4.843   -9.916 -138.895   57.471   18.372    1606728348388
02    16.402    4.648  -10.588 -151.800    8.104 -147.674    1606728348388
01    15.911    4.927   -9.659 -136.733   55.655   18.294    1606728348413
02    16.215    4.704  -10.602 -151.083    6.694 -145.534    1606728348413
01    15.780    4.938   -9.355 -132.597   51.484   18.847    1606728348429
02    15.971    4.651  -10.838 -150.490    6.517 -141.238    1606728348429
01    15.617    4.850   -9.132 -128.394   44.221   17.893    1606728348447
02    15.759    4.374  -11.223 -150.774    7.899 -135.470    1606728348447
01    15.510    4.675   -8.925 -123.988   35.295   16.212    1606728348465
02    15.280    3.883  -12.474 -151.982   12.052 -131.892    1606728348465
01    15.457    4.449   -8.658 -120.062   27.682   15.086    1606728348481
02    15.125    3.842  -13.680 -153.616   19.905 -130.715    1606728348481
01    15.491    4.120   -8.324 -118.041   22.156   14.654    1606728348491
02    15.505    4.392  -13.973 -156.109   33.829 -132.294    1606728348491
01    15.581    3.796   -8.075 -117.212   19.778   14.153    1606728348516
02    15.959    4.820  -13.865 -158.033   48.723 -135.105    1606728348516
01    15.689    3.588   -7.914 -116.157   18.936   13.845    1606728348532
02    16.338    5.089  -13.701 -157.301   60.237 -135.894    1606728348532
01    15.774    3.467   -7.806 -115.719   18.717   14.228    1606728348548
02    16.648    5.282  -13.575 -152.963   68.322 -132.837    1606728348548
01    15.816    3.378   -7.754 -115.867   18.918   14.911    1606728348567
02    16.915    5.399  -13.473 -146.557   73.981 -126.586    1606728348567
01    15.812    3.368   -7.731 -116.215   19.303   15.455    1606728348583
02    17.101    5.473  -13.431 -139.436   77.238 -119.015    1606728348583
01    15.782    3.381   -7.726 -116.741   19.482   15.908    1606728348593
02    17.182    5.581  -13.441 -135.166   78.773 -114.663    1606728348593
01    15.744    3.412   -7.713 -117.511   19.895   16.380    1606728348618
02    17.155    5.740  -13.405 -140.495   79.385 -120.550    1606728348618
01    15.696    3.414   -7.721 -119.147   20.620   16.844    1606728348634
02    17.042    5.869  -13.273 -151.919   77.334 -132.973    1606728348634
01    15.656    3.391   -7.772 -121.730   22.035   17.587    1606728348648
02    16.942    5.996  -12.834 -160.383   72.877 -143.121    1606728348648
01    15.591    3.370   -7.958 -125.410   24.385   18.130    1606728348669
02    16.941    6.018  -11.860 -163.018   66.153 -148.343    1606728348669
01    15.509    3.383   -8.275 -130.065   27.924   18.345    1606728348685
02    16.845    5.927  -10.361 -159.981   55.181 -148.183    1606728348685
01    15.360    3.568   -8.791 -137.656   34.208   16.452    1606728348695
02    16.172    5.683  -10.218 -154.795   35.514 -145.479    1606728348695
01    15.314    3.959   -9.120 -142.311   40.938   14.790    1606728348711
02    15.830    4.834  -10.215 -156.107   14.912 -144.010    1606728348711
01    15.287    4.326   -9.301 -144.525   45.650   14.912    1606728348721
02    15.609    4.828  -10.143 -156.987    4.513 -149.340    1606728348721
01    15.255    4.623   -9.408 -143.180   46.709   16.132    1606728348749
02    15.498    4.889  -10.140 -156.756    0.483 -151.620    1606728348749
01    15.246    4.826   -9.465 -142.014   47.186   16.322    1606728348764
02    15.446    4.962  -10.142 -156.232   -0.725 -153.285    1606728348764
01    15.250    4.937   -9.531 -141.207   47.479   15.732    1606728348771
02    15.446    5.022  -10.126 -155.498   -0.458 -154.667    1606728348771
01    15.281    4.990   -9.574 -140.660   48.001   14.964    1606728348797
02    15.435    5.076  -10.145 -154.688   -0.300 -155.851    1606728348797
01    15.308    5.020   -9.578 -139.510   48.216   14.698    1606728348813
02    15.440    5.127  -10.132 -153.878   -0.131 -156.364    1606728348813
01    15.346    5.028   -9.486 -137.811   48.166   14.526    1606728348823
02    15.440    5.177  -10.083 -152.819   -0.380 -156.265    1606728348823
01    15.354    5.006   -9.381 -135.613   47.130   14.378    1606728348849
02    15.326    5.242  -10.146 -151.000   -2.743 -154.114    1606728348849
01    15.337    4.988   -9.220 -132.059   45.004   14.299    1606728348864
02    15.279    5.200  -10.108 -150.489   -3.149 -149.317    1606728348864
01    15.312    4.916   -9.019 -128.581   41.605   13.677    1606728348874
02    15.211    5.092  -10.222 -150.254   -1.891 -144.338    1606728348874
01    15.305    4.718   -8.823 -124.779   36.058   12.715    1606728348899
02    15.094    4.878  -10.560 -151.059    1.089 -139.906    1606728348899
01    15.339    4.483   -8.600 -121.299   29.950   11.685    1606728348915
02    14.810    4.368  -11.672 -152.511    5.618 -136.320    1606728348915
01    15.392    4.208   -8.347 -118.198   23.869   10.511    1606728348925
02    14.587    4.011  -13.097 -154.842   12.540 -134.540    1606728348925
01    15.544    3.804   -8.003 -116.555   19.049   10.283    1606728348951
02    14.859    4.477  -13.637 -158.679   25.108 -136.764    1606728348951
01    15.737    3.407   -7.824 -115.920   16.737   10.133    1606728348966
02    15.339    4.947  -13.578 -162.672   39.687 -141.623    1606728348966
01    15.942    3.223   -7.709 -114.497   16.436   10.722    1606728348976
02    15.699    5.070  -13.577 -163.133   49.759 -143.483    1606728348976
01    16.072    3.096   -7.664 -113.653   16.208   11.737    1606728349001
02    16.120    5.081  -13.572 -159.567   58.213 -140.824    1606728349001
01    16.148    3.032   -7.666 -113.086   16.081   12.871    1606728349017
02    16.495    5.029  -13.559 -152.383   64.696 -133.708    1606728349017
01    16.191    3.039   -7.673 -112.427   15.999   13.957    1606728349027
02    16.840    5.000  -13.529 -143.521   69.348 -124.488    1606728349027
01    16.244    3.000   -7.658 -112.231   15.946   15.077    1606728349052
02    17.061    5.050  -13.542 -136.683   72.344 -117.463    1606728349052
01    16.244    2.993   -7.705 -112.318   15.993   15.539    1606728349068
02    17.217    5.145  -13.529 -131.707   74.702 -112.721    1606728349068
01    16.239    3.008   -7.712 -112.528   16.249   15.974    1606728349077
02    17.282    5.226  -13.545 -130.010   75.855 -111.227    1606728349077
01    16.211    3.026   -7.696 -113.018   16.654   16.531    1606728349093
02    17.265    5.328  -13.493 -135.681   75.878 -117.578    1606728349093
01    16.176    3.050   -7.654 -114.231   17.532   17.431    1606728349119
02    17.146    5.491  -13.284 -146.386   73.540 -129.691    1606728349119
01    16.126    2.965   -7.697 -117.217   19.292   18.867    1606728349128
02    17.098    5.611  -12.658 -154.490   68.897 -139.161    1606728349128
01    16.010    2.887   -7.992 -123.404   23.737   20.391    1606728349149
02    17.128    5.712  -11.170 -157.772   61.027 -145.107    1606728349149
01    15.804    3.025   -8.597 -132.383   31.923   19.361    1606728349169
02    16.781    5.698  -10.241 -154.649   46.311 -145.269    1606728349169
01    15.429    3.749   -9.562 -140.716   40.586   14.157    1606728349179
02    15.782    5.503  -10.637 -149.133   20.766 -144.466    1606728349179
01    15.388    4.107   -9.907 -148.859   47.017   10.902    1606728349195
02    15.799    4.869  -10.450 -154.112    7.778 -149.555    1606728349195
01    15.452    4.548   -9.848 -150.867   51.814   10.297    1606728349205
02    15.768    4.864  -10.384 -155.461    2.750 -152.338    1606728349205
01    15.532    4.681   -9.824 -149.083   53.557   12.957    1606728349231
02    15.791    4.838  -10.389 -156.137    1.111 -152.992    1606728349231
01    15.593    4.764   -9.856 -146.619   54.217   14.707    1606728349250
02    15.845    4.863  -10.386 -155.742    1.432 -153.226    1606728349250
01    15.688    4.760   -9.868 -143.812   54.656   16.610    1606728349257
02    15.916    4.823  -10.409 -155.451    1.899 -153.157    1606728349257
01    15.777    4.773   -9.846 -140.357   54.763   18.330    1606728349282
02    16.005    4.788  -10.373 -154.970    2.644 -153.085    1606728349282
01    15.847    4.777   -9.765 -136.783   54.177   19.545    1606728349298
02    16.065    4.791  -10.305 -153.975    2.910 -152.928    1606728349298
01    15.869    4.790   -9.629 -133.581   52.494   19.433    1606728349307
02    16.004    4.860  -10.290 -152.282    1.452 -152.542    1606728349307
01    15.813    4.789   -9.495 -130.619   49.470   18.328    1606728349333
02    15.911    4.845  -10.246 -151.137   -0.692 -148.505    1606728349333
01    15.752    4.737   -9.320 -128.049   45.875   16.750    1606728349350
02    15.803    4.763  -10.362 -151.002    0.143 -144.233    1606728349350
01    15.670    4.675   -9.131 -125.495   41.382   14.858    1606728349358
02    15.631    4.627  -10.716 -151.589    2.837 -140.338    1606728349358
01    15.611    4.515   -8.928 -123.148   35.639   13.459    1606728349384
02    15.238    4.253  -11.782 -153.122    6.999 -137.080    1606728349384
01    15.550    4.312   -8.655 -120.519   28.998   12.135    1606728349400
02    14.970    4.063  -13.111 -155.849   13.748 -136.336    1606728349400
01    15.564    3.997   -8.322 -118.581   22.842   11.265    1606728349409
02    15.116    4.643  -13.636 -160.625   25.279 -139.931    1606728349409
01    15.687    3.652   -8.063 -117.527   19.481   10.589    1606728349435
02    15.424    5.066  -13.698 -165.486   38.694 -144.787    1606728349435
01    15.817    3.464   -7.905 -116.295   18.080   10.263    1606728349450
02    15.713    5.205  -13.761 -166.109   49.246 -145.923    1606728349450
01    15.904    3.377   -7.766 -115.686   17.676   10.818    1606728349460
02    16.090    5.264  -13.686 -164.007   59.172 -144.010    1606728349460
01    15.916    3.320   -7.697 -115.849   17.295   11.380    1606728349486
02    16.384    5.304  -13.659 -159.162   66.226 -139.151    1606728349486
01    15.869    3.345   -7.641 -115.999   16.779   11.745    1606728349501
02    16.619    5.349  -13.608 -151.734   71.285 -131.335    1606728349501
01    15.823    3.351   -7.588 -116.389   16.254   12.117    1606728349511
02    16.750    5.447  -13.553 -145.381   74.437 -124.850    1606728349511
01    15.764    3.355   -7.565 -116.854   15.849   12.254    1606728349527
02    16.792    5.566  -13.496 -144.524   76.042 -124.354    1606728349527
01    15.727    3.361   -7.517 -117.398   15.899   12.651    1606728349551
02    16.758    5.691  -13.389 -149.577   75.907 -130.299    1606728349551
01    15.696    3.323   -7.504 -118.535   16.339   13.224    1606728349562
02    16.658    5.790  -13.175 -156.165   73.412 -138.373    1606728349562
01    15.689    3.223   -7.510 -120.655   17.597   14.723    1606728349578
02    16.614    5.903  -12.666 -161.936   69.309 -145.970    1606728349578
01    15.679    3.122   -7.627 -124.099   20.310   16.759    1606728349588
02    16.732    5.833  -11.456 -164.641   62.779 -150.916    1606728349588
01    15.587    3.117   -8.037 -129.994   25.756   18.155    1606728349613
02    16.648    5.778  -10.206 -161.869   51.431 -151.914    1606728349613
01    15.440    3.326   -8.645 -137.910   33.773   16.706    1606728349629
02    15.922    5.631  -10.353 -155.241   31.477 -148.963    1606728349629
01    15.446    3.813   -8.952 -143.347   43.377   13.761    1606728349651
02    15.785    4.721  -10.178 -155.362   10.977 -145.364    1606728349651
01    15.355    4.189   -9.368 -150.839   48.030   10.627    1606728349664
02    15.659    4.777  -10.107 -155.580    0.442 -151.533    1606728349664
01    15.312    4.556   -9.468 -152.092   50.297   10.058    1606728349680
02    15.577    4.896  -10.092 -155.571   -3.977 -154.097    1606728349680
01    15.290    4.786   -9.496 -151.286   50.750   10.312    1606728349690
02    15.545    4.987  -10.064 -155.235   -5.433 -155.158    1606728349690
01    15.291    4.922   -9.534 -149.978   50.764   10.322    1606728349715
02    15.527    5.081  -10.071 -154.367   -5.741 -155.993    1606728349715
01    15.314    4.980   -9.578 -148.135   50.630   10.272    1606728349731
02    15.533    5.130  -10.070 -153.511   -5.594 -156.418    1606728349731
01    15.381    4.999   -9.535 -144.731   50.347   11.134    1606728349751
02    15.562    5.143  -10.042 -152.482   -5.494 -156.194    1606728349751
01    15.435    4.985   -9.457 -140.467   49.216   12.281    1606728349767
02    15.553    5.151  -10.028 -151.022   -5.908 -155.691    1606728349767
01    15.444    4.986   -9.345 -135.521   47.068   13.180    1606728349782
02    15.504    5.150  -10.024 -149.410   -6.385 -151.975    1606728349782
01    15.440    4.916   -9.168 -130.193   43.517   13.489    1606728349792
02    15.440    5.040  -10.153 -149.642   -4.229 -146.912    1606728349792
01    15.441    4.732   -8.962 -126.147   38.678   12.961    1606728349818
02    15.341    4.803  -10.522 -150.846   -0.393 -141.428    1606728349818
01    15.467    4.479   -8.751 -122.844   33.128   11.985    1606728349834
02    14.958    4.217  -11.884 -153.169    4.974 -137.215    1606728349834
01    15.506    4.267   -8.510 -119.493   27.042   10.619    1606728349851
02    14.642    3.967  -13.581 -156.221   12.877 -135.967    1606728349851
01    15.610    3.926   -8.173 -117.648   21.607    9.774    1606728349867
02    14.997    4.576  -14.030 -160.582   27.796 -138.385    1606728349867
01    15.756    3.605   -7.937 -116.623   18.432    8.984    1606728349886
02    15.539    5.018  -13.817 -163.358   43.791 -142.140    1606728349886
01    15.895    3.417   -7.754 -115.413   16.618    8.798    1606728349895
02    15.928    5.133  -13.751 -161.128   54.760 -141.216    1606728349895
01    15.998    3.291   -7.592 -114.775   15.363    9.479    1606728349911
02    16.362    5.149  -13.610 -154.664   63.965 -135.100    1606728349911
01    16.032    3.227   -7.538 -114.215   14.309   10.247    1606728349921
02    16.691    5.110  -13.525 -145.275   69.294 -125.568    1606728349921
01    16.084    3.163   -7.476 -113.888   13.751   11.352    1606728349952
02    16.874    5.091  -13.536 -137.652   71.800 -117.631    1606728349952
01    16.126    3.101   -7.472 -113.429   13.369   12.227    1606728349968
02    17.029    5.060  -13.533 -132.202   73.624 -111.648    1606728349968
01    16.172    3.051   -7.489 -113.040   13.378   12.788    1606728349973
02    17.105    5.135  -13.556 -130.084   75.205 -109.947    1606728349973
01    16.197    3.044   -7.507 -112.840   13.780   13.064    1606728349999
02    17.134    5.272  -13.567 -131.515   76.403 -112.006    1606728349999
01    16.180    3.085   -7.521 -112.899   14.261   13.153    1606728350014
02    17.079    5.386  -13.532 -137.182   76.196 -118.534    1606728350014
01    16.156    3.102   -7.484 -113.503   14.931   13.673    1606728350024
02    16.970    5.487  -13.323 -143.875   74.091 -126.510    1606728350024
01    16.132    3.107   -7.436 -115.202   16.344   14.849    1606728350052
02    16.876    5.583  -12.834 -149.810   69.631 -133.768    1606728350052
01    16.101    2.958   -7.473 -119.226   18.844   17.077    1606728350068
02    16.960    5.703  -11.338 -153.044   63.784 -139.260    1606728350068
01    15.963    2.849   -7.850 -127.956   25.112   19.625    1606728350076
02    16.705    5.724  -10.020 -152.626   50.894 -142.017    1606728350076
01    15.697    3.005   -8.615 -138.907   33.949   18.452    1606728350101
02    15.729    5.156  -10.588 -150.156   25.270 -140.666    1606728350101
01    15.485    3.489   -9.313 -145.488   40.740   15.282    1606728350117
02    15.773    4.147  -10.414 -155.383    5.815 -141.093    1606728350117
01    15.471    4.103   -9.481 -149.790   48.714   12.565    1606728350127
02    15.744    4.403  -10.209 -156.511   -0.703 -146.253    1606728350127
01    15.525    4.434   -9.548 -147.292   51.372   14.499    1606728350143
02    15.777    4.551  -10.195 -156.695   -2.280 -148.308    1606728350143
01    15.581    4.677   -9.581 -143.666   51.723   15.762    1606728350168
02    15.822    4.696  -10.188 -156.112   -2.066 -149.930    1606728350168
