01     8.314   -2.896    2.168 -176.890   44.613  -28.453    1601029662606
02     8.463   -3.913    1.801  154.262   -9.437  172.729    1601029662606
01     8.354   -2.916    1.645 -177.058   47.113  -27.581    1601029662621
02     8.532   -4.015    1.313  154.694   -2.390  171.932    1601029662621
01     8.446   -2.912    1.054 -177.779   49.071  -27.728    1601029662637
02     8.648   -4.058    0.810  154.842    1.604  171.208    1601029662653
01     8.552   -2.902    0.402 -178.477   50.648  -28.077    1601029662668
02     8.794   -4.079    0.230  154.914    4.477  170.347    1601029662668
01     8.662   -2.898   -0.297 -179.418   52.031  -28.511    1601029662675
02     8.958   -4.082   -0.446  154.720    6.614  169.156    1601029662675
01     8.782   -2.875   -1.025  179.637   53.567  -29.103    1601029662691
02     9.140   -4.027   -1.207  154.481    7.635  167.519    1601029662691
01     8.911   -2.845   -1.733  178.816   55.399  -29.499    1601029662706
02     9.328   -3.930   -1.976  154.388    8.191  165.934    1601029662706
01     9.049   -2.802   -2.405  177.888   57.346  -29.789    1601029662722
02     9.503   -3.826   -2.739  154.305    8.495  164.591    1601029662722
01     9.199   -2.745   -3.048  176.294   59.247  -30.308    1601029662737
02     9.668   -3.714   -3.469  154.108    8.518  163.559    1601029662737
01     9.375   -2.657   -3.658  173.904   61.220  -31.400    1601029662769
02     9.822   -3.590   -4.170  153.853    8.214  162.764    1601029662769
01     9.573   -2.545   -4.255  170.698   63.074  -33.302    1601029662775
02     9.978   -3.463   -4.857  153.597    7.950  162.245    1601029662775
01     9.796   -2.439   -4.831  167.064   65.019  -35.597    1601029662794
02    10.147   -3.337   -5.564  153.349    7.985  161.781    1601029662794
01    10.032   -2.387   -5.389  163.306   66.781  -36.607    1601029662809
02    10.339   -3.223   -6.274  153.020    8.550  161.256    1601029662809
01    10.327   -2.241   -5.875  157.531   69.010  -40.219    1601029662825
02    10.560   -3.131   -6.948  152.425    9.626  160.613    1601029662825
01    10.615   -2.147   -6.370  152.045   70.387  -43.198    1601029662841
02    10.827   -3.049   -7.507  151.486   11.085  159.594    1601029662841
01    10.893   -2.034   -6.893  148.580   71.504  -46.424    1601029662856
02    11.106   -2.955   -7.973  150.450   11.986  158.739    1601029662856
01    11.197   -2.042   -7.354  146.017   73.890  -48.776    1601029662876
02    11.359   -2.855   -8.399  149.528   12.059  158.104    1601029662876
01    11.499   -2.046   -7.791  143.377   76.379  -50.850    1601029662891
02    11.571   -2.756   -8.852  148.974   11.869  157.760    1601029662891
01    11.806   -2.019   -8.154  136.276   78.566  -57.389    1601029662907
02    11.784   -2.661   -9.306  148.714   12.287  157.500    1601029662907
01    12.079   -2.006   -8.506  128.794   79.531  -63.997    1601029662922
02    12.004   -2.633   -9.746  148.347   13.297  157.635    1601029662922
01    12.324   -1.976   -8.888  121.559   79.646  -70.176    1601029662938
02    12.242   -2.643  -10.133  147.626   14.974  157.729    1601029662938
01    12.581   -1.945   -9.223  114.499   79.654  -76.047    1601029662954
02    12.468   -2.628  -10.508  146.895   16.654  157.887    1601029662954
01    12.835   -1.926   -9.506  108.222   79.526  -80.950    1601029662976
02    12.699   -2.617  -10.851  146.058   18.737  158.011    1601029662976
01    13.078   -1.872   -9.764  102.520   78.980  -85.474    1601029662991
02    12.962   -2.648  -11.140  145.450   21.081  158.150    1601029662991
01    13.299   -1.886   -9.986   98.301   78.558  -87.996    1601029663007
02    13.219   -2.716  -11.386  145.144   23.317  158.280    1601029663007
01    13.512   -1.850  -10.182   96.713   78.205  -88.408    1601029663023
02    13.414   -2.783  -11.630  144.790   24.691  158.260    1601029663023
01    13.718   -1.871  -10.380   95.088   78.060  -88.903    1601029663038
02    13.667   -2.796  -11.798  144.089   25.931  157.360    1601029663038
01    13.878   -1.952  -10.579   94.189   77.829  -87.619    1601029663054
02    13.923   -2.793  -11.925  143.382   27.026  156.365    1601029663054
01    14.077   -1.914  -10.697   92.522   77.056  -87.565    1601029663076
02    14.129   -2.792  -12.075  142.713   27.754  155.575    1601029663076
01    14.256   -1.828  -10.821   92.662   76.579  -86.733    1601029663092
02    14.328   -2.767  -12.181  142.330   28.388  154.809    1601029663092
01    14.434   -1.794  -10.916   91.236   76.316  -87.461    1601029663107
02    14.534   -2.741  -12.258  141.873   29.179  154.015    1601029663107
01    14.637   -1.742  -10.958   88.420   76.200  -90.052    1601029663123
02    14.696   -2.758  -12.343  141.259   29.898  153.546    1601029663123
01    14.814   -1.724  -10.981   88.264   76.561  -90.842    1601029663139
02    14.863   -2.734  -12.390  140.676   30.308  152.875    1601029663139
01    14.943   -1.759  -11.065   88.436   76.671  -90.061    1601029663154
02    14.983   -2.692  -12.453  140.244   30.294  152.089    1601029663154
01    15.092   -1.750  -11.098   84.680   76.633  -92.409    1601029663176
02    15.089   -2.647  -12.515  139.915   30.428  151.384    1601029663176
01    15.211   -1.700  -11.141   81.013   76.442  -95.029    1601029663192
02    15.228   -2.600  -12.541  139.587   31.190  150.592    1601029663192
01    15.317   -1.663  -11.157   77.614   76.062  -97.790    1601029663208
02    15.358   -2.558  -12.555  139.078   32.023  149.845    1601029663208
01    15.422   -1.590  -11.147   74.877   75.583 -100.300    1601029663223
02    15.457   -2.538  -12.558  138.553   32.656  149.321    1601029663223
01    15.505   -1.613  -11.127   72.009   75.280 -102.652    1601029663239
02    15.539   -2.575  -12.535  138.114   33.061  149.006    1601029663239
01    15.590   -1.567  -11.093   69.437   74.861 -105.125    1601029663254
02    15.603   -2.492  -12.542  138.142   33.050  148.477    1601029663254
01    15.627   -1.485  -11.108   69.025   74.480 -105.536    1601029663277
02    15.661   -2.442  -12.548  137.917   33.096  147.844    1601029663277
01    15.675   -1.453  -11.086   68.167   74.264 -106.587    1601029663292
02    15.724   -2.429  -12.521  137.502   33.462  147.044    1601029663292
01    15.702   -1.467  -11.085   67.599   74.162 -107.126    1601029663308
02    15.797   -2.427  -12.461  137.178   33.949  146.312    1601029663308
01    15.746   -1.406  -11.031   67.024   73.724 -107.918    1601029663324
02    15.803   -2.414  -12.467  137.398   33.837  146.283    1601029663324
01    15.718   -1.373  -11.074   68.633   73.575 -106.269    1601029663339
02    15.783   -2.416  -12.486  137.597   33.617  146.498    1601029663339
01    15.705   -1.357  -11.067   69.490   73.433 -105.294    1601029663355
02    15.770   -2.374  -12.487  137.742   33.437  146.394    1601029663355
01    15.693   -1.333  -11.069   70.247   73.356 -104.385    1601029663377
02    15.744   -2.403  -12.499  137.855   33.337  146.771    1601029663377
01    15.669   -1.345  -11.101   70.901   73.363 -103.445    1601029663393
02    15.706   -2.403  -12.532  138.039   33.009  147.083    1601029663393
01    15.653   -1.346  -11.118   71.294   73.439 -103.009    1601029663408
02    15.688   -2.404  -12.558  138.187   33.013  147.254    1601029663408
01    15.633   -1.321  -11.130   71.812   73.428 -102.695    1601029663424
02    15.654   -2.433  -12.595  138.280   33.150  147.395    1601029663424
01    15.600   -1.364  -11.148   72.097   73.585 -102.448    1601029663439
02    15.640   -2.461  -12.597  138.326   33.334  147.315    1601029663439
01    15.562   -1.396  -11.179   72.476   73.666 -102.144    1601029663455
02    15.621   -2.476  -12.616  138.408   33.367  147.285    1601029663455
01    15.552   -1.402  -11.188   72.350   73.710 -102.440    1601029663477
02    15.596   -2.470  -12.643  138.527   33.281  147.211    1601029663477
01    15.542   -1.443  -11.198   71.825   73.929 -102.983    1601029663493
02    15.584   -2.488  -12.665  138.553   33.429  147.218    1601029663493
01    15.534   -1.478  -11.211   71.355   74.040 -103.406    1601029663509
02    15.593   -2.502  -12.675  138.639   33.788  147.180    1601029663509
01    15.510   -1.493  -11.248   71.537   74.068 -103.171    1601029663524
02    15.581   -2.517  -12.705  138.625   33.970  147.200    1601029663524
01    15.501   -1.509  -11.256   71.514   74.139 -103.169    1601029663540
02    15.595   -2.525  -12.710  138.634   34.343  147.189    1601029663540
01    15.493   -1.536  -11.262   71.537   74.191 -103.096    1601029663555
02    15.611   -2.564  -12.700  138.695   34.838  147.308    1601029663555
01    15.492   -1.566  -11.276   71.486   74.291 -103.103    1601029663578
02    15.607   -2.603  -12.708  138.646   35.053  147.493    1601029663578
01    15.481   -1.578  -11.293   71.490   74.403 -103.085    1601029663593
02    15.612   -2.620  -12.709  138.769   35.224  147.526    1601029663593
01    15.494   -1.576  -11.282   71.213   74.436 -103.428    1601029663609
02    15.613   -2.648  -12.714  138.713   35.347  147.554    1601029663609
01    15.478   -1.575  -11.299   71.273   74.485 -103.400    1601029663624
02    15.635   -2.672  -12.698  138.674   35.595  147.417    1601029663624
01    15.490   -1.583  -11.279   71.263   74.470 -103.477    1601029663640
02    15.646   -2.667  -12.677  138.809   35.606  147.269    1601029663640
01    15.488   -1.596  -11.260   71.233   74.506 -103.547    1601029663656
02    15.628   -2.660  -12.682  138.936   35.405  147.318    1601029663656
01    15.483   -1.571  -11.259   71.692   74.469 -103.183    1601029663678
02    15.608   -2.658  -12.704  139.044   35.190  147.438    1601029663678
01    15.490   -1.580  -11.254   71.773   74.477 -103.046    1601029663693
02    15.614   -2.648  -12.698  139.003   35.213  147.305    1601029663693
01    15.487   -1.596  -11.259   71.967   74.552 -102.801    1601029663709
02    15.618   -2.645  -12.696  139.074   35.261  147.337    1601029663709
01    15.507   -1.596  -11.231   71.735   74.572 -103.038    1601029663725
02    15.632   -2.629  -12.667  139.097   35.333  147.199    1601029663725
01    15.506   -1.590  -11.235   71.791   74.571 -102.986    1601029663740
02    15.628   -2.641  -12.662  139.183   35.220  147.341    1601029663740
01    15.514   -1.595  -11.218   71.679   74.544 -103.082    1601029663756
02    15.618   -2.645  -12.668  139.233   35.081  147.401    1601029663756
01    15.521   -1.587  -11.206   71.701   74.522 -103.102    1601029663778
02    15.599   -2.644  -12.687  139.341   34.872  147.499    1601029663778
01    15.517   -1.593  -11.212   71.838   74.512 -102.985    1601029663794
02    15.594   -2.644  -12.704  139.407   34.829  147.484    1601029663794
01    15.511   -1.609  -11.225   71.974   74.507 -102.851    1601029663809
02    15.592   -2.650  -12.719  139.401   34.899  147.449    1601029663809
01    15.517   -1.607  -11.227   71.850   74.468 -103.053    1601029663825
02    15.604   -2.657  -12.729  139.329   35.206  147.363    1601029663825
01    15.508   -1.613  -11.248   72.286   74.513 -102.813    1601029663841
02    15.607   -2.664  -12.761  139.257   35.509  147.272    1601029663841
01    15.513   -1.619  -11.253   72.207   74.453 -103.200    1601029663856
02    15.620   -2.671  -12.808  139.190   36.289  147.031    1601029663856
01    15.514   -1.640  -11.265   72.128   74.441 -103.380    1601029663878
02    15.632   -2.685  -12.889  139.222   37.447  146.856    1601029663878
01    15.502   -1.661  -11.297   72.513   74.354 -102.910    1601029663894
02    15.660   -2.736  -12.929  139.319   39.199  146.886    1601029663894
01    15.513   -1.707  -11.283   72.097   74.318 -103.047    1601029663910
02    15.653   -2.812  -12.986  139.674   40.386  147.507    1601029663910
01    15.497   -1.751  -11.319   72.572   74.218 -102.165    1601029663925
02    15.657   -2.898  -13.019  139.624   41.396  147.992    1601029663925
01    15.484   -1.795  -11.354   73.031   74.066 -101.314    1601029663941
02    15.702   -2.912  -12.980  139.134   42.112  147.780    1601029663941
01    15.499   -1.789  -11.340   73.414   73.484 -100.349    1601029663957
02    15.711   -2.978  -12.947  138.776   42.536  148.161    1601029663957
01    15.493   -1.788  -11.329   74.299   72.638  -98.789    1601029663979
02    15.708   -3.009  -12.916  138.520   42.421  148.495    1601029663979
01    15.468   -1.784  -11.358   75.614   72.063  -97.072    1601029663994
02    15.654   -3.004  -12.963  138.830   41.899  149.085    1601029663994
01    15.467   -1.782  -11.368   75.329   71.837  -97.301    1601029664010
02    15.641   -2.984  -12.974  138.923   41.794  149.129    1601029664010
01    15.470   -1.816  -11.379   74.343   71.700  -97.958    1601029664026
02    15.625   -2.961  -12.977  138.677   41.594  148.857    1601029664026
01    15.467   -1.818  -11.393   73.896   70.952  -97.965    1601029664041
02    15.630   -2.955  -12.951  138.101   41.596  148.216    1601029664041
01    15.452   -1.842  -11.418   73.944   70.716  -97.350    1601029664057
02    15.662   -2.927  -12.872  137.382   41.409  147.219    1601029664057
01    15.455   -1.864  -11.421   73.333   70.439  -97.458    1601029664079
02    15.616   -2.875  -12.887  137.187   40.396  146.924    1601029664079
01    15.458   -1.866  -11.413   73.328   70.174  -97.034    1601029664095
02    15.566   -2.809  -12.941  137.238   39.686  146.796    1601029664095
01    15.455   -1.857  -11.424   73.487   69.982  -96.584    1601029664110
02    15.566   -2.764  -12.954  136.812   39.599  146.274    1601029664110
01    15.438   -1.856  -11.449   73.778   69.949  -96.073    1601029664126
02    15.564   -2.756  -12.972  136.613   39.696  146.273    1601029664126
01    15.433   -1.853  -11.447   73.426   69.937  -96.447    1601029664142
02    15.559   -2.750  -12.994  136.575   39.987  146.371    1601029664142
01    15.415   -1.823  -11.471   74.047   69.740  -95.943    1601029664157
02    15.564   -2.745  -12.997  136.526   40.350  146.322    1601029664157
01    15.416   -1.798  -11.468   73.580   69.517  -96.409    1601029664179
02    15.560   -2.757  -13.011  136.564   40.648  146.596    1601029664179
01    15.413   -1.786  -11.470   73.299   69.333  -96.382    1601029664195
02    15.551   -2.758  -13.017  136.641   40.776  146.804    1601029664195
01    15.419   -1.752  -11.460   72.814   69.078  -96.733    1601029664211
02    15.553   -2.759  -12.999  136.738   40.925  146.958    1601029664211
01    15.423   -1.744  -11.452   72.186   68.953  -97.134    1601029664226
02    15.545   -2.750  -12.990  136.767   40.862  147.029    1601029664226
01    15.426   -1.714  -11.450   71.869   68.946  -97.509    1601029664242
02    15.525   -2.724  -12.997  136.824   40.599  147.027    1601029664242
01    15.412   -1.711  -11.473   71.951   69.093  -97.299    1601029664257
02    15.515   -2.707  -12.991  136.863   40.535  147.088    1601029664257
01    15.398   -1.716  -11.490   72.019   69.184  -96.977    1601029664280
02    15.487   -2.662  -13.007  137.050   40.390  147.197    1601029664280
01    15.385   -1.706  -11.502   72.202   69.084  -96.462    1601029664295
02    15.486   -2.633  -12.985  137.039   40.314  147.180    1601029664295
01    15.400   -1.682  -11.482   71.971   68.940  -96.605    1601029664311
02    15.480   -2.611  -12.967  137.037   40.197  147.209    1601029664311
01    15.399   -1.651  -11.486   72.126   68.805  -96.391    1601029664326
02    15.466   -2.614  -12.958  136.993   39.997  147.296    1601029664326
01    15.396   -1.628  -11.490   72.019   68.828  -96.505    1601029664342
02    15.443   -2.573  -12.966  136.880   39.500  147.253    1601029664342
01    15.411   -1.622  -11.476   71.601   68.905  -96.925    1601029664358
02    15.442   -2.539  -12.974  137.013   39.331  147.231    1601029664358
01    15.408   -1.592  -11.471   71.476   68.834  -97.045    1601029664380
02    15.438   -2.525  -12.970  137.005   39.287  147.200    1601029664380
01    15.397   -1.601  -11.479   71.521   68.883  -96.839    1601029664395
02    15.418   -2.530  -12.991  137.088   39.242  147.426    1601029664395
01    15.403   -1.571  -11.465   71.650   68.801  -96.766    1601029664411
02    15.417   -2.545  -12.960  136.881   39.235  147.362    1601029664411
01    15.398   -1.558  -11.469   71.821   68.830  -96.674    1601029664427
02    15.405   -2.499  -12.955  136.644   38.923  147.109    1601029664427
01    15.400   -1.564  -11.466   71.771   68.937  -96.845    1601029664442
02    15.413   -2.487  -12.913  136.163   38.513  146.564    1601029664442
01    15.390   -1.568  -11.481   71.912   69.047  -96.842    1601029664458
02    15.407   -2.475  -12.879  136.054   37.827  146.288    1601029664458
01    15.395   -1.546  -11.479   71.897   69.046  -96.981    1601029664480
02    15.382   -2.441  -12.846  136.100   36.870  146.049    1601029664480
01    15.397   -1.547  -11.480   71.864   69.058  -96.998    1601029664496
02    15.366   -2.377  -12.820  136.290   35.988  145.962    1601029664496
01    15.396   -1.538  -11.485   71.972   69.110  -96.911    1601029664511
02    15.318   -2.324  -12.828  136.550   35.148  146.025    1601029664511
01    15.391   -1.550  -11.497   72.005   69.158  -96.819    1601029664527
02    15.307   -2.329  -12.799  136.242   34.565  145.785    1601029664527
01    15.399   -1.547  -11.495   71.777   69.178  -97.056    1601029664543
02    15.303   -2.298  -12.746  135.971   33.747  145.307    1601029664543
01    15.404   -1.555  -11.503   71.541   69.267  -97.265    1601029664558
02    15.272   -2.240  -12.738  136.482   32.731  145.367    1601029664558
01    15.413   -1.551  -11.504   71.091   69.305  -97.763    1601029664580
02    15.255   -2.219  -12.730  136.657   32.111  145.535    1601029664580
01    15.415   -1.553  -11.506   70.934   69.296  -97.884    1601029664596
02    15.237   -2.180  -12.744  137.087   31.761  145.717    1601029664596
01    15.420   -1.552  -11.506   70.892   69.320  -98.001    1601029664612
02    15.234   -2.194  -12.736  136.828   31.677  145.645    1601029664612
01    15.420   -1.571  -11.511   70.695   69.570  -98.195    1601029664627
02    15.265   -2.196  -12.692  136.418   31.614  145.159    1601029664627
01    15.429   -1.575  -11.521   70.525   69.692  -98.555    1601029664643
02    15.255   -2.176  -12.703  136.470   31.235  145.213    1601029664643
01    15.449   -1.600  -11.531   69.978   69.843  -99.091    1601029664659
02    15.266   -2.146  -12.700  136.554   31.043  145.166    1601029664659
01    15.461   -1.596  -11.539   69.721   69.822  -99.432    1601029664681
02    15.262   -2.150  -12.708  136.735   31.041  145.495    1601029664681
01    15.470   -1.610  -11.543   69.420   69.865  -99.698    1601029664696
02    15.288   -2.142  -12.678  136.428   30.998  145.231    1601029664696
01    15.477   -1.630  -11.553   69.333   69.854  -99.692    1601029664712
02    15.294   -2.147  -12.674  136.347   30.793  145.285    1601029664712
01    15.499   -1.648  -11.551   68.907   69.878 -100.091    1601029664728
02    15.309   -2.139  -12.654  136.285   30.757  145.261    1601029664728
01    15.524   -1.641  -11.549   68.338   69.945 -100.692    1601029664743
02    15.315   -2.118  -12.659  136.263   30.558  145.290    1601029664743
01    15.538   -1.624  -11.563   68.284   69.860 -100.727    1601029664759
02    15.330   -2.104  -12.668  136.228   30.561  145.373    1601029664759
01    15.560   -1.615  -11.561   67.809   69.699 -101.050    1601029664781
02    15.332   -2.094  -12.678  136.303   30.494  145.536    1601029664781
01    15.578   -1.605  -11.551   67.508   69.617 -101.300    1601029664797
02    15.343   -2.082  -12.681  136.326   30.484  145.617    1601029664797
01    15.578   -1.587  -11.579   67.866   69.622 -100.947    1601029664812
02    15.352   -2.083  -12.694  136.261   30.460  145.650    1601029664812
01    15.591   -1.604  -11.573   67.257   69.662 -101.440    1601029664828
02    15.360   -2.094  -12.697  136.197   30.527  145.747    1601029664828
01    15.605   -1.614  -11.574   66.974   69.652 -101.739    1601029664843
02    15.373   -2.097  -12.690  136.162   30.629  145.815    1601029664843
01    15.633   -1.603  -11.554   66.094   69.526 -102.702    1601029664859
02    15.388   -2.105  -12.689  136.159   30.748  145.873    1601029664859
01    15.639   -1.610  -11.562   66.027   69.548 -102.722    1601029664881
02    15.392   -2.107  -12.698  136.079   30.746  145.866    1601029664881
01    15.645   -1.600  -11.565   65.889   69.525 -102.931    1601029664897
02    15.388   -2.096  -12.719  136.081   30.653  145.838    1601029664897
01    15.663   -1.608  -11.555   65.525   69.447 -103.309    1601029664913
02    15.385   -2.071  -12.742  136.113   30.548  145.807    1601029664913
01    15.674   -1.601  -11.570   65.308   69.444 -103.546    1601029664928
02    15.399   -2.077  -12.745  136.014   30.608  145.757    1601029664928
01    15.685   -1.615  -11.582   64.829   69.534 -103.925    1601029664944
02    15.415   -2.086  -12.744  135.927   30.711  145.695    1601029664944
01    15.694   -1.596  -11.602   64.961   69.469 -103.797    1601029664959
02    15.441   -2.084  -12.739  135.812   30.814  145.582    1601029664959
01    15.694   -1.597  -11.612   64.837   69.427 -103.852    1601029664982
02    15.462   -2.083  -12.731  135.728   30.954  145.541    1601029664982
01    15.713   -1.596  -11.606   64.706   69.394 -104.047    1601029664997
02    15.468   -2.085  -12.740  135.644   30.959  145.529    1601029664997
01    15.729   -1.564  -11.610   64.797   69.272 -104.037    1601029665013
02    15.475   -2.073  -12.753  135.590   30.902  145.414    1601029665013
01    15.767   -1.553  -11.590   64.113   69.131 -104.769    1601029665028
02    15.501   -2.069  -12.738  135.344   31.059  145.138    1601029665028
01    15.776   -1.565  -11.593   63.742   69.227 -105.024    1601029665044
02    15.504   -2.063  -12.754  135.276   30.989  145.124    1601029665044
01    15.778   -1.563  -11.612   63.762   69.259 -104.886    1601029665060
02    15.506   -2.036  -12.772  135.152   30.876  145.071    1601029665060
01    15.788   -1.554  -11.605   63.547   69.222 -105.060    1601029665082
02    15.515   -2.040  -12.762  135.012   30.980  144.990    1601029665082
01    15.791   -1.521  -11.609   63.824   69.098 -104.869    1601029665097
02    15.519   -2.035  -12.768  134.939   30.938  144.889    1601029665097
01    15.796   -1.519  -11.615   63.723   69.127 -105.018    1601029665113
02    15.533   -2.016  -12.768  134.792   30.909  144.655    1601029665113
01    15.793   -1.508  -11.628   63.645   69.119 -105.132    1601029665129
02    15.551   -1.966  -12.757  134.841   30.949  144.410    1601029665129
01    15.797   -1.493  -11.638   63.690   69.089 -105.066    1601029665144
02    15.564   -1.950  -12.751  134.774   30.975  144.351    1601029665144
01    15.797   -1.506  -11.637   63.475   69.195 -105.251    1601029665160
02    15.559   -1.908  -12.752  134.817   30.871  144.351    1601029665160
01    15.811   -1.485  -11.614   63.275   69.193 -105.507    1601029665182
02    15.550   -1.944  -12.756  134.744   30.866  144.541    1601029665182
01    15.802   -1.461  -11.620   63.504   69.224 -105.312    1601029665198
02    15.539   -1.936  -12.760  134.767   30.813  144.639    1601029665198
01    15.793   -1.428  -11.616   63.740   69.199 -105.173    1601029665213
02    15.510   -1.916  -12.779  134.793   30.677  144.694    1601029665213
01    15.784   -1.430  -11.618   63.791   69.256 -105.142    1601029665229
02    15.513   -1.899  -12.770  134.815   30.672  144.598    1601029665229
01    15.768   -1.439  -11.630   63.898   69.304 -104.982    1601029665245
02    15.518   -1.860  -12.764  134.846   30.635  144.485    1601029665245
01    15.771   -1.442  -11.623   63.745   69.336 -105.100    1601029665260
02    15.519   -1.860  -12.759  134.789   30.571  144.436    1601029665260
01    15.759   -1.420  -11.635   63.971   69.351 -104.892    1601029665282
02    15.523   -1.823  -12.749  134.791   30.502  144.407    1601029665282
01    15.753   -1.414  -11.637   64.088   69.390 -104.738    1601029665298
02    15.494   -1.847  -12.767  134.738   30.404  144.540    1601029665298
01    15.756   -1.397  -11.632   64.109   69.385 -104.721    1601029665314
02    15.484   -1.868  -12.768  134.646   30.373  144.560    1601029665314
01    15.758   -1.375  -11.631   64.091   69.385 -104.751    1601029665329
02    15.486   -1.859  -12.774  134.575   30.309  144.547    1601029665329
01    15.771   -1.366  -11.615   64.002   69.395 -104.865    1601029665345
02    15.496   -1.863  -12.765  134.482   30.342  144.499    1601029665345
01    15.777   -1.364  -11.607   63.938   69.389 -104.933    1601029665361
02    15.506   -1.855  -12.753  134.434   30.361  144.459    1601029665361
01    15.792   -1.347  -11.584   63.807   69.377 -105.087    1601029665383
02    15.510   -1.825  -12.751  134.423   30.299  144.428    1601029665383
01    15.802   -1.314  -11.576   63.760   69.338 -105.163    1601029665398
02    15.514   -1.827  -12.739  134.427   30.353  144.514    1601029665398
01    15.789   -1.278  -11.600   63.970   69.303 -104.956    1601029665414
02    15.526   -1.807  -12.729  134.407   30.347  144.472    1601029665414
01    15.793   -1.278  -11.589   63.930   69.283 -104.982    1601029665430
02    15.518   -1.795  -12.739  134.386   30.257  144.519    1601029665430
01    15.788   -1.281  -11.592   63.890   69.297 -105.016    1601029665445
02    15.512   -1.769  -12.742  134.411   30.179  144.512    1601029665445
01    15.791   -1.265  -11.580   63.843   69.278 -105.097    1601029665461
02    15.513   -1.710  -12.739  134.443   30.095  144.435    1601029665461
01    15.780   -1.259  -11.587   63.919   69.274 -105.021    1601029665483
02    15.494   -1.741  -12.751  134.414   30.046  144.535    1601029665483
01    15.778   -1.239  -11.591   64.035   69.225 -104.927    1601029665499
02    15.492   -1.712  -12.749  134.418   29.924  144.492    1601029665499
01    15.774   -1.245  -11.596   63.967   69.230 -105.006    1601029665514
02    15.508   -1.702  -12.725  134.331   29.955  144.339    1601029665514
01    15.771   -1.250  -11.602   63.820   69.280 -105.246    1601029665530
02    15.503   -1.708  -12.728  134.239   29.948  144.267    1601029665530
01    15.784   -1.251  -11.586   63.052   69.426 -106.388    1601029665545
02    15.513   -1.690  -12.730  134.205   29.968  144.091    1601029665545
01    15.795   -1.238  -11.592   62.606   69.505 -107.144    1601029665561
02    15.507   -1.680  -12.746  134.212   29.949  143.988    1601029665561
01    15.804   -1.230  -11.586   62.121   69.514 -107.896    1601029665583
02    15.516   -1.680  -12.738  134.135   30.033  143.773    1601029665583
01    15.804   -1.227  -11.592   62.431   69.483 -107.739    1601029665599
02    15.514   -1.687  -12.744  134.127   29.989  143.755    1601029665599
01    15.804   -1.226  -11.602   62.523   69.535 -107.690    1601029665615
02    15.526   -1.678  -12.739  134.192   30.001  143.659    1601029665615
01    15.809   -1.217  -11.610   62.264   69.460 -108.044    1601029665630
02    15.525   -1.685  -12.751  134.118   29.952  143.594    1601029665630
01    15.812   -1.252  -11.625   61.495   69.682 -108.665    1601029665646
02    15.542   -1.692  -12.751  133.958   30.027  143.338    1601029665646
01    15.817   -1.256  -11.638   61.455   69.618 -108.841    1601029665661
02    15.546   -1.701  -12.761  133.965   30.066  143.319    1601029665661
01    15.813   -1.249  -11.669   61.844   69.566 -108.634    1601029665684
02    15.546   -1.708  -12.778  134.003   29.993  143.343    1601029665684
01    15.796   -1.253  -11.719   62.132   69.622 -108.495    1601029665699
02    15.532   -1.704  -12.814  134.053   29.803  143.303    1601029665699
01    15.800   -1.244  -11.737   62.369   69.540 -108.463    1601029665715
02    15.515   -1.690  -12.854  134.180   29.575  143.066    1601029665715
01    15.799   -1.290  -11.757   62.072   69.633 -108.858    1601029665730
02    15.504   -1.712  -12.891  134.202   29.600  142.964    1601029665730
01    15.765   -1.312  -11.819   62.220   69.781 -108.970    1601029665746
02    15.497   -1.705  -12.934  134.509   29.552  142.954    1601029665746
01    15.774   -1.311  -11.846   61.967   69.873 -109.795    1601029665762
02    15.506   -1.708  -12.936  134.682   29.704  142.804    1601029665762
01    15.791   -1.344  -11.845   61.255   69.911 -110.635    1601029665784
02    15.519   -1.715  -12.941  134.797   29.814  142.707    1601029665784
01    15.774   -1.315  -11.879   61.996   69.812 -110.078    1601029665799
02    15.492   -1.721  -12.986  135.044   29.620  142.968    1601029665799
01    15.762   -1.306  -11.903   62.690   69.810 -109.457    1601029665815
02    15.451   -1.729  -13.048  135.326   29.435  143.315    1601029665815
01    15.737   -1.303  -11.937   63.203   69.808 -108.979    1601029665831
02    15.391   -1.755  -13.148  135.602   29.278  143.650    1601029665831
01    15.729   -1.303  -11.958   63.486   69.544 -108.591    1601029665846
02    15.335   -1.672  -13.310  135.818   29.216  143.584    1601029665846
01    15.743   -1.253  -11.990   63.714   68.988 -108.269    1601029665862
02    15.333   -1.673  -13.500  135.585   29.687  143.283    1601029665862
01    15.759   -1.221  -12.021   63.616   68.681 -108.389    1601029665884
02    15.431   -1.705  -13.581  135.052   30.856  142.690    1601029665884
01    15.772   -1.227  -12.041   63.497   68.407 -108.508    1601029665900
02    15.524   -1.749  -13.605  134.207   32.712  141.732    1601029665900
01    15.740   -1.238  -12.110   64.188   68.224 -107.693    1601029665915
02    15.520   -1.808  -13.729  133.322   34.000  140.998    1601029665915
01    15.711   -1.156  -12.079   66.420   66.720 -104.734    1601029665931
02    15.315   -1.568  -14.270  133.563   34.094  140.657    1601029665931
01    15.656   -0.907  -11.936   71.518   59.917  -95.651    1601029665947
02    15.310   -1.369  -15.211  132.737   39.238  138.556    1601029665947
01    15.409   -0.354  -11.378   75.918   44.542  -81.115    1601029665962
02    16.052   -2.551  -15.262  126.072   58.338  131.996    1601029665962
01    14.824   -0.327  -10.945   81.813   24.652  -62.024    1601029665984
02    16.000   -3.428  -15.089  128.751   72.071  136.693    1601029665984
01    14.529    0.421  -10.495   89.340   11.964  -50.419    1601029666000
02    15.691   -3.689  -15.192  146.040   74.141  152.250    1601029666000
01    14.488    0.384  -10.106   90.459    7.289  -44.962    1601029666016
02    15.470   -3.716  -15.241  153.764   73.579  157.623    1601029666016
01    14.437    0.165   -9.863   91.376    5.173  -41.826    1601029666031
02    15.328   -3.598  -15.275  155.009   72.332  155.946    1601029666031
01    14.432    0.116   -9.686   93.771    2.625  -40.461    1601029666047
02    15.234   -3.527  -15.321  155.352   70.853  154.011    1601029666047
01    14.453    0.030   -9.623   95.323    1.317  -39.340    1601029666063
02    15.156   -3.546  -15.387  156.576   69.589  153.461    1601029666063
01    14.500   -0.089   -9.599   96.579    0.604  -38.439    1601029666085
02    15.170   -3.580  -15.423  157.446   68.758  152.627    1601029666085
01    14.597   -0.147   -9.575   97.880   -0.486  -38.476    1601029666100
02    15.181   -3.601  -15.513  157.994   67.632  152.119    1601029666100
01    14.741   -0.172   -9.569   98.365   -0.913  -39.132    1601029666116
02    15.240   -3.591  -15.623  157.317   66.901  151.120    1601029666116
01    14.902   -0.188   -9.612   97.867   -1.143  -39.958    1601029666132
02    15.359   -3.559  -15.712  155.395   66.687  149.396    1601029666132
01    15.059   -0.258   -9.679   96.745   -0.834  -40.998    1601029666147
02    15.489   -3.601  -15.810  153.773   66.898  148.628    1601029666147
01    15.175   -0.314   -9.756   96.153   -0.276  -42.368    1601029666163
02    15.628   -3.711  -15.931  152.338   67.519  148.128    1601029666163
01    15.235   -0.366   -9.874   95.814    0.136  -43.283    1601029666185
02    15.789   -3.833  -16.036  151.044   68.273  147.581    1601029666185
01    15.288   -0.409   -9.978   95.438    0.690  -44.036    1601029666201
02    15.864   -3.916  -16.163  150.555   68.777  147.723    1601029666201
01    15.336   -0.462  -10.072   95.303    1.568  -44.974    1601029666216
02    15.958   -3.863  -16.238  149.715   69.067  147.201    1601029666216
01    15.400   -0.530  -10.187   95.861    3.542  -47.008    1601029666232
02    16.049   -3.781  -16.241  147.137   69.027  145.229    1601029666232
01    15.379   -0.497  -10.463   97.702    6.865  -48.765    1601029666248
02    16.166   -3.662  -16.290  143.810   68.661  142.564    1601029666248
01    15.327   -0.494  -10.816   97.959    9.661  -49.357    1601029666263
02    16.201   -3.628  -16.353  139.154   68.017  139.286    1601029666263
01    15.265   -0.555  -11.005   97.608   11.120  -49.548    1601029666285
02    16.213   -3.484  -16.346  135.195   66.941  136.196    1601029666285
01    15.291   -0.496  -10.995   97.832   11.876  -50.531    1601029666301
02    16.220   -3.249  -16.238  131.529   64.566  133.085    1601029666301
01    15.409   -0.315  -10.915   98.912   13.170  -53.560    1601029666317
02    16.256   -3.000  -15.908  129.035   60.028  131.491    1601029666317
01    15.533   -0.069  -11.034  101.866   19.345  -58.916    1601029666332
02    16.701   -3.153  -14.532  127.896   54.645  132.946    1601029666332
01    15.365    0.073  -12.004  110.867   36.117  -60.873    1601029666348
02    17.202   -3.662  -12.458  130.405   43.821  135.175    1601029666348
01    15.464   -0.536  -12.656  104.760   50.026  -56.641    1601029666363
02    15.984   -2.279  -13.596  142.722   16.905  139.448    1601029666363
01    15.540   -0.645  -12.890   91.198   47.464  -54.303    1601029666386
02    15.676   -1.820  -13.694  145.006    9.712  136.792    1601029666386
01    15.647   -0.756  -12.579   87.263   42.601  -54.358    1601029666401
02    15.454   -1.450  -13.718  146.089    5.606  135.097    1601029666401
01    15.660   -0.571  -12.386   92.365   41.145  -54.554    1601029666417
02    15.338   -1.201  -13.704  146.028    4.149  133.754    1601029666417
01    15.573   -0.386  -12.387   95.417   40.330  -53.216    1601029666432
02    15.270   -1.015  -13.701  145.571    3.900  132.680    1601029666432
01    15.579   -0.207  -12.425   93.605   38.469  -52.664    1601029666448
02    15.283   -0.910  -13.667  145.062    4.941  131.860    1601029666448
01    15.730   -0.195  -12.275   88.864   38.491  -54.962    1601029666464
02    15.325   -0.843  -13.609  144.723    6.230  131.409    1601029666464
01    15.788   -0.268  -12.202   86.782   38.778  -56.430    1601029666486
02    15.371   -0.818  -13.546  144.303    7.698  131.763    1601029666486
01    15.794   -0.311  -12.202   86.866   39.269  -57.126    1601029666501
02    15.397   -0.783  -13.548  144.094    8.818  132.848    1601029666501
01    15.822   -0.344  -12.228   87.079   39.934  -57.482    1601029666517
02    15.389   -0.770  -13.642  143.886    9.717  134.170    1601029666517
01    15.842   -0.386  -12.314   86.650   40.768  -57.250    1601029666533
02    15.432   -0.831  -13.707  143.363   11.360  135.199    1601029666533
01    15.907   -0.465  -12.366   85.515   41.849  -57.868    1601029666548
02    15.440   -0.932  -13.837  142.971   12.655  136.655    1601029666548
01    15.948   -0.566  -12.453   84.709   43.107  -58.248    1601029666564
02    15.371   -0.927  -14.105  142.962   13.293  137.441    1601029666564
01    15.961   -0.606  -12.512   83.299   42.760  -57.225    1601029666580
02    15.093   -0.613  -14.927  142.741   14.870  137.770    1601029666580
01    15.850   -0.568  -12.537   83.617   40.030  -53.767    1601029666602
02    15.066   -0.564  -16.287  141.284   21.501  138.236    1601029666602
01    15.690   -0.521  -12.410   84.744   34.039  -48.406    1601029666617
02    16.024   -1.947  -16.555  135.551   46.987  137.057    1601029666617
01    15.536   -0.527  -12.182   87.208   24.884  -44.844    1601029666633
02    16.566   -3.196  -16.308  126.286   70.636  133.717    1601029666633
01    15.414   -0.261  -11.969   90.726   16.450  -39.375    1601029666649
02    16.729   -3.863  -16.256  130.950   77.652  140.058    1601029666649
01    15.341   -0.250  -11.745   90.502   12.795  -36.270    1601029666664
02    16.718   -4.245  -16.338  139.913   80.153  149.392    1601029666664
01    15.309   -0.336  -11.586   90.753   11.574  -34.712    1601029666680
02    16.697   -4.467  -16.447  146.424   80.999  155.377    1601029666680
01    15.292   -0.387  -11.498   91.760   10.746  -33.985    1601029666702
02    16.692   -4.683  -16.514  149.446   81.854  157.753    1601029666702
01    15.285   -0.434  -11.472   92.567   10.437  -32.993    1601029666718
02    16.694   -4.817  -16.586  150.967   81.904  158.685    1601029666718
01    15.273   -0.514  -11.483   93.054   10.327  -31.755    1601029666733
02    16.715   -4.953  -16.603  154.818   81.845  162.171    1601029666733
01    15.267   -0.598  -11.500   93.572   10.269  -30.854    1601029666749
02    16.610   -5.085  -16.725  160.242   80.697  167.742    1601029666749
01    15.290   -0.676  -11.508   93.884   10.350  -31.070    1601029666765
02    16.568   -5.091  -16.813  157.500   80.023  165.084    1601029666765
01    15.354   -0.768  -11.534   93.997   11.546  -32.626    1601029666780
02    16.587   -5.059  -16.874  150.008   79.447  158.011    1601029666780
01    15.387   -0.824  -11.660   94.658   14.070  -33.970    1601029666802
02    16.707   -5.004  -16.863  139.441   79.367  147.770    1601029666802
01    15.391   -0.967  -11.816   94.561   17.124  -34.729    1601029666818
02    16.749   -4.962  -16.879  132.044   78.446  140.437    1601029666818
01    15.408   -1.058  -12.002   95.006   18.869  -35.353    1601029666834
02    16.749   -4.868  -16.885  127.534   76.803  136.249    1601029666834
01    15.486   -1.291  -12.166   94.760   21.744  -36.297    1601029666849
02    16.681   -4.745  -16.869  126.975   74.372  135.935    1601029666849
01    15.556   -1.538  -12.413   96.293   27.060  -37.805    1601029666865
02    16.672   -4.701  -16.500  129.088   70.664  138.576    1601029666865
01    15.699   -1.682  -12.816  101.581   38.245  -41.550    1601029666880
02    17.162   -4.831  -14.725  133.080   64.408  143.066    1601029666880
01    15.333   -2.049  -14.262  103.366   46.032  -35.694    1601029666903
02    16.512   -4.621  -14.475  140.390   37.661  152.624    1601029666903
01    16.330   -2.224  -13.853   82.058   52.105  -47.870    1601029666918
02    15.898   -3.813  -14.760  147.173   18.102  152.169    1601029666918
01    16.285   -2.466  -13.770   71.854   52.417  -52.211    1601029666934
02    15.614   -3.330  -14.873  148.388   13.133  149.175    1601029666934
01    16.288   -2.599  -13.504   74.712   52.385  -54.490    1601029666950
02    15.501   -2.987  -14.927  148.361   12.353  146.815    1601029666950
01    16.173   -2.424  -13.601   81.564   52.297  -53.146    1601029666965
02    15.525   -2.808  -14.925  147.381   13.587  145.302    1601029666965
01    16.440   -2.202  -13.419   78.903   49.981  -53.975    1601029666981
02    15.580   -2.708  -14.907  146.362   15.310  144.498    1601029666981
01    16.541   -2.186  -13.367   76.173   49.108  -54.499    1601029667003
02    15.646   -2.627  -14.881  145.352   17.141  144.380    1601029667003
01    16.535   -2.157  -13.360   75.268   48.991  -54.033    1601029667019
02    15.701   -2.583  -14.832  144.232   18.806  145.506    1601029667019
01    16.330   -2.032  -13.449   77.095   48.857  -50.850    1601029667034
02    15.602   -2.577  -14.931  142.956   18.053  147.723    1601029667034
01    16.114   -1.767  -13.211   79.597   44.355  -46.489    1601029667050
02    15.119   -2.182  -15.633  144.582   17.168  149.210    1601029667050
01    15.821   -1.475  -12.860   83.873   37.147  -41.894    1601029667065
02    14.766   -2.357  -16.585  147.008   24.400  153.508    1601029667065
01    15.536   -1.139  -12.490   88.840   27.827  -36.401    1601029667081
02    14.820   -3.225  -17.158  151.114   37.075  159.589    1601029667081
01    15.393   -1.035  -11.998   92.463   19.008  -33.932    1601029667088
02    15.351   -3.937  -17.014  152.898   53.335  162.565    1601029667088
01    15.420   -0.641  -11.664   95.783   13.408  -31.882    1601029667119
02    15.655   -4.449  -16.952  156.322   63.169  167.184    1601029667119
01    15.463   -0.760  -11.548   95.921   13.682  -31.001    1601029667134
02    15.936   -4.766  -16.897  158.748   70.187  169.948    1601029667134
01    15.490   -0.954  -11.522   97.041   14.631  -31.491    1601029667150
02    16.169   -5.004  -16.859  158.121   74.327  169.570    1601029667150
01    15.541   -0.989  -11.578   99.590   16.440  -33.124    1601029667166
02    16.440   -5.236  -16.841  156.065   77.468  167.939    1601029667166
01    15.538   -1.093  -11.793  101.876   20.115  -34.014    1601029667181
02    16.721   -5.470  -16.848  152.540   80.246  164.920    1601029667181
01    15.500   -1.265  -12.023  103.327   23.310  -34.290    1601029667188
02    16.897   -5.585  -16.927  151.743   81.462  163.583    1601029667188
01    15.460   -1.426  -12.202  104.219   25.265  -34.322    1601029667219
02    16.986   -5.684  -16.968  153.867   82.144  165.279    1601029667219
01    15.480   -1.556  -12.325  104.659   26.969  -34.916    1601029667235
02    16.960   -5.653  -17.046  148.225   81.080  160.201    1601029667235
01    15.541   -1.663  -12.509  105.254   29.724  -36.080    1601029667250
02    16.905   -5.456  -17.044  138.500   77.761  151.155    1601029667250
01    15.715   -1.844  -12.768  106.356   35.590  -39.041    1601029667266
02    17.058   -5.331  -16.473  135.272   72.531  149.373    1601029667266
01    16.065   -2.549  -13.546  107.937   48.201  -41.244    1601029667282
02    17.492   -5.567  -15.035  135.478   64.855  151.675    1601029667282
01    16.827   -3.443  -13.985   91.715   62.816  -51.642    1601029667288
02    16.964   -5.005  -15.222  141.230   46.007  154.591    1601029667288
01    17.123   -3.536  -14.276   69.265   61.154  -60.653    1601029667304
02    16.614   -4.560  -15.385  144.211   35.197  152.471    1601029667304
01    16.946   -3.527  -14.366   62.280   55.741  -57.987    1601029667335
02    16.376   -4.213  -15.454  145.802   28.186  150.103    1601029667335
01    16.701   -3.687  -14.362   64.376   52.675  -53.266    1601029667351
02    16.199   -3.923  -15.497  145.892   23.992  148.859    1601029667351
01    16.528   -3.713  -14.387   68.331   54.109  -51.625    1601029667366
02    16.142   -3.719  -15.421  145.398   22.671  148.229    1601029667366
01    16.384   -3.645  -14.398   72.497   58.047  -52.166    1601029667382
02    16.039   -3.554  -15.394  145.701   21.718  148.986    1601029667382
01    16.308   -3.400  -14.318   76.717   58.606  -51.073    1601029667388
02    15.972   -3.358  -15.301  145.719   22.180  150.112    1601029667388
01    16.204   -3.151  -14.262   79.150   57.869  -49.707    1601029667404
02    15.880   -3.301  -15.196  145.503   21.820  152.633    1601029667404
01    15.882   -2.794  -14.283   81.491   57.218  -46.467    1601029667435
02    15.217   -3.024  -15.775  147.110   17.575  155.567    1601029667435
01    15.567   -2.403  -13.919   84.950   51.654  -41.847    1601029667451
02    14.344   -2.831  -16.985  149.574   19.660  158.947    1601029667451
01    15.184   -2.276  -13.389   89.275   43.234  -37.057    1601029667467
02    14.205   -3.673  -17.673  153.999   30.529  164.764    1601029667467
01    14.886   -2.142  -12.658   95.417   31.085  -34.432    1601029667482
02    14.661   -4.318  -17.666  158.883   44.528  169.037    1601029667482
01    14.584   -1.134  -12.370  105.960   15.127  -30.261    1601029667489
02    15.102   -4.766  -17.476  160.237   54.322  170.897    1601029667489
01    14.734   -0.764  -12.155  106.167   11.694  -30.488    1601029667504
02    15.455   -5.043  -17.369  160.603   61.746  171.440    1601029667504
01    14.904   -0.978  -12.058  104.617   13.191  -31.704    1601029667536
02    15.765   -5.175  -17.322  157.902   67.771  169.416    1601029667536
01    15.134   -0.873  -12.123  105.234   13.483  -34.137    1601029667551
02    16.037   -5.240  -17.305  150.154   71.613  162.601    1601029667551
01    15.479   -0.889  -12.406  104.662   17.657  -36.947    1601029667567
02    16.349   -5.321  -17.146  141.758   73.521  155.318    1601029667567
01    15.997   -1.400  -12.830  103.510   27.957  -40.509    1601029667583
02    16.858   -5.476  -16.440  135.767   71.206  152.277    1601029667583
01    16.504   -2.496  -13.547  108.510   46.559  -41.655    1601029667589
02    16.852   -5.909  -15.983  135.841   60.432  156.207    1601029667589
01    17.041   -4.023  -14.243  134.511   75.265  -33.172    1601029667605
02    16.825   -5.618  -16.054  137.573   50.016  154.759    1601029667605
01    17.357   -3.898  -14.536   81.178   82.701  -88.021    1601029667620
02    16.945   -5.428  -15.876  139.197   45.059  152.681    1601029667620
01    17.262   -4.147  -14.406   85.804   73.654  -74.837    1601029667652
02    16.934   -5.157  -15.801  140.183   40.247  151.562    1601029667652
01    17.056   -3.817  -14.488   97.578   61.996  -58.998    1601029667667
02    16.864   -4.850  -15.819  139.868   36.090  151.029    1601029667667
01    16.951   -3.391  -14.747   99.245   57.706  -54.534    1601029667683
02    16.779   -4.631  -15.828  138.603   33.171  151.252    1601029667683
01    16.955   -3.322  -14.800   92.874   59.049  -55.610    1601029667689
02    16.624   -4.433  -15.885  137.467   30.414  152.707    1601029667689
01    16.865   -2.979  -14.762   88.399   56.151  -54.793    1601029667705
02    16.213   -4.034  -16.284  138.438   26.859  153.519    1601029667705
01    16.637   -2.536  -14.596   87.400   49.108  -50.219    1601029667721
02    15.664   -3.654  -17.142  139.609   29.038  154.736    1601029667721
01    16.343   -2.160  -14.332   88.082   41.231  -45.289    1601029667752
02    15.524   -4.013  -17.810  141.628   37.650  157.689    1601029667752
01    16.101   -1.993  -13.928   90.060   33.588  -41.944    1601029667767
02    15.846   -4.820  -17.806  144.608   52.260  162.425    1601029667767
01    15.792   -1.526  -13.458   95.872   24.830  -38.980    1601029667785
02    16.092   -5.267  -17.712  149.315   61.437  168.713    1601029667785
01    15.612   -0.491  -13.162  100.498   17.201  -35.691    1601029667795
02    16.170   -5.616  -17.714  155.585   67.657  176.781    1601029667795
01    15.835   -0.384  -13.054   96.037   17.715  -34.799    1601029667811
02    16.237   -5.759  -17.730  159.192   72.781 -178.900    1601029667811
01    15.862   -1.328  -13.061   92.072   26.074  -35.892    1601029667827
02    16.317   -5.770  -17.716  155.964   75.990  177.696    1601029667827
01    15.918   -1.838  -13.123   95.322   32.674  -38.266    1601029667842
02    16.438   -5.696  -17.553  148.109   75.726  169.677    1601029667842
01    15.997   -2.124  -13.350  106.029   38.575  -38.813    1601029667858
02    16.825   -5.635  -16.843  140.748   71.892  163.230    1601029667858
01    15.863   -1.667  -14.396  123.914   42.392  -35.407    1601029667873
02    16.640   -5.377  -16.736  138.864   56.982  161.256    1601029667873
01    16.245   -2.964  -14.857  147.415   61.536  -26.497    1601029667890
02    16.531   -5.160  -16.701  140.182   47.777  160.916    1601029667890
01    16.031   -3.984  -15.219  147.798   70.798  -21.149    1601029667906
02    16.516   -4.962  -16.592  141.074   42.328  160.086    1601029667906
01    16.038   -4.206  -15.182  131.926   68.246  -29.168    1601029667921
02    16.458   -4.742  -16.528  141.385   37.679  159.970    1601029667921
01    15.998   -4.031  -15.303  123.966   62.789  -32.215    1601029667953
02    16.336   -4.556  -16.526  140.786   33.122  160.637    1601029667953
01    16.041   -3.941  -15.445  119.473   62.321  -33.242    1601029667968
02    16.175   -4.365  -16.573  139.895   29.619  161.591    1601029667968
01    16.095   -3.969  -15.444  113.610   63.725  -34.991    1601029667984
02    16.018   -4.309  -16.614  138.978   28.094  162.822    1601029667984
01    16.022   -3.810  -15.440  109.541   62.943  -36.175    1601029667990
02    15.415   -3.956  -17.207  140.811   25.105  163.820    1601029667990
01    15.814   -3.647  -15.262  107.460   59.401  -35.481    1601029668006
02    14.656   -4.014  -18.287  144.448   28.415  167.818    1601029668006
01    15.518   -3.452  -14.971  107.726   52.036  -32.792    1601029668022
02    14.557   -5.180  -18.680  151.837   39.979  176.734    1601029668022
01    15.204   -3.065  -14.632  109.740   38.618  -29.273    1601029668037
02    14.878   -5.876  -18.651  161.046   51.737 -174.244    1601029668037
01    14.860   -1.817  -14.229  114.144   22.884  -26.292    1601029668069
02    15.102   -6.361  -18.550  167.628   59.013 -166.650    1601029668069
01    14.844   -0.818  -13.991  112.094   15.335  -24.559    1601029668084
02    15.256   -6.570  -18.501  171.754   64.168 -161.912    1601029668084
01    15.105   -0.824  -13.887  105.187   15.767  -24.760    1601029668091
02    15.407   -6.402  -18.471  169.542   68.033 -164.387    1601029668091
01    15.317   -1.548  -13.845  101.813   23.684  -27.378    1601029668106
02    15.655   -6.117  -18.255  160.368   69.906 -173.693    1601029668106
01    15.588   -2.100  -13.907  105.498   32.314  -30.004    1601029668122
02    16.120   -5.993  -17.506  149.099   68.798  175.568    1601029668122
01    15.672   -2.747  -14.479  120.460   43.044  -26.040    1601029668138
02    16.178   -6.113  -16.971  141.399   61.323  168.872    1601029668138
01    15.637   -3.905  -15.264  158.466   56.753   -9.835    1601029668169
02    16.030   -5.704  -16.997  140.688   52.004  166.109    1601029668169
01    15.881   -4.267  -15.488  172.737   68.675   -0.952    1601029668184
02    16.067   -5.380  -16.889  140.741   46.472  163.627    1601029668184
01    15.985   -4.271  -15.448  155.596   69.610   -9.480    1601029668191
02    16.021   -5.090  -16.875  141.260   40.294  162.328    1601029668191
01    16.037   -4.053  -15.496  136.905   64.086  -21.087    1601029668207
02    15.939   -4.878  -16.934  140.677   35.017  162.056    1601029668207
01    16.197   -3.906  -15.601  127.378   62.882  -25.649    1601029668222
02    15.888   -4.728  -16.981  139.052   32.137  162.719    1601029668222
01    16.323   -3.976  -15.648  121.093   66.812  -28.908    1601029668238
02    15.574   -4.605  -17.305  138.937   29.278  164.963    1601029668238
01    16.224   -3.747  -15.642  115.441   66.320  -32.181    1601029668254
02    15.003   -4.556  -18.095  141.087   30.659  168.780    1601029668254
01    15.962   -3.526  -15.433  111.057   59.904  -32.666    1601029668285
02    14.847   -5.337  -18.524  146.777   40.522  176.408    1601029668285
01    15.642   -3.371  -15.111  109.199   49.466  -31.167    1601029668291
02    15.053   -6.026  -18.620  155.535   52.674 -175.035    1601029668291
01    15.382   -2.635  -14.700  112.408   33.347  -29.291    1601029668307
02    15.271   -6.367  -18.642  160.985   61.338 -169.190    1601029668307
01    15.077   -1.234  -14.423  115.790   21.642  -26.903    1601029668323
02    15.405   -6.646  -18.644  167.124   66.748 -162.420    1601029668323
01    15.078   -0.799  -14.335  112.803   19.618  -25.072    1601029668338
02    15.527   -6.822  -18.628  173.667   71.645 -155.599    1601029668338
01    15.196   -0.989  -14.339  108.263   21.144  -24.337    1601029668354
02    15.644   -6.792  -18.622  172.447   75.031 -157.360    1601029668354
01    15.410   -1.732  -14.268  107.875   28.619  -26.094    1601029668385
02    15.751   -6.625  -18.545  162.073   76.113 -168.494    1601029668385
01    15.574   -2.156  -14.462  115.809   37.831  -27.789    1601029668392
02    16.065   -6.396  -18.033  148.453   73.553  177.350    1601029668392
01    15.471   -2.828  -15.072  132.154   45.839  -22.926    1601029668407
02    16.165   -6.467  -17.412  142.502   65.369  172.926    1601029668407
01    15.392   -3.743  -15.707  153.499   54.357  -13.224    1601029668423
02    15.944   -6.066  -17.425  141.608   53.683  169.457    1601029668423
01    15.461   -4.454  -15.913  159.542   62.264   -7.861    1601029668438
02    15.856   -5.745  -17.387  141.685   46.817  166.107    1601029668438
01    15.666   -4.448  -15.949  145.896   64.813  -14.367    1601029668454
02    15.807   -5.504  -17.359  141.831   40.855  163.241    1601029668454
01    16.072   -4.329  -15.854  123.786   63.560  -27.564    1601029668485
02    15.846   -5.190  -17.288  141.270   36.754  160.848    1601029668485
01    16.505   -4.614  -15.684  100.154   63.559  -39.404    1601029668492
02    15.924   -4.986  -17.182  140.393   34.379  160.503    1601029668492
01    16.420   -4.821  -15.851   86.212   63.882  -43.353    1601029668508
02    15.948   -4.864  -17.114  139.405   32.870  161.548    1601029668508
01    16.455   -4.891  -15.834   77.466   64.202  -47.801    1601029668523
02    15.749   -4.862  -17.226  138.759   31.208  164.702    1601029668523
01    16.441   -4.536  -15.845   75.110   60.931  -45.702    1601029668539
02    15.211   -4.605  -17.834  139.719   28.876  166.726    1601029668539
01    16.290   -4.208  -15.720   75.926   54.638  -39.712    1601029668554
02    14.754   -4.924  -18.555  142.303   32.894  171.219    1601029668554
01    16.094   -3.906  -15.456   78.918   45.245  -33.682    1601029668586
02    14.714   -5.792  -18.878  148.704   42.981  178.242    1601029668586
01    15.938   -3.640  -15.120   82.724   36.553  -30.719    1601029668592
02    15.006   -6.362  -18.883  156.101   54.588 -175.258    1601029668592
01    15.742   -2.776  -14.655   87.505   27.852  -26.760    1601029668608
02    15.203   -6.739  -18.849  163.634   62.130 -168.604    1601029668608
01    15.602   -2.339  -14.218   89.023   21.678  -24.217    1601029668623
02    15.350   -7.017  -18.832  173.998   67.839 -159.846    1601029668623
01    15.404   -2.293  -13.934   90.290   17.688  -21.467    1601029668639
02    15.405   -7.130  -18.860 -178.859   70.754 -154.846    1601029668639
01    15.277   -2.087  -13.652   92.659   13.765  -19.365    1601029668655
02    15.417   -7.101  -18.873 -177.223   71.996 -155.211    1601029668655
01    15.239   -1.891  -13.413   94.526   10.566  -18.187    1601029668670
02    15.413   -6.972  -18.907 -179.703   72.550 -158.949    1601029668670
01    15.352   -1.623  -13.275   96.027    8.341  -18.834    1601029668692
02    15.493   -6.740  -18.908  173.491   73.652 -166.290    1601029668692
01    15.599   -1.426  -13.257   96.799    8.937  -21.245    1601029668708
02    15.633   -6.444  -18.891  161.278   74.334 -177.851    1601029668708
01    15.959   -1.295  -13.421   97.110   12.132  -25.074    1601029668724
02    15.897   -6.239  -18.636  147.059   73.425  169.803    1601029668724
01    16.455   -1.720  -13.811   98.620   22.417  -28.932    1601029668739
02    16.666   -6.096  -17.520  136.383   69.098  161.414    1601029668739
01    17.439   -2.268  -14.186  109.029   44.639  -36.699    1601029668755
02    16.467   -5.847  -17.323  134.370   56.282  161.589    1601029668755
01    17.377   -3.192  -14.999  177.415   74.527   -2.699    1601029668771
02    16.408   -5.447  -17.170  135.477   44.156  161.463    1601029668771
01    17.017   -3.284  -15.380 -169.145   81.163    9.406    1601029668793
02    16.402   -5.004  -16.817  136.427   33.928  159.933    1601029668793
01    16.602   -3.453  -15.152  138.389   70.886  -29.551    1601029668808
02    16.125   -4.398  -16.742  137.168   23.009  159.076    1601029668808
01    15.973   -2.532  -15.288  128.530   47.701  -32.408    1601029668824
02    15.868   -3.800  -16.653  136.172   15.696  157.811    1601029668824
01    15.653   -1.468  -15.442  123.069   36.865  -32.351    1601029668840
02    15.681   -3.254  -16.498  135.843   11.953  158.125    1601029668840
01    15.690   -1.025  -15.470  115.406   37.541  -33.083    1601029668855
02    15.131   -2.881  -16.751  136.674    9.076  160.398    1601029668855
01    15.744   -0.810  -15.323  106.140   38.771  -33.915    1601029668887
02    14.288   -2.133  -17.559  139.633    8.350  160.378    1601029668887
01    15.618   -0.716  -15.054   99.156   33.547  -32.610    1601029668893
02    13.915   -2.206  -18.352  141.103   17.587  162.652    1601029668893
01    15.430   -0.692  -14.708   96.538   24.567  -30.186    1601029668908
02    14.017   -2.908  -18.904  142.956   31.516  166.018    1601029668908
01    15.313   -0.601  -14.306   97.094   15.991  -28.604    1601029668924
02    14.565   -3.929  -18.903  144.729   48.785  169.864    1601029668924
01    15.285   -0.311  -13.863  100.007   10.734  -28.448    1601029668940
02    15.029   -4.696  -18.807  147.745   60.206  174.334    1601029668940
01    15.328   -0.187  -13.659  101.835    8.635  -28.193    1601029668955
02    15.466   -5.270  -18.719  150.741   68.354  178.327    1601029668955
01    15.512   -0.039  -13.693  102.932    8.449  -28.039    1601029668971
02    15.899   -5.695  -18.646  151.156   74.918  179.495    1601029668971
01    15.832   -0.560  -13.949  102.615   14.902  -28.100    1601029668993
02    16.267   -6.136  -18.589  147.860   80.369  177.144    1601029668993
01    16.263   -1.391  -14.222  104.309   25.867  -29.965    1601029669009
02    16.595   -6.283  -18.596  136.591   81.801  165.345    1601029669009
01    16.557   -2.326  -14.630  112.224   39.502  -32.397    1601029669024
02    16.865   -6.327  -18.260  131.228   78.411  160.397    1601029669024
01    16.807   -4.253  -15.275  133.135   55.445  -20.737    1601029669040
02    17.475   -6.480  -17.129  130.467   72.137  159.175    1601029669040
01    17.771   -5.690  -15.521  175.857   78.433   10.381    1601029669056
02    17.186   -6.380  -17.349  138.276   62.382  166.956    1601029669056
01    17.679   -6.125  -16.094 -138.360   87.196   62.591    1601029669071
02    17.004   -6.254  -17.534  139.629   56.594  167.712    1601029669071
01    17.880   -6.414  -16.073   22.291   85.458 -127.298    1601029669093
02    16.921   -6.167  -17.602  139.563   53.062  167.375    1601029669093
01    17.719   -6.413  -16.207   23.918   81.567 -119.729    1601029669109
02    16.890   -6.010  -17.549  139.179   50.496  166.334    1601029669109
01    17.392   -6.275  -16.252   33.448   80.407 -106.913    1601029669125
02    16.863   -5.740  -17.438  138.955   48.031  165.291    1601029669125
01    17.111   -5.990  -16.101   54.445   79.333  -84.192    1601029669140
02    16.763   -5.400  -17.340  139.409   44.507  165.154    1601029669140
01    16.966   -5.567  -15.858   71.410   77.770  -67.715    1601029669156
02    16.681   -5.134  -17.172  139.584   40.532  166.063    1601029669156
01    16.817   -4.851  -15.602   84.937   75.195  -56.323    1601029669171
02    16.269   -4.935  -17.314  140.517   32.798  169.530    1601029669171
01    16.539   -4.048  -15.225   92.915   66.656  -45.647    1601029669194
02    15.255   -4.316  -18.148  144.364   26.504  172.934    1601029669194
01    16.154   -3.266  -14.811   96.910   53.672  -37.555    1601029669209
02    14.401   -4.519  -19.169  150.366   31.822 -179.801    1601029669209
01    15.836   -2.592  -14.322   98.554   35.698  -30.888    1601029669225
02    14.387   -5.559  -19.488  160.788   45.253 -169.282    1601029669225
01    15.702   -1.756  -13.774  101.976   21.027  -27.948    1601029669241
02    14.975   -5.886  -19.284  165.905   59.642 -165.684    1601029669241
01    15.742   -0.990  -13.452  103.771   12.428  -25.190    1601029669256
02    15.388   -6.136  -19.141  170.164   67.064 -161.580    1601029669256
01    15.976   -0.622  -13.225  102.678    7.625  -24.094    1601029669272
02    15.665   -6.351  -19.059  174.170   71.691 -157.323    1601029669272
01    16.147   -0.972  -13.148  100.129    8.317  -23.322    1601029669294
02    15.895   -6.488  -19.037  176.624   75.024 -155.133    1601029669294
01    16.254   -1.079  -13.162  100.220    9.062  -23.194    1601029669310
02    16.090   -6.587  -19.047  177.749   77.655 -154.623    1601029669310
01    16.356   -1.226  -13.237  100.606   10.526  -23.010    1601029669325
02    16.224   -6.696  -19.066  178.859   79.326 -153.823    1601029669325
01    16.553   -1.461  -13.343  101.063   14.342  -23.539    1601029669341
02    16.289   -6.719  -19.105  173.935   79.658 -158.281    1601029669341
01    16.874   -1.981  -13.481  103.073   22.525  -24.369    1601029669356
02    16.478   -6.632  -18.945  162.890   78.406 -168.403    1601029669356
01    17.367   -2.786  -13.789  111.890   37.412  -22.798    1601029669372
02    17.152   -6.485  -18.026  150.082   74.685 -178.682    1601029669372
01    18.727   -4.287  -14.030  157.071   60.493   -2.604    1601029669394
02    16.741   -6.207  -18.211  144.622   62.314  177.626    1601029669394
01    19.871   -6.666  -13.142  -94.343   35.118   55.804    1601029669410
02    16.718   -6.272  -18.049  142.285   55.295  174.231    1601029669410
01    18.429   -5.132  -15.819  -79.997   49.601   65.561    1601029669425
02    16.753   -6.054  -17.881  142.094   48.503  170.029    1601029669425
01    18.377   -4.872  -15.573 -100.333   71.349   74.761    1601029669441
02    16.706   -5.721  -17.826  141.989   41.682  167.231    1601029669441
01    17.876   -4.362  -15.613  153.710   73.996  -12.587    1601029669457
02    16.640   -5.430  -17.803  139.753   36.950  165.560    1601029669457
01    17.409   -3.274  -16.012  127.431   58.860  -28.572    1601029669472
02    16.502   -5.221  -17.786  138.434   34.117  166.310    1601029669472
01    17.417   -2.999  -16.046  116.291   54.701  -31.876    1601029669494
02    16.212   -5.107  -17.908  138.618   31.894  168.620    1601029669494
01    17.422   -3.034  -16.176  109.347   57.825  -34.327    1601029669510
02    15.624   -4.774  -18.452  140.814   30.684  170.145    1601029669510
01    17.216   -2.898  -16.097  102.577   61.182  -38.333    1601029669526
02    15.209   -4.929  -19.113  143.256   35.874  173.117    1601029669526
01    16.764   -2.843  -15.767  102.336   54.405  -35.535    1601029669541
02    15.223   -5.687  -19.460  147.930   47.212  178.744    1601029669541
01    16.220   -2.725  -15.446  103.744   39.964  -30.901    1601029669557
02    15.640   -6.391  -19.446  155.027   61.314 -174.210    1601029669557
01    15.981   -1.940  -15.108  108.617   21.639  -28.633    1601029669573
02    15.913   -6.965  -19.409  167.034   70.211 -161.119    1601029669573
01    16.118   -0.892  -14.749  113.401   10.429  -29.110    1601029669595
02    16.077   -7.531  -19.397 -174.314   74.756 -141.177    1601029669595
01    16.544   -0.464  -14.584  111.213   11.245  -29.832    1601029669610
02    16.295   -8.011  -19.403 -153.142   77.246 -119.630    1601029669610
01    16.989   -0.932  -14.493  104.354   14.368  -29.805    1601029669626
02    16.599   -8.420  -19.336 -130.912   78.593  -97.424    1601029669626
01    17.423   -1.690  -14.428   97.435   18.055  -29.992    1601029669642
02    16.762   -8.568  -19.448 -121.657   79.336  -88.739    1601029669642
01    17.657   -2.870  -14.484   92.051   26.011  -29.601    1601029669657
02    16.772   -8.445  -19.585 -132.373   80.350 -100.177    1601029669657
01    17.931   -4.452  -14.355   92.538   40.562  -31.422    1601029669673
02    17.123   -7.977  -19.148 -170.809   80.350 -137.911    1601029669673
01    18.236   -6.627  -14.404  107.903   56.851  -23.189    1601029669695
02    17.519   -8.021  -18.151  158.062   73.985 -166.145    1601029669695
01    19.371   -9.312  -13.347 -148.052   66.680   52.288    1601029669711
02    17.264   -7.781  -18.223  150.530   63.535 -173.660    1601029669711
01    18.538   -7.882  -15.775 -105.305   61.690   75.014    1601029669726
02    17.113   -7.401  -18.268  148.218   57.030 -178.714    1601029669726
01    18.340   -7.592  -16.014 -105.812   67.860   85.601    1601029669742
02    17.037   -7.000  -18.257  146.995   52.394  178.203    1601029669742
01    18.477   -7.166  -15.569 -144.480   80.925   60.354    1601029669758
02    16.912   -6.668  -18.296  145.270   47.951  176.489    1601029669758
01    18.604   -6.452  -15.579  127.021   79.614  -18.451    1601029669773
02    16.837   -6.404  -18.270  143.258   44.840  175.571    1601029669773
01    18.899   -6.419  -15.395   92.855   76.398  -44.099    1601029669795
02    16.766   -6.233  -18.195  142.164   42.621  176.174    1601029669795
01    18.890   -6.344  -15.444   69.733   74.877  -60.211    1601029669811
02    16.657   -6.140  -18.117  141.330   40.552  177.474    1601029669811
01    18.576   -5.826  -15.619   64.002   72.196  -62.406    1601029669827
02    16.128   -5.847  -18.619  143.346   35.728  179.329    1601029669827
01    18.116   -5.070  -15.636   71.585   66.641  -53.139    1601029669842
02    15.347   -6.051  -19.545  148.486   37.039 -173.758    1601029669842
01    17.638   -4.350  -15.488   80.969   57.493  -42.322    1601029669858
02    15.052   -7.179  -19.919  159.768   46.579 -160.412    1601029669858
01    17.297   -3.672  -15.281   89.052   45.119  -34.302    1601029669873
02    15.246   -8.029  -19.960  176.563   56.501 -144.567    1601029669873
01    17.121   -2.421  -15.099   96.737   34.564  -30.111    1601029669896
02    15.648   -8.439  -19.868 -169.707   64.815 -132.306    1601029669896
01    17.040   -2.004  -15.052   98.777   30.051  -27.136    1601029669911
02    15.950   -8.694  -19.832 -157.098   69.497 -121.115    1601029669911
01    17.017   -2.107  -14.916   99.885   27.195  -25.361    1601029669927
02    16.161   -8.863  -19.835 -145.666   72.569 -111.138    1601029669927
01    16.935   -2.074  -14.888  102.772   25.967  -23.708    1601029669942
02    16.341   -8.871  -19.865 -136.496   75.064 -103.885    1601029669942
01    16.861   -2.020  -14.895  104.590   24.366  -21.783    1601029669958
02    16.396   -8.860  -19.922 -132.252   76.451 -100.924    1601029669958
01    16.825   -2.118  -14.899  105.068   23.989  -19.971    1601029669974
02    16.349   -8.804  -20.013 -132.552   76.942 -101.936    1601029669974
01    16.837   -2.378  -14.924  105.582   26.014  -18.474    1601029669996
02    16.276   -8.620  -20.104 -140.285   77.724 -109.961    1601029669996
01    17.037   -2.891  -14.890  107.973   31.690  -17.449    1601029670012
02    16.262   -8.350  -20.084 -158.213   77.986 -127.650    1601029670012
01    17.419   -3.734  -14.853  116.016   42.462  -14.451    1601029670027
02    16.564   -8.000  -19.641  177.987   76.224 -150.159    1601029670027
01    18.773   -4.696  -14.423  146.201   61.874   -0.246    1601029670043
02    16.391   -8.013  -19.405  160.275   67.230 -163.746    1601029670043
01    19.114   -5.796  -14.869 -108.264   51.112   57.230    1601029670058
02    16.264   -7.708  -19.312  153.549   57.331 -172.321    1601029670058
01    18.549   -6.299  -15.620 -106.891   59.102   72.355    1601029670074
02    16.169   -7.122  -19.115  150.889   48.889 -178.304    1601029670074
01    18.513   -5.988  -15.646 -134.847   76.243   60.135    1601029670096
02    16.124   -6.439  -18.929  147.979   42.948  177.331    1601029670096
01    18.604   -5.477  -15.733  134.321   79.248  -18.996    1601029670112
02    15.980   -6.025  -18.877  144.524   39.194  175.466    1601029670112
01    18.802   -5.355  -15.763   89.561   74.631  -52.657    1601029670127
02    15.912   -5.807  -18.780  141.881   37.980  174.111    1601029670127
01    18.919   -5.500  -15.739   56.634   69.844  -72.448    1601029670143
02    15.947   -5.617  -18.614  140.865   37.759  173.148    1601029670143
01    18.586   -5.514  -16.033   47.745   66.254  -70.952    1601029670159
02    15.761   -5.461  -18.703  140.342   36.547  174.157    1601029670159
01    18.252   -5.235  -16.267   46.959   65.636  -68.758    1601029670174
02    15.092   -5.366  -19.351  142.350   34.952  176.719    1601029670174
01    17.919   -4.594  -16.241   57.732   60.497  -56.207    1601029670196
02    14.652   -5.808  -20.007  145.824   39.293 -178.775    1601029670196
01    17.563   -4.174  -15.952   68.251   51.579  -43.786    1601029670212
02    14.606   -6.869  -20.285  153.518   48.857 -170.435    1601029670212
01    17.184   -3.837  -15.535   76.936   40.839  -35.466    1601029670228
02    15.057   -7.524  -20.129  164.161   60.806 -161.031    1601029670228
01    16.912   -3.049  -14.954   85.669   31.769  -32.188    1601029670243
02    15.321   -7.777  -20.017  174.330   66.966 -151.566    1601029670243
01    16.498   -2.578  -14.685   90.766   27.512  -29.090    1601029670259
02    15.375   -8.033  -19.961 -174.826   69.977 -141.569    1601029670259
01    16.129   -2.626  -14.436   93.557   23.149  -26.195    1601029670275
02    15.361   -8.018  -19.957 -168.294   71.608 -136.664    1601029670275
01    15.770   -2.590  -14.198   97.226   19.426  -23.536    1601029670297
02    15.280   -7.825  -19.946 -167.843   71.937 -137.765    1601029670297
01    15.449   -2.213  -14.015  100.921   13.944  -20.496    1601029670312
02    15.184   -7.493  -19.918 -173.237   71.912 -144.027    1601029670312
01    15.344   -2.047  -13.823  102.843   10.945  -19.042    1601029670328
02    15.185   -6.984  -19.826  175.211   71.816 -155.632    1601029670328
01    15.392   -1.736  -13.784  106.158   10.457  -18.754    1601029670344
02    15.300   -6.428  -19.606  159.157   70.415 -170.382    1601029670344
01    15.588   -1.606  -13.984  108.487   13.898  -17.943    1601029670359
02    15.886   -5.969  -18.639  144.215   66.986  176.225    1601029670359
01    16.211   -2.098  -14.226  112.424   25.437  -17.905    1601029670375
02    16.676   -6.114  -16.937  136.797   60.381  170.450    1601029670375
01    16.681   -3.423  -14.899  141.073   52.539  -13.619    1601029670397
02    16.080   -5.388  -17.334  139.914   43.189  172.454    1601029670397
01    17.111   -4.640  -15.072 -143.000   60.741   36.912    1601029670413
02    15.687   -5.071  -17.742  143.251   32.491  172.025    1601029670413
01    17.178   -4.515  -15.591 -129.826   67.377   50.776    1601029670428
02    15.735   -4.797  -17.761  143.979   28.636  168.521    1601029670428
01    17.293   -4.083  -15.682  173.206   77.374   11.436    1601029670444
02    15.813   -4.581  -17.741  143.050   26.569  166.398    1601029670444
01    17.575   -3.418  -15.594  109.360   65.245  -37.354    1601029670460
02    15.919   -4.462  -17.681  140.900   25.862  165.821    1601029670460
01    17.970   -3.113  -15.435   86.664   56.133  -47.484    1601029670475
02    15.951   -4.305  -17.649  138.970   25.361  166.566    1601029670475
01    17.859   -3.347  -15.672   71.141   57.080  -51.694    1601029670497
02    15.582   -4.265  -17.926  138.198   24.386  169.355    1601029670497
01    17.537   -2.840  -15.870   66.854   55.188  -50.167    1601029670513
02    15.079   -4.042  -18.516  139.972   25.544  171.223    1601029670513
01    17.094   -2.212  -15.774   72.601   48.164  -41.752    1601029670529
02    14.818   -4.398  -19.020  143.263   33.973  175.962    1601029670529
01    16.633   -1.846  -15.451   79.919   38.469  -33.949    1601029670544
02    14.857   -5.155  -19.185  150.274   46.734 -175.956    1601029670544
01    16.251   -1.435  -14.927   87.934   29.617  -29.732    1601029670560
02    15.117   -5.597  -19.124  157.573   58.605 -168.405    1601029670560
01    15.713   -0.263  -14.387   97.968   22.884  -27.270    1601029670575
02    15.243   -5.874  -19.073  166.024   66.722 -159.135    1601029670575
01    15.290    0.314  -14.043  103.314   17.447  -23.389    1601029670598
02    15.293   -6.004  -19.032  172.972   71.385 -151.872    1601029670598
01    15.182    0.597  -13.706  105.227   10.405  -19.782    1601029670613
02    15.351   -5.970  -18.984  172.249   74.342 -153.147    1601029670613
01    15.266    0.595  -13.631  106.139    9.530  -17.970    1601029670629
02    15.442   -5.827  -18.894  162.334   75.714 -163.387    1601029670629
01    15.444   -0.207  -13.744  108.354   18.675  -17.226    1601029670644
02    15.570   -5.569  -18.730  148.064   74.149 -177.981    1601029670644
01    15.924   -0.993  -13.677  116.500   31.776  -18.513    1601029670660
02    15.882   -5.334  -18.174  138.085   69.456  173.353    1601029670660
01    16.061   -1.858  -14.153  135.381   43.068  -12.380    1601029670676
02    16.469   -5.393  -16.710  133.004   61.717  169.556    1601029670676
01    15.978   -3.275  -14.937  173.253   52.308    6.423    1601029670698
02    16.077   -4.778  -16.887  135.482   49.674  170.733    1601029670698
01    16.194   -3.985  -15.256 -154.219   64.583   29.940    1601029670714
02    16.003   -4.431  -16.856  137.033   43.713  169.794    1601029670714
01    16.102   -4.108  -15.482 -168.284   71.601   29.682    1601029670729
02    15.942   -4.135  -16.864  137.407   38.571  169.186    1601029670729
01    16.221   -4.073  -15.353  145.245   71.092   -4.752    1601029670745
02    15.951   -3.954  -16.832  136.242   34.768  169.172    1601029670745
01    16.473   -4.144  -15.195  117.814   68.493  -23.286    1601029670760
02    15.899   -3.777  -16.837  134.999   31.880  170.475    1601029670760
01    16.751   -4.315  -15.029   98.598   71.067  -36.050    1601029670776
02    15.724   -3.793  -16.874  133.772   30.198  173.107    1601029670776
01    16.725   -3.916  -14.959   86.624   68.868  -43.091    1601029670798
02    15.266   -3.528  -17.282  135.745   27.301  174.670    1601029670798
01    16.482   -3.459  -14.754   86.341   60.737  -39.166    1601029670814
02    14.723   -3.578  -17.931  139.277   30.576  178.906    1601029670814
01    16.096   -3.012  -14.476   89.619   50.580  -32.824    1601029670829
02    14.473   -4.171  -18.350  145.432   40.143 -174.468    1601029670829
01    15.709   -2.610  -14.139   92.996   40.184  -28.118    1601029670845
02    14.536   -4.625  -18.485  152.561   51.255 -168.898    1601029670845
01    15.241   -1.560  -13.627   98.259   29.464  -25.920    1601029670861
02    14.671   -4.835  -18.458  155.424   59.468 -167.071    1601029670861
01    14.806   -1.010  -13.242  101.206   22.620  -23.660    1601029670876
02    14.713   -4.933  -18.435  157.813   63.965 -165.192    1601029670876
01    14.601   -0.249  -12.909  103.884   13.740  -22.634    1601029670898
02    14.734   -4.848  -18.384  156.466   66.485 -166.870    1601029670898
01    14.722    0.247  -12.788  104.118   10.963  -23.217    1601029670914
02    14.795   -4.639  -18.262  150.435   66.973 -172.882    1601029670914
01    14.867   -0.397  -12.902  103.676   18.122  -24.323    1601029670930
02    14.971   -4.398  -17.937  141.969   65.259  178.740    1601029670930
01    15.030   -1.030  -13.238  110.631   29.902  -24.399    1601029670945
02    15.319   -4.379  -17.135  136.452   60.929  174.509    1601029670945
01    15.386   -0.852  -13.894  131.166   44.711  -23.608    1601029670961
02    15.094   -4.005  -16.929  135.721   48.245  173.525    1601029670961
01    15.516   -2.149  -14.240  157.280   60.058   -8.755    1601029670977
02    14.904   -3.732  -16.850  137.256   38.393  173.623    1601029670977
01    15.115   -2.912  -14.744  160.454   63.445    2.198    1601029670999
02    14.841   -3.482  -16.706  138.727   30.455  172.400    1601029670999
01    15.178   -2.875  -14.794  144.491   62.092   -2.304    1601029671014
02    14.825   -3.203  -16.580  139.993   24.698  171.814    1601029671014
01    15.309   -3.233  -14.687  132.871   62.477   -4.574    1601029671030
02    14.829   -2.950  -16.446  139.847   21.587  172.572    1601029671030
01    15.554   -3.438  -14.327  130.169   65.100   -6.008    1601029671046
02    14.573   -2.979  -16.510  138.614   19.269  175.311    1601029671046
01    15.345   -2.929  -14.348  130.090   62.996   -6.758    1601029671061
02    13.975   -2.594  -17.037  140.283   16.634  176.842    1601029671061
01    15.007   -2.267  -14.213  124.235   55.772   -9.461    1601029671077
02    13.407   -2.681  -17.737  143.160   21.003 -179.196    1601029671077
01    14.719   -1.742  -13.855  118.052   45.342  -11.275    1601029671099
02    13.254   -3.330  -18.164  148.301   31.630 -173.807    1601029671099
01    14.509   -1.283  -13.433  114.038   32.239  -11.802    1601029671115
02    13.553   -3.798  -18.151  153.841   44.555 -169.507    1601029671115
01    14.271   -0.433  -12.896  114.778   20.026  -11.568    1601029671130
02    13.813   -4.008  -17.994  156.332   52.510 -167.150    1601029671130
01    14.091    0.264  -12.405  114.631    9.688   -9.328    1601029671146
02    13.922   -4.068  -17.893  157.847   56.539 -165.528    1601029671146
01    13.959    0.826  -12.037  113.998    1.874   -6.682    1601029671162
02    13.961   -4.004  -17.836  157.736   58.786 -165.751    1601029671162
01    13.833    0.585  -11.946  113.286    1.323   -4.868    1601029671177
02    14.091   -3.856  -17.702  154.526   60.853 -169.251    1601029671177
01    13.789    0.674  -11.931  119.758    5.589   -6.904    1601029671199
02    14.295   -3.644  -17.468  148.831   61.594 -175.310    1601029671199
01    13.831    1.047  -12.201  131.055   13.495  -10.657    1601029671215
02    14.750   -3.368  -16.834  141.910   60.267  177.430    1601029671215
01    13.886    0.982  -13.129  145.761   24.380  -11.448    1601029671231
02    15.628   -3.750  -15.198  136.303   56.478  172.669    1601029671231
01    13.786   -0.499  -14.599  173.335   36.964  -10.313    1601029671246
02    15.283   -3.188  -15.468  135.662   46.944  171.040    1601029671246
01    14.508   -1.174  -14.937 -144.678   57.110    4.298    1601029671262
02    15.266   -2.902  -15.486  136.639   39.665  169.300    1601029671262
01    15.013   -2.182  -14.646 -135.247   68.841   24.686    1601029671277
02    15.203   -2.647  -15.583  137.538   31.773  168.912    1601029671277
01    15.068   -2.676  -14.471 -177.005   69.473    0.319    1601029671300
02    15.146   -2.583  -15.705  136.868   26.204  170.522    1601029671300
01    14.930   -2.420  -14.623  150.862   59.577  -20.932    1601029671315
02    15.119   -2.583  -15.774  135.610   23.420  173.221    1601029671315
01    15.126   -2.112  -14.626  136.367   56.466  -29.774    1601029671331
02    14.970   -2.680  -15.876  134.971   21.790  176.682    1601029671331
01    15.429   -1.870  -14.565  130.895   60.575  -36.779    1601029671346
02    14.636   -2.723  -16.150  135.690   20.080  178.788    1601029671346
01    15.672   -1.637  -14.349  121.440   64.867  -46.971    1601029671362
02    14.186   -2.500  -16.729  138.015   19.767 -179.934    1601029671362
01    15.412   -1.552  -14.271  113.946   57.970  -45.560    1601029671378
02    13.840   -2.846  -17.424  141.592   25.658 -175.941    1601029671378
01    15.153   -1.096  -13.922  110.139   40.063  -38.132    1601029671400
02    13.871   -3.625  -17.722  147.667   35.710 -170.123    1601029671400
01    15.004   -0.556  -13.416  106.797   11.683  -30.617    1601029671416
02    14.083   -4.120  -17.796  154.424   44.836 -164.841    1601029671416
01    14.964    0.316  -12.583  104.842   -8.512  -25.658    1601029671431
02    14.267   -4.424  -17.783  159.813   52.732 -160.618    1601029671431
01    14.964    0.861  -12.061  103.646  -12.167  -21.760    1601029671447
02    14.375   -4.530  -17.808  163.452   58.455 -158.526    1601029671447
01    14.965    0.920  -11.962  103.441   -7.118  -20.213    1601029671462
02    14.552   -4.410  -17.734  162.116   62.707 -161.211    1601029671462
01    14.913    0.612  -12.109  103.813    0.299  -19.688    1601029671478
02    14.737   -4.191  -17.587  155.541   64.476 -167.761    1601029671478
01    14.942    0.248  -12.345  106.779    9.008  -20.442    1601029671500
02    14.990   -3.860  -17.289  146.172   62.894 -176.243    1601029671500
01    15.075   -0.255  -12.715  112.609   21.419  -20.334    1601029671516
02    15.344   -3.845  -16.625  137.573   58.631  177.749    1601029671516
01    15.871   -0.554  -12.805  123.596   39.660  -22.486    1601029671531
02    15.111   -3.887  -16.448  134.220   46.636  177.649    1601029671531
01    16.051   -1.379  -13.259  130.381   53.649  -19.491    1601029671547
02    14.926   -3.651  -16.488  135.489   36.704  178.107    1601029671547
01    16.105   -1.964  -13.685  130.597   61.476  -18.954    1601029671563
02    14.896   -3.528  -16.480  136.451   31.662  177.045    1601029671563
01    16.210   -2.463  -13.903  124.450   65.978  -21.845    1601029671578
02    14.919   -3.432  -16.477  137.258   28.024  175.922    1601029671578
01    16.305   -2.985  -14.099  118.265   69.061  -24.274    1601029671600
02    14.983   -3.394  -16.450  136.775   25.993  175.141    1601029671600
01    16.314   -3.226  -14.273  113.703   70.349  -25.275    1601029671616
02    15.064   -3.329  -16.410  135.619   24.640  175.071    1601029671616
01    16.371   -3.102  -14.264  110.298   70.282  -26.852    1601029671632
02    15.018   -3.379  -16.433  134.234   23.652  177.106    1601029671632
01    16.083   -2.475  -14.435  110.425   67.578  -26.523    1601029671647
02    14.791   -3.260  -16.669  135.242   21.993  177.750    1601029671647
01    15.680   -1.896  -14.368  109.384   61.654  -25.983    1601029671663
02    14.142   -3.235  -17.488  138.414   24.151 -179.308    1601029671663
01    15.236   -1.460  -14.102  109.771   53.686  -23.866    1601029671679
02    13.828   -3.989  -18.110  143.464   32.772 -174.435    1601029671679
01    14.816   -0.960  -13.842  111.425   44.159  -21.201    1601029671701
02    14.131   -4.582  -18.185  148.715   44.162 -170.999    1601029671701
01    14.528   -0.358  -13.640  114.003   31.612  -18.390    1601029671716
02    14.440   -4.848  -18.124  151.387   54.264 -169.403    1601029671716
01    14.325    0.018  -13.474  115.114   23.719  -15.929    1601029671732
02    14.613   -4.939  -18.102  153.426   62.257 -168.044    1601029671732
01    14.207    0.116  -13.406  117.798   22.183  -14.092    1601029671748
02    14.756   -4.847  -18.029  150.445   67.002 -171.851    1601029671748
01    14.100    0.121  -13.552  123.542   25.147  -12.171    1601029671763
02    14.887   -4.638  -17.897  144.159   67.541 -178.825    1601029671763
01    14.093   -0.108  -13.862  132.182   32.223   -9.206    1601029671779
02    15.141   -4.398  -17.475  138.262   64.935  175.189    1601029671779
01    14.128   -0.676  -14.400  141.674   40.750   -3.471    1601029671801
02    15.394   -4.427  -16.775  136.994   59.296  174.346    1601029671801
01    14.549   -1.543  -14.577  147.537   54.663    0.349    1601029671817
02    15.265   -4.027  -16.612  138.002   47.414  172.922    1601029671817
01    14.765   -2.232  -14.684  148.316   61.449    2.370    1601029671832
02    15.043   -3.847  -16.604  140.343   39.306  173.777    1601029671832
01    14.809   -2.898  -14.855  147.943   65.005    4.052    1601029671848
02    14.858   -3.696  -16.635  141.635   33.845  173.587    1601029671848
01    14.808   -3.508  -15.075  146.440   67.565    5.011    1601029671864
02    14.756   -3.560  -16.673  142.221   30.154  173.470    1601029671864
01    14.772   -4.033  -15.301  144.923   69.521    6.316    1601029671879
02    14.726   -3.478  -16.699  141.597   28.217  174.083    1601029671879
01    14.785   -4.391  -15.394  143.369   71.010    7.629    1601029671901
02    14.702   -3.512  -16.717  140.330   27.414  176.284    1601029671901
01    14.865   -4.291  -15.284  140.092   71.527    5.507    1601029671917
02    14.483   -3.562  -16.928  139.965   25.504  178.735    1601029671917
01    14.943   -3.970  -14.909  129.164   69.088   -3.261    1601029671933
02    13.755   -3.582  -17.819  142.003   25.282 -177.924    1601029671933
01    14.753   -3.543  -14.521  120.875   63.215   -9.616    1601029671948
02    13.384   -4.544  -18.480  146.225   31.478 -172.293    1601029671948
01    14.501   -3.053  -14.168  115.832   54.230  -12.967    1601029671964
02    13.600   -5.425  -18.641  152.365   40.725 -166.790    1601029671964
01    14.297   -2.265  -14.016  113.288   40.464  -14.508    1601029671980
02    13.955   -5.743  -18.608  158.053   50.695 -162.245    1601029671980
01    14.235   -1.898  -13.907  111.260   32.940  -15.067    1601029672002
02    14.155   -5.793  -18.573  163.036   58.839 -158.061    1601029672002
01    14.229   -1.818  -13.771  112.061   30.850  -15.719    1601029672017
02    14.315   -5.595  -18.481  162.412   63.725 -159.379    1601029672017
01    14.230   -1.706  -13.772  115.447   32.290  -16.745    1601029672033
02    14.488   -5.249  -18.254  156.549   65.185 -165.971    1601029672033
01    14.276   -1.790  -13.924  121.039   37.655  -16.366    1601029672049
02    14.806   -4.902  -17.706  148.581   63.170 -173.603    1601029672049
01    14.509   -2.099  -14.196  126.316   46.164  -15.154    1601029672064
02    15.149   -4.811  -16.927  142.457   57.528 -179.953    1601029672064
01    14.911   -2.660  -14.311  130.679   61.086  -16.343    1601029672080
02    15.011   -4.391  -16.803  141.364   46.531  178.139    1601029672080
01    15.079   -3.069  -14.492  129.861   67.729  -17.723    1601029672102
02    14.808   -4.104  -16.830  142.797   38.722  178.259    1601029672102
01    15.374   -3.382  -14.577  121.137   70.000  -23.215    1601029672118
02    14.652   -3.910  -16.905  143.519   33.681  178.265    1601029672118
01    15.726   -3.730  -14.678  111.584   72.151  -29.500    1601029672133
02    14.613   -3.814  -16.954  143.602   31.026  178.324    1601029672133
01    15.894   -4.016  -14.853  104.749   73.406  -32.981    1601029672149
02    14.645   -3.768  -16.977  143.050   29.907  178.771    1601029672149
01    15.908   -4.045  -14.970  102.175   73.780  -32.941    1601029672164
02    14.711   -3.784  -16.956  141.752   29.590  179.631    1601029672164
01    15.842   -3.546  -15.004  102.518   71.775  -31.800    1601029672180
02    14.540   -3.694  -17.206  141.553   27.780 -179.152    1601029672180
01    15.652   -2.866  -14.900  102.243   66.504  -30.388    1601029672202
02    14.194   -3.841  -17.707  143.088   29.564 -175.223    1601029672202
01    15.348   -2.277  -14.655  103.391   59.289  -27.395    1601029672218
02    14.015   -4.475  -18.119  146.734   36.278 -169.860    1601029672218
01    15.037   -1.704  -14.407  105.615   47.997  -23.308    1601029672234
02    14.064   -5.289  -18.353  152.894   44.528 -163.809    1601029672234
01    14.777   -1.168  -14.247  108.327   36.445  -19.245    1601029672249
02    14.326   -5.630  -18.407  158.303   54.584 -159.732    1601029672249
01    14.609   -0.909  -14.019  109.500   29.554  -16.488    1601029672265
02    14.544   -5.835  -18.394  164.805   63.631 -154.520    1601029672265
01    14.382   -0.760  -13.864  111.877   25.405  -13.685    1601029672280
02    14.658   -5.924  -18.400  170.669   69.575 -149.804    1601029672280
01    14.175   -0.815  -13.735  114.778   24.074  -11.265    1601029672296
02    14.667   -5.890  -18.439  172.177   72.722 -149.700    1601029672296
01    13.928   -0.748  -13.696  119.102   23.303   -9.307    1601029672318
02    14.637   -5.748  -18.474  168.747   73.910 -154.610    1601029672318
01    13.800   -0.675  -13.754  123.284   24.289   -8.335    1601029672334
02    14.650   -5.505  -18.407  160.288   73.526 -164.149    1601029672334
01    13.848   -0.689  -13.947  127.309   28.196   -8.016    1601029672349
02    14.843   -5.131  -18.094  148.815   70.989 -176.258    1601029672349
01    14.223   -1.079  -14.229  130.671   36.483   -7.536    1601029672365
02    15.175   -5.098  -17.351  142.036   65.550  179.268    1601029672365
01    15.074   -1.956  -14.349  140.455   53.543   -6.790    1601029672381
02    15.036   -4.321  -17.140  141.665   49.170  175.593    1601029672381
01    15.323   -2.761  -14.597  148.768   67.133   -2.664    1601029672396
02    14.909   -4.174  -16.998  143.658   40.687  176.503    1601029672396
01    15.536   -3.403  -14.729  137.469   73.063   -9.624    1601029672418
02    14.868   -3.992  -16.861  144.636   34.093  176.187    1601029672418
01    15.657   -4.059  -14.832  126.035   76.070  -16.377    1601029672434
02    14.866   -3.849  -16.775  144.438   29.205  176.515    1601029672434
01    15.847   -4.450  -14.817  114.315   78.075  -24.335    1601029672450
02    14.890   -3.822  -16.728  143.216   26.579  177.756    1601029672450
01    15.895   -4.636  -14.857  105.936   78.839  -29.597    1601029672465
02    15.016   -3.817  -16.589  141.950   25.876  179.035    1601029672465
01    15.866   -4.682  -14.814  102.017   78.691  -31.142    1601029672481
02    15.051   -3.811  -16.511  141.155   25.234 -178.886    1601029672481
01    15.947   -4.479  -14.631  100.095   78.036  -32.819    1601029672497
02    14.718   -3.900  -16.737  140.948   23.392 -176.135    1601029672497
01    15.813   -3.843  -14.483   99.295   73.834  -32.699    1601029672519
02    14.222   -3.751  -17.352  142.733   22.835 -173.973    1601029672519
01    15.486   -3.356  -14.236  100.291   67.213  -30.202    1601029672534
02    13.829   -4.178  -17.964  145.886   27.557 -168.794    1601029672534
01    15.110   -2.886  -13.928  102.740   57.448  -26.179    1601029672550
02    13.573   -5.070  -18.378  152.427   35.190 -161.342    1601029672550
01    14.826   -2.363  -13.647  105.424   43.224  -22.008    1601029672566
02    13.862   -5.615  -18.366  158.897   45.415 -156.019    1601029672566
01    14.628   -1.809  -13.512  108.035   32.468  -18.559    1601029672581
02    14.254   -5.826  -18.227  164.467   56.608 -151.863    1601029672581
01    14.498   -1.692  -13.368  108.613   29.223  -15.711    1601029672597
02    14.499   -5.931  -18.115  169.893   64.998 -147.344    1601029672597
01    14.315   -1.718  -13.272  111.238   28.934  -12.843    1601029672603
02    14.635   -5.891  -18.039  171.278   70.015 -147.169    1601029672603
01    14.145   -1.863  -13.155  116.439   31.449  -10.177    1601029672635
02    14.684   -5.702  -17.996  166.304   72.312 -154.001    1601029672635
01    13.894   -1.816  -13.209  125.005   33.224   -7.672    1601029672650
02    14.715   -5.374  -17.901  155.945   72.439 -166.301    1601029672650
01    13.681   -1.626  -13.424  130.495   34.950   -6.799    1601029672666
02    14.771   -4.974  -17.655  144.257   70.016 -179.715    1601029672666
01    13.689   -1.665  -13.631  132.907   40.268   -6.732    1601029672682
02    15.024   -4.555  -16.810  137.832   65.124  172.765    1601029672682
01    13.736   -2.090  -13.906  135.774   48.659   -3.448    1601029672697
02    15.059   -4.304  -15.546  139.681   55.907  172.059    1601029672697
01    13.817   -2.325  -13.899  136.030   54.109   -2.575    1601029672704
02    14.613   -3.556  -15.179  143.931   44.433  172.631    1601029672704
01    13.719   -2.440  -13.822  137.142   57.127   -1.015    1601029672735
02    14.242   -2.987  -14.748  146.717   34.585  172.212    1601029672735
01    13.574   -2.362  -13.676  137.091   56.439   -0.884    1601029672751
02    13.885   -2.489  -14.330  149.140   25.532  171.564    1601029672751
01    13.431   -2.216  -13.452  136.108   55.264   -1.380    1601029672766
02    13.631   -2.192  -13.846  150.566   19.749  171.091    1601029672766
01    13.235   -2.041  -13.163  135.455   54.038   -1.926    1601029672785
02    13.482   -1.898  -13.225  151.391   16.684  170.454    1601029672785
