01    16.018    1.418  -10.617 -136.904   42.126   36.538    1609753323604
02    15.751    5.849  -12.967  159.763   55.180 -104.642    1609753323604
01    16.025    1.407  -10.620 -136.923   42.129   36.603    1609753323620
02    15.771    5.843  -12.957  159.745   55.267 -104.664    1609753323620
01    16.027    1.418  -10.627 -136.919   42.131   36.536    1609753323635
02    15.790    5.827  -12.947  159.659   55.358 -104.684    1609753323635
01    16.026    1.401  -10.635 -136.911   42.085   36.595    1609753323651
02    15.793    5.827  -12.948  159.654   55.411 -104.719    1609753323651
01    16.031    1.400  -10.624 -136.875   42.073   36.666    1609753323667
02    15.781    5.805  -12.978  159.831   55.357 -104.423    1609753323667
01    16.040    1.418  -10.606 -136.871   42.159   36.689    1609753323689
02    15.772    5.813  -12.992  159.884   55.264 -104.388    1609753323689
01    16.031    1.414  -10.612 -136.958   42.118   36.697    1609753323705
02    15.777    5.815  -12.988  159.863   55.304 -104.409    1609753323705
01    16.033    1.411  -10.613 -136.964   42.148   36.760    1609753323720
02    15.780    5.826  -12.980  159.791   55.327 -104.489    1609753323720
01    16.038    1.419  -10.614 -136.988   42.191   36.738    1609753323736
02    15.778    5.835  -12.986  159.677   55.253 -104.596    1609753323736
01    16.037    1.427  -10.620 -136.981   42.231   36.734    1609753323751
02    15.777    5.828  -12.991  159.635   55.272 -104.582    1609753323751
01    16.043    1.424  -10.617 -137.011   42.276   36.772    1609753323767
02    15.775    5.838  -12.993  159.661   55.257 -104.615    1609753323767
01    16.044    1.424  -10.620 -136.981   42.256   36.808    1609753323789
02    15.783    5.818  -12.996  159.664   55.286 -104.504    1609753323789
01    16.038    1.430  -10.621 -136.974   42.274   36.786    1609753323805
02    15.787    5.810  -12.996  159.676   55.301 -104.479    1609753323805
01    16.038    1.425  -10.623 -136.949   42.225   36.857    1609753323820
02    15.789    5.805  -12.997  159.733   55.340 -104.403    1609753323820
01    16.034    1.418  -10.629 -137.035   42.167   36.818    1609753323836
02    15.777    5.809  -13.009  159.841   55.253 -104.325    1609753323836
01    16.027    1.416  -10.636 -137.088   42.112   36.773    1609753323852
02    15.790    5.805  -12.991  159.788   55.321 -104.393    1609753323852
01    16.027    1.411  -10.634 -137.046   42.100   36.814    1609753323867
02    15.797    5.814  -12.975  159.745   55.371 -104.496    1609753323867
01    16.023    1.381  -10.650 -137.146   42.031   36.811    1609753323889
02    15.812    5.800  -12.968  159.744   55.441 -104.455    1609753323889
01    16.026    1.405  -10.647 -137.092   42.196   36.764    1609753323905
02    15.825    5.799  -12.953  159.752   55.565 -104.501    1609753323905
01    16.039    1.402  -10.635 -137.059   42.253   36.836    1609753323921
02    15.838    5.768  -12.957  159.777   55.597 -104.380    1609753323921
01    16.040    1.417  -10.635 -137.021   42.296   36.821    1609753323936
02    15.833    5.760  -12.970  159.836   55.572 -104.311    1609753323936
01    16.039    1.428  -10.633 -137.014   42.322   36.767    1609753323952
02    15.813    5.769  -12.998  160.000   55.490 -104.176    1609753323952
01    16.040    1.422  -10.630 -137.015   42.312   36.791    1609753323968
02    15.823    5.795  -12.979  159.968   55.550 -104.304    1609753323968
01    16.034    1.418  -10.641 -137.050   42.272   36.772    1609753323990
02    15.826    5.787  -12.974  160.008   55.580 -104.227    1609753323990
01    16.029    1.416  -10.648 -137.090   42.276   36.734    1609753324005
02    15.813    5.788  -12.984  160.069   55.535 -104.169    1609753324005
01    16.031    1.415  -10.649 -137.081   42.266   36.770    1609753324021
02    15.813    5.779  -12.992  160.142   55.511 -104.056    1609753324021
01    16.033    1.414  -10.649 -137.076   42.264   36.790    1609753324037
02    15.817    5.779  -12.990  160.205   55.537 -104.002    1609753324037
01    16.038    1.420  -10.641 -137.056   42.307   36.797    1609753324052
02    15.813    5.773  -12.999  160.390   55.489 -103.774    1609753324052
01    16.041    1.422  -10.636 -137.014   42.342   36.847    1609753324068
02    15.823    5.758  -12.998  160.501   55.599 -103.577    1609753324068
01    16.040    1.421  -10.638 -136.988   42.320   36.871    1609753324090
02    15.836    5.739  -12.998  160.668   55.754 -103.302    1609753324090
01    16.037    1.415  -10.646 -137.040   42.287   36.832    1609753324106
02    15.823    5.739  -13.019  160.813   55.636 -103.172    1609753324106
01    16.041    1.395  -10.649 -137.074   42.244   36.897    1609753324121
02    15.826    5.733  -13.023  160.854   55.689 -103.092    1609753324121
01    16.033    1.400  -10.662 -137.140   42.215   36.802    1609753324137
02    15.818    5.734  -13.033  160.911   55.634 -103.029    1609753324137
01    16.040    1.406  -10.657 -137.094   42.272   36.843    1609753324153
02    15.816    5.731  -13.043  160.962   55.613 -102.965    1609753324153
01    16.047    1.403  -10.649 -137.062   42.316   36.927    1609753324168
02    15.829    5.748  -13.020  160.779   55.743 -103.290    1609753324168
01    16.047    1.407  -10.649 -137.081   42.330   36.908    1609753324190
02    15.823    5.736  -13.034  160.907   55.726 -103.073    1609753324190
01    16.051    1.415  -10.645 -137.067   42.374   36.899    1609753324206
02    15.831    5.738  -13.021  160.869   55.753 -103.181    1609753324206
01    16.050    1.423  -10.646 -136.974   42.360   36.922    1609753324222
02    15.828    5.742  -13.023  160.921   55.746 -103.185    1609753324222
01    16.049    1.422  -10.643 -136.961   42.363   36.918    1609753324237
02    15.831    5.744  -13.015  160.868   55.762 -103.244    1609753324237
01    16.056    1.416  -10.632 -136.942   42.405   36.974    1609753324253
02    15.845    5.745  -12.992  160.701   55.893 -103.406    1609753324253
01    16.052    1.408  -10.637 -137.006   42.362   36.947    1609753324269
02    15.839    5.744  -12.998  160.709   55.841 -103.351    1609753324269
01    16.051    1.411  -10.635 -137.020   42.384   36.921    1609753324291
02    15.835    5.752  -12.997  160.636   55.810 -103.428    1609753324291
01    16.051    1.406  -10.635 -137.065   42.389   36.928    1609753324306
02    15.838    5.747  -12.998  160.610   55.799 -103.394    1609753324306
01    16.049    1.405  -10.638 -137.085   42.384   36.916    1609753324322
02    15.846    5.740  -12.996  160.560   55.821 -103.420    1609753324322
01    16.049    1.409  -10.638 -137.092   42.400   36.897    1609753324338
02    15.848    5.742  -12.988  160.576   55.853 -103.412    1609753324338
01    16.052    1.413  -10.635 -137.088   42.437   36.869    1609753324353
02    15.856    5.734  -12.972  160.509   55.907 -103.442    1609753324353
01    16.055    1.414  -10.634 -137.058   42.461   36.866    1609753324369
02    15.862    5.722  -12.968  160.572   55.937 -103.366    1609753324369
01    16.050    1.409  -10.639 -137.095   42.422   36.826    1609753324391
02    15.836    5.718  -12.999  160.678   55.828 -103.243    1609753324391
01    16.050    1.407  -10.636 -137.092   42.401   36.841    1609753324407
02    15.830    5.715  -13.010  160.831   55.785 -103.109    1609753324407
01    16.050    1.409  -10.631 -137.061   42.409   36.875    1609753324422
02    15.824    5.698  -13.023  161.055   55.738 -102.803    1609753324422
01    16.050    1.399  -10.628 -137.112   42.403   36.903    1609753324438
02    15.831    5.692  -13.017  160.863   55.776 -102.929    1609753324438
01    16.044    1.397  -10.637 -137.149   42.363   36.884    1609753324453
02    15.837    5.689  -13.014  160.847   55.903 -102.930    1609753324453
01    16.041    1.393  -10.641 -137.168   42.353   36.907    1609753324469
02    15.840    5.690  -13.015  160.810   55.960 -102.954    1609753324469
01    16.038    1.401  -10.647 -137.173   42.355   36.873    1609753324491
02    15.842    5.698  -13.016  160.882   56.022 -102.952    1609753324491
01    16.040    1.389  -10.647 -137.232   42.341   36.962    1609753324507
02    15.849    5.689  -13.026  161.181   56.137 -102.593    1609753324507
01    16.041    1.393  -10.645 -137.238   42.400   37.002    1609753324523
02    15.878    5.647  -13.022  161.559   56.747 -101.930    1609753324523
01    16.038    1.391  -10.645 -137.228   42.421   37.145    1609753324538
02    15.926    5.579  -13.042  161.997   57.389 -100.996    1609753324538
01    16.035    1.387  -10.644 -137.284   42.471   37.403    1609753324554
02    15.926    5.582  -13.067  162.148   57.706 -100.772    1609753324554
01    16.028    1.385  -10.651 -137.421   42.500   37.383    1609753324569
02    15.924    5.590  -13.075  162.372   57.936 -100.648    1609753324569
01    16.016    1.376  -10.665 -137.455   42.479   37.504    1609753324592
02    15.914    5.593  -13.095  162.439   57.866 -100.436    1609753324592
01    15.979    1.346  -10.705 -137.662   42.392   37.504    1609753324607
02    15.928    5.562  -13.084  162.710   58.113 -100.040    1609753324607
01    15.974    1.373  -10.708 -137.637   42.568   37.537    1609753324623
02    15.925    5.535  -13.113  163.272   58.002  -99.372    1609753324623
01    15.980    1.377  -10.709 -137.667   42.805   37.698    1609753324638
02    15.966    5.499  -13.076  163.250   58.417  -99.209    1609753324638
01    15.970    1.417  -10.719 -137.803   43.069   37.742    1609753324654
02    15.962    5.433  -13.096  164.304   58.513  -97.819    1609753324654
01    15.940    1.402  -10.744 -138.490   43.130   37.885    1609753324670
02    16.164    5.086  -12.802  168.041   59.486  -92.646    1609753324670
01    15.897    1.418  -10.787 -139.848   43.617   37.889    1609753324692
02    16.285    5.000  -12.024 -177.602   57.211  -82.003    1609753324692
01    15.782    1.510  -10.897 -143.215   44.723   36.889    1609753324707
02    15.541    5.351  -11.636 -148.276   39.872  -66.446    1609753324707
01    15.565    1.661  -11.018 -151.396   45.762   33.128    1609753324723
02    13.918    4.319  -12.598 -130.501   -5.005  -63.453    1609753324723
01    15.304    1.733  -11.051 -158.465   43.360   30.949    1609753324739
02    13.967    3.254  -12.068 -133.175  -23.557  -62.434    1609753324739
01    15.238    2.096  -11.014 -166.206   44.102   25.607    1609753324754
02    14.231    2.669  -11.554 -136.722  -32.429  -62.069    1609753324754
01    15.319    2.210  -10.901 -169.272   44.169   22.921    1609753324770
02    14.397    2.313  -11.248 -137.361  -36.876  -63.473    1609753324770
01    15.347    2.221  -10.894 -170.415   43.511   21.268    1609753324792
02    14.527    2.062  -11.052 -137.145  -39.084  -64.237    1609753324792
01    15.356    2.210  -10.914 -171.977   42.986   19.580    1609753324808
02    14.670    1.882  -10.883 -137.590  -39.598  -63.850    1609753324808
01    15.377    2.204  -10.900 -174.220   42.734   18.041    1609753324823
02    14.755    1.780  -10.799 -138.071  -39.922  -63.542    1609753324823
01    15.391    2.202  -10.888 -176.387   42.370   16.924    1609753324839
02    14.803    1.730  -10.763 -138.766  -40.085  -62.897    1609753324839
01    15.377    2.254  -10.889 -177.853   42.005   16.124    1609753324855
02    14.832    1.746  -10.723 -139.285  -39.924  -62.082    1609753324855
01    15.362    2.236  -10.882 -178.903   41.625   16.445    1609753324870
02    14.848    1.786  -10.686 -139.328  -39.945  -61.732    1609753324870
01    15.349    2.233  -10.883 -179.618   41.384   16.743    1609753324892
02    14.865    1.886  -10.649 -138.738  -39.748  -61.579    1609753324892
01    15.345    2.291  -10.876 -179.695   41.629   16.769    1609753324908
02    14.890    1.958  -10.621 -138.738  -39.281  -61.059    1609753324908
01    15.344    2.304  -10.895 -179.438   42.117   17.265    1609753324924
02    14.931    1.998  -10.588 -139.073  -38.391  -60.372    1609753324924
01    15.354    2.293  -10.923 -178.378   42.970   18.256    1609753324939
02    14.981    2.008  -10.566 -139.776  -36.955  -59.066    1609753324939
01    15.372    2.341  -10.950 -175.735   44.483   19.194    1609753324955
02    15.047    1.999  -10.539 -139.938  -34.262  -57.023    1609753324955
01    15.381    2.260  -11.025 -171.546   46.383   22.601    1609753324971
02    15.246    1.971  -10.416 -139.918  -27.489  -52.867    1609753324971
01    15.445    2.300  -10.876 -172.362   46.973   21.280    1609753324993
02    15.745    1.128  -10.265 -148.421   -9.921  -48.250    1609753324993
01    15.548    2.383  -10.660 -164.148   47.053   24.132    1609753325008
02    14.974    1.219  -11.943 -160.131    7.049  -57.397    1609753325008
01    15.564    2.185  -10.616 -146.928   42.682   33.354    1609753325024
02    14.396    2.881  -13.242 -176.504   24.638  -78.129    1609753325024
01    15.602    1.916  -10.600 -134.745   39.444   40.469    1609753325040
02    14.682    4.463  -13.421  165.162   40.912 -101.164    1609753325040
01    15.686    1.716  -10.516 -130.491   39.929   41.827    1609753325055
02    15.146    5.578  -13.249  148.141   50.100 -119.957    1609753325055
01    15.742    1.541  -10.417 -128.258   39.131   42.542    1609753325071
02    15.494    6.322  -13.062  133.108   53.794 -135.191    1609753325071
01    15.756    1.420  -10.323 -126.847   38.154   43.224    1609753325093
02    15.740    6.791  -12.848  124.148   54.557 -144.141    1609753325093
01    15.754    1.352  -10.213 -125.963   37.542   44.039    1609753325109
02    15.883    7.056  -12.674  119.434   54.393 -148.393    1609753325109
01    15.735    1.330  -10.143 -126.161   37.073   44.216    1609753325124
02    15.925    7.209  -12.611  117.647   53.971 -149.730    1609753325124
01    15.686    1.346  -10.143 -126.942   36.824   43.769    1609753325140
02    15.939    7.295  -12.565  116.853   53.548 -150.306    1609753325140
01    15.660    1.352  -10.124 -127.910   37.022   43.697    1609753325155
02    15.968    7.358  -12.522  116.223   53.271 -150.940    1609753325155
01    15.633    1.364  -10.105 -129.199   37.338   43.436    1609753325171
02    15.994    7.467  -12.481  115.498   53.015 -152.014    1609753325171
01    15.590    1.416  -10.126 -130.469   37.387   42.697    1609753325193
02    16.044    7.521  -12.425  114.597   53.395 -152.905    1609753325193
01    15.571    1.445  -10.135 -131.327   37.415   42.319    1609753325209
02    16.089    7.416  -12.419  115.149   54.259 -151.709    1609753325209
01    15.553    1.465  -10.154 -132.318   37.528   41.821    1609753325225
02    16.040    7.108  -12.489  121.861   56.773 -143.883    1609753325225
01    15.525    1.499  -10.187 -134.019   37.981   40.813    1609753325240
02    16.093    6.420  -12.255  139.907   61.587 -124.708    1609753325240
01    15.478    1.512  -10.235 -137.845   38.876   39.514    1609753325256
02    15.725    6.733  -11.500 -173.416   58.999  -94.112    1609753325256
01    15.362    1.571  -10.310 -147.844   40.100   35.505    1609753325271
02    14.402    5.974  -12.082 -134.581   16.459  -75.332    1609753325271
01    15.371    1.784  -10.118 -157.857   43.058   30.320    1609753325294
02    14.423    4.472  -11.682 -129.750  -15.564  -57.743    1609753325294
01    15.120    2.019  -10.239 -167.923   38.256   25.579    1609753325309
02    14.445    3.457  -11.265 -132.475  -27.782  -59.596    1609753325309
01    14.974    2.227  -10.286 -172.679   36.003   23.160    1609753325325
02    14.506    2.877  -10.913 -133.631  -32.940  -59.702    1609753325325
01    14.931    2.339  -10.299 -175.594   34.832   21.570    1609753325340
02    14.617    2.512  -10.657 -135.164  -34.559  -58.781    1609753325340
01    14.919    2.414  -10.301 -177.631   33.784   20.341    1609753325356
02    14.686    2.196  -10.536 -137.112  -35.425  -57.983    1609753325356
01    14.956    2.419  -10.231 -178.625   33.131   20.097    1609753325372
02    14.702    2.000  -10.495 -138.520  -36.154  -57.339    1609753325372
01    14.994    2.455  -10.157 -178.261   32.340   20.010    1609753325394
02    14.697    1.924  -10.471 -139.154  -36.540  -56.854    1609753325394
01    14.990    2.460  -10.124 -176.684   31.278   20.688    1609753325410
02    14.720    1.899  -10.393 -139.542  -36.139  -56.127    1609753325410
01    14.973    2.476  -10.113 -174.558   30.850   21.474    1609753325425
02    14.768    1.871  -10.287 -140.111  -34.956  -55.218    1609753325425
01    14.895    2.507  -10.247 -171.779   30.881   22.289    1609753325441
02    14.811    1.869  -10.236 -140.118  -33.136  -54.639    1609753325441
01    14.835    2.582  -10.447 -168.441   32.813   21.779    1609753325456
02    14.952    1.898  -10.133 -139.451  -29.514  -54.081    1609753325456
01    15.010    2.614  -10.335 -168.886   37.203   19.675    1609753325472
02    15.624    0.943   -9.447 -149.168  -15.173  -48.405    1609753325472
01    15.092    2.792  -10.190 -159.426   37.380   20.598    1609753325488
02    14.488    1.528  -11.506 -158.209   -1.291  -56.076    1609753325494
01    15.150    2.451  -10.219 -144.845   34.028   27.655    1609753325510
02    13.803    3.706  -12.709 -174.001   16.642  -77.395    1609753325510
01    15.326    2.026  -10.184 -133.757   33.071   34.730    1609753325526
02    14.108    5.238  -12.736  168.539   32.605 -100.428    1609753325526
01    15.479    1.820  -10.124 -128.370   33.806   36.750    1609753325541
02    14.455    6.234  -12.693  153.761   41.263 -117.646    1609753325541
01    15.628    1.575  -10.057 -125.335   34.156   38.287    1609753325557
02    14.865    6.683  -12.577  140.465   47.738 -130.456    1609753325557
01    15.730    1.412   -9.961 -123.860   34.632   39.740    1609753325573
02    15.078    6.926  -12.485  133.088   49.422 -137.374    1609753325573
01    15.753    1.344   -9.882 -123.545   34.920   40.766    1609753325588
02    15.231    7.053  -12.392  128.494   49.855 -141.055    1609753325588
01    15.731    1.330   -9.879 -123.558   34.866   40.904    1609753325610
02    15.321    7.205  -12.342  126.050   50.032 -143.416    1609753325610
01    15.733    1.287   -9.894 -123.283   34.979   41.424    1609753325626
02    15.399    7.322  -12.278  124.096   50.031 -145.701    1609753325626
01    15.744    1.299   -9.929 -122.924   35.483   41.653    1609753325642
02    15.467    7.431  -12.217  122.871   49.401 -147.268    1609753325642
01    15.770    1.274   -9.964 -122.773   36.057   42.012    1609753325657
02    15.523    7.503  -12.189  122.252   49.319 -147.984    1609753325657
01    15.789    1.302   -9.991 -122.692   36.770   42.259    1609753325673
02    15.577    7.527  -12.180  122.224   49.565 -148.004    1609753325673
01    15.810    1.333   -9.990 -122.799   37.492   42.573    1609753325688
02    15.604    7.504  -12.198  123.340   50.333 -146.497    1609753325688
01    15.799    1.363  -10.018 -123.407   38.108   42.582    1609753325711
02    15.636    7.283  -12.211  127.065   52.453 -141.402    1609753325711
01    15.773    1.420  -10.059 -124.737   39.065   42.072    1609753325726
02    15.679    6.748  -12.089  139.891   56.195 -126.814    1609753325726
01    15.718    1.458  -10.131 -127.786   40.383   41.140    1609753325742
02    15.553    6.611  -11.517  172.363   56.160 -103.780    1609753325742
01    15.622    1.536  -10.195 -135.915   42.508   38.329    1609753325758
02    14.778    6.327  -11.607 -147.212   34.109  -76.126    1609753325758
01    15.320    1.935  -10.361 -148.736   43.400   31.107    1609753325773
02    14.186    4.988  -11.695 -131.304   -4.939  -61.376    1609753325773
01    14.982    2.196  -10.534 -161.431   40.991   26.291    1609753325789
02    14.104    3.754  -11.261 -134.614  -21.073  -63.264    1609753325789
01    14.940    2.490  -10.517 -169.668   40.578   20.629    1609753325811
02    14.208    3.159  -10.863 -136.936  -27.405  -63.730    1609753325811
01    14.935    2.665  -10.571 -173.106   39.464   17.391    1609753325827
02    14.368    2.801  -10.619 -138.981  -29.551  -63.153    1609753325827
01    14.960    2.734  -10.632 -175.308   38.646   15.335    1609753325842
02    14.525    2.510  -10.492 -141.432  -30.078  -61.979    1609753325842
01    15.005    2.786  -10.621 -176.634   38.419   14.070    1609753325858
02    14.607    2.294  -10.468 -143.697  -30.149  -60.768    1609753325858
01    15.036    2.837  -10.633 -176.691   37.994   13.497    1609753325873
02    14.642    2.252  -10.474 -144.903  -29.948  -59.909    1609753325873
01    15.066    2.857  -10.624 -176.092   37.929   13.460    1609753325889
02    14.652    2.274  -10.494 -145.328  -29.671  -59.494    1609753325889
01    15.082    2.886  -10.638 -174.444   37.985   13.891    1609753325896
02    14.680    2.341  -10.467 -145.195  -28.709  -58.892    1609753325896
01    15.071    2.893  -10.695 -171.782   38.596   15.176    1609753325927
02    14.762    2.407  -10.390 -144.932  -26.539  -57.328    1609753325927
01    15.032    2.955  -10.831 -168.388   40.200   16.447    1609753325942
02    14.813    2.533  -10.392 -143.632  -23.588  -55.732    1609753325942
01    14.992    2.828  -10.986 -167.620   42.057   16.729    1609753325958
02    15.057    2.596  -10.184 -143.516  -17.194  -55.180    1609753325958
01    15.168    3.075  -10.673 -168.397   44.015   12.843    1609753325974
02    14.929    2.330  -10.716 -150.864   -6.128  -55.533    1609753325974
01    15.215    3.094  -10.532 -157.273   43.445   16.753    1609753325989
02    14.414    3.002  -11.763 -162.913    9.660  -67.725    1609753325989
01    15.363    2.549  -10.383 -144.105   40.674   26.613    1609753325996
02    14.172    4.601  -12.312  176.834   25.889  -91.816    1609753325996
01    15.492    2.192  -10.307 -136.991   39.389   32.059    1609753326027
02    14.354    5.982  -12.478  160.070   36.815 -111.442    1609753326027
01    15.570    2.008  -10.232 -134.436   38.744   33.517    1609753326043
02    14.677    6.937  -12.539  145.419   43.183 -126.336    1609753326043
01    15.617    1.846  -10.148 -133.202   37.816   34.566    1609753326058
02    14.974    7.345  -12.489  134.027   46.814 -136.693    1609753326058
01    15.654    1.730  -10.024 -132.668   37.345   35.690    1609753326074
02    15.151    7.480  -12.410  128.442   47.744 -141.437    1609753326074
01    15.642    1.657   -9.952 -132.714   36.775   36.470    1609753326090
02    15.248    7.526  -12.390  125.445   48.199 -143.484    1609753326090
01    15.608    1.630   -9.914 -133.003   36.338   36.795    1609753326096
02    15.336    7.563  -12.318  123.402   48.892 -145.481    1609753326096
01    15.584    1.590   -9.919 -133.308   35.942   37.006    1609753326128
02    15.376    7.600  -12.313  122.640   48.649 -146.273    1609753326128
01    15.583    1.582   -9.940 -133.369   36.088   37.203    1609753326143
02    15.441    7.643  -12.283  121.389   48.377 -147.771    1609753326143
01    15.577    1.581   -9.999 -133.312   36.381   37.251    1609753326159
02    15.486    7.675  -12.279  120.449   48.106 -148.622    1609753326159
01    15.584    1.605  -10.039 -132.914   36.792   37.438    1609753326174
02    15.542    7.689  -12.256  119.323   47.836 -149.461    1609753326174
01    15.595    1.628  -10.061 -132.229   37.236   37.832    1609753326190
02    15.539    7.669  -12.282  120.031   47.929 -148.251    1609753326190
01    15.589    1.643  -10.107 -131.744   37.634   37.880    1609753326196
02    15.531    7.505  -12.278  123.607   49.020 -144.225    1609753326196
01    15.569    1.644  -10.173 -132.180   38.450   37.507    1609753326212
02    15.516    7.027  -12.232  135.107   52.717 -131.561    1609753326212
01    15.524    1.650  -10.255 -134.605   39.955   36.819    1609753326243
02    15.496    6.773  -11.651  162.435   55.704 -111.331    1609753326243
01    15.384    1.769  -10.389 -142.790   42.157   33.517    1609753326259
02    14.957    6.500  -11.478 -153.508   41.483  -76.921    1609753326259
01    15.267    2.192  -10.362 -155.036   44.902   25.387    1609753326275
02    14.812    4.586  -10.938 -139.612   10.389  -51.540    1609753326275
01    15.017    2.516  -10.460 -162.993   42.916   21.935    1609753326290
02    14.600    3.461  -10.677 -144.297   -2.458  -52.826    1609753326290
01    14.915    2.758  -10.460 -165.903   41.793   20.603    1609753326297
02    14.433    3.122  -10.642 -146.127   -8.153  -53.078    1609753326297
01    14.892    2.854  -10.519 -167.136   40.731   19.685    1609753326312
02    14.467    2.844  -10.609 -147.646  -10.468  -52.429    1609753326312
01    14.935    2.901  -10.526 -168.460   40.107   18.221    1609753326344
02    14.541    2.528  -10.609 -149.260  -11.734  -51.871    1609753326344
01    14.968    2.916  -10.553 -169.747   39.034   16.747    1609753326359
02    14.539    2.264  -10.697 -150.410  -13.271  -51.713    1609753326359
01    15.011    2.917  -10.554 -171.039   37.992   15.289    1609753326375
02    14.491    2.264  -10.775 -149.780  -15.079  -52.659    1609753326375
01    15.070    2.901  -10.500 -172.200   36.971   13.928    1609753326391
02    14.467    2.290  -10.778 -148.779  -16.914  -53.853    1609753326391
01    15.093    2.882  -10.463 -172.062   35.719   13.575    1609753326397
02    14.484    2.314  -10.698 -147.630  -18.275  -54.498    1609753326397
01    15.078    2.870  -10.447 -171.244   34.768   13.756    1609753326413
02    14.543    2.337  -10.555 -146.715  -18.627  -54.157    1609753326413
01    15.055    2.857  -10.473 -170.155   34.891   14.258    1609753326444
02    14.627    2.443  -10.414 -145.648  -17.531  -53.541    1609753326444
01    15.036    2.901  -10.527 -168.423   36.088   14.558    1609753326460
02    14.650    2.564  -10.419 -143.920  -16.060  -53.052    1609753326460
01    15.052    2.857  -10.586 -167.227   37.981   14.408    1609753326475
02    14.958    2.412  -10.163 -145.125  -10.940  -51.631    1609753326475
01    15.156    2.895  -10.454 -165.308   39.621   14.024    1609753326491
02    14.901    2.251  -10.603 -149.372   -2.230  -53.279    1609753326491
01    15.226    2.903  -10.326 -158.057   39.566   16.403    1609753326497
02    14.496    2.585  -11.604 -156.287    7.981  -60.408    1609753326497
01    15.316    2.601  -10.243 -145.657   37.323   23.907    1609753326513
02    14.163    3.806  -12.385 -171.790   24.038  -78.726    1609753326513
01    15.455    2.184  -10.177 -138.191   36.285   28.983    1609753326544
02    14.275    5.222  -12.612  168.609   36.955 -102.224    1609753326544
01    15.598    1.983  -10.102 -135.367   37.157   29.965    1609753326560
02    14.485    6.283  -12.676  153.207   42.726 -119.459    1609753326560
01    15.661    1.807  -10.066 -133.417   36.804   30.959    1609753326576
02    14.788    6.849  -12.643  140.909   46.436 -131.340    1609753326576
01    15.713    1.634  -10.017 -131.629   36.526   32.947    1609753326591
02    15.053    7.132  -12.502  132.078   48.274 -139.433    1609753326591
01    15.722    1.576   -9.982 -130.382   36.500   34.500    1609753326598
02    15.162    7.309  -12.431  128.057   48.428 -143.018    1609753326598
01    15.736    1.522   -9.976 -129.638   36.561   35.518    1609753326613
02    15.242    7.433  -12.396  125.771   48.335 -145.257    1609753326613
01    15.747    1.495  -10.008 -128.973   36.966   36.423    1609753326629
02    15.341    7.531  -12.319  123.231   48.095 -147.829    1609753326629
01    15.765    1.530  -10.010 -128.374   37.745   37.082    1609753326660
02    15.396    7.569  -12.296  121.905   47.772 -148.860    1609753326660
01    15.775    1.536  -10.032 -127.903   38.144   37.549    1609753326676
02    15.431    7.590  -12.297  121.063   47.689 -149.242    1609753326676
01    15.767    1.540  -10.068 -127.307   38.340   38.110    1609753326691
02    15.427    7.652  -12.286  121.115   47.224 -149.286    1609753326691
01    15.760    1.572  -10.092 -126.810   38.749   38.527    1609753326698
02    15.429    7.645  -12.271  121.007   47.252 -148.925    1609753326698
01    15.757    1.558  -10.116 -126.712   39.085   39.109    1609753326714
02    15.412    7.573  -12.301  122.723   47.800 -146.761    1609753326714
01    15.726    1.543  -10.162 -127.877   39.829   39.285    1609753326729
02    15.453    7.169  -12.315  128.855   51.091 -139.019    1609753326729
01    15.655    1.555  -10.224 -132.340   41.482   38.309    1609753326760
02    15.565    6.683  -11.869  148.523   56.016 -121.592    1609753326760
01    15.482    1.692  -10.346 -142.791   43.223   34.020    1609753326776
02    14.997    6.796  -11.516 -166.275   47.925  -92.399    1609753326776
01    15.082    2.125  -10.599 -159.358   42.949   25.722    1609753326792
02    14.260    5.936  -11.787 -134.127   12.127  -68.641    1609753326792
01    14.789    2.350  -10.660 -169.805   38.437   21.706    1609753326798
02    14.082    4.851  -11.570 -134.176   -4.727  -59.312    1609753326798
01    14.698    2.708  -10.615  179.130   35.472   16.513    1609753326814
02    14.190    3.922  -11.156 -138.698  -13.293  -56.979    1609753326814
01    14.766    2.919  -10.546  172.803   32.940   13.155    1609753326830
02    14.262    3.493  -10.955 -139.390  -18.571  -57.315    1609753326830
01    14.866    2.987  -10.521  169.069   30.015   10.552    1609753326861
02    14.413    3.176  -10.806 -139.873  -21.894  -57.307    1609753326861
01    14.951    3.031  -10.497  167.115   27.457    8.585    1609753326876
02    14.575    2.818  -10.714 -141.313  -24.258  -56.669    1609753326876
01    15.023    3.078  -10.473  166.560   25.801    7.184    1609753326892
02    14.677    2.499  -10.671 -142.590  -25.937  -56.297    1609753326892
01    15.078    3.105  -10.449  166.867   24.553    6.461    1609753326899
02    14.740    2.386  -10.645 -142.344  -27.017  -56.373    1609753326899
01    15.121    3.093  -10.426  167.740   24.262    6.623    1609753326914
02    14.768    2.388  -10.602 -141.339  -27.272  -56.782    1609753326914
01    15.124    3.100  -10.418  169.438   24.664    7.141    1609753326930
02    14.828    2.399  -10.498 -140.684  -26.649  -56.687    1609753326930
01    15.083    3.149  -10.475  171.526   25.672    7.343    1609753326961
02    14.884    2.519  -10.425 -139.485  -25.010  -56.731    1609753326961
01    15.042    3.197  -10.589  173.667   28.021    7.093    1609753326977
02    15.033    2.593  -10.292 -138.810  -21.257  -56.132    1609753326977
01    15.128    3.185  -10.575  175.932   32.139    6.853    1609753326992
02    15.417    2.311   -9.980 -143.480  -11.971  -53.055    1609753326992
01    15.236    3.184  -10.484 -178.132   35.277    8.230    1609753326999
02    15.143    2.228  -10.764 -150.830   -0.556  -55.677    1609753326999
01    15.310    3.065  -10.458 -167.964   36.993   12.800    1609753327014
02    14.566    3.099  -11.883 -161.794   13.451  -68.939    1609753327014
01    15.394    2.785  -10.499 -153.478   37.797   20.974    1609753327030
02    14.320    4.488  -12.415  178.898   27.886  -91.566    1609753327030
01    15.588    2.325  -10.543 -143.534   39.489   26.705    1609753327046
02    14.416    5.738  -12.514  161.157   36.450 -112.195    1609753327046
01    15.759    2.083  -10.517 -138.396   40.966   28.523    1609753327077
02    14.595    6.622  -12.517  149.238   40.486 -124.914    1609753327077
01    15.856    1.878  -10.472 -134.588   41.010   30.453    1609753327093
02    14.799    7.226  -12.477  139.140   42.554 -134.472    1609753327093
01    15.908    1.773  -10.384 -131.582   41.128   32.523    1609753327099
02    15.010    7.523  -12.412  131.746   45.159 -140.595    1609753327099
01    15.923    1.675  -10.297 -129.645   41.060   34.455    1609753327115
02    15.181    7.643  -12.337  126.598   46.412 -144.588    1609753327115
01    15.904    1.613  -10.279 -128.536   40.697   35.478    1609753327130
02    15.229    7.717  -12.305  124.889   46.171 -145.973    1609753327130
01    15.894    1.635  -10.279 -127.355   40.867   36.096    1609753327146
02    15.243    7.704  -12.310  124.220   46.115 -146.269    1609753327146
01    15.888    1.608  -10.292 -126.966   40.909   36.486    1609753327177
02    15.261    7.764  -12.267  123.706   45.579 -147.244    1609753327177
01    15.892    1.623  -10.312 -126.852   41.362   36.520    1609753327193
02    15.273    7.832  -12.243  123.329   45.413 -147.936    1609753327193
01    15.879    1.607  -10.349 -126.928   41.569   36.731    1609753327199
02    15.291    7.783  -12.263  123.717   45.780 -146.929    1609753327199
01    15.888    1.608  -10.350 -127.160   42.387   37.271    1609753327215
02    15.315    7.546  -12.273  126.970   47.615 -142.757    1609753327215
01    15.838    1.623  -10.421 -129.326   43.247   36.717    1609753327231
02    15.334    7.117  -12.126  137.534   50.443 -132.217    1609753327231
01    15.777    1.678  -10.455 -133.759   44.844   35.282    1609753327246
02    15.189    7.050  -11.591  163.793   51.209 -115.613    1609753327246
01    15.628    1.800  -10.538 -140.922   45.785   32.030    1609753327278
02    14.623    6.752  -11.555 -159.284   39.290  -89.441    1609753327278
01    15.311    2.086  -10.705 -150.768   45.885   27.185    1609753327293
02    13.920    5.936  -11.890 -131.964    6.267  -71.713    1609753327293
01    14.951    2.359  -10.874 -160.585   43.625   22.842    1609753327300
02    13.973    4.800  -11.528 -134.659   -7.248  -65.117    1609753327300
01    14.880    2.723  -10.841 -170.275   43.263   17.042    1609753327315
02    14.191    3.968  -11.105 -139.229  -13.272  -62.769    1609753327315
01    14.897    2.922  -10.818 -174.922   42.405   13.820    1609753327331
02    14.327    3.521  -10.884 -141.512  -16.205  -62.042    1609753327331
01    14.955    3.018  -10.799 -177.085   41.879   11.956    1609753327347
02    14.456    3.141  -10.793 -143.518  -17.931  -61.324    1609753327347
01    14.985    3.026  -10.829 -178.661   40.817   10.805    1609753327362
02    14.545    2.748  -10.795 -145.625  -19.286  -60.568    1609753327362
01    15.021    3.090  -10.827 -179.484   40.254    9.603    1609753327393
02    14.587    2.548  -10.812 -146.836  -20.147  -60.134    1609753327393
01    15.065    3.116  -10.813 -179.445   39.922    9.097    1609753327400
02    14.629    2.480  -10.800 -147.293  -20.474  -59.831    1609753327400
01    15.084    3.111  -10.822 -178.512   39.761    9.489    1609753327416
02    14.690    2.490  -10.748 -147.166  -20.094  -59.449    1609753327416
01    15.070    3.121  -10.873 -176.382   39.860   10.414    1609753327431
02    14.732    2.590  -10.701 -146.165  -19.182  -58.839    1609753327431
01    15.067    3.128  -10.941 -173.650   41.052   11.554    1609753327447
02    14.751    2.769  -10.723 -143.958  -17.409  -57.947    1609753327447
01    15.086    3.039  -10.988 -172.347   42.564   12.610    1609753327462
02    14.894    2.905  -10.622 -142.498  -13.311  -57.530    1609753327462
01    15.178    3.073  -10.837 -173.221   43.359   10.781    1609753327494
02    14.998    2.690  -10.797 -147.014   -4.887  -57.546    1609753327494
01    15.247    3.066  -10.693 -167.392   43.214   12.952    1609753327500
02    14.670    2.968  -11.590 -152.872    4.130  -63.156    1609753327500
01    15.318    2.876  -10.595 -157.482   42.179   18.968    1609753327516
02    14.312    3.763  -12.422 -166.397   17.698  -75.684    1609753327516
01    15.432    2.504  -10.518 -146.382   39.961   26.802    1609753327532
02    14.247    5.281  -12.762  174.511   31.578  -97.960    1609753327532
01    15.588    2.188  -10.424 -140.402   39.043   29.998    1609753327547
02    14.490    6.395  -12.803  157.451   40.332 -116.543    1609753327547
01    15.719    1.940  -10.327 -137.072   37.995   31.426    1609753327563
02    14.824    7.063  -12.760  143.010   45.330 -130.508    1609753327563
01    15.820    1.728  -10.210 -134.569   37.076   32.947    1609753327594
02    15.130    7.343  -12.591  132.031   48.223 -140.746    1609753327594
01    15.851    1.631  -10.133 -133.006   36.186   33.962    1609753327600
02    15.221    7.470  -12.512  127.951   48.099 -144.597    1609753327600
01    15.872    1.591  -10.047 -131.965   35.645   34.681    1609753327616
02    15.266    7.515  -12.450  126.064   47.776 -146.349    1609753327616
01    15.871    1.556  -10.004 -131.004   35.176   35.443    1609753327631
02    15.277    7.544  -12.414  125.303   47.843 -147.288    1609753327631
01    15.883    1.456   -9.967 -130.587   34.938   36.344    1609753327647
02    15.298    7.523  -12.382  124.716   48.008 -147.753    1609753327647
01    15.862    1.421   -9.952 -130.492   34.917   36.792    1609753327663
02    15.308    7.508  -12.388  124.326   47.887 -147.897    1609753327663
01    15.828    1.400   -9.951 -130.790   34.961   37.116    1609753327694
02    15.320    7.488  -12.396  124.112   48.090 -147.904    1609753327694
01    15.799    1.417   -9.959 -131.117   35.285   37.402    1609753327700
02    15.361    7.472  -12.364  123.477   48.508 -148.374    1609753327700
01    15.751    1.429  -10.008 -131.601   35.529   37.425    1609753327716
02    15.377    7.396  -12.380  124.484   48.879 -146.520    1609753327716
01    15.710    1.450  -10.069 -132.532   36.201   37.080    1609753327732
02    15.366    7.156  -12.376  131.406   51.005 -138.998    1609753327732
01    15.662    1.513  -10.133 -134.742   37.440   35.755    1609753327747
02    15.376    6.810  -12.059  149.465   53.925 -123.567    1609753327747
01    15.567    1.534  -10.243 -139.391   38.884   34.019    1609753327763
02    14.944    6.818  -11.787 -169.466   47.189  -98.039    1609753327763
01    15.365    1.653  -10.384 -150.082   40.270   30.003    1609753327794
02    14.099    5.927  -12.098 -133.303   14.084  -74.351    1609753327794
01    15.311    1.985  -10.273 -161.571   43.069   23.620    1609753327800
02    14.302    4.466  -11.452 -129.443   -8.662  -57.571    1609753327800
01    15.051    2.366  -10.469 -170.173   40.195   18.607    1609753327816
02    14.474    3.537  -11.003 -133.250  -16.631  -58.023    1609753327816
01    14.952    2.637  -10.549 -173.807   38.668   16.039    1609753327832
02    14.519    3.149  -10.819 -134.751  -20.050  -58.631    1609753327832
01    14.943    2.790  -10.579 -175.778   37.176   14.087    1609753327847
02    14.582    2.875  -10.755 -136.065  -22.006  -58.719    1609753327847
01    14.967    2.821  -10.560 -176.539   35.941   13.548    1609753327863
02    14.684    2.494  -10.695 -138.403  -23.157  -57.799    1609753327863
01    14.964    2.836  -10.564 -176.092   35.215   14.111    1609753327894
02    14.729    2.178  -10.681 -140.513  -23.726  -56.501    1609753327894
01    14.973    2.885  -10.543 -174.281   35.364   15.287    1609753327901
02    14.717    2.114  -10.691 -141.171  -23.703  -55.815    1609753327901
01    14.946    2.929  -10.582 -171.135   35.672   16.841    1609753327916
02    14.684    2.152  -10.718 -140.534  -23.524  -55.918    1609753327916
01    14.882    2.964  -10.738 -167.948   36.555   17.025    1609753327932
02    14.814    2.152  -10.578 -139.519  -21.661  -55.645    1609753327932
01    15.095    2.937  -10.502 -166.105   39.294   16.707    1609753327948
02    15.302    1.783  -10.044 -143.701  -13.559  -53.398    1609753327948
01    15.161    3.072  -10.280 -157.445   38.565   18.204    1609753327963
02    14.860    1.779  -10.944 -151.571   -2.900  -57.261    1609753327963
01    15.251    2.597  -10.180 -144.541   34.793   25.104    1609753327994
02    14.117    2.951  -12.059 -161.947    8.491  -67.687    1609753327994
01    15.442    2.099  -10.022 -135.281   32.103   31.559    1609753328001
02    13.882    4.304  -12.509 -175.702   22.411  -85.745    1609753328001
01    15.569    1.841   -9.915 -130.041   30.137   34.425    1609753328017
02    13.978    5.371  -12.621  169.057   33.453 -103.268    1609753328017
01    15.708    1.579   -9.808 -126.149   28.823   36.839    1609753328032
02    14.230    6.077  -12.657  155.359   41.663 -117.495    1609753328032
01    15.842    1.392   -9.660 -123.313   28.347   38.995    1609753328048
02    14.539    6.491  -12.578  144.230   47.439 -128.331    1609753328048
01    15.907    1.244   -9.570 -121.756   28.086   40.531    1609753328063
02    14.712    6.710  -12.509  137.570   48.515 -134.576    1609753328063
01    15.928    1.180   -9.551 -120.904   28.281   41.290    1609753328079
02    14.822    6.868  -12.462  134.099   48.669 -137.902    1609753328079
01    15.929    1.182   -9.583 -120.034   28.842   41.793    1609753328101
02    14.933    7.003  -12.402  131.000   48.571 -141.088    1609753328101
01    15.938    1.158   -9.607 -119.408   29.592   42.507    1609753328117
02    14.989    7.091  -12.391  129.007   47.969 -142.642    1609753328117
01    15.926    1.187   -9.639 -119.100   30.346   42.790    1609753328132
02    15.027    7.166  -12.366  127.924   47.145 -143.413    1609753328132
01    15.903    1.206   -9.670 -118.947   30.973   43.139    1609753328148
02    15.035    7.150  -12.359  127.884   46.833 -142.429    1609753328148
01    15.850    1.211   -9.702 -119.279   31.785   43.368    1609753328164
02    15.044    6.937  -12.320  131.322   47.542 -137.451    1609753328164
01    15.779    1.218   -9.735 -120.666   33.065   43.653    1609753328179
02    15.075    6.457  -12.090  142.286   49.725 -125.501    1609753328179
01    15.672    1.211   -9.784 -125.132   35.432   43.894    1609753328202
02    14.926    6.382  -11.565  169.543   48.827 -107.282    1609753328202
01    15.412    1.366   -9.959 -135.511   38.070   40.650    1609753328217
02    14.341    6.106  -11.546 -155.513   33.745  -81.560    1609753328217
01    15.086    2.033  -10.142 -149.439   41.290   30.693    1609753328233
02    14.436    4.735  -11.063 -142.757   12.508  -56.436    1609753328233
01    14.745    2.459  -10.358 -160.406   40.392   24.907    1609753328248
02    14.419    3.646  -10.703 -145.510    0.071  -53.943    1609753328248
01    14.626    2.727  -10.407 -164.617   39.955   22.649    1609753328264
02    14.365    3.167  -10.551 -147.987   -5.700  -52.690    1609753328264
01    14.615    2.838  -10.406 -166.026   39.965   22.004    1609753328280
02    14.361    2.838  -10.515 -150.216   -8.556  -51.494    1609753328280
01    14.619    2.919  -10.427 -166.541   39.994   21.611    1609753328302
02    14.353    2.465  -10.589 -152.648  -10.480  -50.227    1609753328302
01    14.624    2.990  -10.473 -166.179   40.115   21.438    1609753328317
02    14.316    2.320  -10.698 -153.375  -11.656  -49.807    1609753328317
01    14.619    3.056  -10.567 -165.186   40.484   21.076    1609753328333
02    14.308    2.339  -10.766 -152.344  -12.029  -50.303    1609753328333
01    14.651    3.109  -10.645 -164.061   41.504   19.592    1609753328349
02    14.291    2.394  -10.862 -149.875  -12.140  -51.949    1609753328349
01    14.820    3.072  -10.402 -165.509   42.553   17.137    1609753328364
02    14.593    1.906  -10.698 -154.221   -5.435  -52.116    1609753328364
01    14.840    3.237  -10.196 -158.696   41.387   17.556    1609753328380
02    14.246    2.169  -11.429 -160.442    2.911  -59.397    1609753328380
01    14.871    2.936  -10.106 -146.142   37.832   23.256    1609753328402
02    13.755    3.257  -12.253 -169.354   11.412  -69.555    1609753328402
01    15.035    2.370  -10.069 -136.821   34.487   28.761    1609753328418
02    13.758    4.715  -12.416 -179.761   22.632  -85.078    1609753328418
01    15.240    2.020  -10.004 -131.145   33.395   31.592    1609753328433
02    13.936    5.778  -12.399  166.985   32.930 -102.746    1609753328433
01    15.387    1.814   -9.944 -127.355   32.805   33.319    1609753328449
02    14.225    6.611  -12.340  153.001   39.413 -118.653    1609753328449
01    15.509    1.691   -9.885 -124.617   32.475   34.395    1609753328465
02    14.501    7.084  -12.306  143.013   43.274 -129.067    1609753328465
01    15.614    1.536   -9.816 -122.679   31.899   35.796    1609753328480
02    14.698    7.339  -12.254  135.985   45.099 -135.875    1609753328480
01    15.667    1.407   -9.799 -121.617   31.553   36.604    1609753328502
02    14.814    7.366  -12.245  132.566   45.887 -138.421    1609753328502
01    15.692    1.336   -9.855 -120.849   32.015   37.077    1609753328518
02    14.924    7.316  -12.198  131.761   46.550 -138.639    1609753328518
01    15.723    1.285   -9.953 -120.539   33.770   37.091    1609753328534
02    15.000    6.994  -12.124  137.064   48.375 -132.407    1609753328534
01    15.728    1.273  -10.057 -122.727   37.232   36.724    1609753328549
02    15.066    6.562  -11.722  153.973   50.631 -118.382    1609753328549
01    15.615    1.347  -10.228 -130.672   41.307   34.468    1609753328565
02    14.655    6.463  -11.504 -171.810   44.330  -95.971    1609753328565
01    15.275    1.616  -10.575 -145.014   43.688   28.069    1609753328581
02    13.999    5.882  -11.768 -142.195   22.257  -75.215    1609753328581
01    15.016    2.015  -10.744 -159.107   44.016   19.319    1609753328603
02    13.914    5.096  -11.628 -137.157    5.956  -66.609    1609753328603
01    14.903    2.493  -10.767 -171.060   44.282   10.464    1609753328618
02    14.025    4.517  -11.359 -138.740   -2.571  -62.908    1609753328618
01    14.837    2.837  -10.769 -174.363   43.783    7.826    1609753328634
02    14.134    4.047  -11.141 -139.976   -7.193  -60.054    1609753328634
01    14.818    3.009  -10.765 -173.699   43.526    8.339    1609753328650
02    14.215    3.641  -11.014 -140.712  -10.218  -57.683    1609753328650
01    14.837    3.061  -10.740 -171.734   43.702    9.555    1609753328665
02    14.278    3.095  -10.993 -141.579  -12.927  -55.470    1609753328665
01    14.882    3.052  -10.700 -169.268   44.034   10.724    1609753328681
02    14.252    2.701  -11.060 -140.331  -15.302  -55.104    1609753328681
01    15.026    3.007  -10.474 -166.550   44.819   11.712    1609753328703
02    14.321    2.430  -10.977 -139.273  -15.345  -57.283    1609753328703
01    14.957    3.212  -10.458 -157.057   42.356   12.501    1609753328719
02    14.647    1.951  -10.729 -144.698   -7.310  -58.776    1609753328719
01    15.061    2.644  -10.529 -140.609   37.816   20.118    1609753328734
02    14.220    2.076  -11.460 -155.254    2.061  -63.070    1609753328734
01    15.395    2.102  -10.340 -126.831   35.157   28.077    1609753328750
02    13.629    3.470  -12.053 -163.408   11.109  -74.372    1609753328750
01    15.646    1.792  -10.200 -118.265   33.916   31.905    1609753328765
02    13.387    4.488  -12.381 -172.684   18.777  -84.491    1609753328765
01    15.877    1.514  -10.010 -113.335   33.228   34.789    1609753328781
02    13.482    5.474  -12.406  175.385   27.670  -97.834    1609753328781
01    16.026    1.300   -9.879 -110.817   32.509   36.449    1609753328803
02    13.773    6.025  -12.385  163.065   36.251 -109.987    1609753328803
01    16.134    1.159   -9.803 -108.873   32.102   37.940    1609753328819
02    14.099    6.419  -12.276  152.342   42.653 -120.755    1609753328819
01    16.210    1.098   -9.757 -107.598   32.360   38.955    1609753328835
02    14.349    6.686  -12.137  144.319   45.664 -129.097    1609753328835
01    16.255    1.103   -9.738 -107.005   33.107   39.720    1609753328850
02    14.483    6.859  -12.039  140.299   46.124 -133.709    1609753328850
01    16.261    1.065   -9.742 -107.615   33.989   40.528    1609753328866
02    14.564    6.901  -12.014  139.586   45.990 -134.205    1609753328866
01    16.227    1.069   -9.698 -110.245   35.817   41.408    1609753328881
02    14.712    6.695  -11.884  144.024   48.623 -128.672    1609753328881
01    16.049    1.071   -9.766 -118.414   38.604   39.951    1609753328904
02    14.677    6.772  -11.409  168.751   50.334 -114.244    1609753328904
01    15.669    1.169  -10.041 -132.642   41.178   34.937    1609753328919
02    14.085    6.472  -11.605 -151.294   33.315  -89.046    1609753328919
01    15.195    1.899  -10.365 -149.627   42.927   22.844    1609753328935
02    14.005    5.272  -11.608 -133.774    7.561  -65.865    1609753328935
01    14.784    2.380  -10.639 -164.970   39.363   13.099    1609753328950
02    14.120    4.353  -11.343 -135.164   -5.967  -61.752    1609753328950
01    14.708    2.761  -10.646 -171.704   39.286    7.882    1609753328966
02    14.228    3.767  -11.053 -136.459  -12.303  -60.464    1609753328966
01    14.701    2.968  -10.673 -171.932   39.626    7.036    1609753328982
02    14.335    3.319  -10.877 -137.565  -15.117  -59.481    1609753328982
01    14.722    3.043  -10.680 -170.088   40.238    8.090    1609753329004
02    14.391    2.967  -10.823 -138.422  -16.598  -58.748    1609753329004
01    14.738    3.121  -10.683 -166.936   40.922    9.230    1609753329020
02    14.303    2.852  -10.902 -137.445  -17.883  -59.812    1609753329020
01    14.759    3.127  -10.703 -163.326   41.585    9.655    1609753329035
02    14.277    2.716  -10.907 -135.672  -18.506  -61.333    1609753329035
01    14.832    3.195  -10.653 -157.689   42.495    9.805    1609753329051
02    14.772    2.205  -10.285 -139.783  -12.803  -59.493    1609753329051
01    14.905    2.967  -10.657 -145.938   40.933   14.006    1609753329066
02    14.421    2.006  -10.870 -148.473   -4.291  -63.031    1609753329066
01    15.202    2.316  -10.482 -132.077   37.736   22.590    1609753329082
02    13.746    2.904  -11.666 -157.877    3.519  -70.628    1609753329082
01    15.509    1.947  -10.237 -122.297   36.226   28.670    1609753329104
02    13.423    4.093  -11.978 -168.428   12.918  -83.223    1609753329104
01    15.729    1.659  -10.045 -117.746   35.561   31.834    1609753329120
02    13.393    4.992  -12.049  179.021   21.930  -97.035    1609753329120
01    15.838    1.483   -9.934 -116.890   35.918   33.014    1609753329136
02    13.488    5.649  -12.095  168.018   28.413 -108.282    1609753329136
01    15.830    1.420   -9.948 -117.283   36.266   33.033    1609753329151
02    13.661    6.163  -12.089  158.454   33.184 -117.029    1609753329151
01    15.803    1.391   -9.980 -117.444   36.753   33.251    1609753329167
02    13.919    6.407  -11.968  152.185   37.438 -121.696    1609753329167
01    15.765    1.429  -10.012 -118.272   37.807   32.891    1609753329182
02    14.117    6.377  -11.682  157.017   40.186 -118.244    1609753329182
01    15.740    1.395  -10.018 -121.012   39.699   32.972    1609753329205
02    13.998    6.493  -11.414  178.016   38.618 -107.219    1609753329205
01    15.569    1.409  -10.135 -129.097   41.876   31.331    1609753329220
02    13.599    6.278  -11.558 -153.925   26.672  -90.633    1609753329220
01    15.207    1.967  -10.407 -141.840   43.951   23.469    1609753329236
02    13.733    5.222  -11.432 -139.754    8.825  -69.002    1609753329236
01    14.940    2.329  -10.592 -159.433   42.988   13.877    1609753329252
02    13.901    4.508  -11.198 -139.982   -1.638  -65.704    1609753329252
01    14.825    2.722  -10.637 -168.364   42.784    8.533    1609753329267
02    13.994    4.121  -11.047 -140.563   -6.790  -64.301    1609753329267
01    14.777    2.951  -10.683 -170.228   42.458    7.521    1609753329283
02    14.081    3.764  -10.933 -140.784   -9.333  -63.438    1609753329283
01    14.757    3.049  -10.738 -170.066   42.270    7.843    1609753329310
02    14.201    3.366  -10.845 -141.560  -10.428  -62.175    1609753329310
01    14.769    3.143  -10.772 -169.062   42.946    7.874    1609753329315
02    14.228    3.031  -10.902 -141.702  -11.333  -61.447    1609753329315
01    14.826    3.202  -10.765 -166.810   44.027    7.522    1609753329331
02    14.236    2.837  -10.975 -140.519  -11.669  -61.699    1609753329331
01    14.943    3.280  -10.625 -163.137   44.902    7.191    1609753329346
02    14.612    2.186  -10.732 -144.653   -6.660  -60.572    1609753329346
01    14.990    3.163  -10.601 -153.207   43.752   10.463    1609753329377
02    14.286    2.310  -11.387 -151.211    0.915  -65.311    1609753329377
01    15.159    2.631  -10.540 -140.305   41.184   17.912    1609753329393
02    13.834    3.153  -12.033 -159.684    8.216  -72.794    1609753329393
01    15.409    2.183  -10.408 -129.915   39.236   24.547    1609753329406
02    13.670    4.330  -12.225 -171.160   18.025  -86.144    1609753329406
01    15.617    1.888  -10.288 -122.860   38.150   28.763    1609753329421
02    13.698    5.130  -12.274  176.536   26.186  -99.670    1609753329421
01    15.800    1.620  -10.178 -118.849   37.542   31.482    1609753329437
02    13.781    5.755  -12.296  166.702   31.732 -110.602    1609753329437
01    15.916    1.476  -10.078 -116.892   37.631   33.035    1609753329452
02    13.980    6.175  -12.307  158.766   37.253 -118.519    1609753329452
01    15.941    1.392  -10.030 -115.980   37.494   34.181    1609753329468
02    14.241    6.441  -12.285  151.897   42.276 -124.120    1609753329468
01    15.933    1.378   -9.956 -116.079   37.847   35.042    1609753329484
02    14.487    6.551  -12.196  147.659   45.895 -126.992    1609753329484
01    15.876    1.367   -9.961 -117.667   38.538   35.165    1609753329506
02    14.665    6.425  -12.003  151.763   48.184 -122.276    1609753329506
01    15.801    1.357  -10.025 -121.798   40.340   34.843    1609753329522
02    14.672    6.399  -11.608  170.541   47.933 -110.165    1609753329522
01    15.612    1.430  -10.188 -131.261   42.779   31.921    1609753329537
02    14.334    6.112  -11.607 -159.762   36.680  -88.300    1609753329537
01    15.267    1.943  -10.455 -144.483   44.622   23.951    1609753329553
02    14.338    5.105  -11.482 -142.325   19.730  -64.818    1609753329553
01    14.998    2.252  -10.648 -158.482   43.364   15.692    1609753329568
02    14.333    4.421  -11.335 -140.502    7.078  -60.192    1609753329568
01    14.875    2.684  -10.700 -167.796   43.307    8.793    1609753329584
02    14.369    3.723  -11.140 -141.898    0.009  -58.224    1609753329584
01    14.852    2.965  -10.735 -170.614   43.281    6.241    1609753329606
02    14.425    3.240  -11.019 -142.593   -3.629  -57.351    1609753329606
01    14.871    3.084  -10.759 -170.705   43.406    6.067    1609753329622
02    14.511    2.933  -10.928 -143.030   -5.351  -56.543    1609753329622
01    14.884    3.158  -10.783 -169.498   43.686    6.804    1609753329637
02    14.510    2.784  -10.951 -143.014   -6.669  -56.192    1609753329637
01    14.927    3.205  -10.771 -167.457   44.423    7.606    1609753329653
02    14.434    2.751  -11.052 -141.848   -8.213  -56.714    1609753329653
01    14.953    3.200  -10.782 -164.892   44.795    8.014    1609753329669
02    14.559    2.619  -10.922 -141.375   -8.204  -57.277    1609753329669
01    15.025    3.232  -10.704 -160.868   45.160    8.505    1609753329684
02    14.776    2.237  -10.823 -144.970   -3.682  -57.834    1609753329684
01    15.097    3.101  -10.669 -152.649   44.597   11.781    1609753329706
02    14.551    2.439  -11.360 -149.971    2.734  -62.529    1609753329706
01    15.256    2.709  -10.609 -142.354   43.095   18.147    1609753329722
02    14.297    3.139  -11.924 -156.097    9.968  -69.064    1609753329722
01    15.455    2.357  -10.543 -133.004   41.691   24.112    1609753329738
02    14.181    4.148  -12.227 -164.572   19.343  -79.193    1609753329738
01    15.661    2.071  -10.490 -126.720   41.113   27.802    1609753329753
02    14.214    5.023  -12.298 -175.302   28.749  -91.817    1609753329753
01    15.841    1.885  -10.416 -124.263   41.614   29.301    1609753329769
02    14.326    5.640  -12.280  174.750   35.126 -102.432    1609753329769
01    15.921    1.794  -10.382 -123.697   41.967   29.805    1609753329785
02    14.444    6.156  -12.267  167.424   39.211 -109.832    1609753329785
01    15.946    1.737  -10.369 -123.926   42.156   30.117    1609753329807
02    14.613    6.538  -12.225  161.749   42.277 -114.822    1609753329807
01    15.950    1.728  -10.355 -124.077   42.230   30.517    1609753329822
02    14.772    6.755  -12.159  158.578   44.319 -117.428    1609753329822
01    15.937    1.751  -10.376 -124.316   42.273   30.697    1609753329838
02    14.853    6.871  -12.123  157.657   45.170 -118.265    1609753329838
01    15.950    1.795  -10.373 -124.504   42.706   30.790    1609753329854
02    14.905    6.942  -12.092  157.235   45.302 -118.890    1609753329854
01    15.952    1.804  -10.394 -125.129   42.929   30.619    1609753329869
02    14.940    6.988  -12.083  157.003   45.285 -119.323    1609753329869
01    15.950    1.819  -10.404 -125.855   43.176   30.355    1609753329885
02    14.945    7.025  -12.103  156.762   45.270 -119.573    1609753329885
01    15.943    1.806  -10.413 -126.480   43.213   30.173    1609753329907
02    14.926    7.064  -12.155  156.195   45.111 -119.934    1609753329907
01    15.931    1.806  -10.413 -126.795   43.191   30.150    1609753329923
02    14.968    7.045  -12.147  155.357   45.720 -120.253    1609753329923
01    15.910    1.821  -10.412 -127.057   43.186   30.077    1609753329938
02    14.998    7.022  -12.149  155.309   46.446 -119.966    1609753329938
01    15.890    1.794  -10.414 -127.395   43.129   30.237    1609753329954
02    15.081    6.875  -12.054  156.885   47.509 -117.578    1609753329954
01    15.852    1.781  -10.423 -128.475   43.467   30.077    1609753329970
02    15.166    6.775  -11.599  166.762   48.586 -111.174    1609753329970
01    15.786    1.822  -10.428 -132.786   44.921   28.648    1609753329985
02    14.703    6.792  -11.391 -166.830   41.728  -95.677    1609753329985
01    15.579    1.909  -10.489 -143.974   46.131   24.393    1609753330007
02    13.979    6.032  -11.746 -136.885   11.921  -76.913    1609753330007
01    15.427    2.100  -10.365 -153.797   47.148   20.032    1609753330023
02    14.069    4.765  -11.325 -133.164   -7.958  -63.911    1609753330023
01    15.020    2.550  -10.546 -160.584   44.465   16.228    1609753330039
02    14.191    3.666  -10.940 -136.368  -16.949  -64.285    1609753330039
