01     5.645    0.532  -12.738   61.661    4.332  164.727    1615538087300
02     1.614   -0.565  -16.647  147.491   43.980   70.592    1615538087300
01     5.647    0.533  -12.736   61.651    4.269  164.730    1615538087317
02     1.616   -0.566  -16.647  147.505   43.977   70.581    1615538087317
01     5.649    0.532  -12.737   61.635    4.276  164.735    1615538087333
02     1.614   -0.563  -16.648  147.526   43.937   70.557    1615538087333
01     5.651    0.529  -12.738   61.599    4.287  164.726    1615538087350
02     1.615   -0.561  -16.649  147.517   43.927   70.521    1615538087350
01     5.653    0.525  -12.738   61.606    4.296  164.720    1615538087367
02     1.617   -0.560  -16.649  147.504   43.912   70.504    1615538087367
01     5.653    0.521  -12.738   61.594    4.288  164.718    1615538087383
02     1.615   -0.559  -16.650  147.502   43.895   70.497    1615538087383
01     5.650    0.521  -12.740   61.615    4.291  164.732    1615538087400
02     1.616   -0.563  -16.650  147.509   43.922   70.521    1615538087400
01     5.653    0.527  -12.738   61.648    4.264  164.711    1615538087417
02     1.619   -0.562  -16.650  147.503   43.950   70.495    1615538087417
01     5.655    0.533  -12.737   61.693    4.239  164.704    1615538087433
02     1.617   -0.555  -16.652  147.466   43.894   70.440    1615538087433
01     5.653    0.535  -12.738   61.729    4.241  164.702    1615538087452
02     1.615   -0.555  -16.651  147.505   43.883   70.480    1615538087452
01     5.651    0.539  -12.738   61.748    4.241  164.698    1615538087467
02     1.616   -0.555  -16.651  147.520   43.893   70.506    1615538087467
01     5.649    0.543  -12.738   61.756    4.250  164.714    1615538087483
02     1.619   -0.553  -16.650  147.514   43.917   70.491    1615538087483
01     5.648    0.541  -12.738   61.759    4.271  164.691    1615538087500
02     1.615   -0.552  -16.651  147.537   43.904   70.533    1615538087500
01     5.646    0.542  -12.739   61.761    4.293  164.699    1615538087517
02     1.613   -0.557  -16.650  147.582   43.925   70.599    1615538087517
01     5.648    0.546  -12.737   61.773    4.284  164.679    1615538087533
02     1.618   -0.555  -16.648  147.555   43.961   70.558    1615538087533
01     5.647    0.546  -12.736   61.777    4.304  164.668    1615538087550
02     1.610   -0.554  -16.649  147.586   43.915   70.598    1615538087550
01     5.642    0.551  -12.737   61.788    4.317  164.693    1615538087567
02     1.611   -0.554  -16.649  147.598   43.924   70.609    1615538087567
01     5.635    0.565  -12.738   61.797    4.294  164.743    1615538087584
02     1.607   -0.551  -16.648  147.609   43.893   70.618    1615538087584
01     5.634    0.559  -12.735   61.789    4.302  164.765    1615538087600
02     1.612   -0.547  -16.646  147.589   43.907   70.579    1615538087600
01     5.634    0.563  -12.731   61.781    4.280  164.795    1615538087617
02     1.612   -0.536  -16.641  147.559   43.894   70.539    1615538087617
01     5.637    0.564  -12.727   61.770    4.267  164.808    1615538087634
02     1.602   -0.520  -16.638  147.513   43.863   70.512    1615538087634
01     5.637    0.571  -12.724   61.809    4.254  164.830    1615538087650
02     1.594   -0.519  -16.633  147.518   43.821   70.532    1615538087650
01     5.627    0.574  -12.727   61.838    4.294  164.932    1615538087667
02     1.603   -0.521  -16.627  147.534   43.840   70.531    1615538087667
01     5.623    0.574  -12.728   61.806    4.339  164.986    1615538087684
02     1.599   -0.514  -16.624  147.543   43.807   70.528    1615538087684
01     5.622    0.576  -12.725   61.807    4.335  164.989    1615538087700
02     1.583   -0.518  -16.623  147.587   43.724   70.606    1615538087700
01     5.622    0.576  -12.722   61.812    4.341  165.000    1615538087717
02     1.589   -0.509  -16.620  147.547   43.710   70.515    1615538087717
01     5.614    0.579  -12.722   61.857    4.364  165.082    1615538087733
02     1.586   -0.503  -16.615  147.514   43.671   70.468    1615538087733
01     5.613    0.579  -12.720   61.863    4.368  165.090    1615538087748
02     1.570   -0.502  -16.612  147.544   43.514   70.556    1615538087748
01     5.613    0.576  -12.720   61.869    4.415  165.075    1615538087764
02     1.575   -0.508  -16.607  147.584   43.572   70.544    1615538087764
01     5.611    0.579  -12.720   61.889    4.407  165.099    1615538087780
02     1.563   -0.503  -16.607  147.567   43.472   70.542    1615538087780
01     5.611    0.579  -12.719   61.919    4.408  165.078    1615538087795
02     1.559   -0.499  -16.607  147.531   43.421   70.496    1615538087795
01     5.604    0.581  -12.720   61.949    4.414  165.132    1615538087811
02     1.548   -0.504  -16.606  147.574   43.393   70.550    1615538087811
01     5.602    0.582  -12.719   61.986    4.393  165.121    1615538087826
02     1.547   -0.501  -16.605  147.584   43.346   70.548    1615538087826
01     5.602    0.586  -12.717   62.038    4.347  165.107    1615538087842
02     1.536   -0.501  -16.608  147.633   43.277   70.605    1615538087842
01     5.602    0.588  -12.718   62.041    4.341  165.082    1615538087858
02     1.555   -0.507  -16.605  147.587   43.423   70.570    1615538087858
01     5.598    0.583  -12.724   62.009    4.409  165.100    1615538087873
02     1.551   -0.510  -16.607  147.639   43.413   70.641    1615538087873
01     5.602    0.579  -12.726   61.989    4.423  165.060    1615538087889
02     1.552   -0.508  -16.608  147.621   43.433   70.619    1615538087889
01     5.601    0.580  -12.727   62.019    4.421  165.058    1615538087905
02     1.554   -0.514  -16.610  147.662   43.443   70.649    1615538087905
01     5.604    0.579  -12.727   62.024    4.416  165.015    1615538087920
02     1.559   -0.514  -16.611  147.644   43.464   70.627    1615538087920
01     5.604    0.579  -12.729   62.034    4.399  164.992    1615538087936
02     1.558   -0.516  -16.615  147.663   43.474   70.648    1615538087936
01     5.605    0.574  -12.731   62.015    4.438  164.963    1615538087967
02     1.562   -0.523  -16.618  147.671   43.514   70.669    1615538087967
01     5.605    0.572  -12.734   62.003    4.461  164.973    1615538087983
02     1.569   -0.526  -16.620  147.654   43.549   70.653    1615538087983
01     5.607    0.572  -12.735   62.011    4.462  164.955    1615538087998
02     1.569   -0.529  -16.621  147.666   43.544   70.664    1615538087998
01     5.610    0.568  -12.735   62.021    4.467  164.928    1615538088014
02     1.572   -0.540  -16.621  147.687   43.579   70.691    1615538088014
01     5.609    0.568  -12.736   62.035    4.454  164.926    1615538088029
02     1.570   -0.548  -16.623  147.680   43.581   70.718    1615538088029
01     5.609    0.564  -12.735   62.043    4.455  164.905    1615538088045
02     1.570   -0.548  -16.622  147.704   43.589   70.727    1615538088045
01     5.606    0.566  -12.735   62.073    4.450  164.932    1615538088061
02     1.570   -0.541  -16.623  147.690   43.576   70.675    1615538088061
01     5.604    0.564  -12.737   62.076    4.458  164.950    1615538088084
02     1.576   -0.548  -16.623  147.680   43.606   70.676    1615538088084
01     5.600    0.565  -12.739   62.095    4.459  164.993    1615538088100
02     1.563   -0.559  -16.623  147.738   43.591   70.754    1615538088100
01     5.601    0.560  -12.739   62.095    4.474  164.973    1615538088117
02     1.568   -0.562  -16.621  147.742   43.609   70.742    1615538088117
01     5.598    0.558  -12.740   62.102    4.484  164.987    1615538088133
02     1.567   -0.555  -16.623  147.725   43.587   70.712    1615538088133
01     5.594    0.553  -12.742   62.127    4.496  164.988    1615538088148
02     1.557   -0.552  -16.626  147.725   43.546   70.715    1615538088148
01     5.589    0.553  -12.747   62.154    4.518  165.019    1615538088164
02     1.558   -0.553  -16.628  147.726   43.545   70.714    1615538088164
01     5.590    0.549  -12.749   62.170    4.530  164.990    1615538088179
02     1.563   -0.552  -16.631  147.708   43.548   70.687    1615538088179
01     5.593    0.544  -12.749   62.178    4.533  164.941    1615538088195
02     1.569   -0.555  -16.633  147.697   43.572   70.675    1615538088195
01     5.592    0.543  -12.751   62.224    4.546  164.901    1615538088211
02     1.571   -0.565  -16.634  147.729   43.616   70.703    1615538088211
01     5.587    0.546  -12.754   62.298    4.549  164.894    1615538088226
02     1.567   -0.574  -16.640  147.773   43.630   70.738    1615538088226
01     5.585    0.541  -12.757   62.329    4.567  164.836    1615538088242
02     1.564   -0.582  -16.644  147.841   43.641   70.796    1615538088242
01     5.588    0.534  -12.758   62.322    4.595  164.742    1615538088258
02     1.554   -0.607  -16.650  147.931   43.699   70.929    1615538088258
01     5.586    0.527  -12.764   62.309    4.649  164.720    1615538088273
02     1.571   -0.603  -16.656  147.901   43.778   70.847    1615538088273
01     5.588    0.535  -12.768   62.359    4.580  164.696    1615538088289
02     1.579   -0.614  -16.663  147.927   43.832   70.897    1615538088289
01     5.588    0.526  -12.772   62.391    4.629  164.597    1615538088304
02     1.579   -0.632  -16.669  148.054   43.891   71.011    1615538088304
01     5.586    0.528  -12.776   62.511    4.616  164.449    1615538088320
02     1.586   -0.631  -16.673  147.993   43.936   70.963    1615538088320
01     5.577    0.516  -12.782   62.644    4.788  164.141    1615538088336
02     1.592   -0.647  -16.687  147.932   43.995   71.017    1615538088336
01     5.573    0.511  -12.784   63.105    4.752  163.229    1615538088367
02     1.675   -0.610  -16.685  146.791   44.161   70.141    1615538088367
01     5.512    0.512  -12.794   64.663    4.904  161.419    1615538088383
02     1.903   -0.373  -16.606  139.365   42.145   64.039    1615538088383
01     5.280    0.583  -12.851   69.192    5.744  158.591    1615538088398
02     2.397   -0.127  -16.274  129.614   35.530   55.907    1615538088398
01     4.875    0.699  -12.966   76.626    7.163  156.724    1615538088414
02     2.650   -0.123  -15.730  122.471   23.020   53.002    1615538088414
01     4.464    0.768  -13.056   84.263    8.144  156.149    1615538088430
02     2.642   -0.078  -15.225  117.634    9.312   51.575    1615538088430
01     4.114    0.775  -13.121   91.059    8.599  156.496    1615538088445
02     2.679   -0.043  -14.809  113.564   -1.589   48.971    1615538088445
01     3.803    0.762  -13.218   96.955    9.456  157.625    1615538088461
02     2.669   -0.211  -14.454  108.475  -12.054   46.757    1615538088461
01     3.685    0.756  -13.279  100.727   10.345  157.793    1615538088476
02     2.745    0.365  -14.149  108.414  -28.038   40.789    1615538088476
01     3.580    0.751  -13.307  102.051   10.523  157.431    1615538088492
02     2.722    0.498  -14.067  109.966  -30.556   37.970    1615538088492
01     3.504    0.734  -13.320  102.821   10.611  156.598    1615538088508
02     2.687    0.544  -14.056  111.881  -30.488   35.531    1615538088508
01     3.437    0.711  -13.354  103.254   10.984  156.266    1615538088523
02     2.652    0.576  -14.081  113.192  -29.902   34.222    1615538088523
01     3.410    0.682  -13.415  103.114   11.780  156.332    1615538088539
02     2.624    0.581  -14.134  113.535  -28.898   34.149    1615538088539
01     3.471    0.656  -13.501  101.815   12.982  156.302    1615538088554
02     2.607    0.598  -14.219  112.806  -27.700   35.439    1615538088554
01     3.599    0.624  -13.603   99.367   14.579  155.743    1615538088584
02     2.618    0.661  -14.332  111.501  -25.906   38.146    1615538088584
01     3.867    0.608  -13.605   94.832   15.162  153.215    1615538088601
02     2.484    1.019  -14.536  112.225  -22.742   41.454    1615538088601
01     4.059    0.569  -13.515   89.817   13.533  151.044    1615538088617
02     2.190    1.016  -14.946  114.293  -11.936   47.243    1615538088617
01     4.223    0.570  -13.381   85.148   10.558  150.203    1615538088634
02     1.912    0.745  -15.474  118.058    0.908   52.409    1615538088634
01     4.429    0.588  -13.243   79.940    7.336  150.230    1615538088651
02     1.752    0.217  -16.050  122.966   15.288   57.041    1615538088651
01     4.669    0.588  -13.122   72.151    4.200  151.727    1615538088657
02     1.751   -0.351  -16.530  129.365   29.930   61.689    1615538088657
01     4.991    0.470  -12.983   63.307    1.919  152.898    1615538088672
02     1.887   -0.815  -16.862  135.483   41.814   64.940    1615538088672
01     5.179    0.375  -12.894   58.516    0.855  153.337    1615538088688
02     2.062   -1.138  -17.058  140.198   49.905   67.234    1615538088688
01     5.266    0.327  -12.841   56.093    0.248  153.616    1615538088703
02     2.199   -1.304  -17.158  143.397   54.515   68.760    1615538088703
01     5.315    0.320  -12.797   54.984   -0.378  153.829    1615538088719
02     2.256   -1.391  -17.214  146.326   56.633   70.828    1615538088719
01     5.330    0.317  -12.773   54.772   -0.672  154.056    1615538088750
02     2.280   -1.468  -17.233  149.237   57.701   73.217    1615538088750
01     5.331    0.326  -12.748   55.269   -0.988  154.094    1615538088767
02     2.262   -1.528  -17.246  152.046   58.055   75.730    1615538088767
01     5.327    0.346  -12.726   55.880   -1.341  154.007    1615538088783
02     2.282   -1.574  -17.259  154.153   58.864   77.258    1615538088783
01     5.327    0.367  -12.707   56.404   -1.661  153.879    1615538088800
02     2.292   -1.594  -17.275  155.310   59.422   77.916    1615538088800
01     5.315    0.389  -12.698   56.859   -1.909  153.848    1615538088817
02     2.337   -1.542  -17.275  154.164   59.694   76.601    1615538088817
01     5.277    0.402  -12.704   57.660   -1.795  153.865    1615538088833
02     2.369   -1.384  -17.263  149.665   58.731   72.375    1615538088833
01     5.182    0.434  -12.740   60.095   -1.038  154.100    1615538088850
02     2.487   -1.080  -17.193  140.716   55.752   64.078    1615538088850
01     5.019    0.505  -12.804   65.152    0.478  154.030    1615538088867
02     2.654   -0.725  -17.004  131.060   49.378   55.309    1615538088867
01     4.782    0.603  -12.897   73.794    2.791  153.212    1615538088883
02     2.745   -0.469  -16.710  125.068   40.259   51.457    1615538088883
01     4.090    0.717  -13.147   89.925    6.818  153.639    1615538088900
02     2.650   -0.346  -16.551  123.521   33.730   51.729    1615538088900
01     3.706    0.732  -13.423   99.746   11.304  155.083    1615538088917
02     2.822   -0.330  -16.341  120.718   30.285   49.030    1615538088917
01     3.394    0.555  -13.733  107.006   17.042  158.864    1615538088933
02     3.085   -0.495  -15.948  116.967   23.631   46.371    1615538088933
01     3.251    0.405  -13.985  112.645   22.124  162.087    1615538088950
02     3.139   -0.762  -15.467  111.861    8.566   43.326    1615538088950
01     3.300    0.396  -14.036  113.122   23.107  161.399    1615538088967
02     3.037   -0.383  -15.246  112.199   -5.804   38.697    1615538088967
01     3.293    0.391  -14.022  112.670   22.051  160.645    1615538088983
02     2.985   -0.163  -15.117  113.008   -9.559   35.697    1615538088983
01     3.302    0.396  -14.003  112.430   21.240  160.104    1615538089000
02     2.979   -0.012  -15.033  113.649  -10.607   33.659    1615538089000
01     3.327    0.404  -13.996  112.239   21.021  159.645    1615538089017
02     2.987    0.112  -14.991  114.060  -10.981   32.435    1615538089017
01     3.357    0.404  -14.018  111.864   21.462  159.584    1615538089033
02     3.017    0.201  -14.993  114.135  -10.672   32.070    1615538089033
01     3.428    0.405  -14.071  110.679   22.467  159.806    1615538089050
02     3.066    0.249  -15.035  113.467   -9.788   33.401    1615538089050
01     3.598    0.434  -14.124  107.932   23.640  159.049    1615538089067
02     3.117    0.272  -15.094  111.994   -8.512   37.332    1615538089067
01     3.935    0.520  -14.066  101.525   23.183  154.074    1615538089084
02     2.968    0.571  -15.198  112.970   -8.585   39.869    1615538089084
01     4.186    0.553  -13.910   94.556   20.113  150.011    1615538089101
02     2.713    0.606  -15.480  115.529    0.091   45.225    1615538089101
01     4.415    0.593  -13.662   88.194   15.173  148.447    1615538089117
02     2.410    0.421  -15.892  120.028   11.517   51.220    1615538089117
01     4.731    0.666  -13.312   79.258    7.616  148.739    1615538089134
02     2.331   -0.049  -16.376  125.224   27.336   54.938    1615538089134
01     5.234    0.650  -12.924   66.151   -0.127  152.262    1615538089150
02     2.491   -0.562  -16.804  131.988   45.542   58.207    1615538089150
01     5.521    0.550  -12.714   57.950   -3.479  154.344    1615538089167
02     2.658   -0.862  -17.047  137.304   55.918   61.709    1615538089167
01     5.652    0.511  -12.629   54.618   -4.281  154.733    1615538089184
02     2.746   -1.035  -17.181  142.268   60.263   66.144    1615538089184
01     5.694    0.496  -12.617   53.614   -3.925  154.549    1615538089201
02     2.803   -1.156  -17.256  145.285   62.391   68.899    1615538089201
01     5.709    0.496  -12.609   53.573   -3.691  154.195    1615538089217
02     2.876   -1.240  -17.301  146.464   64.203   69.877    1615538089217
01     5.674    0.507  -12.621   54.346   -3.364  154.076    1615538089234
02     2.911   -1.300  -17.335  147.675   65.172   71.024    1615538089234
01     5.641    0.523  -12.631   55.503   -3.132  154.020    1615538089251
02     2.931   -1.350  -17.361  148.880   65.756   72.021    1615538089251
01     5.584    0.539  -12.653   56.878   -2.879  154.154    1615538089267
02     2.955   -1.365  -17.372  148.597   65.836   71.661    1615538089267
01     5.523    0.570  -12.667   58.888   -2.709  154.221    1615538089284
02     2.976   -1.271  -17.374  144.960   64.948   68.053    1615538089284
01     5.421    0.620  -12.697   62.012   -2.234  154.242    1615538089301
02     3.070   -0.990  -17.319  135.829   61.854   59.159    1615538089301
01     5.259    0.694  -12.763   67.650   -0.834  153.383    1615538089317
02     3.272   -0.533  -17.079  123.800   53.328   47.482    1615538089317
01     4.799    0.781  -12.946   77.655    2.140  153.128    1615538089334
02     3.584   -0.353  -16.509  115.820   39.172   42.969    1615538089334
01     4.447    0.839  -13.158   89.169    6.125  153.869    1615538089349
02     3.686   -0.540  -15.835  110.994   23.546   43.406    1615538089349
01     4.047    0.778  -13.425   98.514   10.801  156.842    1615538089367
02     3.528   -0.534  -15.277  104.804    0.752   42.731    1615538089367
01     3.923    0.803  -13.587  102.821   13.203  157.892    1615538089384
02     3.413   -0.013  -14.897  105.732  -16.915   38.913    1615538089384
01     3.847    0.787  -13.636  103.818   13.811  156.774    1615538089401
02     3.320    0.272  -14.697  107.914  -20.815   35.829    1615538089401
01     3.756    0.777  -13.661  104.422   14.056  155.618    1615538089417
02     3.252    0.406  -14.611  110.114  -21.098   33.156    1615538089417
01     3.690    0.759  -13.674  104.806   14.366  154.817    1615538089434
02     3.218    0.475  -14.579  111.762  -20.618   31.164    1615538089434
01     3.663    0.735  -13.711  105.007   15.004  154.671    1615538089451
02     3.202    0.536  -14.591  112.727  -20.039   30.026    1615538089451
01     3.684    0.708  -13.775  105.071   16.100  154.790    1615538089467
02     3.212    0.553  -14.637  113.040  -18.835   29.631    1615538089467
01     3.719    0.671  -13.865  104.716   17.514  155.302    1615538089484
02     3.241    0.552  -14.713  112.805  -17.483   29.957    1615538089484
01     3.805    0.617  -13.961  103.569   19.147  155.769    1615538089500
02     3.281    0.581  -14.805  112.025  -16.274   31.429    1615538089500
01     3.909    0.590  -14.014  102.309   20.468  155.815    1615538089516
02     3.233    0.716  -14.921  111.334  -14.870   35.869    1615538089516
01     4.116    0.648  -13.929   98.590   19.584  154.074    1615538089533
02     2.854    1.012  -15.218  113.222  -10.345   41.848    1615538089533
01     4.342    0.697  -13.731   92.697   16.310  152.478    1615538089550
02     2.435    0.822  -15.735  117.019    1.683   48.336    1615538089550
01     4.548    0.737  -13.506   86.846   11.943  151.544    1615538089567
02     2.351    0.297  -16.300  121.541   20.459   51.687    1615538089567
01     4.733    0.776  -13.271   80.098    6.219  151.071    1615538089583
02     2.464   -0.308  -16.767  127.688   40.904   54.973    1615538089583
01     4.927    0.830  -13.027   73.300    1.017  151.909    1615538089600
02     2.602   -0.760  -17.078  133.815   53.798   58.613    1615538089600
01     5.206    0.785  -12.843   65.241   -1.897  153.885    1615538089617
02     2.693   -1.064  -17.250  140.161   60.782   63.257    1615538089617
01     5.360    0.708  -12.768   60.497   -2.500  154.658    1615538089633
02     2.726   -1.262  -17.328  145.691   63.900   68.419    1615538089633
01     5.432    0.649  -12.745   58.146   -2.368  154.855    1615538089650
02     2.722   -1.365  -17.368  149.352   65.162   71.915    1615538089650
01     5.457    0.609  -12.737   57.261   -2.191  154.674    1615538089667
02     2.756   -1.392  -17.381  150.351   65.879   72.605    1615538089667
01     5.435    0.599  -12.743   57.544   -1.979  154.552    1615538089683
02     2.766   -1.388  -17.392  149.026   65.884   71.605    1615538089684
01     5.380    0.613  -12.764   59.337   -1.620  154.056    1615538089700
02     2.815   -1.340  -17.395  146.141   65.554   68.814    1615538089700
01     5.228    0.669  -12.850   63.786    0.015  153.297    1615538089717
02     2.904   -1.184  -17.367  139.336   63.611   62.157    1615538089717
01     4.957    0.787  -13.009   73.146    3.281  151.196    1615538089733
02     3.081   -0.833  -17.204  128.264   56.833   51.681    1615538089733
01     4.277    0.741  -13.324   88.681    9.571  154.365    1615538089750
02     3.362   -0.641  -16.752  119.651   44.422   45.750    1615538089750
01     3.820    0.660  -13.647   99.791   14.699  157.883    1615538089767
02     3.557   -0.899  -16.101  114.146   30.465   45.479    1615538089767
01     3.616    0.588  -13.864  107.261   18.244  161.107    1615538089784
02     3.369   -0.533  -15.651  108.923    4.800   42.092    1615538089784
01     3.538    0.560  -13.991  109.563   19.375  161.819    1615538089800
02     3.229   -0.201  -15.376  108.312   -7.434   39.615    1615538089800
01     3.481    0.520  -14.068  110.075   19.986  161.227    1615538089817
02     3.154   -0.011  -15.220  109.057  -10.424   36.926    1615538089817
01     3.442    0.482  -14.118  110.253   20.565  160.467    1615538089834
02     3.128    0.071  -15.148  110.101  -10.501   34.547    1615538089834
01     3.431    0.454  -14.133  110.401   20.963  159.812    1615538089850
02     3.142    0.095  -15.111  110.996   -9.993   32.577    1615538089850
01     3.440    0.433  -14.135  110.592   21.276  159.401    1615538089867
02     3.177    0.117  -15.091  111.694   -9.638   31.049    1615538089867
01     3.473    0.419  -14.145  110.698   21.703  159.171    1615538089884
02     3.221    0.132  -15.088  112.180   -9.230   30.085    1615538089884
01     3.506    0.408  -14.179  110.641   22.348  159.290    1615538089900
02     3.261    0.136  -15.108  112.239   -8.695   29.931    1615538089900
01     3.581    0.385  -14.226  109.857   23.321  159.492    1615538089917
02     3.317    0.116  -15.147  111.701   -7.981   30.652    1615538089917
01     3.666    0.373  -14.281  108.295   24.292  159.776    1615538089934
02     3.385    0.086  -15.188  110.498   -7.435   32.677    1615538089934
01     3.803    0.387  -14.301  106.008   24.913  159.143    1615538089950
02     3.394    0.118  -15.221  109.197   -7.567   36.288    1615538089950
01     4.019    0.456  -14.224  101.938   24.107  156.573    1615538089967
02     3.063    0.660  -15.385  110.762   -8.323   39.651    1615538089967
01     4.226    0.510  -14.070   96.438   21.487  153.668    1615538089984
02     2.855    0.544  -15.716  112.414    1.261   43.364    1615538089984
01     4.452    0.563  -13.831   88.595   16.260  150.970    1615538090001
02     2.637    0.215  -16.161  115.706   14.441   47.501    1615538090001
01     4.731    0.626  -13.520   80.312    9.649  149.720    1615538090017
02     2.546   -0.462  -16.677  123.170   35.900   54.150    1615538090017
01     4.978    0.657  -13.254   73.126    4.306  150.131    1615538090034
02     2.556   -1.143  -17.093  134.592   52.503   64.060    1615538090034
01     5.207    0.659  -13.070   65.877    0.629  152.366    1615538090051
02     2.599   -1.561  -17.321  145.930   60.872   73.772    1615538090051
01     5.453    0.504  -12.957   58.525   -0.660  153.676    1615538090067
02     2.660   -1.754  -17.413  153.622   64.938   80.270    1615538090067
01     5.565    0.402  -12.928   54.878   -0.705  154.237    1615538090084
02     2.699   -1.833  -17.462  157.277   67.030   83.795    1615538090084
01     5.595    0.360  -12.935   53.648   -0.247  154.285    1615538090101
02     2.753   -1.837  -17.495  156.677   68.510   83.325    1615538090101
01     5.559    0.345  -12.945   54.593    0.341  153.958    1615538090117
02     2.833   -1.815  -17.506  154.382   69.479   80.999    1615538090117
01     5.464    0.387  -12.981   57.567    0.985  153.751    1615538090133
02     2.896   -1.681  -17.508  147.581   68.766   74.302    1615538090133
01     5.270    0.482  -13.065   64.400    2.907  152.653    1615538090150
02     3.024   -1.390  -17.463  135.663   65.362   62.295    1615538090150
01     4.673    0.558  -13.299   78.158    7.880  152.796    1615538090165
02     3.302   -0.975  -17.184  121.423   55.108   49.297    1615538090165
01     4.282    0.597  -13.577   90.922   12.327  154.784    1615538090181
02     3.596   -0.943  -16.591  113.690   40.280   45.800    1615538090181
01     3.962    0.471  -13.864   98.534   17.670  158.071    1615538090196
02     3.603   -1.353  -15.921  105.775   22.764   43.885    1615538090196
01     3.884    0.425  -14.039  101.835   20.141  159.225    1615538090212
02     3.472   -0.828  -15.576  103.993   -0.834   41.204    1615538090212
01     3.797    0.401  -14.129  103.310   20.655  159.376    1615538090227
02     3.385   -0.526  -15.373  104.618   -9.783   38.671    1615538090227
01     3.733    0.374  -14.174  104.095   20.822  159.084    1615538090243
02     3.329   -0.311  -15.238  105.989  -12.598   36.191    1615538090243
01     3.698    0.354  -14.191  104.726   21.062  158.530    1615538090259
02     3.305   -0.172  -15.153  107.507  -13.009   33.988    1615538090259
01     3.671    0.349  -14.194  105.349   21.292  158.012    1615538090274
02     3.309   -0.082  -15.100  108.861  -12.793   32.202    1615538090274
01     3.669    0.362  -14.186  105.904   21.368  157.662    1615538090290
02     3.312   -0.029  -15.067  109.763  -12.506   31.099    1615538090290
01     3.693    0.370  -14.170  106.156   21.487  157.331    1615538090306
02     3.349    0.001  -15.040  110.275  -12.211   30.257    1615538090306
01     3.729    0.388  -14.158  106.019   21.484  157.194    1615538090321
02     3.394    0.023  -15.024  110.423  -12.071   29.871    1615538090321
01     3.780    0.398  -14.161  105.468   21.585  157.263    1615538090337
02     3.439    0.055  -15.021  110.096  -12.136   29.987    1615538090337
01     3.841    0.391  -14.192  104.536   22.127  157.527    1615538090367
02     3.467    0.086  -15.046  109.348  -12.150   30.904    1615538090367
01     3.912    0.372  -14.251  103.203   23.154  157.800    1615538090384
02     3.504    0.084  -15.094  108.172  -11.829   32.762    1615538090384
01     4.035    0.354  -14.295  101.424   24.211  157.082    1615538090400
02     3.518    0.092  -15.148  106.910  -11.505   35.576    1615538090400
01     4.219    0.373  -14.268   98.356   24.297  154.442    1615538090417
02     3.350    0.477  -15.274  107.596  -11.858   38.139    1615538090417
01     4.466    0.413  -14.116   92.921   22.107  151.129    1615538090434
02     2.910    0.574  -15.717  109.989   -4.722   42.787    1615538090434
01     4.719    0.458  -13.862   84.936   16.662  148.816    1615538090450
02     2.566    0.176  -16.279  115.535   12.782   50.105    1615538090450
01     5.009    0.500  -13.576   76.981   10.383  148.405    1615538090467
02     2.657   -0.501  -16.780  121.780   37.695   53.762    1615538090467
01     5.265    0.543  -13.324   69.676    5.098  149.623    1615538090484
02     2.827   -1.150  -17.169  130.225   55.979   59.620    1615538090484
01     5.649    0.443  -13.119   60.268    1.630  151.773    1615538090500
02     3.031   -1.592  -17.392  139.179   66.227   66.584    1615538090500
01     5.778    0.305  -13.067   54.894    1.173  152.531    1615538090517
02     3.084   -1.849  -17.499  148.593   69.995   75.813    1615538090517
01     5.832    0.249  -13.074   52.693    1.440  152.754    1615538090534
02     3.079   -1.981  -17.555  155.366   70.929   82.881    1615538090534
01     5.853    0.203  -13.074   51.746    1.712  152.622    1615538090551
02     3.077   -2.066  -17.589  159.378   71.813   86.938    1615538090551
01     5.830    0.198  -13.072   51.894    1.715  152.654    1615538090567
02     3.097   -2.105  -17.604  161.155   72.686   88.589    1615538090567
01     5.777    0.214  -13.067   53.013    1.688  152.710    1615538090584
02     3.097   -2.132  -17.613  162.588   73.241   89.890    1615538090584
01     5.663    0.267  -13.087   55.686    2.127  153.033    1615538090600
02     3.127   -1.989  -17.615  155.407   72.656   82.656    1615538090600
01     5.481    0.360  -13.150   61.236    3.721  152.920    1615538090617
02     3.215   -1.622  -17.568  138.201   68.978   65.145    1615538090617
01     5.069    0.498  -13.313   73.157    7.731  151.428    1615538090634
02     3.423   -1.141  -17.337  121.942   58.417   49.612    1615538090634
01     4.418    0.516  -13.631   89.260   13.417  155.658    1615538090651
02     3.672   -0.927  -16.802  114.256   42.887   45.850    1615538090651
01     4.003    0.411  -13.974   99.755   19.178  159.694    1615538090667
02     3.781   -1.229  -16.109  108.409   27.476   46.553    1615538090667
01     3.862    0.357  -14.178  104.488   22.058  162.194    1615538090684
02     3.592   -0.670  -15.713  104.167    2.242   43.487    1615538090684
01     3.823    0.320  -14.266  105.474   22.948  161.759    1615538090701
02     3.480   -0.410  -15.497  104.305   -5.789   40.776    1615538090701
01     3.730    0.260  -14.334  106.251   23.690  161.154    1615538090717
02     3.394   -0.258  -15.385  105.758   -7.618   38.031    1615538090717
01     3.649    0.169  -14.395  107.017   24.817  161.144    1615538090735
02     3.344   -0.199  -15.347  107.088   -7.368   36.046    1615538090735
01     3.616    0.111  -14.443  107.720   25.834  161.468    1615538090751
02     3.321   -0.184  -15.347  107.929   -6.599   34.882    1615538090751
01     3.620    0.062  -14.493  108.186   26.897  162.120    1615538090766
02     3.321   -0.203  -15.372  108.267   -5.624   34.484    1615538090766
01     3.655    0.030  -14.554  107.908   28.032  163.040    1615538090783
02     3.358   -0.226  -15.414  108.101   -4.603   35.072    1615538090783
01     3.757    0.022  -14.592  106.475   29.086  163.615    1615538090800
02     3.385   -0.188  -15.460  107.440   -3.996   37.518    1615538090800
01     3.937    0.109  -14.561  104.079   29.158  162.607    1615538090816
02     3.259    0.077  -15.553  107.829   -3.692   41.513    1615538090816
01     4.197    0.236  -14.413   98.598   27.016  159.576    1615538090833
02     3.004    0.126  -15.770  110.108    2.526   47.344    1615538090833
01     4.529    0.352  -14.156   90.565   22.545  156.087    1615538090850
02     2.608   -0.038  -16.134  114.684   11.298   53.867    1615538090850
01     4.842    0.402  -13.854   81.614   16.160  154.579    1615538090867
02     2.304   -0.515  -16.631  122.861   25.927   60.361    1615538090867
01     5.242    0.425  -13.479   71.353    8.302  154.670    1615538090883
02     2.417   -1.038  -17.001  132.157   45.019   65.149    1615538090883
01     5.530    0.428  -13.194   63.933    2.880  156.045    1615538090900
02     2.558   -1.334  -17.219  139.683   57.100   69.947    1615538090900
01     5.694    0.394  -13.023   59.704    0.350  157.322    1615538090917
02     2.629   -1.526  -17.336  147.206   63.164   76.187    1615538090917
01     5.796    0.348  -12.932   57.668   -0.668  157.942    1615538090933
02     2.624   -1.689  -17.392  155.145   65.639   83.515    1615538090933
01     5.808    0.337  -12.914   57.759   -0.675  158.547    1615538090950
02     2.614   -1.832  -17.400  162.181   66.254   90.275    1615538090950
01     5.829    0.359  -12.913   58.843   -0.582  159.126    1615538090966
02     2.597   -1.893  -17.398  166.297   66.203   94.199    1615538090966
01     5.850    0.383  -12.906   59.693   -0.508  159.497    1615538090981
02     2.615   -1.928  -17.399  168.964   66.673   96.543    1615538090981
01     5.873    0.397  -12.889   60.417   -0.476  159.373    1615538090997
02     2.634   -1.965  -17.405  170.959   67.419   98.268    1615538090997
01     5.861    0.417  -12.878   61.113   -0.437  159.089    1615538091013
02     2.717   -2.012  -17.408  172.771   68.714   99.537    1615538091013
01     5.854    0.438  -12.889   61.715   -0.303  158.598    1615538091028
02     2.759   -2.032  -17.426  174.074   69.275  100.390    1615538091028
01     5.844    0.448  -12.932   62.417    0.277  157.737    1615538091044
02     2.775   -2.011  -17.439  172.202   68.952   98.444    1615538091044
01     5.758    0.467  -13.044   64.426    1.910  156.536    1615538091059
02     2.813   -1.873  -17.446  162.598   67.377   89.339    1615538091059
01     5.484    0.531  -13.300   69.783    5.807  155.094    1615538091083
02     2.933   -1.530  -17.382  143.510   61.408   71.272    1615538091083
01     4.923    0.451  -13.758   81.084   14.954  155.097    1615538091100
02     3.158   -1.336  -17.105  129.499   49.769   61.619    1615538091100
01     4.189    0.024  -14.350   97.622   27.922  161.317    1615538091117
02     3.516   -1.418  -16.500  117.488   35.182   55.705    1615538091117
01     3.950   -0.098  -14.690  108.625   33.459  167.558    1615538091133
02     3.505   -1.189  -15.992  107.687   10.728   49.324    1615538091133
01     3.996   -0.086  -14.800  109.040   33.727  167.946    1615538091149
02     3.434   -0.816  -15.785  106.222   -0.781   46.812    1615538091149
01     4.015   -0.146  -14.882  107.618   33.742  167.543    1615538091164
02     3.415   -0.631  -15.728  106.277   -2.648   44.833    1615538091164
01     4.027   -0.241  -14.968  106.745   34.862  167.096    1615538091180
02     3.430   -0.589  -15.748  106.924   -1.390   43.178    1615538091180
01     4.021   -0.333  -15.050  106.297   36.155  166.952    1615538091195
02     3.452   -0.622  -15.800  107.684    0.461   42.161    1615538091195
01     4.034   -0.413  -15.124  105.769   37.557  167.603    1615538091211
02     3.463   -0.656  -15.877  107.965    2.334   42.228    1615538091211
01     4.067   -0.491  -15.200  105.054   39.180  168.953    1615538091227
02     3.401   -0.525  -15.993  107.694    3.487   44.634    1615538091227
01     4.322   -0.326  -15.166  100.701   38.689  166.173    1615538091242
02     3.187   -0.396  -16.193  109.287    8.299   49.222    1615538091242
01     4.707   -0.152  -14.982   91.701   35.666  160.435    1615538091258
02     2.930   -0.576  -16.464  112.862   17.646   55.063    1615538091258
01     5.090   -0.049  -14.668   80.888   29.505  155.658    1615538091274
02     2.607   -0.942  -16.836  120.799   29.180   62.037    1615538091274
01     5.445   -0.031  -14.358   70.982   22.431  153.352    1615538091289
02     2.590   -1.641  -17.240  129.973   44.584   67.508    1615538091289
01     5.766   -0.038  -14.073   60.497   15.041  153.400    1615538091305
02     2.671   -2.047  -17.500  140.959   56.998   75.296    1615538091305
01     6.148   -0.222  -13.793   48.715   10.375  154.508    1615538091320
02     2.716   -2.243  -17.623  152.459   63.561   84.552    1615538091320
01     6.290   -0.385  -13.627   41.986    8.425  155.658    1615538091336
02     2.681   -2.355  -17.648  162.865   65.938   93.506    1615538091336
01     6.367   -0.474  -13.529   38.788    7.486  156.407    1615538091367
02     2.621   -2.427  -17.621  169.882   65.643   99.894    1615538091367
01     6.400   -0.497  -13.470   37.623    7.058  157.154    1615538091383
02     2.574   -2.461  -17.581  173.863   64.814  103.573    1615538091383
01     6.422   -0.508  -13.413   37.412    6.592  157.581    1615538091399
02     2.569   -2.457  -17.551  175.940   64.439  105.353    1615538091399
01     6.419   -0.486  -13.371   38.128    6.191  157.928    1615538091414
02     2.578   -2.459  -17.535  177.634   64.537  106.751    1615538091414
01     6.416   -0.448  -13.328   39.186    5.623  158.202    1615538091430
02     2.611   -2.440  -17.525  178.499   64.980  107.138    1615538091430
01     6.433   -0.415  -13.284   39.798    4.987  158.336    1615538091446
02     2.652   -2.429  -17.517  179.102   65.421  107.309    1615538091446
01     6.441   -0.403  -13.263   39.939    4.704  158.481    1615538091461
02     2.675   -2.403  -17.514  178.781   65.599  106.887    1615538091461
01     6.452   -0.382  -13.254   39.989    4.512  158.553    1615538091477
02     2.676   -2.384  -17.512  178.381   65.430  106.575    1615538091477
01     6.445   -0.370  -13.261   40.300    4.569  158.432    1615538091492
02     2.683   -2.363  -17.514  177.662   65.382  105.971    1615538091492
01     6.393   -0.327  -13.291   41.578    4.986  158.226    1615538091508
02     2.718   -2.276  -17.528  174.188   65.522  102.552    1615538091508
01     6.230   -0.240  -13.387   45.515    6.596  157.883    1615538091524
02     2.820   -1.999  -17.537  162.311   65.025   91.178    1615538091524
01     5.945   -0.130  -13.576   53.364   10.227  156.548    1615538091539
02     3.141   -1.342  -17.338  142.911   60.030   72.972    1615538091539
01     4.980   -0.032  -14.060   75.676   19.731  156.829    1615538091555
02     3.542   -1.161  -16.761  121.392   42.262   58.217    1615538091555
01     4.054   -0.170  -14.484  103.568   26.669  168.645    1615538091584
02     3.729   -1.399  -16.123  108.124   22.346   53.993    1615538091584
01     4.019   -0.003  -14.645  109.060   27.756  169.800    1615538091600
02     3.566   -0.833  -15.810  103.380   -0.690   50.362    1615538091600
01     4.009   -0.021  -14.713  107.689   27.812  169.121    1615538091617
02     3.487   -0.579  -15.683  103.186   -4.851   48.085    1615538091617
01     3.993   -0.069  -14.780  106.170   28.623  168.119    1615538091633
02     3.466   -0.472  -15.653  103.595   -4.267   46.287    1615538091633
01     3.983   -0.132  -14.828  105.188   29.759  167.179    1615538091648
02     3.461   -0.460  -15.660  104.310   -2.827   45.186    1615538091648
01     3.962   -0.197  -14.879  104.579   31.079  167.106    1615538091664
02     3.463   -0.491  -15.688  104.874   -1.309   45.013    1615538091664
01     4.010   -0.225  -14.923  103.529   32.362  167.132    1615538091680
02     3.454   -0.515  -15.733  104.809    0.030   46.484    1615538091680
01     4.170   -0.182  -14.930  100.814   33.074  165.086    1615538091695
02     3.425   -0.340  -15.777  105.008    0.539   47.613    1615538091695
01     4.472   -0.063  -14.824   94.161   31.786  160.327    1615538091711
02     3.195   -0.134  -15.963  108.082    5.303   50.540    1615538091711
01     4.788    0.030  -14.639   85.838   28.418  155.749    1615538091727
02     2.986   -0.223  -16.198  111.445   13.997   54.419    1615538091727
01     5.137    0.113  -14.368   77.216   23.135  152.850    1615538091742
02     2.644   -0.504  -16.547  118.593   24.385   61.077    1615538091742
01     5.558    0.200  -14.009   67.697   16.161  152.937    1615538091758
02     2.394   -1.197  -16.959  130.357   38.340   69.842    1615538091758
01     6.115   -0.004  -13.640   52.867    9.870  154.841    1615538091774
02     2.501   -1.584  -17.222  144.121   52.178   78.015    1615538091774
01     6.301   -0.141  -13.450   44.980    7.315  156.842    1615538091789
02     2.516   -1.858  -17.353  156.573   58.816   87.847    1615538091789
01     6.363   -0.168  -13.329   42.172    5.952  157.784    1615538091805
02     2.581   -1.995  -17.402  164.563   61.951   94.268    1615538091805
01     6.345   -0.158  -13.249   41.596    5.149  158.267    1615538091820
02     2.649   -2.058  -17.430  168.926   64.612   97.485    1615538091820
01     6.310   -0.123  -13.178   42.143    4.358  158.346    1615538091836
02     2.726   -2.119  -17.439  172.300   66.818  100.071    1615538091836
01     6.272   -0.084  -13.118   42.900    3.721  158.402    1615538091867
02     2.752   -2.121  -17.444  174.073   67.718  101.160    1615538091867
01     6.231   -0.036  -13.070   43.697    3.177  158.526    1615538091872
02     2.750   -2.132  -17.433  175.916   67.888  102.472    1615538091872
01     6.198    0.002  -13.034   44.404    2.856  158.490    1615538091888
02     2.722   -2.143  -17.416  177.352   67.323  103.537    1615538091888
01     6.152    0.040  -13.024   45.269    2.869  158.403    1615538091903
02     2.688   -2.110  -17.398  176.349   66.444  102.411    1615538091903
01     6.064    0.094  -13.046   47.184    3.478  158.386    1615538091918
02     2.690   -2.002  -17.386  170.662   65.742   97.053    1615538091918
01     5.930    0.165  -13.101   50.927    4.725  158.318    1615538091950
02     2.732   -1.833  -17.378  161.164   64.678   88.241    1615538091950
01     5.781    0.251  -13.173   55.916    6.262  157.909    1615538091967
02     2.772   -1.680  -17.366  152.353   62.636   80.356    1615538091967
01     5.607    0.328  -13.267   61.444    8.174  157.396    1615538091984
02     2.845   -1.524  -17.338  144.628   60.302   73.434    1615538091984
01     5.288    0.401  -13.438   71.985   11.771  155.599    1615538092001
02     3.086   -1.117  -17.152  134.058   55.460   64.168    1615538092001
01     4.589    0.397  -13.800   88.877   17.549  158.954    1615538092017
02     3.496   -0.909  -16.611  120.377   42.792   54.783    1615538092017
01     4.029    0.168  -14.194  102.966   25.168  165.804    1615538092034
02     3.748   -1.353  -15.872  107.881   24.558   52.093    1615538092034
01     3.882    0.228  -14.388  109.097   27.056  167.978    1615538092051
02     3.561   -0.830  -15.540  103.922   -0.399   47.656    1615538092051
01     3.857    0.241  -14.398  108.808   26.871  166.011    1615538092067
02     3.446   -0.514  -15.369  105.167   -6.475   44.565    1615538092067
01     3.810    0.225  -14.399  108.068   26.685  164.730    1615538092084
02     3.386   -0.302  -15.284  106.550   -7.808   42.220    1615538092084
01     3.819    0.224  -14.406  107.663   27.055  163.827    1615538092100
02     3.370   -0.181  -15.251  107.410   -7.443   40.709    1615538092100
01     3.836    0.206  -14.431  107.435   27.963  163.617    1615538092116
02     3.380   -0.119  -15.254  107.823   -6.541   40.297    1615538092116
01     3.899    0.198  -14.466  106.695   29.133  163.793    1615538092133
02     3.431   -0.112  -15.274  107.423   -5.354   41.002    1615538092133
01     4.050    0.231  -14.483  104.589   29.961  163.688    1615538092150
02     3.478   -0.095  -15.292  106.047   -4.841   43.749    1615538092150
01     4.310    0.342  -14.431  100.331   29.684  161.058    1615538092166
02     3.424    0.139  -15.326  105.912   -5.720   46.723    1615538092166
01     4.681    0.454  -14.252   92.442   27.036  156.735    1615538092183
02     3.010    0.488  -15.564  110.408   -2.043   52.626    1615538092183
01     5.027    0.512  -14.010   83.685   22.386  154.033    1615538092200
02     2.727    0.351  -15.945  115.737   10.058   56.642    1615538092200
01     5.411    0.552  -13.702   74.359   16.187  153.115    1615538092217
02     2.588   -0.150  -16.420  122.067   26.350   59.409    1615538092217
01     5.945    0.580  -13.299   61.289    7.922  155.676    1615538092233
02     2.671   -0.710  -16.775  130.855   44.976   64.027    1615538092233
01     6.270    0.287  -13.052   47.540    3.991  159.097    1615538092250
02     2.801   -1.018  -16.997  139.200   58.218   69.171    1615538092250
01     6.397    0.116  -12.894   41.320    2.125  160.825    1615538092267
02     2.816   -1.269  -17.114  150.952   63.755   79.073    1615538092267
01     6.423    0.048  -12.797   39.042    1.192  161.951    1615538092283
02     2.787   -1.437  -17.150  159.905   65.252   86.927    1615538092283
01     6.422    0.040  -12.708   38.674    0.328  162.518    1615538092300
02     2.773   -1.533  -17.158  165.200   66.103   91.280    1615538092300
01     6.389    0.057  -12.660   39.248    0.079  162.665    1615538092317
02     2.795   -1.599  -17.145  168.272   67.142   93.885    1615538092317
01     6.341    0.090  -12.647   40.777    0.359  162.342    1615538092333
02     2.780   -1.647  -17.140  170.635   67.320   95.986    1615538092333
01     6.268    0.159  -12.650   43.309    0.698  161.905    1615538092350
02     2.803   -1.712  -17.137  173.068   67.863   98.120    1615538092350
01     6.223    0.231  -12.640   45.413    0.618  161.242    1615538092367
02     2.806   -1.741  -17.145  174.383   68.045   98.975    1615538092367
01     6.178    0.278  -12.639   46.638    0.610  160.846    1615538092384
02     2.817   -1.722  -17.153  173.354   68.334   97.653    1615538092384
01     6.152    0.305  -12.647   47.395    0.683  160.501    1615538092400
02     2.831   -1.634  -17.160  168.644   68.198   93.153    1615538092400
01     6.093    0.312  -12.706   48.589    1.735  160.039    1615538092417
02     2.906   -1.366  -17.152  154.958   66.731   80.284    1615538092417
01     5.956    0.347  -12.843   52.402    4.185  158.757    1615538092434
02     3.047   -0.908  -17.019  135.664   59.484   61.739    1615538092434
01     5.580    0.431  -13.163   60.116    9.033  157.996    1615538092450
02     3.369   -0.638  -16.532  123.308   45.480   54.099    1615538092450
01     4.928    0.354  -13.698   77.345   20.031  157.508    1615538092467
02     3.577   -0.948  -15.877  111.008   26.344   52.775    1615538092467
01     4.243    0.411  -14.007   98.851   23.513  163.486    1615538092484
02     3.502   -0.364  -15.407  103.050   -5.871   46.912    1615538092484
01     4.125    0.481  -14.115  103.204   24.609  163.673    1615538092500
02     3.441   -0.093  -15.099  104.222  -13.026   44.649    1615538092500
01     4.061    0.462  -14.162  103.294   24.484  163.596    1615538092517
02     3.380    0.092  -14.967  105.515  -14.996   42.740    1615538092517
01     4.063    0.425  -14.226  102.701   25.316  163.392    1615538092533
02     3.370    0.172  -14.947  106.141  -14.329   41.435    1615538092533
01     4.084    0.383  -14.299  102.059   26.699  163.216    1615538092549
02     3.388    0.191  -14.984  106.366  -12.893   40.672    1615538092549
01     4.106    0.303  -14.391  101.646   28.716  163.733    1615538092567
02     3.402    0.163  -15.056  106.345  -11.000   40.977    1615538092567
01     4.151    0.244  -14.484  101.142   30.647  164.414    1615538092583
02     3.417    0.114  -15.143  105.779   -8.946   42.264    1615538092583
01     4.214    0.149  -14.567  100.458   32.582  165.083    1615538092600
02     3.392    0.166  -15.242  105.272   -7.642   45.092    1615538092600
01     4.448    0.239  -14.557   97.202   32.705  162.876    1615538092617
02     3.189    0.406  -15.433  106.741   -4.575   49.079    1615538092617
01     4.825    0.361  -14.384   88.733   29.673  158.071    1615538092633
02     2.819    0.316  -15.804  111.321    6.110   54.556    1615538092633
01     5.134    0.399  -14.165   79.846   24.894  155.253    1615538092648
02     2.647   -0.072  -16.262  116.849   21.397   56.911    1615538092648
01     5.389    0.406  -13.963   72.528   20.632  154.231    1615538092664
02     2.693   -0.647  -16.684  122.753   39.238   59.179    1615538092664
01     5.642    0.389  -13.771   65.556   17.030  154.196    1615538092680
02     2.762   -1.203  -17.019  131.782   54.087   65.020    1615538092680
01     5.818    0.388  -13.592   61.373   14.444  154.610    1615538092701
02     2.867   -1.573  -17.206  142.076   63.186   72.994    1615538092701
01     5.911    0.406  -13.461   60.033   12.794  154.881    1615538092717
02     2.893   -1.814  -17.285  152.226   66.583   82.587    1615538092717
01     5.964    0.433  -13.385   59.825   11.918  154.879    1615538092734
02     2.907   -1.958  -17.315  159.621   67.637   89.520    1615538092734
01     6.005    0.447  -13.340   59.826   11.514  154.660    1615538092750
02     2.894   -2.090  -17.324  165.875   67.849   95.391    1615538092750
01     6.034    0.446  -13.317   59.800   11.319  154.645    1615538092767
02     2.899   -2.171  -17.319  170.439   67.928   99.415    1615538092767
01     6.065    0.447  -13.302   59.668   11.121  154.863    1615538092784
02     2.845   -2.243  -17.308  174.317   67.003  103.019    1615538092784
01     6.091    0.443  -13.297   59.584   11.001  155.101    1615538092800
02     2.780   -2.255  -17.291  175.972   65.569  104.561    1615538092800
01     6.099    0.447  -13.298   59.706   10.894  155.321    1615538092817
02     2.764   -2.277  -17.272  177.336   64.893  105.835    1615538092817
01     6.093    0.449  -13.300   59.954   10.889  155.404    1615538092834
02     2.766   -2.270  -17.277  177.518   65.062  105.961    1615538092834
01     6.075    0.462  -13.301   60.311   10.869  155.472    1615538092851
02     2.808   -2.266  -17.284  177.643   65.743  105.872    1615538092851
01     6.056    0.467  -13.298   60.706   10.822  155.482    1615538092867
02     2.817   -2.260  -17.295  177.133   66.078  105.381    1615538092867
01     6.012    0.490  -13.303   61.422   10.798  155.614    1615538092884
02     2.815   -2.187  -17.302  174.532   66.091  102.844    1615538092884
01     5.891    0.512  -13.339   63.407   11.434  155.695    1615538092901
02     2.881   -1.904  -17.297  163.524   65.525   92.263    1615538092901
01     5.647    0.550  -13.423   68.738   13.424  155.314    1615538092917
02     3.104   -1.309  -17.143  143.208   60.813   72.559    1615538092917
01     4.922    0.545  -13.754   83.165   19.702  157.434    1615538092934
02     3.513   -0.914  -16.550  123.470   44.891   57.643    1615538092934
01     4.146    0.200  -14.165  100.996   28.722  166.131    1615538092950
02     3.757   -1.039  -15.827  110.531   24.121   54.110    1615538092950
01     4.039    0.330  -14.326  111.340   31.012  169.912    1615538092966
02     3.572   -0.459  -15.482  106.728    0.523   50.410    1615538092966
01     3.987    0.305  -14.382  113.180   31.593  170.724    1615538092983
02     3.466   -0.213  -15.309  107.799   -3.646   48.364    1615538092983
01     3.928    0.273  -14.426  112.628   31.356  170.883    1615538093000
02     3.398   -0.086  -15.253  108.560   -4.155   47.401    1615538093000
01     3.911    0.258  -14.463  111.581   31.613  170.883    1615538093016
02     3.354   -0.051  -15.248  108.788   -3.291   47.114    1615538093016
01     3.883    0.237  -14.503  110.606   32.229  171.365    1615538093033
02     3.294    0.014  -15.277  108.898   -2.645   47.618    1615538093033
01     3.927    0.276  -14.538  108.848   33.213  171.177    1615538093050
02     3.107    0.304  -15.380  109.998   -1.699   49.428    1615538093050
01     4.262    0.525  -14.393  101.171   31.291  165.910    1615538093067
02     2.828    0.364  -15.625  112.879    6.289   52.388    1615538093067
01     4.657    0.644  -14.130   89.873   26.935  160.378    1615538093083
02     2.465    0.172  -15.995  117.583   16.615   57.298    1615538093083
01     5.040    0.683  -13.790   78.498   20.301  157.891    1615538093100
02     2.195   -0.305  -16.396  125.929   30.144   63.757    1615538093100
01     5.524    0.700  -13.441   65.576   12.694  158.872    1615538093117
02     2.094   -0.742  -16.664  136.653   41.728   71.375    1615538093117
01     5.825    0.470  -13.211   51.849    8.623  161.101    1615538093133
02     2.048   -0.988  -16.803  146.119   48.776   77.941    1615538093133
01     6.014    0.297  -13.025   44.939    6.472  162.102    1615538093150
02     2.007   -1.167  -16.848  155.433   52.428   85.134    1615538093150
01     6.104    0.237  -12.895   42.365    5.370  162.776    1615538093167
02     2.052   -1.269  -16.867  160.935   55.358   89.164    1615538093167
01     6.121    0.238  -12.793   42.069    4.616  163.087    1615538093183
02     2.140   -1.323  -16.894  163.631   58.567   90.744    1615538093183
01     6.105    0.272  -12.713   42.814    3.881  163.339    1615538093200
02     2.237   -1.359  -16.910  165.133   61.203   91.577    1615538093200
01     6.083    0.310  -12.661   44.026    3.464  163.558    1615538093217
02     2.314   -1.378  -16.914  166.249   62.690   92.269    1615538093217
01     6.029    0.379  -12.637   46.227    3.293  163.885    1615538093233
02     2.351   -1.396  -16.915  167.692   63.136   93.338    1615538093233
01     5.964    0.458  -12.624   49.419    3.205  163.728    1615538093250
02     2.385   -1.418  -16.913  168.716   63.129   94.195    1615538093250
01     5.922    0.545  -12.611   53.020    2.907  162.789    1615538093267
02     2.415   -1.446  -16.922  169.195   63.007   94.743    1615538093267
01     5.881    0.610  -12.637   56.001    3.237  161.537    1615538093284
02     2.493   -1.444  -16.951  167.470   63.845   93.064    1615538093284
01     5.805    0.655  -12.701   59.282    4.266  160.084    1615538093300
02     2.623   -1.428  -16.997  163.399   64.776   89.391    1615538093300
01     5.671    0.699  -12.823   63.856    6.327  158.450    1615538093317
02     2.773   -1.261  -17.027  151.877   64.078   78.386    1615538093317
01     5.347    0.725  -13.056   73.283   11.001  156.691    1615538093334
02     3.054   -0.935  -16.924  136.384   58.585   63.695    1615538093334
01     4.642    0.590  -13.610   88.881   20.493  159.343    1615538093350
02     3.415   -0.831  -16.487  124.137   46.297   55.909    1615538093350
01     4.049    0.152  -14.161  105.945   31.805  168.806    1615538093367
02     3.746   -1.128  -15.808  111.690   27.413   52.376    1615538093367
01     3.927    0.169  -14.428  113.592   35.032  172.714    1615538093384
02     3.606   -0.768  -15.541  108.652    7.047   49.722    1615538093384
01     3.940    0.223  -14.460  113.542   34.107  171.264    1615538093400
02     3.520   -0.500  -15.402  108.817   -0.177   47.208    1615538093400
01     3.921    0.227  -14.468  112.456   32.797  170.750    1615538093417
02     3.463   -0.307  -15.333  108.946   -2.646   45.682    1615538093417
01     3.926    0.231  -14.486  111.567   32.490  170.280    1615538093432
02     3.440   -0.184  -15.306  109.117   -2.717   44.675    1615538093432
01     3.925    0.252  -14.505  110.968   32.776  169.876    1615538093448
02     3.436   -0.120  -15.302  109.274   -1.842   44.131    1615538093448
01     3.980    0.262  -14.517  109.510   33.689  169.492    1615538093463
02     3.440   -0.064  -15.319  108.803   -0.903   45.178    1615538093463
01     4.100    0.319  -14.510  106.968   34.543  168.385    1615538093479
02     3.368    0.190  -15.361  108.919   -0.567   47.358    1615538093479
01     4.407    0.532  -14.355  100.075   32.613  163.606    1615538093495
02     3.058    0.390  -15.558  112.056    4.290   52.080    1615538093495
01     4.772    0.667  -14.073   90.232   27.875  158.110    1615538093510
02     2.859    0.323  -15.856  115.945   15.016   54.716    1615538093510
01     5.039    0.738  -13.782   81.862   21.994  155.186    1615538093526
02     2.803    0.066  -16.201  119.152   28.164   55.067    1615538093526
01     5.305    0.795  -13.468   73.619   15.321  154.171    1615538093542
02     2.812   -0.262  -16.487  123.157   40.342   56.588    1615538093542
01     5.629    0.826  -13.127   64.616    9.082  155.241    1615538093567
02     2.840   -0.599  -16.711  129.763   51.935   60.742    1615538093567
01     5.978    0.692  -12.865   54.645    5.375  157.559    1615538093583
02     2.884   -0.815  -16.871  136.593   59.673   65.656    1615538093583
01     6.135    0.548  -12.729   48.799    4.212  158.554    1615538093600
02     2.884   -1.003  -16.945  144.519   63.382   72.877    1615538093600
01     6.199    0.471  -12.685   46.152    4.196  158.978    1615538093617
02     2.905   -1.089  -16.979  148.428   65.187   76.510    1615538093617
01     6.209    0.435  -12.670   45.305    4.490  158.845    1615538093633
02     2.940   -1.188  -17.003  151.181   66.901   79.087    1615538093633
01     6.193    0.435  -12.666   45.618    4.674  158.587    1615538093650
02     2.967   -1.252  -17.021  152.842   68.003   80.704    1615538093650
01     6.168    0.448  -12.661   46.588    4.672  158.414    1615538093667
02     2.999   -1.340  -17.037  155.530   68.850   83.128    1615538093667
01     6.156    0.471  -12.648   47.661    4.377  158.114    1615538093683
02     2.985   -1.412  -17.051  158.655   68.864   85.874    1615538093683
01     6.154    0.479  -12.640   48.344    4.143  157.698    1615538093700
02     2.952   -1.479  -17.056  161.625   68.304   88.474    1615538093700
01     6.145    0.493  -12.647   48.881    4.088  157.346    1615538093717
02     2.926   -1.431  -17.053  160.540   67.181   87.166    1615538093717
01     6.080    0.514  -12.694   50.096    4.765  157.192    1615538093734
02     2.970   -1.133  -17.021  150.077   64.628   77.051    1615538093734
01     5.916    0.571  -12.802   54.121    6.810  156.572    1615538093750
02     3.111   -0.702  -16.879  134.864   57.813   62.073    1615538093750
01     5.599    0.646  -12.998   61.948   10.580  155.684    1615538093767
02     3.300   -0.475  -16.540  125.172   46.583   55.354    1615538093767
01     4.931    0.687  -13.417   78.270   18.529  155.152    1615538093784
02     3.415   -0.417  -16.074  118.292   31.829   54.385    1615538093784
01     4.227    0.659  -13.711   97.976   23.047  160.521    1615538093801
02     3.568   -0.507  -15.466  109.779   14.816   51.453    1615538093801
01     4.112    0.760  -13.811  103.661   23.586  162.126    1615538093817
02     3.480    0.040  -15.002  105.698   -8.434   46.460    1615538093817
01     4.066    0.764  -13.848  103.540   23.063  161.926    1615538093834
02     3.421    0.321  -14.774  106.185  -13.789   43.576    1615538093834
01     4.018    0.713  -13.889  103.266   23.400  161.011    1615538093851
02     3.400    0.433  -14.704  107.470  -14.016   41.019    1615538093851
01     3.976    0.679  -13.927  103.513   24.148  160.114    1615538093867
02     3.399    0.446  -14.711  109.062  -12.826   38.894    1615538093867
01     3.963    0.655  -13.961  103.723   24.916  159.659    1615538093884
02     3.406    0.432  -14.742  110.018  -11.651   37.631    1615538093884
01     3.976    0.623  -14.000  103.750   25.675  159.902    1615538093901
02     3.435    0.401  -14.782  110.096  -10.585   37.269    1615538093901
01     4.026    0.585  -14.048  103.382   26.553  160.448    1615538093917
02     3.462    0.383  -14.831  109.524   -9.831   37.711    1615538093917
01     4.100    0.566  -14.103  102.272   27.400  161.208    1615538093934
02     3.495    0.423  -14.889  108.446   -9.379   39.193    1615538093934
01     4.257    0.589  -14.122  100.184   28.142  160.661    1615538093951
02     3.447    0.637  -14.954  108.092   -9.060   42.326    1615538093951
01     4.514    0.700  -14.029   94.942   27.077  158.474    1615538093967
02     3.064    0.879  -15.210  110.910   -4.620   47.896    1615538093967
01     4.808    0.768  -13.838   87.583   24.079  156.172    1615538093984
02     2.676    0.684  -15.608  115.533    6.072   54.224    1615538093984
01     5.111    0.812  -13.609   78.694   19.155  154.581    1615538094000
02     2.417    0.199  -16.090  121.732   20.222   59.112    1615538094000
01     5.532    0.808  -13.302   65.871   12.657  154.889    1615538094016
02     2.364   -0.542  -16.562  132.745   39.858   66.083    1615538094016
01     5.813    0.636  -13.070   54.683    8.900  156.025    1615538094033
02     2.498   -0.951  -16.835  142.508   53.442   71.858    1615538094033
01     5.942    0.537  -12.938   49.789    7.291  156.611    1615538094050
02     2.521   -1.219  -16.961  151.421   59.187   79.193    1615538094050
01     5.957    0.521  -12.866   48.587    6.747  157.092    1615538094067
02     2.561   -1.351  -17.009  156.615   62.105   83.463    1615538094067
01     5.932    0.551  -12.802   49.328    6.195  157.084    1615538094083
02     2.619   -1.430  -17.031  160.099   64.167   86.040    1615538094083
01     5.880    0.590  -12.763   50.961    5.955  157.007    1615538094100
02     2.651   -1.492  -17.046  162.973   65.303   88.383    1615538094100
01     5.804    0.651  -12.752   53.313    5.988  157.237    1615538094117
02     2.687   -1.548  -17.047  165.189   66.073   90.284    1615538094117
01     5.713    0.707  -12.764   56.482    6.379  157.328    1615538094133
02     2.722   -1.545  -17.057  164.696   66.507   89.769    1615538094133
01     5.652    0.752  -12.783   59.397    6.738  156.791    1615538094150
02     2.784   -1.459  -17.071  159.836   66.782   84.984    1615538094150
01     5.548    0.778  -12.866   62.703    8.176  155.998    1615538094167
02     2.871   -1.212  -17.048  147.462   64.553   72.773    1615538094167
01     5.346    0.797  -13.029   68.351   11.316  154.399    1615538094183
02     3.039   -0.835  -16.874  132.145   56.287   58.570    1615538094183
01     4.834    0.736  -13.356   78.508   16.889  154.800    1615538094198
02     3.271   -0.692  -16.438  122.076   42.576   53.694    1615538094198
01     4.166    0.469  -13.829   93.757   25.604  159.971    1615538094214
02     3.455   -0.857  -15.876  114.018   28.006   52.215    1615538094214
01     3.905    0.453  -14.067  104.852   29.033  164.588    1615538094230
02     3.331   -0.430  -15.461  107.947    3.443   48.182    1615538094230
01     3.841    0.464  -14.138  107.253   29.004  164.981    1615538094245
02     3.233   -0.191  -15.184  107.578   -5.172   45.935    1615538094245
01     3.786    0.432  -14.181  107.368   28.782  164.412    1615538094261
02     3.178   -0.044  -15.044  108.400   -7.648   43.649    1615538094261
01     3.768    0.409  -14.210  107.387   29.176  163.332    1615538094277
02     3.172    0.023  -14.993  109.692   -7.624   41.409    1615538094277
01     3.759    0.376  -14.228  107.399   29.822  162.544    1615538094293
02     3.205    0.040  -14.981  110.871   -6.863   39.758    1615538094293
01     3.784    0.367  -14.241  107.188   30.451  162.240    1615538094308
02     3.255    0.050  -14.985  111.348   -6.205   39.000    1615538094308
01     3.855    0.384  -14.258  106.334   30.987  162.214    1615538094323
02     3.321    0.035  -14.998  110.903   -5.517   39.109    1615538094323
01     3.977    0.421  -14.248  104.428   31.136  162.050    1615538094339
02     3.387    0.077  -15.004  109.690   -5.583   40.202    1615538094339
01     4.132    0.484  -14.215  101.899   31.007  160.931    1615538094355
02     3.374    0.325  -15.008  109.239   -6.661   42.257    1615538094355
01     4.410    0.632  -14.078   96.575   29.314  158.092    1615538094370
02     3.042    0.700  -15.192  111.759   -4.402   46.270    1615538094370
01     4.702    0.745  -13.865   89.606   25.909  155.448    1615538094386
02     2.804    0.645  -15.498  114.884    4.835   49.727    1615538094386
01     5.008    0.827  -13.589   81.179   20.441  153.737    1615538094417
02     2.622    0.389  -15.888  118.741   16.294   52.288    1615538094417
01     5.322    0.896  -13.243   72.483   13.401  154.111    1615538094433
02     2.575   -0.086  -16.266  125.802   34.625   56.485    1615538094433
01     5.572    0.913  -12.940   65.906    7.966  155.728    1615538094449
02     2.664   -0.542  -16.588  135.137   51.829   62.652    1615538094449
01     5.669    0.894  -12.770   63.066    5.497  157.060    1615538094464
02     2.719   -0.901  -16.793  144.582   60.674   70.903    1615538094464
01     5.627    0.930  -12.705   63.959    4.761  158.055    1615538094480
02     2.693   -1.173  -16.906  154.349   63.986   79.903    1615538094480
01     5.598    0.964  -12.671   65.339    4.639  158.465    1615538094496
02     2.674   -1.370  -16.953  161.998   65.284   86.863    1615538094496
01     5.578    0.988  -12.650   66.126    4.532  158.700    1615538094511
02     2.673   -1.501  -16.972  166.881   66.158   91.413    1615538094511
01     5.565    1.004  -12.642   66.564    4.546  158.688    1615538094527
02     2.684   -1.577  -16.985  169.401   67.229   93.795    1615538094527
01     5.551    1.010  -12.631   66.968    4.556  158.312    1615538094542
02     2.729   -1.623  -16.998  171.005   68.396   95.090    1615538094542
01     5.520    1.023  -12.634   67.583    4.665  157.696    1615538094558
02     2.776   -1.561  -17.012  168.206   69.017   92.278    1615538094558
01     5.442    1.042  -12.681   69.199    5.492  156.687    1615538094584
02     2.867   -1.284  -17.012  154.727   67.947   78.964    1615538094584
01     5.236    1.068  -12.818   73.535    7.976  155.140    1615538094600
02     2.983   -0.904  -16.916  138.159   61.463   62.093    1615538094600
01     4.822    1.031  -13.115   81.318   13.140  154.624    1615538094616
02     3.165   -0.679  -16.619  128.387   49.787   55.242    1615538094616
01     4.182    0.688  -13.666   94.830   24.374  157.997    1615538094632
02     3.360   -0.667  -16.158  121.565   36.545   53.944    1615538094632
01     3.851    0.419  -14.060  107.580   32.548  164.303    1615538094648
02     3.516   -0.833  -15.677  113.708   22.941   50.650    1615538094648
01     3.809    0.429  -14.203  111.315   33.682  166.417    1615538094663
02     3.414   -0.554  -15.422  110.272    5.591   47.663    1615538094663
01     3.771    0.432  -14.241  110.906   32.364  166.574    1615538094679
02     3.328   -0.303  -15.253  109.332   -2.075   45.380    1615538094679
01     3.749    0.403  -14.264  110.164   31.644  166.312    1615538094695
02     3.272   -0.135  -15.157  109.293   -4.434   43.530    1615538094695
01     3.727    0.391  -14.283  110.007   31.618  165.655    1615538094710
02     3.247   -0.040  -15.112  109.876   -4.576   42.016    1615538094710
01     3.699    0.383  -14.294  110.144   31.905  165.188    1615538094726
02     3.240    0.003  -15.095  110.495   -4.156   41.033    1615538094726
01     3.705    0.364  -14.303  109.930   32.377  165.245    1615538094741
02     3.249    0.004  -15.089  110.441   -3.701   41.034    1615538094741
01     3.738    0.358  -14.314  109.276   32.740  165.894    1615538094757
02     3.268   -0.005  -15.091  109.419   -3.611   42.049    1615538094757
01     3.853    0.419  -14.307  107.269   32.633  166.223    1615538094773
02     3.264    0.014  -15.090  107.458   -4.397   45.311    1615538094773
01     4.166    0.600  -14.217  102.021   31.403  162.820    1615538094789
02     3.175    0.213  -15.073  106.664   -6.217   48.426    1615538094789
01     4.553    0.727  -13.998   93.595   28.303  157.920    1615538094804
02     2.508    0.900  -15.333  110.785   -5.292   52.546    1615538094804
01     4.830    0.790  -13.727   84.238   22.641  154.174    1615538094820
02     2.256    0.597  -15.815  115.870    7.225   54.880    1615538094820
01     5.084    0.850  -13.427   75.237   15.666  152.828    1615538094835
02     2.285    0.020  -16.310  120.489   22.119   55.613    1615538094835
01     5.370    0.908  -13.122   67.256    9.943  154.063    1615538094866
02     2.431   -0.525  -16.645  126.562   39.163   57.984    1615538094866
01     5.709    0.862  -12.855   58.328    6.079  156.934    1615538094882
02     2.583   -0.898  -16.836  135.235   54.346   63.511    1615538094882
01     5.872    0.705  -12.720   51.535    5.030  159.018    1615538094898
02     2.663   -1.065  -16.918  143.581   62.391   70.327    1615538094898
01     5.944    0.628  -12.643   48.950    4.600  159.726    1615538094913
02     2.678   -1.209  -16.942  153.239   65.638   79.296    1615538094913
01     5.966    0.611  -12.602   48.334    4.375  160.027    1615538094929
02     2.678   -1.291  -16.950  159.731   66.647   85.397    1615538094929
01     5.944    0.612  -12.573   48.833    4.247  159.808    1615538094945
02     2.685   -1.375  -16.949  164.088   67.388   89.565    1615538094945
01     5.908    0.653  -12.552   50.332    4.002  159.470    1615538094960
02     2.704   -1.430  -16.953  166.743   67.989   91.957    1615538094960
01     5.842    0.712  -12.543   52.652    3.887  159.146    1615538094976
02     2.722   -1.480  -16.959  169.147   68.340   93.948    1615538094976
01     5.737    0.777  -12.552   55.813    4.087  158.981    1615538094991
02     2.745   -1.502  -16.969  168.968   68.607   93.752    1615538094991
01     5.580    0.859  -12.588   60.459    4.696  158.770    1615538095007
02     2.819   -1.337  -16.973  159.435   68.397   84.215    1615538095007
01     5.360    0.947  -12.671   67.814    6.509  157.292    1615538095023
02     2.882   -0.986  -16.934  142.906   63.692   67.659    1615538095023
01     4.902    1.042  -12.883   79.271    9.971  156.170    1615538095038
02     3.007   -0.678  -16.733  131.297   53.580   57.447    1615538095038
01     4.296    0.951  -13.335   92.093   17.513  158.285    1615538095054
02     3.153   -0.551  -16.335  124.055   39.957   55.378    1615538095054
01     3.893    0.721  -13.755  103.571   25.612  163.048    1615538095084
02     3.357   -0.635  -15.749  116.371   26.587   53.613    1615538095084
01     3.823    0.678  -13.959  108.382   29.039  165.378    1615538095100
02     3.275   -0.245  -15.293  108.826    4.555   48.991    1615538095100
01     3.761    0.663  -14.028  108.694   28.882  165.758    1615538095117
02     3.209    0.034  -15.029  107.688   -4.347   46.211    1615538095117
01     3.719    0.637  -14.051  108.210   28.314  165.401    1615538095134
02     3.164    0.224  -14.910  108.079   -7.465   43.669    1615538095134
01     3.668    0.597  -14.082  108.346   28.562  165.012    1615538095150
02     3.148    0.275  -14.885  108.936   -7.551   41.697    1615538095150
01     3.630    0.572  -14.110  108.730   29.135  164.705    1615538095167
02     3.157    0.280  -14.891  109.838   -6.877   40.254    1615538095167
01     3.623    0.555  -14.135  108.956   29.799  164.758    1615538095184
02     3.167    0.265  -14.913  110.225   -6.261   39.796    1615538095184
01     3.655    0.530  -14.167  108.616   30.518  165.237    1615538095200
02     3.192    0.227  -14.941  109.716   -5.730   40.271    1615538095200
01     3.738    0.537  -14.196  107.317   31.048  165.865    1615538095217
02     3.231    0.197  -14.967  108.230   -5.648   41.895    1615538095217
01     3.956    0.593  -14.191  104.269   31.256  164.775    1615538095234
02     3.251    0.252  -14.958  106.585   -6.169   45.156    1615538095234
01     4.231    0.708  -14.098   98.386   30.064  161.737    1615538095250
02     2.971    0.675  -15.046  108.231   -7.712   49.449    1615538095250
01     4.545    0.817  -13.884   90.585   26.631  158.179    1615538095267
02     2.424    0.834  -15.410  113.440   -0.539   54.033    1615538095267
01     4.796    0.894  -13.650   82.137   21.357  155.733    1615538095284
02     2.272    0.525  -15.842  118.188   12.609   55.202    1615538095284
01     5.058    0.962  -13.365   74.265   15.442  154.935    1615538095300
02     2.272    0.008  -16.242  123.642   28.109   56.812    1615538095300
01     5.284    1.012  -13.088   68.510   10.676  155.840    1615538095317
02     2.354   -0.480  -16.537  132.691   46.090   61.669    1615538095317
01     5.416    1.015  -12.906   65.435    8.088  157.090    1615538095334
02     2.496   -0.840  -16.748  141.656   57.969   68.375    1615538095334
01     5.457    1.010  -12.822   65.134    7.315  157.816    1615538095351
02     2.536   -1.117  -16.875  151.029   63.003   77.033    1615538095351
01     5.436    1.036  -12.803   66.413    7.382  158.029    1615538095367
02     2.545   -1.352  -16.931  159.623   64.614   85.068    1615538095367
01     5.410    1.049  -12.814   67.650    7.728  158.122    1615538095384
02     2.517   -1.501  -16.960  164.961   64.582   90.136    1615538095384
01     5.389    1.049  -12.838   68.530    8.151  158.171    1615538095400
02     2.514   -1.616  -16.983  167.966   64.793   92.985    1615538095400
01     5.342    1.042  -12.880   69.503    8.794  158.318    1615538095416
02     2.544   -1.623  -16.997  167.200   64.975   92.534    1615538095416
01     5.274    1.039  -12.947   71.163    9.886  158.333    1615538095433
02     2.611   -1.481  -17.009  160.417   64.730   86.520    1615538095433
01     5.141    1.012  -13.062   74.074   11.965  157.978    1615538095450
02     2.702   -1.221  -16.985  149.139   62.470   75.485    1615538095450
01     4.892    0.966  -13.250   79.339   15.415  157.776    1615538095466
02     2.882   -0.833  -16.769  134.702   54.512   62.447    1615538095466
01     4.500    0.840  -13.534   87.042   20.418  159.142    1615538095483
02     3.125   -0.678  -16.291  124.266   41.432   56.792    1615538095483
01     3.898    0.533  -13.904  100.352   27.393  164.902    1615538095500
02     3.346   -0.986  -15.636  114.034   27.009   53.538    1615538095500
01     3.733    0.589  -14.051  107.680   28.941  167.342    1615538095517
02     3.234   -0.585  -15.284  108.799    4.803   49.483    1615538095517
01     3.689    0.638  -14.044  108.624   28.017  166.114    1615538095533
02     3.150   -0.245  -15.051  108.498   -6.026   46.203    1615538095533
01     3.644    0.637  -14.028  108.551   27.324  165.051    1615538095550
02     3.090    0.021  -14.896  109.552   -9.929   43.334    1615538095550
01     3.630    0.628  -14.033  108.577   27.435  164.165    1615538095567
02     3.067    0.176  -14.821  110.666  -10.491   41.230    1615538095567
01     3.646    0.638  -14.036  108.553   27.741  163.283    1615538095583
02     3.090    0.260  -14.791  111.619   -9.984   39.547    1615538095583
01     3.674    0.633  -14.041  108.420   28.125  162.806    1615538095600
02     3.126    0.279  -14.784  112.134   -9.247   38.681    1615538095600
01     3.739    0.630  -14.045  108.050   28.522  162.453    1615538095617
02     3.169    0.290  -14.788  112.122   -8.847   38.453    1615538095617
01     3.795    0.615  -14.065  107.509   28.988  162.557    1615538095633
02     3.216    0.296  -14.800  111.731   -8.633   38.794    1615538095633
01     3.870    0.607  -14.095  106.568   29.497  163.053    1615538095650
02     3.267    0.281  -14.818  110.600   -8.511   40.251    1615538095650
01     3.993    0.616  -14.110  104.821   29.831  163.184    1615538095667
02     3.313    0.262  -14.822  108.768   -8.801   42.873    1615538095667
01     4.223    0.733  -14.042  101.031   28.743  159.801    1615538095683
02     3.332    0.316  -14.785  107.736   -9.935   43.637    1615538095683
01     4.489    0.835  -13.879   95.446   26.320  155.879    1615538095700
02     3.086    0.809  -14.851  109.824  -11.088   44.779    1615538095700
01     4.801    0.928  -13.609   86.337   20.929  151.782    1615538095717
02     2.714    0.944  -15.139  113.221   -5.015   47.614    1615538095717
01     5.085    1.006  -13.306   78.047   14.649  150.754    1615538095734
02     2.456    0.789  -15.534  116.804    4.598   50.132    1615538095734
01     5.304    1.062  -13.003   71.912    9.080  152.479    1615538095749
02     2.342    0.378  -15.978  123.455   22.812   54.037    1615538095749
01     5.512    1.105  -12.716   67.271    4.574  154.624    1615538095765
02     2.462   -0.140  -16.368  131.820   44.101   58.766    1615538095765
01     5.612    1.101  -12.532   64.824    2.131  156.158    1615538095780
02     2.681   -0.505  -16.641  137.959   58.001   62.869    1615538095780
01     5.620    1.135  -12.438   65.034    1.113  156.702    1615538095796
02     2.794   -0.804  -16.813  145.890   64.447   70.023    1615538095796
01     5.600    1.196  -12.400   66.155    0.844  156.842    1615538095812
02     2.885   -1.003  -16.895  153.274   67.471   76.455    1615538095812
01     5.575    1.227  -12.406   67.191    1.217  156.831    1615538095828
02     2.908   -1.154  -16.940  159.244   68.542   81.917    1615538095828
01     5.556    1.241  -12.425   68.052    1.753  156.630    1615538095843
02     2.933   -1.253  -16.964  163.265   68.922   85.631    1615538095843
01     5.529    1.256  -12.460   68.873    2.333  156.419    1615538095859
02     2.943   -1.305  -16.982  164.577   69.063   86.946    1615538095859
01     5.466    1.257  -12.525   70.051    3.276  156.010    1615538095875
02     2.970   -1.195  -16.988  158.635   68.431   81.208    1615538095875
01     5.313    1.258  -12.658   72.951    5.343  155.091    1615538095890
02     3.036   -0.805  -16.936  142.306   63.629   65.119    1615538095890
01     4.975    1.246  -12.910   79.086    9.378  154.055    1615538095906
02     3.203   -0.451  -16.671  129.571   52.512   54.114    1615538095906
01     4.419    1.058  -13.361   89.081   17.318  155.698    1615538095921
02     3.425   -0.411  -16.125  121.612   37.197   52.212    1615538095921
01     3.824    0.646  -13.894  103.697   28.179  162.691    1615538095937
02     3.538   -0.634  -15.535  112.901   20.091   48.501    1615538095937
01     3.812    0.646  -14.088  108.727   31.820  164.148    1615538095952
02     3.388   -0.278  -15.279  110.935    4.207   46.022    1615538095952
01     3.772    0.624  -14.137  109.090   31.494  164.046    1615538095984
02     3.304   -0.089  -15.133  110.762   -2.512   43.654    1615538095984
01     3.728    0.573  -14.182  108.838   31.270  164.294    1615538095999
02     3.243    0.053  -15.059  111.011   -5.160   41.689    1615538095999
01     3.707    0.533  -14.231  109.013   31.860  164.045    1615538096016
02     3.213    0.122  -15.033  111.599   -5.085   40.059    1615538096016
01     3.684    0.484  -14.270  109.395   32.850  163.725    1615538096033
02     3.211    0.126  -15.033  112.418   -3.995   38.834    1615538096033
01     3.690    0.441  -14.305  109.449   33.885  163.883    1615538096050
02     3.218    0.103  -15.048  112.628   -2.990   38.543    1615538096050
01     3.735    0.419  -14.337  108.810   34.627  164.195    1615538096066
02     3.246    0.070  -15.065  112.154   -2.205   38.808    1615538096066
01     3.809    0.418  -14.360  107.264   34.915  164.589    1615538096083
02     3.279    0.039  -15.081  110.918   -1.946   39.972    1615538096083
01     3.939    0.431  -14.355  104.644   34.770  164.463    1615538096100
02     3.292    0.048  -15.086  109.224   -2.430   42.587    1615538096100
01     4.182    0.567  -14.286   99.823   33.588  161.233    1615538096117
02     3.219    0.233  -15.093  109.179   -3.865   44.672    1615538096117
01     4.509    0.703  -14.097   92.115   30.496  156.592    1615538096133
02     2.808    0.559  -15.302  112.075   -1.107   48.456    1615538096133
01     4.802    0.807  -13.843   83.379   25.048  153.261    1615538096150
02     2.482    0.466  -15.636  116.121    7.249   52.117    1615538096150
01     5.090    0.880  -13.525   74.791   18.301  152.613    1615538096167
02     2.360    0.093  -16.050  121.258   20.879   54.638    1615538096167
01     5.350    0.944  -13.196   68.565   12.359  154.091    1615538096183
02     2.450   -0.439  -16.422  130.007   42.004   59.004    1615538096183
01     5.540    0.944  -12.943   64.369    8.506  155.970    1615538096200
02     2.648   -0.876  -16.705  139.612   58.184   65.623    1615538096200
01     5.605    0.939  -12.809   63.428    6.836  157.433    1615538096217
02     2.755   -1.206  -16.879  150.293   65.673   75.417    1615538096217
01     5.590    0.964  -12.758   65.090    6.300  158.204    1615538096233
02     2.837   -1.403  -16.972  159.468   68.520   83.865    1615538096233
01     5.576    1.000  -12.761   66.933    6.536  158.191    1615538096250
02     2.908   -1.577  -17.023  165.852   69.860   90.233    1615538096250
01     5.568    1.019  -12.777   68.109    6.961  157.765    1615538096267
02     2.984   -1.701  -17.064  170.265   71.234   94.442    1615538096267
01     5.546    1.028  -12.784   68.774    7.116  157.381    1615538096283
02     3.053   -1.770  -17.091  172.830   72.416   96.774    1615538096284
01     5.541    1.038  -12.778   69.252    6.982  156.926    1615538096300
02     3.125   -1.813  -17.106  174.770   73.338   98.360    1615538096300
01     5.530    1.052  -12.773   69.746    6.853  156.475    1615538096317
02     3.157   -1.804  -17.115  174.172   73.493   97.586    1615538096317
01     5.486    1.065  -12.796   70.744    7.207  155.984    1615538096334
02     3.201   -1.634  -17.121  164.716   72.934   88.390    1615538096334
01     5.353    1.086  -12.871   73.481    8.576  155.181    1615538096350
02     3.271   -1.234  -17.085  145.206   68.886   68.578    1615538096350
01     5.067    1.095  -13.043   79.408   11.818  154.473    1615538096367
02     3.423   -0.808  -16.876  130.125   58.695   53.961    1615538096367
01     4.523    0.925  -13.449   90.772   19.867  156.527    1615538096384
02     3.594   -0.594  -16.430  122.954   44.281   50.962    1615538096384
01     4.034    0.607  -13.894  104.428   29.227  163.414    1615538096401
02     3.773   -0.717  -15.853  116.111   30.023   50.336    1615538096401
01     3.945    0.604  -14.090  111.244   32.294  166.607    1615538096417
02     3.603   -0.276  -15.457  110.823    5.770   47.147    1615538096417
01     3.908    0.624  -14.130  111.945   31.999  166.241    1615538096434
02     3.482   -0.019  -15.190  110.559   -2.211   45.143    1615538096434
01     3.831    0.615  -14.143  111.563   31.039  166.118    1615538096450
02     3.385    0.143  -15.048  110.863   -4.953   43.651    1615538096450
01     3.814    0.573  -14.168  111.072   31.067  166.029    1615538096467
02     3.329    0.236  -14.996  111.057   -5.454   42.666    1615538096467
01     3.797    0.520  -14.211  111.022   31.898  166.013    1615538096484
02     3.292    0.259  -15.003  111.350   -4.791   42.197    1615538096484
01     3.782    0.465  -14.281  110.853   33.142  166.616    1615538096501
02     3.272    0.235  -15.052  111.261   -3.609   42.631    1615538096501
01     3.872    0.460  -14.336  109.162   34.221  166.982    1615538096517
02     3.283    0.216  -15.109  110.119   -2.419   44.399    1615538096517
01     4.086    0.577  -14.311  105.130   34.172  164.501    1615538096534
02     3.130    0.495  -15.198  110.886   -2.492   46.953    1615538096534
01     4.431    0.725  -14.143   96.981   31.787  159.927    1615538096551
02     2.808    0.555  -15.476  114.489    4.719   51.568    1615538096551
01     4.780    0.846  -13.876   87.721   26.977  156.873    1615538096566
02     2.533    0.291  -15.852  119.717   16.146   56.734    1615538096566
01     5.177    0.938  -13.552   75.775   19.334  155.745    1615538096583
02     2.334   -0.207  -16.243  127.955   29.691   62.975    1615538096583
01     5.728    0.820  -13.134   59.700   11.486  156.910    1615538096600
02     2.440   -0.723  -16.567  139.219   46.306   69.450    1615538096600
01     5.966    0.716  -12.860   51.422    7.348  159.058    1615538096616
02     2.561   -0.938  -16.747  147.900   56.659   74.808    1615538096616
01     6.039    0.697  -12.711   49.074    5.874  159.179    1615538096633
02     2.607   -1.098  -16.822  156.417   60.879   81.738    1615538096633
01     6.033    0.723  -12.667   49.602    6.033  158.361    1615538096650
02     2.651   -1.220  -16.851  161.594   62.686   86.501    1615538096650
01     5.969    0.769  -12.658   51.163    6.563  157.524    1615538096667
02     2.709   -1.321  -16.878  164.927   64.367   89.333    1615538096667
01     5.887    0.834  -12.643   53.243    6.578  156.975    1615538096683
02     2.729   -1.410  -16.902  167.841   65.454   91.597    1615538096683
01     5.799    0.875  -12.639   55.390    6.564  156.689    1615538096700
02     2.746   -1.503  -16.909  170.303   65.985   93.651    1615538096700
01     5.757    0.896  -12.641   56.756    6.550  156.401    1615538096717
02     2.736   -1.566  -16.918  171.506   65.904   94.858    1615538096717
01     5.724    0.904  -12.660   57.517    6.688  156.164    1615538096733
02     2.709   -1.570  -16.926  170.477   65.337   94.203    1615538096733
01     5.687    0.897  -12.694   58.314    7.133  155.601    1615538096750
02     2.703   -1.471  -16.924  165.371   64.424   89.645    1615538096750
01     5.555    0.900  -12.805   60.751    8.935  155.159    1615538096767
02     2.809   -1.095  -16.850  149.500   60.669   75.135    1615538096767
01     5.289    0.881  -13.027   66.273   13.235  154.654    1615538096783
02     3.049   -0.764  -16.547  132.186   50.190   61.924    1615538096783
01     4.729    0.742  -13.471   78.158   21.372  155.008    1615538096800
02     3.319   -0.734  -15.968  120.250   35.150   57.157    1615538096800
01     3.957    0.513  -13.899   99.554   29.800  162.159    1615538096817
02     3.349   -0.536  -15.330  108.898    9.116   48.439    1615538096817
01     3.879    0.595  -14.032  105.774   31.411  163.510    1615538096833
02     3.284   -0.131  -15.014  107.374   -5.271   45.381    1615538096833
01     3.818    0.587  -14.060  106.245   30.725  163.757    1615538096850
02     3.217    0.072  -14.873  107.541   -9.442   43.176    1615538096850
01     3.791    0.565  -14.092  105.863   30.411  163.878    1615538096867
02     3.193    0.184  -14.823  107.858  -10.220   41.415    1615538096867
01     3.775    0.553  -14.117  105.769   30.674  163.461    1615538096883
02     3.195    0.199  -14.819  108.594   -9.293   39.833    1615538096883
01     3.747    0.533  -14.133  105.945   31.152  162.967    1615538096900
02     3.200    0.187  -14.826  109.623   -8.199   38.438    1615538096900
01     3.740    0.511  -14.132  106.051   31.591  162.561    1615538096917
02     3.210    0.159  -14.832  110.364   -7.340   37.598    1615538096917
01     3.743    0.509  -14.124  106.094   31.759  162.353    1615538096933
02     3.227    0.153  -14.830  110.731   -6.960   37.195    1615538096933
01     3.741    0.503  -14.116  106.173   31.787  162.371    1615538096950
02     3.238    0.145  -14.825  110.764   -6.889   37.184    1615538096950
01     3.753    0.496  -14.110  106.178   31.811  162.590    1615538096967
02     3.249    0.134  -14.821  110.600   -6.972   37.552    1615538096967
01     3.781    0.486  -14.118  105.866   31.922  163.105    1615538096984
02     3.262    0.126  -14.822  109.900   -7.216   38.482    1615538096984
01     3.843    0.478  -14.130  105.052   32.225  163.676    1615538097000
02     3.276    0.117  -14.827  108.394   -7.599   40.346    1615538097000
01     4.035    0.539  -14.099  102.801   32.086  161.934    1615538097017
02     3.322    0.124  -14.794  106.904   -8.082   42.176    1615538097017
01     4.269    0.627  -14.024   98.240   31.183  158.209    1615538097034
02     3.227    0.382  -14.815  107.606   -9.637   43.243    1615538097034
01     4.537    0.714  -13.874   92.237   28.756  154.384    1615538097050
02     2.717    0.906  -15.111  110.723   -7.404   45.605    1615538097050
01     4.797    0.784  -13.667   84.744   24.371  151.394    1615538097067
02     2.489    0.646  -15.509  114.043    1.617   48.571    1615538097067
01     5.008    0.885  -13.461   79.235   19.885  151.029    1615538097084
02     2.344    0.206  -15.964  119.749   17.121   52.948    1615538097084
01     5.193    0.947  -13.249   75.232   16.072  152.002    1615538097100
02     2.344   -0.393  -16.376  128.544   36.328   59.417    1615538097100
01     5.298    0.999  -13.081   73.010   13.245  153.586    1615538097117
02     2.490   -0.939  -16.660  139.708   52.018   68.123    1615538097117
01     5.370    1.039  -12.965   72.301   11.597  154.574    1615538097134
02     2.648   -1.337  -16.851  150.258   60.707   77.018    1615538097134
01     5.400    1.082  -12.896   72.263   10.678  154.953    1615538097151
02     2.774   -1.594  -16.940  159.381   64.769   85.027    1615538097151
01     5.403    1.094  -12.860   72.391   10.306  155.158    1615538097167
02     2.823   -1.748  -16.978  166.388   66.198   91.327    1615538097167
01     5.405    1.119  -12.853   72.586   10.101  155.282    1615538097184
02     2.839   -1.821  -16.992  169.755   66.559   94.622    1615538097184
01     5.333    1.107  -12.896   73.364   10.687  155.512    1615538097201
02     2.897   -1.659  -16.996  163.340   66.450   88.556    1615538097201
01     5.171    1.104  -12.994   76.094   12.392  155.447    1615538097216
02     3.023   -1.156  -16.917  143.255   61.763   69.155    1615538097216
01     4.844    1.047  -13.194   82.008   16.077  155.458    1615538097233
02     3.228   -0.769  -16.635  128.573   50.624   56.876    1615538097233
01     4.361    0.845  -13.524   91.043   22.275  158.063    1615538097250
02     3.441   -0.604  -16.098  119.852   35.754   54.147    1615538097250
01     3.930    0.497  -13.860  104.322   30.918  165.395    1615538097266
02     3.619   -0.777  -15.505  110.847   20.529   49.941    1615538097266
01     3.864    0.503  -14.040  111.454   34.294  167.786    1615538097283
02     3.489   -0.391  -15.253  109.208    6.171   46.939    1615538097283
01     3.805    0.518  -14.098  112.837   33.997  167.738    1615538097300
02     3.402   -0.179  -15.118  109.355    0.538   44.687    1615538097300
01     3.754    0.485  -14.134  112.318   33.359  168.250    1615538097316
02     3.341   -0.044  -15.052  109.277   -2.006   43.455    1615538097316
01     3.750    0.464  -14.183  111.330   33.420  168.694    1615538097333
02     3.303    0.035  -15.032  108.877   -2.693   43.100    1615538097333
01     3.785    0.436  -14.236  109.518   34.271  168.771    1615538097349
02     3.284    0.090  -15.041  108.446   -2.301   43.472    1615538097349
01     3.892    0.438  -14.254  106.733   35.312  167.304    1615538097365
02     3.217    0.266  -15.064  108.779   -1.975   44.977    1615538097365
01     4.067    0.561  -14.191  101.685   34.720  164.411    1615538097380
02     2.936    0.494  -15.213  111.366    1.001   48.126    1615538097380
01     4.316    0.697  -14.032   94.526   32.152  160.890    1615538097396
02     2.703    0.392  -15.444  114.636    9.349   52.309    1615538097396
01     4.574    0.800  -13.803   87.154   28.023  158.172    1615538097411
02     2.491    0.160  -15.733  119.052   18.718   56.629    1615538097411
01     4.814    0.881  -13.562   80.617   23.097  156.398    1615538097427
02     2.359   -0.174  -16.011  124.608   28.504   61.231    1615538097427
01     5.038    0.949  -13.296   75.350   18.001  155.560    1615538097443
02     2.286   -0.623  -16.311  133.964   40.813   68.261    1615538097443
01     5.178    1.005  -13.090   72.686   14.473  155.518    1615538097458
02     2.337   -1.027  -16.542  144.172   51.017   75.497    1615538097458
01     5.242    1.049  -12.978   72.059   12.722  155.510    1615538097474
02     2.406   -1.324  -16.687  152.827   56.826   82.188    1615538097474
01     5.262    1.062  -12.946   72.274   12.392  155.424    1615538097490
02     2.451   -1.543  -16.778  159.304   59.574   87.685    1615538097490
01     5.256    1.060  -12.958   72.703   12.628  155.328    1615538097505
02     2.521   -1.691  -16.828  163.113   61.369   91.056    1615538097505
01     5.244    1.060  -12.978   73.279   12.933  155.146    1615538097521
02     2.582   -1.793  -16.869  164.990   62.685   92.768    1615538097521
01     5.205    1.055  -13.019   74.133   13.418  154.938    1615538097536
02     2.674   -1.752  -16.897  162.382   63.589   90.165    1615538097536
01     5.099    1.029  -13.105   75.942   14.748  154.782    1615538097567
02     2.814   -1.432  -16.876  149.078   61.894   77.315    1615538097567
01     4.853    0.966  -13.283   80.328   17.861  154.919    1615538097584
02     3.051   -1.055  -16.669  132.500   53.789   62.678    1615538097584
01     4.482    0.795  -13.558   87.451   23.183  156.670    1615538097601
02     3.306   -0.866  -16.204  121.403   40.630   56.513    1615538097601
01     4.030    0.485  -13.903   99.542   30.873  162.199    1615538097617
02     3.528   -1.021  -15.618  111.717   26.078   51.356    1615538097617
01     3.890    0.464  -14.086  106.566   33.833  164.832    1615538097634
02     3.432   -0.659  -15.346  108.706   10.650   47.750    1615538097634
01     3.794    0.467  -14.133  108.393   33.352  165.214    1615538097649
02     3.359   -0.414  -15.180  108.201    1.929   44.735    1615538097649
01     3.725    0.449  -14.151  108.666   32.564  165.407    1615538097665
02     3.297   -0.214  -15.073  108.471   -2.236   42.371    1615538097665
01     3.695    0.426  -14.173  108.838   32.555  165.221    1615538097680
02     3.256   -0.093  -15.017  109.129   -3.209   40.633    1615538097680
01     3.671    0.401  -14.201  109.145   33.063  164.918    1615538097696
02     3.229   -0.039  -15.001  109.943   -2.920   39.536    1615538097696
01     3.673    0.372  -14.226  109.244   33.828  164.874    1615538097712
02     3.245   -0.032  -15.000  110.349   -2.167   38.948    1615538097712
01     3.708    0.347  -14.251  109.037   34.549  165.053    1615538097727
02     3.266   -0.040  -15.008  110.159   -1.643   39.086    1615538097727
01     3.742    0.326  -14.268  108.860   35.051  165.340    1615538097750
02     3.291   -0.058  -15.015  109.823   -1.337   39.555    1615538097750
01     3.773    0.310  -14.273  108.554   35.265  165.811    1615538097767
02     3.313   -0.079  -15.014  109.219   -1.323   40.448    1615538097767
01     3.802    0.328  -14.265  107.993   34.964  166.520    1615538097784
02     3.328   -0.080  -15.003  108.292   -1.836   42.038    1615538097784
01     3.937    0.395  -14.232  106.397   34.359  165.974    1615538097800
02     3.343   -0.058  -14.971  107.025   -2.664   43.958    1615538097800
01     4.206    0.538  -14.143  101.799   33.159  161.977    1615538097816
02     3.288    0.128  -14.938  106.673   -4.463   44.854    1615538097816
01     4.544    0.675  -13.946   93.945   30.182  155.963    1615538097832
02     3.044    0.476  -15.031  108.319   -4.278   46.283    1615538097832
01     4.844    0.779  -13.699   84.275   24.883  150.970    1615538097847
02     2.718    0.545  -15.260  111.044   -0.531   49.082    1615538097847
01     5.122    0.855  -13.457   76.672   19.790  149.898    1615538097863
02     2.412    0.382  -15.556  115.012    6.380   53.615    1615538097863
01     5.370    0.905  -13.227   71.190   15.597  151.226    1615538097878
02     2.098    0.033  -15.905  123.465   18.697   62.399    1615538097878
01     5.565    0.935  -13.030   67.596   12.285  153.085    1615538097894
02     1.912   -0.474  -16.256  135.512   32.405   72.282    1615538097894
01     5.683    0.946  -12.891   65.819   10.294  154.222    1615538097910
02     1.988   -0.979  -16.504  148.180   44.884   80.648    1615538097910
01     5.699    0.991  -12.809   65.797    9.166  154.805    1615538097925
02     2.205   -1.299  -16.668  158.185   54.063   86.637    1615538097925
01     5.676    1.046  -12.765   66.499    8.584  155.143    1615538097950
02     2.441   -1.515  -16.782  165.325   60.547   91.238    1615538097950
01     5.644    1.072  -12.752   67.281    8.554  155.350    1615538097966
02     2.647   -1.654  -16.863  170.044   65.046   94.735    1615538097966
01     5.615    1.094  -12.766   68.252    8.858  155.477    1615538097983
02     2.791   -1.728  -16.917  173.054   67.431   97.253    1615538097983
01     5.574    1.114  -12.802   69.450    9.422  155.518    1615538097999
02     2.890   -1.715  -16.950  171.715   68.318   95.936    1615538097999
01     5.463    1.115  -12.888   71.678   10.863  155.555    1615538098015
02     2.982   -1.459  -16.952  158.233   66.943   83.313    1615538098015
01     5.242    1.102  -13.057   76.318   13.846  155.043    1615538098030
02     3.090   -1.081  -16.854  140.532   60.256   66.618    1615538098030
01     4.850    1.010  -13.353   83.722   19.002  155.394    1615538098046
02     3.267   -0.794  -16.545  128.355   48.012   58.696    1615538098046
01     4.349    0.687  -13.778   95.284   28.475  159.316    1615538098067
02     3.535   -0.819  -16.035  118.397   34.724   54.286    1615538098067
01     4.136    0.545  -14.114  106.996   35.764  164.705    1615538098084
02     3.492   -0.464  -15.669  111.345   15.065   48.689    1615538098084
