01     8.912   -4.478   -9.794   83.199   35.659 -112.229    1606878327442
02     6.356   -8.331  -11.875 -154.364   51.405 -153.279    1606878327442
01     8.910   -4.478   -9.799   83.300   35.644 -112.200    1606878327458
02     6.355   -8.325  -11.887 -154.693   51.361 -153.569    1606878327458
01     8.910   -4.476   -9.802   83.469   35.611 -112.174    1606878327465
02     6.366   -8.308  -11.901 -154.955   51.488 -153.877    1606878327465
01     8.911   -4.472   -9.806   83.497   35.514 -112.167    1606878327491
02     6.352   -8.310  -11.912 -155.252   51.426 -154.050    1606878327491
01     8.916   -4.469   -9.805   83.408   35.468 -112.299    1606878327507
02     6.348   -8.307  -11.917 -155.391   51.453 -154.201    1606878327507
01     8.916   -4.465   -9.809   83.470   35.458 -112.218    1606878327517
02     6.345   -8.306  -11.922 -155.586   51.437 -154.313    1606878327517
01     8.918   -4.464   -9.810   83.491   35.468 -112.199    1606878327543
02     6.358   -8.296  -11.918 -155.518   51.524 -154.348    1606878327543
01     8.922   -4.459   -9.804   83.520   35.436 -112.256    1606878327559
02     6.360   -8.287  -11.921 -155.688   51.516 -154.556    1606878327559
01     8.919   -4.454   -9.805   83.665   35.350 -112.136    1606878327569
02     6.359   -8.282  -11.920 -155.708   51.517 -154.589    1606878327569
01     8.919   -4.445   -9.807   83.765   35.280 -112.063    1606878327594
02     6.350   -8.282  -11.923 -155.846   51.452 -154.684    1606878327594
01     8.924   -4.440   -9.801   83.711   35.254 -112.159    1606878327609
02     6.341   -8.280  -11.927 -156.022   51.450 -154.812    1606878327609
01     8.924   -4.438   -9.799   83.737   35.272 -112.124    1606878327620
02     6.341   -8.277  -11.926 -156.054   51.476 -154.831    1606878327620
01     8.921   -4.434   -9.802   83.785   35.240 -112.050    1606878327645
02     6.346   -8.268  -11.925 -156.081   51.547 -154.941    1606878327645
01     8.925   -4.432   -9.796   83.759   35.233 -112.121    1606878327661
02     6.351   -8.258  -11.923 -156.097   51.607 -154.976    1606878327661
01     8.926   -4.428   -9.797   83.803   35.241 -112.081    1606878327670
02     6.350   -8.259  -11.919 -156.113   51.587 -154.938    1606878327670
01     8.922   -4.430   -9.799   83.802   35.240 -112.018    1606878327696
02     6.345   -8.251  -11.928 -156.221   51.559 -155.061    1606878327696
01     8.918   -4.431   -9.801   83.783   35.232 -111.975    1606878327711
02     6.357   -8.248  -11.925 -156.185   51.678 -155.017    1606878327711
01     8.915   -4.428   -9.804   83.794   35.190 -111.932    1606878327721
02     6.365   -8.239  -11.924 -156.186   51.726 -155.056    1606878327721
01     8.918   -4.423   -9.803   83.787   35.151 -111.959    1606878327743
02     6.364   -8.235  -11.929 -156.231   51.737 -155.094    1606878327743
01     8.914   -4.423   -9.808   83.789   35.149 -111.913    1606878327762
02     6.361   -8.234  -11.931 -156.243   51.715 -155.077    1606878327762
01     8.912   -4.416   -9.813   83.830   35.124 -111.877    1606878327772
02     6.369   -8.232  -11.928 -156.188   51.778 -154.996    1606878327772
01     8.914   -4.418   -9.814   83.805   35.136 -111.889    1606878327787
02     6.371   -8.228  -11.931 -156.213   51.808 -155.009    1606878327787
01     8.909   -4.420   -9.822   83.791   35.170 -111.857    1606878327797
02     6.371   -8.216  -11.941 -156.280   51.844 -155.105    1606878327797
01     8.915   -4.415   -9.820   83.774   35.153 -111.913    1606878327822
02     6.371   -8.213  -11.950 -156.344   51.877 -155.158    1606878327822
01     8.919   -4.413   -9.821   83.798   35.140 -111.929    1606878327843
02     6.371   -8.212  -11.957 -156.416   51.920 -155.202    1606878327843
01     8.920   -4.411   -9.824   83.783   35.121 -111.948    1606878327848
02     6.370   -8.216  -11.959 -156.430   51.922 -155.177    1606878327848
01     8.920   -4.409   -9.826   83.807   35.130 -111.935    1606878327873
02     6.364   -8.212  -11.967 -156.494   51.878 -155.243    1606878327873
01     8.922   -4.403   -9.829   83.824   35.113 -111.933    1606878327889
02     6.363   -8.208  -11.970 -156.564   51.876 -155.295    1606878327889
01     8.920   -4.408   -9.832   83.815   35.134 -111.916    1606878327898
02     6.368   -8.209  -11.965 -156.500   51.909 -155.213    1606878327898
01     8.922   -4.406   -9.833   83.813   35.131 -111.920    1606878327924
02     6.367   -8.209  -11.968 -156.550   51.919 -155.248    1606878327924
01     8.923   -4.404   -9.835   83.833   35.135 -111.908    1606878327943
02     6.366   -8.199  -11.976 -156.638   51.918 -155.360    1606878327943
01     8.929   -4.404   -9.828   83.831   35.148 -111.941    1606878327949
02     6.373   -8.204  -11.969 -156.629   51.962 -155.317    1606878327949
01     8.928   -4.399   -9.829   83.884   35.132 -111.919    1606878327975
02     6.367   -8.203  -11.971 -156.693   51.917 -155.362    1606878327975
01     8.929   -4.396   -9.827   83.951   35.093 -111.916    1606878327990
02     6.372   -8.197  -11.972 -156.733   51.948 -155.423    1606878327990
01     8.932   -4.392   -9.821   84.034   35.053 -111.917    1606878328000
02     6.377   -8.186  -11.972 -156.808   51.982 -155.534    1606878328000
01     8.929   -4.389   -9.821   84.129   35.033 -111.812    1606878328026
02     6.377   -8.174  -11.976 -156.988   51.990 -155.727    1606878328026
01     8.931   -4.382   -9.817   84.172   34.968 -111.805    1606878328043
02     6.372   -8.175  -11.973 -157.050   51.962 -155.748    1606878328043
01     8.928   -4.377   -9.819   84.267   34.946 -111.701    1606878328051
02     6.374   -8.166  -11.971 -157.149   52.004 -155.840    1606878328051
01     8.929   -4.371   -9.815   84.304   34.891 -111.675    1606878328077
02     6.376   -8.153  -11.970 -157.236   52.017 -155.986    1606878328077
01     8.931   -4.363   -9.815   84.355   34.834 -111.647    1606878328092
02     6.376   -8.154  -11.967 -157.318   52.036 -156.033    1606878328092
01     8.925   -4.369   -9.814   84.322   34.892 -111.602    1606878328102
02     6.376   -8.146  -11.967 -157.361   52.052 -156.071    1606878328102
01     8.924   -4.365   -9.815   84.339   34.865 -111.554    1606878328128
02     6.364   -8.152  -11.967 -157.465   51.959 -156.081    1606878328128
01     8.927   -4.366   -9.810   84.327   34.901 -111.563    1606878328143
02     6.364   -8.145  -11.969 -157.543   52.005 -156.176    1606878328143
01     8.929   -4.368   -9.804   84.356   34.940 -111.609    1606878328159
02     6.372   -8.138  -11.967 -157.533   52.057 -156.209    1606878328159
01     8.931   -4.366   -9.801   84.380   34.924 -111.604    1606878328175
02     6.371   -8.135  -11.968 -157.529   52.017 -156.220    1606878328175
01     8.925   -4.366   -9.804   84.399   34.918 -111.537    1606878328185
02     6.369   -8.130  -11.970 -157.659   52.025 -156.355    1606878328185
01     8.926   -4.363   -9.803   84.385   34.903 -111.571    1606878328211
02     6.371   -8.125  -11.971 -157.720   52.044 -156.412    1606878328211
01     8.925   -4.360   -9.805   84.408   34.875 -111.554    1606878328226
02     6.366   -8.127  -11.972 -157.777   52.051 -156.407    1606878328226
01     8.924   -4.360   -9.807   84.416   34.876 -111.537    1606878328243
02     6.361   -8.127  -11.976 -157.829   52.048 -156.469    1606878328243
01     8.921   -4.366   -9.808   84.403   34.918 -111.533    1606878328262
02     6.364   -8.129  -11.972 -157.791   52.085 -156.421    1606878328262
01     8.920   -4.365   -9.811   84.441   34.912 -111.508    1606878328278
02     6.366   -8.132  -11.970 -157.759   52.097 -156.395    1606878328278
01     8.922   -4.361   -9.812   84.469   34.889 -111.517    1606878328288
02     6.362   -8.130  -11.976 -157.799   52.071 -156.443    1606878328288
01     8.922   -4.360   -9.814   84.489   34.891 -111.502    1606878328312
02     6.366   -8.129  -11.974 -157.805   52.101 -156.448    1606878328312
01     8.923   -4.361   -9.811   84.467   34.906 -111.518    1606878328328
02     6.363   -8.127  -11.974 -157.866   52.084 -156.491    1606878328328
01     8.922   -4.361   -9.808   84.454   34.892 -111.522    1606878328344
02     6.361   -8.122  -11.975 -157.914   52.076 -156.562    1606878328344
01     8.930   -4.354   -9.797   84.452   34.848 -111.601    1606878328360
02     6.357   -8.126  -11.971 -157.947   52.067 -156.552    1606878328360
01     8.924   -4.351   -9.797   84.512   34.828 -111.551    1606878328365
02     6.360   -8.120  -11.968 -157.951   52.082 -156.603    1606878328365
01     8.922   -4.354   -9.793   84.530   34.829 -111.544    1606878328390
02     6.358   -8.122  -11.964 -157.946   52.057 -156.599    1606878328390
01     8.920   -4.352   -9.791   84.583   34.813 -111.508    1606878328405
02     6.360   -8.121  -11.961 -157.969   52.070 -156.618    1606878328405
01     8.921   -4.351   -9.788   84.617   34.807 -111.505    1606878328415
02     6.367   -8.119  -11.952 -157.941   52.091 -156.600    1606878328415
01     8.920   -4.349   -9.785   84.627   34.783 -111.498    1606878328444
02     6.369   -8.108  -11.949 -157.953   52.099 -156.657    1606878328444
01     8.918   -4.351   -9.780   84.623   34.809 -111.481    1606878328460
02     6.369   -8.106  -11.945 -157.951   52.092 -156.677    1606878328460
01     8.914   -4.360   -9.775   84.624   34.855 -111.431    1606878328466
02     6.366   -8.111  -11.937 -157.936   52.063 -156.661    1606878328466
01     8.909   -4.362   -9.771   84.662   34.851 -111.368    1606878328492
02     6.356   -8.117  -11.932 -157.987   52.025 -156.691    1606878328492
01     8.903   -4.359   -9.771   84.755   34.852 -111.276    1606878328507
02     6.339   -8.121  -11.931 -158.099   51.943 -156.755    1606878328507
01     8.898   -4.358   -9.770   84.849   34.879 -111.191    1606878328517
02     6.345   -8.119  -11.924 -158.092   51.942 -156.772    1606878328517
01     8.895   -4.358   -9.771   84.960   34.886 -111.135    1606878328544
02     6.345   -8.116  -11.925 -158.189   51.907 -156.903    1606878328544
01     8.890   -4.362   -9.771   84.991   34.897 -111.079    1606878328560
02     6.343   -8.115  -11.926 -158.325   51.866 -157.037    1606878328560
01     8.887   -4.365   -9.772   85.093   34.957 -111.008    1606878328568
02     6.335   -8.115  -11.927 -158.558   51.802 -157.200    1606878328568
01     8.881   -4.370   -9.775   85.351   35.104 -110.773    1606878328593
02     6.333   -8.115  -11.925 -158.721   51.774 -157.288    1606878328593
01     8.878   -4.370   -9.773   85.715   35.298 -110.625    1606878328609
02     6.334   -8.113  -11.921 -158.915   51.754 -157.490    1606878328609
01     8.855   -4.380   -9.779   86.097   35.490 -110.334    1606878328619
02     6.335   -8.101  -11.914 -159.512   51.626 -157.998    1606878328619
01     8.798   -4.404   -9.791   87.264   36.091 -109.618    1606878328645
02     6.324   -8.060  -11.878 -161.865   51.239 -159.813    1606878328645
01     8.710   -4.442   -9.795   89.573   36.996 -108.552    1606878328661
02     6.288   -7.888  -11.814 -168.946   50.132 -165.699    1606878328661
01     8.591   -4.496   -9.804   93.270   38.020 -106.808    1606878328670
02     6.267   -7.650  -11.691 -179.922   47.852 -174.181    1606878328670
01     8.455   -4.542   -9.817   97.511   38.655 -104.908    1606878328695
02     6.337   -7.381  -11.419  166.996   43.985  175.798    1606878328695
01     8.307   -4.590   -9.818  102.299   39.139 -103.201    1606878328711
02     6.488   -7.209  -10.893  154.449   37.996  167.611    1606878328711
01     8.078   -4.695   -9.841  109.252   39.878 -100.382    1606878328722
02     6.479   -6.971  -10.343  140.943   26.291  160.813    1606878328722
01     7.794   -4.843   -9.845  119.858   40.464  -95.675    1606878328745
02     6.226   -6.488  -10.113  131.257    8.638  157.896    1606878328745
01     7.408   -4.990   -9.945  132.201   39.080  -88.218    1606878328748
02     6.254   -5.644  -10.098  128.761  -10.396  155.155    1606878328748
01     7.319   -5.063   -9.966  137.653   39.065  -86.515    1606878328773
02     6.059   -5.616  -10.143  126.663  -16.849  156.773    1606878328773
01     7.306   -5.130   -9.949  139.912   39.286  -85.358    1606878328789
02     6.005   -5.646  -10.141  125.547  -19.137  156.750    1606878328789
01     7.280   -5.189   -9.962  141.380   39.112  -83.836    1606878328799
02     5.995   -5.667  -10.144  125.105  -20.029  155.764    1606878328799
01     7.268   -5.246   -9.992  142.547   38.981  -82.094    1606878328825
02     6.003   -5.697  -10.148  124.861  -20.203  154.973    1606878328825
01     7.246   -5.326  -10.029  143.571   39.022  -80.302    1606878328846
02     6.029   -5.734  -10.158  124.758  -20.015  154.596    1606878328846
01     7.218   -5.392  -10.086  145.015   39.135  -78.846    1606878328850
02     6.062   -5.772  -10.180  125.069  -19.781  154.446    1606878328850
01     7.180   -5.472  -10.171  146.807   39.579  -77.514    1606878328876
02     6.086   -5.836  -10.221  125.739  -18.920  154.242    1606878328876
01     7.201   -5.546  -10.261  148.070   40.759  -76.416    1606878328891
02     6.080   -5.925  -10.303  125.892  -17.038  153.496    1606878328891
01     7.349   -5.630  -10.279  147.248   43.170  -76.111    1606878328901
02     6.111   -5.960  -10.427  125.755  -13.177  151.606    1606878328901
01     7.477   -5.706  -10.247  147.480   44.350  -74.393    1606878328926
02     6.109   -5.826  -10.804  127.449   -6.694  150.039    1606878328926
01     7.591   -5.735  -10.190  145.179   45.046  -74.710    1606878328942
02     5.986   -5.604  -11.532  132.031    1.749  149.920    1606878328942
01     7.734   -5.622  -10.108  135.875   44.999  -81.821    1606878328952
02     5.864   -6.103  -11.977  142.598   17.673  156.175    1606878328952
01     7.899   -5.398  -10.013  122.879   42.780  -92.382    1606878328978
02     5.984   -6.634  -12.270  154.486   33.752  163.952    1606878328978
01     8.065   -5.092   -9.933  108.761   36.995 -103.233    1606878328994
02     6.276   -7.509  -12.264  177.286   49.382 -176.351    1606878328994
01     8.250   -4.762   -9.901   98.169   30.041 -110.300    1606878329004
02     6.491   -8.281  -12.126 -157.497   52.987 -153.684    1606878329004
01     8.408   -4.559   -9.928   93.054   26.750 -113.056    1606878329029
02     6.664   -8.879  -11.986 -142.128   50.858 -139.962    1606878329029
01     8.509   -4.534   -9.985   90.255   26.338 -114.063    1606878329045
02     6.793   -9.305  -11.896 -133.625   48.669 -132.358    1606878329045
01     8.625   -4.574  -10.004   87.620   26.685 -115.142    1606878329055
02     6.879   -9.558  -11.866 -128.802   47.411 -128.360    1606878329055
01     8.741   -4.617  -10.007   84.979   26.690 -115.913    1606878329071
02     6.887   -9.660  -11.900 -126.758   47.192 -126.569    1606878329071
01     8.832   -4.664  -10.002   82.702   26.616 -116.279    1606878329080
02     6.887   -9.662  -11.955 -126.086   47.703 -125.710    1606878329080
01     8.890   -4.697   -9.992   81.290   26.534 -116.607    1606878329107
02     6.931   -9.650  -11.984 -125.034   48.295 -124.472    1606878329107
01     8.920   -4.695   -9.995   81.140   26.311 -116.958    1606878329122
02     6.996   -9.633  -12.020 -123.881   48.827 -123.430    1606878329122
01     8.966   -4.681   -9.999   80.890   26.047 -117.613    1606878329132
02     7.043   -9.652  -12.039 -123.008   48.937 -122.417    1606878329132
01     9.025   -4.665  -10.015   80.527   25.798 -117.960    1606878329157
02     7.093   -9.670  -12.031 -122.559   48.800 -121.580    1606878329157
01     9.084   -4.681  -10.025   79.923   25.857 -118.046    1606878329173
02     7.056   -9.692  -12.045 -123.507   47.976 -121.991    1606878329173
01     9.107   -4.700  -10.042   79.681   26.018 -117.735    1606878329183
02     7.044   -9.710  -12.035 -123.879   47.181 -122.082    1606878329183
01     9.099   -4.720  -10.054   79.693   26.252 -117.477    1606878329208
02     7.032   -9.713  -12.047 -124.088   46.798 -122.255    1606878329208
01     9.078   -4.715  -10.073   80.231   26.458 -117.339    1606878329224
02     7.059   -9.717  -12.053 -123.601   46.860 -122.044    1606878329224
01     9.050   -4.697  -10.108   81.175   26.793 -117.067    1606878329234
02     7.089   -9.730  -12.055 -123.323   47.197 -121.919    1606878329234
01     9.023   -4.691  -10.155   82.176   27.573 -116.862    1606878329259
02     7.112   -9.735  -12.072 -123.608   47.654 -122.434    1606878329259
01     8.964   -4.736  -10.210   83.562   29.194 -116.387    1606878329275
02     7.088   -9.708  -12.108 -125.882   48.379 -124.819    1606878329275
01     8.869   -4.835  -10.250   85.916   31.452 -115.518    1606878329285
02     7.009   -9.597  -12.161 -132.319   49.760 -130.801    1606878329285
01     8.682   -5.010  -10.274   92.244   35.160 -112.861    1606878329310
02     6.933   -9.308  -12.141 -151.220   51.811 -146.888    1606878329310
01     8.355   -5.217  -10.317  104.912   38.490 -106.198    1606878329326
02     7.063   -8.905  -11.625  173.798   49.393 -171.944    1606878329326
01     7.912   -5.354  -10.487  121.778   39.147  -95.910    1606878329336
02     7.144   -8.702  -10.563  139.693   38.365  168.819    1606878329336
01     7.396   -5.722  -10.641  138.097   39.213  -82.212    1606878329361
02     6.833   -7.535  -10.659  120.635    2.065  161.138    1606878329361
01     7.446   -5.844  -10.599  147.891   40.519  -77.122    1606878329377
02     6.611   -7.057  -10.719  117.946  -10.199  164.591    1606878329377
01     7.542   -5.909  -10.496  150.282   41.322  -74.951    1606878329387
02     6.527   -6.839  -10.690  116.438  -14.445  165.127    1606878329387
01     7.574   -5.899  -10.451  150.172   40.806  -74.052    1606878329403
02     6.516   -6.701  -10.635  115.721  -16.664  164.661    1606878329403
01     7.564   -5.863  -10.432  150.163   40.033  -73.484    1606878329429
02     6.543   -6.580  -10.589  115.953  -18.388  163.917    1606878329429
01     7.546   -5.838  -10.415  150.910   39.527  -72.753    1606878329439
02     6.585   -6.496  -10.548  117.189  -19.543  162.999    1606878329439
01     7.542   -5.803  -10.398  152.108   39.145  -71.929    1606878329462
02     6.611   -6.454  -10.506  118.370  -20.377  162.441    1606878329462
01     7.538   -5.790  -10.371  153.407   38.747  -70.757    1606878329465
02     6.612   -6.438  -10.457  119.240  -21.263  162.170    1606878329465
01     7.547   -5.788  -10.325  154.017   38.555  -69.823    1606878329491
02     6.590   -6.442  -10.408  119.593  -21.843  161.987    1606878329491
01     7.547   -5.768  -10.291  153.443   37.979  -69.677    1606878329507
02     6.570   -6.424  -10.363  119.670  -22.087  161.425    1606878329507
01     7.510   -5.738  -10.297  152.063   37.322  -69.852    1606878329517
02     6.537   -6.383  -10.343  119.545  -21.470  160.555    1606878329517
01     7.442   -5.692  -10.365  149.814   37.002  -70.438    1606878329543
02     6.517   -6.305  -10.371  119.074  -19.084  159.461    1606878329543
01     7.458   -5.652  -10.448  147.618   38.982  -71.384    1606878329547
02     6.463   -6.067  -10.590  120.331  -13.956  157.758    1606878329547
01     7.592   -5.664  -10.405  145.986   41.953  -71.891    1606878329568
02     6.365   -5.739  -11.000  123.194   -7.418  156.538    1606878329568
01     7.768   -5.604  -10.292  137.788   43.724  -77.646    1606878329594
02     5.748   -5.453  -11.900  131.777    0.750  156.880    1606878329594
01     8.000   -5.364  -10.161  122.109   41.912  -89.195    1606878329609
02     5.541   -6.154  -12.265  147.534   17.856  165.303    1606878329609
01     8.332   -4.915  -10.014  104.104   35.134 -101.983    1606878329619
02     5.729   -7.055  -12.355  167.051   34.790  179.610    1606878329619
01     8.644   -4.542   -9.896   93.500   29.032 -108.768    1606878329645
02     6.094   -7.769  -12.256 -172.052   45.962 -163.508    1606878329645
01     8.829   -4.331   -9.870   88.983   26.074 -111.492    1606878329647
02     6.400   -8.203  -12.164 -156.515   49.598 -149.992    1606878329647
01     8.950   -4.292   -9.858   86.635   25.640 -112.916    1606878329670
02     6.619   -8.477  -12.122 -146.728   50.525 -141.503    1606878329670
01     9.038   -4.304   -9.840   84.866   25.355 -113.792    1606878329695
02     6.749   -8.663  -12.109 -140.618   50.679 -135.831    1606878329695
01     9.104   -4.297   -9.845   83.745   24.896 -113.917    1606878329711
02     6.839   -8.769  -12.105 -137.111   50.761 -132.321    1606878329711
01     9.147   -4.284   -9.870   82.791   24.734 -113.971    1606878329721
02     6.881   -8.843  -12.114 -135.166   50.318 -130.167    1606878329721
01     9.173   -4.291   -9.886   82.087   24.962 -114.152    1606878329746
02     6.951   -8.893  -12.106 -133.063   50.129 -128.085    1606878329746
01     9.182   -4.290   -9.907   81.827   25.087 -114.348    1606878329747
02     7.002   -8.921  -12.121 -132.022   50.088 -127.051    1606878329747
01     9.199   -4.289   -9.924   81.731   25.213 -114.604    1606878329771
02     7.035   -8.943  -12.140 -131.528   50.169 -126.470    1606878329771
01     9.213   -4.303   -9.948   81.678   25.431 -114.670    1606878329787
02     7.054   -8.940  -12.175 -131.719   50.450 -126.716    1606878329787
01     9.217   -4.330   -9.967   81.758   25.808 -114.614    1606878329797
02     7.054   -8.944  -12.203 -132.364   50.661 -127.264    1606878329797
01     9.196   -4.354   -9.979   82.632   26.256 -114.121    1606878329823
02     7.043   -8.939  -12.236 -133.385   50.956 -128.260    1606878329823
01     9.165   -4.360   -9.989   84.074   26.543 -113.350    1606878329838
02     7.062   -8.916  -12.265 -133.876   51.610 -129.038    1606878329838
01     9.125   -4.357  -10.008   85.637   26.836 -112.594    1606878329849
02     7.069   -8.892  -12.298 -135.013   52.247 -130.304    1606878329849
01     9.050   -4.373  -10.043   87.944   27.688 -111.683    1606878329875
02     7.020   -8.764  -12.347 -142.529   53.458 -137.714    1606878329875
01     8.924   -4.431  -10.087   92.266   29.515 -110.033    1606878329890
02     7.002   -8.493  -12.288 -160.774   54.439 -153.631    1606878329890
01     8.638   -4.554  -10.206  102.413   32.675 -105.160    1606878329899
02     7.122   -8.149  -11.814  165.663   50.024 -178.015    1606878329899
01     8.217   -4.750  -10.386  117.423   35.450  -96.343    1606878329926
02     7.169   -7.912  -10.891  134.456   35.468  164.933    1606878329926
01     7.809   -5.007  -10.597  133.620   36.527  -84.428    1606878329942
02     6.608   -7.232  -10.800  114.720    3.365  163.752    1606878329942
01     7.607   -5.320  -10.633  141.785   38.345  -78.923    1606878329952
02     6.574   -6.476  -10.762  116.915  -12.776  165.487    1606878329952
01     7.640   -5.455  -10.584  144.542   39.917  -76.705    1606878329978
02     6.531   -6.201  -10.722  116.489  -18.080  167.148    1606878329978
01     7.676   -5.525  -10.552  145.856   40.489  -75.243    1606878329994
02     6.544   -6.107  -10.676  116.551  -20.219  166.676    1606878329994
01     7.713   -5.560  -10.520  147.054   40.494  -73.989    1606878330004
02     6.581   -6.066  -10.647  117.150  -21.458  165.481    1606878330004
01     7.725   -5.572  -10.511  148.443   39.852  -72.810    1606878330029
02     6.623   -6.048  -10.622  118.275  -22.290  164.148    1606878330029
01     7.724   -5.584  -10.512  149.784   39.336  -71.733    1606878330046
02     6.656   -6.051  -10.607  119.365  -22.752  163.134    1606878330046
01     7.703   -5.598  -10.548  150.662   38.874  -70.889    1606878330056
02     6.671   -6.079  -10.601  119.919  -22.671  162.397    1606878330056
01     7.678   -5.628  -10.599  150.838   39.147  -70.279    1606878330071
02     6.690   -6.110  -10.614  120.348  -21.817  161.480    1606878330071
01     7.658   -5.674  -10.662  149.961   40.132  -70.415    1606878330081
02     6.691   -6.144  -10.661  120.577  -20.054  160.406    1606878330081
01     7.681   -5.712  -10.728  147.824   41.938  -71.461    1606878330107
02     6.680   -6.141  -10.766  120.239  -17.549  158.746    1606878330107
01     7.752   -5.756  -10.794  145.477   44.525  -72.765    1606878330122
02     6.699   -6.055  -10.935  120.870  -12.963  156.977    1606878330122
01     7.944   -5.806  -10.721  144.121   47.430  -73.379    1606878330132
02     6.683   -5.850  -11.251  122.707   -7.070  155.318    1606878330132
01     8.138   -5.768  -10.593  138.101   48.470  -77.629    1606878330158
02     6.254   -5.493  -12.127  128.525    0.064  155.072    1606878330158
01     8.312   -5.613  -10.472  126.664   46.821  -86.260    1606878330173
02     6.051   -6.055  -12.563  141.940   17.319  161.338    1606878330173
01     8.497   -5.353  -10.349  113.397   42.129  -96.165    1606878330183
02     6.240   -6.678  -12.813  156.138   35.058  170.226    1606878330183
01     8.697   -5.020  -10.231  101.892   35.107 -104.027    1606878330209
02     6.672   -7.417  -12.764  175.256   52.415 -173.983    1606878330209
01     8.896   -4.719  -10.135   95.079   29.649 -108.101    1606878330224
02     6.924   -7.962  -12.666 -164.519   58.446 -155.149    1606878330224
01     9.066   -4.522  -10.079   91.071   26.463 -109.981    1606878330234
02     7.065   -8.313  -12.575 -150.660   58.293 -141.798    1606878330234
01     9.203   -4.414  -10.052   88.390   24.945 -110.903    1606878330259
02     7.115   -8.542  -12.505 -143.020   56.208 -134.179    1606878330259
01     9.279   -4.417  -10.014   86.472   24.616 -111.273    1606878330275
02     7.137   -8.691  -12.447 -139.284   54.129 -130.367    1606878330275
01     9.326   -4.402   -9.994   85.345   24.059 -111.267    1606878330285
02     7.147   -8.753  -12.421 -137.653   53.118 -128.730    1606878330285
01     9.374   -4.361   -9.993   84.424   23.629 -111.374    1606878330310
02     7.163   -8.807  -12.398 -135.911   52.596 -126.986    1606878330310
01     9.419   -4.341  -10.011   83.513   23.663 -111.539    1606878330326
02     7.199   -8.845  -12.372 -134.482   52.573 -125.378    1606878330326
01     9.466   -4.375  -10.004   82.484   24.125 -112.070    1606878330335
02     7.206   -8.869  -12.372 -134.036   52.434 -124.851    1606878330335
01     9.482   -4.419  -10.002   81.857   24.625 -112.352    1606878330360
02     7.210   -8.905  -12.348 -133.924   52.182 -124.613    1606878330360
01     9.475   -4.449  -10.003   81.806   24.996 -112.243    1606878330376
02     7.174   -8.919  -12.347 -134.776   51.779 -125.602    1606878330376
01     9.466   -4.452  -10.010   82.049   25.127 -112.030    1606878330386
02     7.148   -8.917  -12.347 -135.517   51.691 -126.444    1606878330386
01     9.460   -4.449  -10.018   82.144   25.248 -111.939    1606878330411
02     7.142   -8.907  -12.344 -135.792   51.774 -126.761    1606878330411
01     9.460   -4.431  -10.038   82.276   25.414 -111.852    1606878330427
02     7.131   -8.901  -12.349 -136.273   51.740 -127.305    1606878330427
01     9.459   -4.425  -10.063   82.277   25.750 -111.788    1606878330437
02     7.124   -8.891  -12.350 -136.787   51.861 -127.920    1606878330437
01     9.446   -4.436  -10.087   82.453   26.476 -111.697    1606878330462
02     7.101   -8.886  -12.338 -138.374   51.896 -129.443    1606878330462
01     9.384   -4.465  -10.130   83.571   27.898 -111.400    1606878330478
02     7.039   -8.774  -12.348 -144.477   52.358 -135.676    1606878330478
01     9.244   -4.542  -10.189   86.767   30.296 -110.349    1606878330488
02     6.979   -8.511  -12.288 -158.218   52.743 -147.829    1606878330488
01     8.948   -4.706  -10.300   95.821   34.747 -106.475    1606878330504
02     7.081   -8.010  -11.874  173.446   49.532 -169.143    1606878330504
01     8.638   -4.885  -10.422  107.837   38.322  -99.684    1606878330514
02     7.311   -7.769  -11.057  144.323   41.402  174.190    1606878330514
01     8.401   -5.072  -10.479  120.306   40.382  -91.114    1606878330540
02     6.906   -7.524  -10.714  115.733   18.404  164.118    1606878330540
01     8.133   -5.275  -10.473  130.646   40.398  -82.235    1606878330550
02     6.866   -6.513  -10.694  108.524   -8.699  163.497    1606878330550
01     8.005   -5.355  -10.410  136.786   39.870  -78.738    1606878330566
02     6.802   -6.071  -10.653  108.360  -17.582  163.898    1606878330566
01     7.837   -5.362  -10.421  140.366   38.406  -77.149    1606878330592
02     6.793   -5.878  -10.579  110.950  -21.323  163.274    1606878330592
01     7.786   -5.364  -10.390  142.819   38.233  -76.392    1606878330608
02     6.762   -5.833  -10.524  113.118  -23.061  162.982    1606878330608
01     7.781   -5.371  -10.341  143.895   38.154  -75.964    1606878330618
02     6.727   -5.835  -10.470  114.281  -24.304  162.870    1606878330618
01     7.788   -5.364  -10.307  144.163   37.842  -75.434    1606878330644
02     6.696   -5.845  -10.418  114.379  -25.084  163.082    1606878330644
01     7.784   -5.339  -10.285  143.788   37.276  -75.125    1606878330650
02     6.682   -5.825  -10.375  114.108  -25.759  163.030    1606878330650
01     7.728   -5.318  -10.319  143.740   36.542  -74.500    1606878330669
02     6.687   -5.788  -10.355  114.371  -25.818  162.281    1606878330669
01     7.645   -5.315  -10.409  144.029   36.442  -73.782    1606878330695
02     6.705   -5.765  -10.382  115.458  -24.627  160.631    1606878330695
01     7.538   -5.356  -10.582  144.137   37.323  -72.441    1606878330711
02     6.708   -5.749  -10.492  116.544  -21.140  158.484    1606878330711
01     7.662   -5.477  -10.628  143.612   41.410  -72.073    1606878330721
02     6.662   -5.578  -10.838  118.479  -14.636  155.917    1606878330721
01     7.825   -5.596  -10.599  143.173   44.499  -71.164    1606878330746
02     6.651   -5.468  -11.193  121.055   -6.399  154.845    1606878330746
01     8.031   -5.601  -10.511  137.593   46.576  -74.728    1606878330751
02     6.205   -5.323  -11.974  128.167    2.132  156.231    1606878330751
01     8.247   -5.460  -10.441  126.108   46.384  -83.148    1606878330772
02     6.083   -6.015  -12.195  142.390   19.993  164.383    1606878330772
01     8.476   -5.242  -10.349  112.031   43.490  -93.814    1606878330788
02     6.014   -6.735  -12.269  159.240   32.366  178.571    1606878330788
01     8.714   -4.965  -10.256   98.737   37.593 -103.368    1606878330798
02     6.058   -7.419  -12.248  177.464   39.566 -165.481    1606878330798
01     8.926   -4.710  -10.188   91.281   32.895 -107.849    1606878330824
02     6.205   -7.851  -12.247 -169.859   44.055 -155.759    1606878330824
01     9.082   -4.568  -10.142   87.256   30.649 -110.134    1606878330840
02     6.386   -8.137  -12.250 -161.313   47.731 -149.599    1606878330840
01     9.187   -4.504  -10.123   84.827   29.572 -111.390    1606878330851
02     6.554   -8.340  -12.260 -155.069   50.140 -145.002    1606878330851
01     9.295   -4.492  -10.101   82.335   28.708 -112.529    1606878330875
02     6.672   -8.486  -12.276 -150.585   51.255 -141.243    1606878330875
01     9.387   -4.519  -10.066   80.036   28.217 -113.297    1606878330890
02     6.758   -8.574  -12.289 -147.541   51.829 -138.374    1606878330890
01     9.438   -4.536  -10.032   78.756   27.781 -113.610    1606878330900
02     6.789   -8.647  -12.291 -145.660   51.652 -136.367    1606878330900
01     9.448   -4.520  -10.025   78.837   27.401 -113.460    1606878330926
02     6.832   -8.700  -12.281 -143.920   51.482 -134.796    1606878330926
01     9.453   -4.489  -10.036   79.093   27.158 -113.300    1606878330941
02     6.877   -8.720  -12.282 -142.461   51.501 -133.691    1606878330941
01     9.464   -4.510  -10.044   78.744   27.277 -113.390    1606878330952
02     6.910   -8.750  -12.288 -141.487   51.595 -132.786    1606878330952
01     9.493   -4.528  -10.049   78.252   27.262 -113.589    1606878330977
02     6.905   -8.794  -12.285 -141.162   51.384 -132.143    1606878330977
01     9.504   -4.557  -10.054   77.813   27.313 -113.664    1606878330993
02     6.904   -8.825  -12.281 -140.940   51.327 -131.702    1606878330993
01     9.518   -4.573  -10.036   77.751   27.352 -113.908    1606878331003
02     6.919   -8.844  -12.272 -140.412   51.202 -131.394    1606878331003
01     9.505   -4.563  -10.044   78.187   27.246 -113.693    1606878331029
02     6.928   -8.869  -12.263 -140.136   51.107 -131.299    1606878331029
01     9.501   -4.550  -10.053   78.453   27.273 -113.703    1606878331044
02     6.942   -8.886  -12.260 -139.739   51.164 -131.139    1606878331044
01     9.498   -4.543  -10.075   78.572   27.467 -113.658    1606878331054
02     6.936   -8.897  -12.272 -139.692   51.092 -131.216    1606878331054
01     9.500   -4.543  -10.095   78.713   27.997 -113.713    1606878331079
02     6.931   -8.871  -12.272 -140.957   51.224 -132.474    1606878331079
01     9.460   -4.580  -10.124   79.860   29.532 -113.216    1606878331095
02     6.892   -8.773  -12.272 -146.519   51.611 -137.441    1606878331095
01     9.343   -4.646  -10.171   82.832   31.835 -112.128    1606878331105
02     6.909   -8.469  -12.184 -160.669   52.553 -149.632    1606878331105
01     8.990   -4.823  -10.306   92.289   36.518 -108.223    1606878331121
02     7.127   -8.080  -11.713  170.316   50.303 -170.521    1606878331121
01     8.557   -5.077  -10.443  107.461   40.934 -100.016    1606878331130
02     7.199   -7.870  -10.990  139.604   39.285  172.049    1606878331130
01     8.173   -5.305  -10.561  125.765   42.422  -87.990    1606878331156
02     6.944   -7.571  -10.597  120.517   20.036  165.471    1606878331156
01     7.837   -5.595  -10.605  139.861   41.558  -76.552    1606878331172
02     6.693   -6.751  -10.722  115.040   -3.332  167.129    1606878331172
01     7.871   -5.725  -10.462  144.544   41.933  -73.417    1606878331182
02     6.612   -6.480  -10.682  112.516  -11.492  168.851    1606878331182
01     7.814   -5.715  -10.433  144.183   40.467  -73.263    1606878331207
02     6.582   -6.294  -10.623  111.367  -15.970  168.865    1606878331207
01     7.788   -5.669  -10.397  143.651   39.746  -73.615    1606878331222
02     6.610   -6.175  -10.545  111.717  -18.314  167.992    1606878331222
01     7.774   -5.617  -10.357  143.826   39.231  -73.836    1606878331233
02     6.623   -6.101  -10.476  112.751  -19.775  167.286    1606878331233
01     7.766   -5.571  -10.307  144.134   38.772  -73.920    1606878331258
02     6.620   -6.029  -10.420  113.729  -21.109  166.786    1606878331258
01     7.749   -5.541  -10.264  144.550   38.223  -73.732    1606878331273
02     6.598   -6.002  -10.361  114.332  -21.876  166.540    1606878331273
01     7.706   -5.518  -10.245  144.756   37.411  -73.313    1606878331284
02     6.573   -5.979  -10.313  114.539  -22.339  166.153    1606878331284
01     7.660   -5.501  -10.233  144.790   36.740  -72.802    1606878331309
02     6.532   -5.962  -10.285  114.458  -22.200  165.574    1606878331309
01     7.597   -5.475  -10.277  144.305   36.257  -72.249    1606878331325
02     6.478   -5.932  -10.308  113.858  -20.983  164.336    1606878331325
01     7.583   -5.450  -10.335  142.708   36.935  -72.233    1606878331335
02     6.530   -5.818  -10.378  113.394  -18.312  161.872    1606878331335
01     7.676   -5.468  -10.320  141.200   39.030  -72.434    1606878331360
02     6.506   -5.588  -10.597  114.480  -13.707  159.839    1606878331360
01     7.795   -5.463  -10.252  137.713   40.440  -74.107    1606878331376
02     6.364   -5.182  -11.095  120.230   -7.398  156.848    1606878331376
01     7.934   -5.355  -10.183  129.617   40.395  -79.373    1606878331386
02     5.811   -5.314  -11.749  130.999    3.791  159.004    1606878331386
01     8.134   -5.131  -10.106  116.466   37.906  -88.533    1606878331412
02     5.645   -5.933  -11.992  145.705   19.454  166.779    1606878331412
01     8.418   -4.821  -10.002  104.273   33.609  -96.972    1606878331428
02     5.674   -6.554  -12.127  160.506   32.294  177.655    1606878331428
01     8.657   -4.571   -9.918   96.622   29.733 -102.057    1606878331438
02     5.862   -7.119  -12.155  174.856   42.164 -171.035    1606878331438
01     8.817   -4.416   -9.884   92.612   27.421 -104.608    1606878331452
02     6.094   -7.566  -12.153 -172.404   47.885 -160.771    1606878331452
01     8.949   -4.356   -9.855   90.186   26.478 -106.241    1606878331464
02     6.326   -7.897  -12.151 -161.394   51.245 -152.129    1606878331464
01     9.027   -4.351   -9.849   88.681   26.057 -107.137    1606878331489
02     6.536   -8.156  -12.151 -154.034   53.069 -145.994    1606878331489
01     9.082   -4.339   -9.859   87.621   25.580 -107.622    1606878331505
02     6.648   -8.325  -12.169 -150.315   53.339 -142.702    1606878331505
01     9.143   -4.318   -9.881   86.740   25.221 -107.876    1606878331514
02     6.676   -8.412  -12.194 -149.024   52.782 -141.284    1606878331514
01     9.196   -4.321   -9.894   85.626   25.212 -108.340    1606878331540
02     6.709   -8.460  -12.209 -147.968   52.508 -140.010    1606878331540
01     9.214   -4.343   -9.910   84.884   25.434 -108.742    1606878331553
02     6.746   -8.523  -12.209 -146.407   52.314 -138.297    1606878331553
01     9.222   -4.353   -9.924   84.648   25.579 -109.153    1606878331566
02     6.771   -8.588  -12.208 -145.197   52.116 -137.010    1606878331566
01     9.227   -4.369   -9.928   84.870   25.874 -109.410    1606878331591
02     6.791   -8.632  -12.224 -144.178   51.921 -136.241    1606878331591
01     9.211   -4.382   -9.954   85.323   26.114 -109.148    1606878331607
02     6.798   -8.675  -12.226 -143.753   51.798 -135.830    1606878331607
01     9.206   -4.387   -9.983   85.544   26.245 -108.891    1606878331617
02     6.786   -8.661  -12.255 -144.448   51.896 -136.595    1606878331617
01     9.214   -4.391  -10.011   85.401   26.383 -108.795    1606878331643
02     6.778   -8.653  -12.267 -145.083   52.046 -137.167    1606878331643
01     9.223   -4.393  -10.038   85.282   26.793 -108.774    1606878331653
02     6.778   -8.629  -12.282 -146.020   52.395 -137.931    1606878331653
01     9.213   -4.421  -10.063   85.628   27.733 -108.588    1606878331669
02     6.793   -8.596  -12.307 -147.034   52.808 -138.941    1606878331669
01     9.187   -4.461  -10.086   86.405   28.739 -108.321    1606878331694
02     6.809   -8.567  -12.321 -148.437   53.187 -140.177    1606878331694
01     9.146   -4.503  -10.104   87.889   29.868 -107.953    1606878331710
02     6.801   -8.516  -12.324 -151.789   53.464 -143.109    1606878331710
01     9.055   -4.561  -10.134   90.590   31.231 -107.046    1606878331720
02     6.761   -8.366  -12.281 -160.901   53.275 -150.859    1606878331720
01     8.860   -4.683  -10.169   97.016   33.739 -104.365    1606878331745
02     6.824   -8.085  -12.030 -179.188   50.898 -164.690    1606878331745
01     8.565   -4.810  -10.262  107.359   35.835  -98.792    1606878331754
02     6.925   -7.684  -11.414  156.581   42.972 -179.234    1606878331754
01     8.259   -4.950  -10.374  118.628   37.047  -91.833    1606878331771
02     6.876   -7.450  -10.770  135.059   30.876  170.685    1606878331771
01     8.008   -5.114  -10.474  131.872   37.581  -82.605    1606878331796
02     6.542   -7.072  -10.599  115.534    9.740  164.797    1606878331796
01     7.830   -5.364  -10.422  139.558   37.961  -77.026    1606878331813
02     6.531   -6.318  -10.683  113.241   -8.469  164.444    1606878331813
01     7.848   -5.451  -10.309  141.876   38.244  -75.409    1606878331823
02     6.543   -6.066  -10.631  112.446  -15.037  164.509    1606878331823
01     7.832   -5.424  -10.225  142.015   36.898  -75.504    1606878331839
02     6.573   -5.914  -10.524  112.320  -18.920  164.456    1606878331839
01     7.777   -5.328  -10.224  142.351   35.161  -75.714    1606878331854
02     6.599   -5.773  -10.450  113.223  -21.904  164.043    1606878331854
01     7.735   -5.265  -10.252  143.556   34.397  -74.925    1606878331874
02     6.633   -5.694  -10.404  114.581  -23.434  163.580    1606878331874
01     7.731   -5.253  -10.256  145.137   34.436  -73.657    1606878331890
02     6.658   -5.666  -10.382  115.653  -24.140  163.221    1606878331890
01     7.729   -5.260  -10.262  146.414   34.461  -72.462    1606878331900
02     6.668   -5.673  -10.374  116.423  -24.429  162.753    1606878331900
01     7.725   -5.273  -10.281  147.135   34.431  -71.537    1606878331926
02     6.678   -5.692  -10.379  117.051  -24.106  161.933    1606878331926
01     7.722   -5.283  -10.321  147.137   34.483  -70.871    1606878331942
02     6.684   -5.703  -10.409  117.381  -23.078  160.907    1606878331942
01     7.698   -5.295  -10.411  146.078   34.890  -70.297    1606878331954
02     6.664   -5.685  -10.498  116.845  -21.070  159.516    1606878331954
01     7.743   -5.303  -10.494  143.061   36.775  -70.951    1606878331978
02     6.724   -5.597  -10.633  115.624  -17.962  157.747    1606878331978
01     7.847   -5.331  -10.548  139.969   39.670  -72.053    1606878331994
02     6.726   -5.439  -10.847  115.457  -13.750  156.834    1606878331994
01     8.008   -5.356  -10.518  134.688   42.311  -75.641    1606878332004
02     6.694   -5.029  -11.338  118.784   -8.233  153.919    1606878332004
01     8.210   -5.275  -10.451  123.975   42.835  -84.304    1606878332029
02     6.216   -5.073  -12.063  126.489    1.796  154.871    1606878332029
01     8.504   -5.066  -10.339  108.725   39.817  -96.542    1606878332045
02     6.057   -5.773  -12.351  140.576   20.128  162.305    1606878332045
01     8.840   -4.749  -10.215   96.082   34.054 -105.887    1606878332055
02     6.056   -6.563  -12.471  157.487   35.038  175.678    1606878332055
01     9.118   -4.494  -10.152   88.356   29.725 -110.369    1606878332071
02     6.206   -7.264  -12.429  175.689   44.778 -168.802    1606878332071
01     9.313   -4.414  -10.107   83.553   28.160 -112.463    1606878332080
02     6.348   -7.734  -12.355 -169.979   47.973 -155.958    1606878332080
01     9.439   -4.422  -10.088   80.490   27.750 -113.529    1606878332106
02     6.453   -8.032  -12.307 -160.699   48.487 -147.750    1606878332106
01     9.548   -4.451  -10.055   78.102   27.412 -114.201    1606878332122
02     6.543   -8.245  -12.274 -154.807   48.673 -142.540    1606878332122
01     9.617   -4.483  -10.041   76.242   27.057 -114.269    1606878332131
02     6.604   -8.366  -12.268 -151.375   48.918 -139.394    1606878332131
01     9.676   -4.492  -10.020   75.011   26.666 -114.278    1606878332157
02     6.656   -8.425  -12.266 -149.254   49.285 -137.556    1606878332157
01     9.699   -4.473  -10.008   74.593   26.386 -114.163    1606878332173
02     6.704   -8.458  -12.277 -147.587   49.775 -136.396    1606878332173
01     9.701   -4.454  -10.002   74.590   26.314 -114.103    1606878332183
02     6.740   -8.468  -12.293 -146.311   50.224 -135.763    1606878332183
01     9.697   -4.453  -10.016   74.559   26.454 -113.987    1606878332208
02     6.777   -8.510  -12.280 -145.166   50.479 -134.669    1606878332208
01     9.692   -4.467  -10.039   74.503   26.776 -113.934    1606878332224
02     6.783   -8.541  -12.286 -144.925   50.487 -134.362    1606878332224
01     9.698   -4.477  -10.061   74.511   27.178 -113.902    1606878332233
02     6.787   -8.577  -12.277 -144.617   50.361 -134.056    1606878332233
01     9.703   -4.501  -10.084   74.488   27.920 -113.891    1606878332259
02     6.786   -8.617  -12.254 -144.531   50.079 -133.916    1606878332259
01     9.701   -4.512  -10.122   74.641   28.713 -113.642    1606878332275
02     6.773   -8.643  -12.241 -144.865   49.751 -134.274    1606878332275
01     9.682   -4.567  -10.148   74.560   29.724 -113.603    1606878332285
02     6.761   -8.680  -12.229 -144.845   49.390 -134.311    1606878332285
01     9.660   -4.605  -10.160   74.950   30.576 -113.558    1606878332310
02     6.774   -8.683  -12.232 -145.182   49.342 -134.769    1606878332310
01     9.617   -4.637  -10.180   76.168   31.669 -113.096    1606878332326
02     6.777   -8.660  -12.240 -146.798   49.618 -136.340    1606878332326
01     9.535   -4.679  -10.213   78.621   33.178 -112.007    1606878332336
02     6.775   -8.564  -12.228 -152.014   50.135 -140.851    1606878332336
01     9.364   -4.762  -10.257   84.197   35.699 -109.309    1606878332362
02     6.844   -8.272  -12.095 -165.193   50.533 -151.591    1606878332362
01     9.087   -4.875  -10.325   94.461   38.607 -103.720    1606878332378
02     7.034   -7.843  -11.614  169.198   46.847 -168.216    1606878332378
01     8.728   -5.002  -10.403  106.756   40.231  -96.481    1606878332387
02     7.064   -7.603  -10.964  142.103   36.637  178.456    1606878332387
01     8.326   -5.124  -10.483  123.730   40.422  -85.998    1606878332412
02     6.725   -7.513  -10.581  117.696   18.951  171.272    1606878332412
01     7.837   -5.360  -10.621  139.284   38.438  -74.446    1606878332428
02     6.650   -6.534  -10.677  111.695   -7.340  169.915    1606878332428
01     7.810   -5.531  -10.529  146.580   38.899  -70.563    1606878332438
02     6.642   -6.232  -10.653  111.229  -15.118  170.824    1606878332438
01     7.814   -5.592  -10.492  147.683   38.495  -69.495    1606878332455
02     6.619   -6.123  -10.618  110.427  -18.127  171.068    1606878332455
01     7.827   -5.588  -10.477  146.820   37.971  -69.693    1606878332464
02     6.636   -6.051  -10.586  109.749  -19.568  170.454    1606878332464
01     7.833   -5.562  -10.474  146.143   37.484  -69.829    1606878332489
02     6.675   -5.987  -10.560  109.535  -20.426  169.457    1606878332489
01     7.822   -5.546  -10.466  146.394   37.159  -69.590    1606878332505
02     6.713   -5.939  -10.541  110.508  -21.112  168.193    1606878332505
01     7.807   -5.528  -10.457  147.037   36.796  -69.338    1606878332515
02     6.715   -5.929  -10.524  111.545  -21.467  167.310    1606878332515
01     7.782   -5.530  -10.458  147.476   36.566  -68.959    1606878332541
02     6.717   -5.924  -10.508  112.453  -21.362  166.616    1606878332541
01     7.763   -5.549  -10.452  147.489   36.634  -68.561    1606878332561
02     6.708   -5.946  -10.494  112.871  -20.621  166.415    1606878332561
01     7.746   -5.556  -10.462  146.921   36.635  -68.436    1606878332566
02     6.684   -5.961  -10.493  112.795  -19.497  166.333    1606878332566
01     7.720   -5.557  -10.501  145.567   36.884  -68.747    1606878332592
02     6.676   -5.921  -10.538  112.567  -17.935  165.814    1606878332592
01     7.706   -5.544  -10.570  144.059   37.528  -69.450    1606878332607
02     6.701   -5.855  -10.612  112.655  -15.667  164.908    1606878332607
01     7.817   -5.566  -10.557  142.458   39.589  -70.519    1606878332617
02     6.659   -5.731  -10.787  113.991  -12.230  163.735    1606878332617
01     7.997   -5.560  -10.457  136.683   41.238  -74.490    1606878332643
02     6.435   -5.351  -11.391  119.262   -7.284  161.015    1606878332643
01     8.195   -5.427  -10.347  125.051   40.219  -83.040    1606878332657
02     5.796   -5.369  -12.257  129.073    2.666  160.520    1606878332657
01     8.458   -5.129  -10.208  110.781   35.321  -93.001    1606878332669
02     5.806   -5.831  -12.664  142.479   21.847  161.878    1606878332669
01     8.701   -4.792  -10.086  101.455   30.002  -99.068    1606878332694
02     6.185   -6.403  -12.735  152.133   41.208  165.878    1606878332694
01     8.885   -4.537  -10.005   96.622   26.576 -101.959    1606878332710
02     6.479   -6.930  -12.632  164.451   52.842  176.431    1606878332710
01     9.022   -4.359   -9.972   93.677   24.729 -103.506    1606878332721
02     6.621   -7.350  -12.557  178.547   56.863 -170.415    1606878332721
01     9.127   -4.282   -9.975   91.187   23.862 -104.229    1606878332746
02     6.700   -7.673  -12.489 -168.315   57.126 -158.207    1606878332746
01     9.241   -4.269   -9.956   88.717   23.572 -104.979    1606878332757
02     6.718   -7.915  -12.445 -159.545   55.482 -149.596    1606878332757
01     9.328   -4.275   -9.959   86.794   23.432 -105.300    1606878332772
02     6.742   -8.075  -12.417 -154.033   54.110 -144.089    1606878332772
01     9.405   -4.271   -9.965   85.407   23.400 -105.669    1606878332788
02     6.784   -8.180  -12.400 -150.914   53.689 -140.826    1606878332788
01     9.459   -4.285   -9.959   84.452   23.669 -106.185    1606878332798
02     6.820   -8.246  -12.407 -149.395   53.746 -139.268    1606878332798
01     9.466   -4.297   -9.977   84.095   23.981 -106.437    1606878332823
02     6.875   -8.305  -12.405 -147.752   54.109 -137.883    1606878332823
01     9.458   -4.318  -10.004   84.013   24.463 -106.604    1606878332839
02     6.908   -8.359  -12.416 -146.430   54.274 -136.869    1606878332839
01     9.463   -4.338  -10.021   83.893   24.922 -106.795    1606878332857
02     6.916   -8.404  -12.428 -145.814   54.155 -136.238    1606878332857
01     9.471   -4.366  -10.028   83.653   25.290 -106.948    1606878332874
02     6.907   -8.439  -12.437 -145.878   54.066 -136.182    1606878332874
01     9.463   -4.386  -10.045   83.644   25.601 -106.821    1606878332890
02     6.909   -8.457  -12.432 -145.910   54.152 -136.265    1606878332890
01     9.459   -4.388  -10.056   83.663   25.902 -106.776    1606878332900
02     6.911   -8.452  -12.441 -146.256   54.261 -136.730    1606878332900
01     9.453   -4.386  -10.075   83.798   26.331 -106.811    1606878332926
02     6.913   -8.455  -12.446 -146.618   54.267 -137.210    1606878332926
01     9.425   -4.400  -10.097   84.335   27.136 -106.788    1606878332941
02     6.905   -8.466  -12.439 -147.473   54.192 -138.190    1606878332941
01     9.361   -4.431  -10.128   85.762   28.342 -106.472    1606878332957
02     6.884   -8.436  -12.426 -150.943   54.133 -141.644    1606878332957
01     9.261   -4.479  -10.175   88.228   29.827 -105.627    1606878332977
02     6.830   -8.327  -12.405 -158.249   53.654 -148.559    1606878332977
01     9.090   -4.575  -10.261   93.150   32.202 -103.484    1606878332993
02     6.805   -8.133  -12.269 -170.752   52.059 -158.417    1606878332993
01     8.893   -4.713  -10.355   99.766   34.710 -100.029    1606878333004
02     6.974   -7.772  -11.767  167.055   47.001 -172.592    1606878333004
01     8.673   -4.886  -10.422  108.794   37.133  -94.534    1606878333029
02     7.036   -7.516  -11.080  143.877   36.866  176.882    1606878333029
01     8.371   -5.051  -10.502  121.657   38.227  -86.156    1606878333046
02     6.717   -7.272  -10.851  123.673   19.833  170.168    1606878333046
01     8.005   -5.273  -10.641  136.982   37.595  -74.672    1606878333058
02     6.423   -6.695  -10.914  108.093   -3.547  169.226    1606878333058
01     7.849   -5.488  -10.669  144.688   37.946  -69.144    1606878333074
02     6.627   -6.271  -10.819  109.989  -13.556  168.222    1606878333074
01     7.849   -5.642  -10.604  147.323   38.456  -66.045    1606878333081
02     6.657   -6.178  -10.734  110.069  -17.282  169.567    1606878333081
01     7.879   -5.694  -10.520  147.211   38.404  -65.339    1606878333106
02     6.668   -6.137  -10.651  109.584  -19.504  170.218    1606878333106
01     7.864   -5.670  -10.489  146.825   37.602  -65.812    1606878333122
02     6.693   -6.076  -10.590  109.614  -21.306  169.759    1606878333122
01     7.826   -5.615  -10.517  147.261   36.821  -66.267    1606878333132
02     6.750   -6.018  -10.553  110.736  -22.369  168.491    1606878333132
01     7.802   -5.606  -10.560  148.832   36.979  -65.767    1606878333158
02     6.805   -6.002  -10.556  112.442  -22.636  167.202    1606878333158
01     7.807   -5.661  -10.574  151.006   37.696  -64.363    1606878333174
02     6.835   -6.047  -10.568  114.190  -22.278  166.158    1606878333174
01     7.848   -5.732  -10.566  152.102   38.468  -63.273    1606878333183
02     6.840   -6.118  -10.584  115.041  -21.401  165.378    1606878333183
01     7.899   -5.773  -10.575  151.447   39.043  -62.964    1606878333208
02     6.837   -6.160  -10.617  114.839  -19.930  164.418    1606878333208
01     7.947   -5.759  -10.614  149.031   39.491  -63.832    1606878333223
02     6.862   -6.111  -10.672  113.714  -17.372  162.856    1606878333223
01     8.078   -5.744  -10.583  146.764   40.986  -64.725    1606878333234
02     6.866   -5.876  -10.859  114.464  -13.381  160.418    1606878333234
01     8.204   -5.709  -10.510  143.244   41.637  -66.463    1606878333259
02     6.819   -5.488  -11.269  118.006   -7.430  157.548    1606878333259
01     8.333   -5.568  -10.445  133.875   41.509  -73.073    1606878333274
02     6.339   -5.396  -11.933  126.746    1.918  158.149    1606878333274
01     8.569   -5.249  -10.368  117.522   39.068  -85.802    1606878333285
02     6.147   -5.904  -12.182  141.265   18.164  164.703    1606878333285
01     8.916   -4.858  -10.267  101.265   33.751  -98.097    1606878333310
02     6.016   -6.545  -12.327  157.240   30.060  177.279    1606878333310
01     9.235   -4.588  -10.212   91.129   29.112 -104.792    1606878333325
02     6.061   -7.173  -12.370  173.209   38.396 -169.447    1606878333325
01     9.475   -4.533  -10.164   84.869   27.336 -108.305    1606878333335
02     6.228   -7.715  -12.351 -171.818   43.946 -157.011    1606878333335
01     9.646   -4.551  -10.145   80.151   26.532 -110.666    1606878333360
02     6.402   -8.114  -12.323 -160.056   46.725 -147.175    1606878333360
01     9.788   -4.572  -10.141   76.374   26.228 -112.248    1606878333376
02     6.551   -8.432  -12.275 -152.522   47.355 -140.222    1606878333376
01     9.896   -4.631  -10.116   73.340   26.664 -113.654    1606878333386
02     6.676   -8.605  -12.260 -147.893   47.960 -136.297    1606878333386
01     9.953   -4.689  -10.092   71.071   26.871 -114.848    1606878333411
02     6.759   -8.714  -12.244 -145.188   48.337 -133.799    1606878333411
01     9.996   -4.712  -10.061   69.789   26.754 -115.893    1606878333427
02     6.808   -8.762  -12.242 -143.787   48.516 -132.487    1606878333427
01    10.010   -4.735  -10.048   69.024   26.769 -116.523    1606878333437
02     6.850   -8.795  -12.227 -142.396   48.446 -131.321    1606878333437
01    10.005   -4.754  -10.046   68.834   26.872 -116.691    1606878333461
02     6.854   -8.845  -12.204 -141.767   47.889 -130.620    1606878333461
01    10.000   -4.747  -10.053   69.242   26.944 -116.505    1606878333477
02     6.832   -8.875  -12.189 -141.851   47.356 -130.670    1606878333477
01     9.998   -4.742  -10.052   69.473   27.106 -116.448    1606878333488
02     6.822   -8.869  -12.187 -142.292   47.235 -131.201    1606878333488
01     9.977   -4.742  -10.079   69.981   27.687 -116.115    1606878333503
02     6.835   -8.875  -12.177 -142.550   47.400 -131.482    1606878333503
01     9.964   -4.727  -10.120   70.719   28.504 -115.919    1606878333529
02     6.874   -8.871  -12.170 -142.646   47.699 -131.757    1606878333529
01     9.928   -4.740  -10.178   71.713   30.192 -115.673    1606878333540
02     6.931   -8.884  -12.156 -142.992   48.123 -132.165    1606878333540
01     9.871   -4.785  -10.229   73.268   32.370 -115.348    1606878333558
02     6.946   -8.857  -12.163 -146.033   48.720 -135.078    1606878333558
01     9.777   -4.859  -10.279   76.191   34.999 -114.109    1606878333565
02     6.929   -8.791  -12.162 -152.711   49.182 -140.651    1606878333565
01     9.643   -4.954  -10.327   80.234   37.271 -112.119    1606878333591
02     6.936   -8.579  -12.122 -163.801   49.493 -149.581    1606878333591
01     9.450   -5.071  -10.378   87.073   39.871 -107.995    1606878333607
02     7.041   -8.182  -11.868  176.742   47.801 -162.817    1606878333607
01     9.178   -5.189  -10.418   98.661   42.486 -100.793    1606878333617
02     7.177   -7.770  -11.316  151.062   41.091 -178.091    1606878333617
01     8.770   -5.302  -10.538  116.213   43.729  -89.045    1606878333643
02     7.206   -7.771  -10.555  124.640   29.423  168.854    1606878333643
01     8.304   -5.500  -10.704  132.646   42.944  -76.107    1606878333659
02     7.473   -6.563  -10.398  116.937   -1.089  161.178    1606878333659
01     8.266   -5.634  -10.632  140.329   43.743  -72.610    1606878333669
02     7.170   -6.218  -10.479  113.147  -14.386  169.548    1606878333669
01     8.276   -5.670  -10.575  142.215   43.457  -71.159    1606878333695
02     6.981   -6.096  -10.460  109.794  -20.530  174.537    1606878333695
01     8.264   -5.651  -10.539  141.876   42.254  -70.598    1606878333710
02     6.923   -6.001  -10.399  107.333  -23.499  176.730    1606878333710
01     8.218   -5.593  -10.563  141.860   40.963  -70.073    1606878333721
02     6.928   -5.909  -10.341  106.505  -24.777  176.906    1606878333721
01     8.205   -5.578  -10.552  142.322   40.677  -69.119    1606878333746
02     6.931   -5.862  -10.308  106.905  -25.135  176.123    1606878333746
01     8.179   -5.578  -10.540  142.911   40.286  -68.112    1606878333759
02     6.923   -5.833  -10.289  107.852  -25.498  174.948    1606878333759
01     8.149   -5.579  -10.534  143.702   39.957  -67.255    1606878333772
02     6.912   -5.822  -10.276  108.890  -25.703  173.872    1606878333772
01     8.120   -5.584  -10.531  144.143   39.748  -66.902    1606878333787
02     6.886   -5.830  -10.271  109.506  -25.584  172.922    1606878333787
01     8.091   -5.586  -10.532  143.998   39.786  -67.049    1606878333797
02     6.870   -5.834  -10.273  109.894  -24.916  171.634    1606878333797
01     8.062   -5.575  -10.563  143.542   40.134  -67.474    1606878333822
02     6.861   -5.825  -10.302  110.192  -23.421  169.632    1606878333822
01     8.042   -5.588  -10.599  142.057   41.112  -68.436    1606878333838
02     6.841   -5.771  -10.398  110.351  -20.990  167.124    1606878333838
01     8.105   -5.589  -10.600  139.727   42.592  -70.633    1606878333860
02     6.899   -5.645  -10.539  111.583  -17.165  164.350    1606878333860
01     8.184   -5.594  -10.583  137.474   43.643  -72.307    1606878333874
02     6.866   -5.474  -10.868  113.762  -12.209  162.604    1606878333874
01     8.320   -5.533  -10.531  130.936   44.339  -77.532    1606878333890
02     6.595   -5.321  -11.458  119.748   -5.418  161.621    1606878333890
01     8.489   -5.401  -10.452  119.670   43.443  -86.891    1606878333900
02     6.221   -5.634  -11.954  130.858    7.312  164.292    1606878333900
01     8.708   -5.186  -10.318  108.278   40.123  -96.158    1606878333925
02     6.016   -6.112  -12.287  143.618   20.578  169.896    1606878333925
01     8.901   -4.928  -10.199  101.163   35.742 -101.734    1606878333941
02     6.056   -6.645  -12.478  154.661   32.805  176.132    1606878333941
01     9.004   -4.756  -10.136   97.529   32.384 -103.787    1606878333960
02     6.235   -7.143  -12.560  165.316   43.008 -176.994    1606878333960
01     9.045   -4.659  -10.109   96.036   30.397 -104.213    1606878333976
02     6.486   -7.509  -12.580  175.530   50.785 -170.141    1606878333976
01     9.029   -4.647  -10.093   96.195   29.683 -103.795    1606878333992
02     6.723   -7.777  -12.574 -175.836   55.862 -163.650    1606878333992
01     9.019   -4.619  -10.074   97.115   29.082 -103.309    1606878334001
02     6.883   -7.993  -12.586 -168.788   58.084 -157.753    1606878334001
01     8.980   -4.630  -10.064   97.999   28.620 -102.415    1606878334027
02     6.998   -8.163  -12.583 -162.569   59.054 -152.179    1606878334027
01     8.962   -4.608  -10.054   98.412   27.625 -101.721    1606878334043
02     7.053   -8.311  -12.572 -157.075   58.983 -146.907    1606878334043
01     8.960   -4.585  -10.035   98.310   26.567 -101.329    1606878334060
02     7.040   -8.420  -12.564 -153.298   58.122 -143.040    1606878334060
01     8.974   -4.536  -10.030   98.194   25.548 -101.180    1606878334078
02     7.040   -8.472  -12.557 -151.154   57.390 -140.991    1606878334078
01     8.966   -4.510  -10.033   98.377   25.158 -101.017    1606878334094
02     7.073   -8.449  -12.572 -150.676   57.876 -140.828    1606878334094
01     8.942   -4.520  -10.026   99.205   25.312 -100.800    1606878334104
02     7.108   -8.449  -12.581 -150.614   58.507 -140.988    1606878334104
01     8.892   -4.550  -10.030  100.555   25.628 -100.218    1606878334129
02     7.126   -8.454  -12.587 -151.040   58.929 -141.517    1606878334129
01     8.840   -4.558  -10.042  102.115   25.625  -99.560    1606878334145
02     7.157   -8.449  -12.593 -151.616   59.362 -142.194    1606878334145
01     8.805   -4.564  -10.051  103.345   25.635  -99.132    1606878334160
02     7.170   -8.442  -12.611 -152.439   59.558 -143.055    1606878334160
01     8.776   -4.575  -10.060  104.374   25.713  -98.833    1606878334175
02     7.177   -8.432  -12.609 -153.784   59.669 -144.251    1606878334175
01     8.736   -4.586  -10.081  106.205   26.014  -98.286    1606878334180
02     7.172   -8.357  -12.595 -159.363   59.709 -149.460    1606878334180
01     8.648   -4.623  -10.131  110.750   27.168  -96.481    1606878334205
02     7.198   -8.172  -12.458 -174.439   58.661 -162.707    1606878334205
01     8.438   -4.730  -10.276  118.459   28.811  -92.442    1606878334221
02     7.274   -7.917  -12.014  161.565   52.641  179.877    1606878334221
01     8.186   -4.895  -10.462  127.035   30.485  -87.088    1606878334231
02     7.317   -7.586  -11.284  139.813   39.395  168.779    1606878334231
01     7.944   -5.130  -10.631  135.612   32.093  -80.539    1606878334260
02     7.139   -7.384  -10.726  124.777   23.650  165.944    1606878334260
01     7.786   -5.448  -10.682  141.867   34.124  -74.300    1606878334276
02     6.980   -6.428  -10.819  117.287   -0.004  166.734    1606878334276
01     7.775   -5.650  -10.638  144.778   36.374  -71.645    1606878334281
02     6.832   -6.270  -10.840  113.709   -6.537  171.060    1606878334281
01     7.817   -5.724  -10.589  144.551   37.828  -71.636    1606878334307
02     6.746   -6.232  -10.813  110.776   -9.998  174.339    1606878334307
01     7.876   -5.737  -10.526  144.081   38.648  -72.137    1606878334322
02     6.726   -6.201  -10.767  108.940  -12.139  175.641    1606878334322
01     7.890   -5.717  -10.486  143.968   38.570  -72.543    1606878334332
02     6.737   -6.153  -10.728  108.658  -13.694  175.257    1606878334332
01     7.872   -5.705  -10.476  144.181   38.306  -72.659    1606878334360
02     6.763   -6.097  -10.708  109.458  -14.841  174.141    1606878334360
01     7.873   -5.677  -10.477  144.629   38.182  -72.855    1606878334376
02     6.788   -6.068  -10.697  110.428  -15.582  173.286    1606878334376
01     7.873   -5.678  -10.477  145.249   38.192  -72.743    1606878334382
02     6.809   -6.062  -10.694  111.206  -16.189  172.538    1606878334382
01     7.885   -5.689  -10.469  145.845   38.287  -72.540    1606878334408
02     6.830   -6.076  -10.687  111.620  -16.458  171.914    1606878334408
01     7.902   -5.704  -10.459  146.239   38.383  -72.378    1606878334423
02     6.850   -6.096  -10.676  111.941  -16.394  171.549    1606878334423
01     7.913   -5.715  -10.455  146.331   38.224  -72.210    1606878334433
02     6.863   -6.106  -10.668  112.266  -16.187  171.111    1606878334433
01     7.897   -5.716  -10.479  146.146   37.813  -71.926    1606878334460
02     6.861   -6.099  -10.678  112.740  -15.731  170.533    1606878334460
01     7.868   -5.716  -10.552  145.572   37.653  -71.379    1606878334476
02     6.857   -6.062  -10.733  113.222  -14.374  169.734    1606878334476
01     7.881   -5.719  -10.656  144.531   38.544  -70.789    1606878334484
02     6.846   -5.991  -10.856  114.096  -11.217  168.193    1606878334484
01     8.001   -5.770  -10.667  143.050   40.739  -70.460    1606878334509
02     6.833   -5.862  -11.078  115.464   -7.145  166.450    1606878334509
01     8.169   -5.780  -10.607  136.847   43.123  -73.726    1606878334525
02     6.545   -5.521  -11.707  120.624   -2.334  164.832    1606878334525
01     8.416   -5.633  -10.520  123.008   42.917  -83.493    1606878334534
02     6.040   -5.862  -12.273  133.875   10.050  167.520    1606878334534
01     8.740   -5.316  -10.421  106.271   38.791  -95.928    1606878334561
02     5.969   -6.560  -12.430  149.768   25.414  175.689    1606878334561
01     9.087   -4.976  -10.321   93.733   33.498 -105.121    1606878334576
02     6.005   -7.279  -12.413  165.287   34.570 -172.296    1606878334576
01     9.342   -4.768  -10.272   86.959   30.382 -109.817    1606878334586
02     6.163   -7.819  -12.351  179.088   39.873 -162.027    1606878334586
01     9.515   -4.700  -10.262   83.050   29.399 -112.412    1606878334612
02     6.355   -8.217  -12.302 -169.789   43.009 -153.524    1606878334612
01     9.634   -4.730  -10.249   80.104   29.384 -114.151    1606878334627
02     6.562   -8.487  -12.297 -160.944   45.634 -147.152    1606878334627
01     9.700   -4.797  -10.218   77.985   29.555 -115.460    1606878334636
02     6.755   -8.687  -12.310 -154.603   48.222 -142.733    1606878334636
01     9.720   -4.812  -10.201   77.622   29.551 -115.788    1606878334662
02     6.912   -8.795  -12.331 -150.913   50.102 -140.328    1606878334662
01     9.705   -4.806  -10.206   77.953   29.415 -115.642    1606878334677
02     6.997   -8.835  -12.368 -149.904   51.344 -140.024    1606878334677
01     9.705   -4.787  -10.204   78.248   29.248 -115.768    1606878334687
02     7.068   -8.812  -12.392 -149.858   52.378 -140.509    1606878334687
01     9.701   -4.767  -10.218   78.573   29.173 -115.771    1606878334712
02     7.078   -8.804  -12.407 -150.898   52.472 -141.196    1606878334712
01     9.689   -4.768  -10.232   78.943   29.531 -115.791    1606878334729
02     7.091   -8.800  -12.409 -151.513   52.448 -141.511    1606878334729
01     9.651   -4.779  -10.267   80.141   30.337 -115.327    1606878334739
02     7.088   -8.796  -12.409 -152.458   52.188 -142.024    1606878334739
01     9.574   -4.830  -10.306   82.324   31.930 -114.223    1606878334761
02     7.070   -8.786  -12.401 -154.545   51.882 -143.398    1606878334761
01     9.469   -4.893  -10.352   85.712   33.721 -112.110    1606878334763
02     7.045   -8.746  -12.388 -158.531   51.630 -146.325    1606878334763
01     9.352   -4.970  -10.390   90.219   35.599 -109.231    1606878334789
02     7.085   -8.539  -12.304 -168.570   51.745 -154.413    1606878334789
01     9.162   -5.086  -10.449   97.496   37.767 -104.225    1606878334805
02     7.148   -8.307  -12.072  173.450   49.779 -166.429    1606878334805
01     8.886   -5.238  -10.531  109.112   39.706  -96.348    1606878334815
02     7.259   -7.963  -11.473  147.605   42.397  177.845    1606878334815
01     8.558   -5.404  -10.627  122.949   40.386  -86.882    1606878334841
02     7.194   -7.626  -10.934  126.746   27.187  168.555    1606878334841
01     8.229   -5.612  -10.729  136.004   39.839  -77.012    1606878334861
02     6.824   -7.092  -10.917  113.666    5.227  168.604    1606878334861
01     8.064   -5.771  -10.755  142.311   40.037  -73.459    1606878334866
02     6.895   -6.627  -10.897  114.930   -4.035  168.568    1606878334866
01     8.003   -5.894  -10.725  145.702   40.298  -71.335    1606878334892
02     6.864   -6.484  -10.865  114.558   -7.997  170.774    1606878334892
01     8.024   -5.934  -10.690  146.508   40.648  -70.480    1606878334907
02     6.835   -6.419  -10.830  112.807  -10.431  172.645    1606878334907
01     8.033   -5.935  -10.688  146.589   40.673  -69.956    1606878334917
02     6.833   -6.365  -10.804  111.031  -12.103  173.845    1606878334917
01     8.049   -5.924  -10.697  147.236   40.788  -69.098    1606878334943
02     6.886   -6.332  -10.771  110.466  -13.067  174.235    1606878334943
01     8.077   -5.935  -10.690  148.078   41.097  -67.788    1606878334962
02     6.915   -6.334  -10.740  110.370  -13.719  174.588    1606878334962
01     8.090   -5.968  -10.667  149.094   41.278  -66.555    1606878334969
02     6.925   -6.348  -10.722  110.795  -14.173  174.243    1606878334969
01     8.108   -5.986  -10.637  149.673   41.276  -65.865    1606878334994
02     6.928   -6.365  -10.706  111.281  -14.446  173.450    1606878334994
01     8.116   -6.001  -10.601  149.714   41.062  -65.548    1606878335010
02     6.920   -6.376  -10.688  111.477  -14.753  172.734    1606878335010
01     8.101   -5.994  -10.581  149.656   40.643  -65.543    1606878335020
02     6.915   -6.368  -10.670  111.767  -15.046  171.902    1606878335020
01     8.052   -5.993  -10.595  149.635   40.151  -65.343    1606878335045
02     6.906   -6.360  -10.662  112.095  -14.952  171.138    1606878335045
01     8.010   -5.992  -10.631  149.519   40.065  -65.089    1606878335062
02     6.895   -6.334  -10.686  112.440  -14.366  170.180    1606878335062
01     7.985   -5.999  -10.706  148.693   40.712  -64.754    1606878335071
02     6.892   -6.292  -10.762  112.473  -12.835  169.041    1606878335071
01     8.065   -6.034  -10.721  147.251   43.073  -64.722    1606878335087
02     6.905   -6.227  -10.866  113.006   -9.690  168.026    1606878335087
01     8.204   -6.048  -10.680  143.781   45.386  -66.352    1606878335096
02     6.904   -6.008  -11.128  115.276   -5.805  166.451    1606878335112
01     8.369   -5.957  -10.631  134.378   46.612  -73.088    1606878335123
02     6.419   -5.851  -11.758  123.158    0.552  166.728    1606878335123
01     8.635   -5.726  -10.531  118.247   45.428  -85.219    1606878335138
02     5.968   -6.234  -12.185  139.653   13.449  171.344    1606878335138
01     8.938   -5.402  -10.398  103.966   41.189  -95.999    1606878335162
02     5.864   -6.657  -12.433  154.151   25.930  177.633    1606878335162
01     9.194   -5.114  -10.255   95.040   36.660 -102.630    1606878335173
02     6.110   -7.057  -12.571  162.428   38.517 -179.038    1606878335173
01     9.335   -4.914  -10.190   90.425   33.265 -105.495    1606878335189
02     6.427   -7.436  -12.521  171.962   48.495 -172.325    1606878335189
01     9.439   -4.797  -10.145   87.809   31.479 -106.869    1606878335200
02     6.606   -7.693  -12.457 -179.770   51.991 -165.418    1606878335200
01     9.510   -4.746  -10.109   85.970   30.440 -107.469    1606878335225
02     6.694   -7.899  -12.401 -172.574   52.712 -159.146    1606878335225
01     9.565   -4.700  -10.080   84.883   29.540 -107.716    1606878335241
02     6.730   -8.067  -12.362 -166.685   51.970 -153.823    1606878335241
01     9.585   -4.707  -10.053   84.188   29.119 -107.641    1606878335250
02     6.765   -8.204  -12.317 -162.333   51.266 -149.734    1606878335250
01     9.582   -4.688  -10.052   84.042   28.633 -107.438    1606878335276
02     6.778   -8.298  -12.300 -159.963   50.648 -147.609    1606878335276
01     9.575   -4.667  -10.061   84.283   28.473 -107.365    1606878335292
02     6.794   -8.370  -12.291 -158.580   50.522 -146.437    1606878335292
01     9.556   -4.662  -10.078   84.675   28.661 -107.261    1606878335301
02     6.799   -8.430  -12.291 -157.866   50.564 -145.863    1606878335301
01     9.540   -4.678  -10.090   85.404   29.271 -107.014    1606878335328
02     6.813   -8.494  -12.276 -157.358   50.629 -145.343    1606878335328
01     9.509   -4.707  -10.111   86.180   29.808 -106.434    1606878335343
02     6.802   -8.503  -12.295 -158.092   50.674 -146.069    1606878335343
01     9.468   -4.736  -10.125   87.410   30.457 -105.531    1606878335353
02     6.806   -8.479  -12.309 -159.446   50.975 -147.326    1606878335353
01     9.405   -4.775  -10.129   89.263   31.111 -104.372    1606878335378
02     6.799   -8.441  -12.320 -161.742   51.226 -149.328    1606878335378
01     9.313   -4.794  -10.140   92.163   31.717 -102.774    1606878335394
02     6.789   -8.370  -12.318 -165.500   51.317 -152.642    1606878335394
01     9.220   -4.805  -10.167   95.227   32.212 -101.321    1606878335404
02     6.804   -8.216  -12.275 -172.194   51.131 -158.411    1606878335404
01     9.121   -4.828  -10.200   98.605   32.819  -99.675    1606878335429
02     6.838   -8.018  -12.141  178.324   49.621 -165.609    1606878335429
01     8.969   -4.893  -10.243  104.605   34.185  -96.576    1606878335445
02     6.940   -7.748  -11.796  164.022   45.963 -175.149    1606878335445
01     8.742   -5.020  -10.279  115.140   35.970  -90.523    1606878335454
02     7.144   -7.529  -11.051  141.713   37.723  171.846    1606878335454
01     8.397   -5.174  -10.363  128.556   35.822  -82.122    1606878335479
02     6.955   -7.190  -10.635  121.545   18.561  164.278    1606878335479
01     8.067   -5.387  -10.425  138.261   34.824  -75.318    1606878335480
02     6.974   -6.269  -10.619  116.537   -4.126  163.941    1606878335480
01     7.955   -5.519  -10.410  143.290   34.684  -72.761    1606878335506
02     6.865   -6.051  -10.624  115.276  -10.697  166.746    1606878335506
01     7.893   -5.580  -10.389  144.841   34.128  -71.758    1606878335522
02     6.756   -5.998  -10.608  114.464  -13.697  169.019    1606878335522
01     7.870   -5.576  -10.391  145.147   33.588  -71.350    1606878335531
02     6.709   -5.971  -10.578  113.692  -15.211  169.887    1606878335531
01     7.879   -5.564  -10.377  145.291   33.433  -70.980    1606878335557
02     6.703   -5.933  -10.552  112.879  -16.284  170.231    1606878335557
01     7.885   -5.559  -10.372  145.780   33.456  -70.458    1606878335579
02     6.719   -5.912  -10.531  112.618  -16.772  170.089    1606878335579
01     7.881   -5.565  -10.369  146.489   33.559  -69.863    1606878335583
02     6.733   -5.898  -10.524  112.869  -17.066  169.745    1606878335583
01     7.886   -5.570  -10.369  146.997   33.809  -69.562    1606878335608
02     6.754   -5.894  -10.518  113.312  -17.061  169.335    1606878335608
01     7.891   -5.579  -10.368  147.209   34.155  -69.465    1606878335624
02     6.765   -5.904  -10.517  113.688  -16.863  168.995    1606878335624
01     7.879   -5.590  -10.393  147.287   34.442  -69.422    1606878335633
02     6.778   -5.907  -10.528  114.174  -16.445  168.532    1606878335633
01     7.848   -5.610  -10.453  147.219   34.826  -69.171    1606878335659
02     6.789   -5.907  -10.564  114.658  -15.549  167.991    1606878335659
01     7.813   -5.645  -10.570  146.738   35.625  -68.735    1606878335679
02     6.793   -5.902  -10.642  114.906  -14.013  167.349    1606878335679
01     7.856   -5.686  -10.674  145.353   37.435  -68.259    1606878335684
02     6.829   -5.894  -10.737  114.762  -11.441  166.609    1606878335684
01     8.061   -5.760  -10.645  142.920   40.850  -68.564    1606878335709
02     6.816   -5.807  -10.914  115.298   -8.169  165.360    1606878335709
01     8.294   -5.749  -10.534  137.109   43.048  -71.978    1606878335725
02     6.662   -5.443  -11.469  120.066   -3.483  163.199    1606878335725
01     8.493   -5.585  -10.449  126.881   42.770  -79.402    1606878335735
02     6.232   -5.670  -12.022  132.009    8.028  165.104    1606878335735
01     8.676   -5.352  -10.366  115.197   39.977  -88.601    1606878335759
02     6.099   -6.191  -12.260  147.221   22.218  172.523    1606878335759
01     8.868   -5.074  -10.277  106.291   36.084  -95.498    1606878335763
02     6.079   -6.737  -12.419  159.788   32.192 -178.387    1606878335779
01     9.053   -4.801  -10.214  100.108   32.378 -100.243    1606878335785
02     6.248   -7.225  -12.476  170.436   40.436 -170.555    1606878335785
01     9.213   -4.607  -10.198   95.890   29.921 -103.146    1606878335811
02     6.491   -7.583  -12.494  179.671   46.810 -164.193    1606878335811
01     9.343   -4.523  -10.224   92.613   28.918 -104.842    1606878335827
02     6.675   -7.865  -12.456 -172.342   50.172 -157.438    1606878335827
01     9.473   -4.533  -10.215   89.570   28.893 -106.289    1606878335836
02     6.780   -8.078  -12.419 -166.850   50.380 -152.243    1606878335836
01     9.566   -4.569  -10.204   86.951   28.958 -107.545    1606878335862
02     6.849   -8.247  -12.394 -162.683   50.090 -148.567    1606878335862
01     9.616   -4.600  -10.202   85.545   29.100 -108.304    1606878335863
02     6.869   -8.384  -12.387 -159.875   49.709 -146.065    1606878335863
01     9.648   -4.619  -10.198   84.923   29.264 -108.760    1606878335887
02     6.914   -8.466  -12.380 -158.072   49.880 -144.608    1606878335887
01     9.666   -4.625  -10.209   84.739   29.458 -108.853    1606878335912
02     6.962   -8.503  -12.386 -156.919   50.314 -143.927    1606878335912
01     9.683   -4.631  -10.222   84.593   29.720 -108.920    1606878335928
02     6.985   -8.550  -12.392 -156.381   50.680 -143.473    1606878335928
01     9.686   -4.647  -10.244   84.425   30.208 -108.875    1606878335938
02     6.993   -8.565  -12.415 -156.391   51.098 -143.636    1606878335938
01     9.679   -4.675  -10.260   84.519   30.903 -108.738    1606878335954
02     6.996   -8.588  -12.435 -156.513   51.496 -143.804    1606878335954
01     9.653   -4.699  -10.273   85.229   31.680 -108.328    1606878335964
02     7.042   -8.571  -12.441 -156.833   52.213 -144.422    1606878335964
01     9.622   -4.714  -10.286   86.194   32.271 -107.932    1606878335990
02     7.060   -8.553  -12.460 -157.693   52.745 -145.443    1606878335990
01     9.587   -4.727  -10.298   87.327   32.868 -107.482    1606878336005
02     7.060   -8.506  -12.461 -160.040   53.055 -147.651    1606878336005
01     9.531   -4.751  -10.326   88.842   33.673 -106.684    1606878336015
02     7.063   -8.398  -12.411 -165.343   53.013 -152.280    1606878336015
01     9.450   -4.802  -10.353   91.760   35.162 -105.099    1606878336041
02     7.100   -8.204  -12.276 -176.025   52.106 -160.557    1606878336041
01     9.256   -4.927  -10.384   98.631   37.718 -101.219    1606878336057
02     7.225   -7.953  -11.943  166.923   49.084 -172.189    1606878336057
01     8.917   -5.099  -10.432  112.505   40.164  -92.573    1606878336066
02     7.332   -7.724  -11.312  142.770   40.196  174.043    1606878336066
01     8.477   -5.300  -10.541  128.935   40.173  -81.354    1606878336092
02     7.194   -7.606  -10.719  121.962   24.780  166.615    1606878336092
01     8.161   -5.605  -10.500  141.664   39.256  -71.414    1606878336108
02     7.128   -6.642  -10.716  113.727   -0.469  165.155    1606878336108
01     8.034   -5.710  -10.450  146.528   37.959  -68.706    1606878336118
02     6.911   -6.352  -10.758  111.766   -9.085  167.930    1606878336118
01     7.988   -5.730  -10.408  147.199   36.952  -68.250    1606878336143
02     6.836   -6.218  -10.739  110.987  -12.356  168.097    1606878336143
01     7.970   -5.723  -10.375  147.000   36.074  -67.946    1606878336159
02     6.805   -6.138  -10.710  110.212  -13.929  167.843    1606878336159
01     7.958   -5.700  -10.352  146.642   35.363  -67.806    1606878336169
02     6.812   -6.074  -10.666  109.550  -14.836  167.563    1606878336169
01     7.945   -5.668  -10.337  146.647   34.806  -67.753    1606878336195
02     6.838   -6.017  -10.624  109.466  -15.391  167.351    1606878336195
01     7.920   -5.636  -10.346  146.853   34.373  -67.705    1606878336211
02     6.852   -5.968  -10.603  109.773  -15.637  167.178    1606878336211
01     7.913   -5.624  -10.360  146.972   34.413  -67.624    1606878336221
02     6.868   -5.947  -10.597  109.989  -15.237  167.117    1606878336221
01     7.902   -5.643  -10.384  146.762   34.807  -67.536    1606878336237
02     6.883   -5.933  -10.612  110.244  -14.455  167.168    1606878336237
01     7.915   -5.679  -10.390  146.120   35.585  -67.746    1606878336262
02     6.889   -5.946  -10.635  110.314  -13.299  167.248    1606878336262
01     7.912   -5.709  -10.406  145.288   36.055  -68.163    1606878336271
02     6.881   -5.962  -10.665  110.436  -12.182  167.150    1606878336271
01     7.917   -5.706  -10.441  144.888   36.488  -68.677    1606878336287
02     6.884   -5.945  -10.703  111.707  -10.651  166.502    1606878336287
01     7.931   -5.700  -10.496  144.946   37.159  -68.661    1606878336297
02     6.884   -5.891  -10.785  113.725   -8.580  165.592    1606878336297
01     8.005   -5.730  -10.485  144.924   38.617  -68.366    1606878336323
02     6.830   -5.771  -10.999  117.116   -5.560  164.265    1606878336323
01     8.117   -5.725  -10.441  142.364   39.938  -69.782    1606878336338
02     6.527   -5.660  -11.583  123.260   -0.270  163.704    1606878336338
01     8.233   -5.655  -10.396  137.783   40.401  -72.702    1606878336348
02     6.277   -5.965  -12.021  132.798   11.082  165.290    1606878336348
01     8.369   -5.509  -10.344  130.638   39.857  -77.382    1606878336373
02     6.230   -6.477  -12.146  144.376   24.250  171.098    1606878336373
01     8.513   -5.308  -10.272  123.368   38.393  -82.406    1606878336389
02     6.239   -6.927  -12.137  154.459   32.139  178.162    1606878336389
