01    13.566   -2.696   -5.585   54.437    7.455 -129.133    1608095979384
02    10.537   -5.120   -8.980 -151.094   78.424 -136.345    1608095979384
01    13.578   -2.690   -5.570   54.483    7.259 -129.204    1608095979400
02    10.549   -5.107   -8.981 -151.409   78.530 -136.672    1608095979400
01    13.581   -2.683   -5.566   54.539    7.141 -129.210    1608095979416
02    10.557   -5.092   -8.986 -151.807   78.619 -137.113    1608095979416
01    13.583   -2.678   -5.560   54.629    7.042 -129.225    1608095979431
02    10.562   -5.080   -8.989 -152.350   78.674 -137.699    1608095979431
01    13.581   -2.678   -5.565   54.604    7.025 -129.117    1608095979446
02    10.567   -5.066   -8.993 -152.782   78.737 -138.211    1608095979446
01    13.585   -2.672   -5.566   54.609    6.999 -129.110    1608095979462
02    10.577   -5.054   -8.997 -153.087   78.844 -138.573    1608095979462
01    13.589   -2.670   -5.560   54.552    6.977 -129.159    1608095979478
02    10.576   -5.054   -8.998 -153.194   78.913 -138.648    1608095979478
01    13.591   -2.667   -5.561   54.552    6.922 -129.127    1608095979494
02    10.576   -5.049   -9.002 -153.166   78.933 -138.646    1608095979494
01    13.595   -2.667   -5.553   54.521    6.866 -129.182    1608095979509
02    10.587   -5.062   -8.984 -152.534   78.998 -138.010    1608095979509
01    13.596   -2.661   -5.557   54.556    6.853 -129.159    1608095979525
02    10.585   -5.061   -8.989 -152.642   78.969 -138.114    1608095979525
01    13.600   -2.656   -5.557   54.568    6.862 -129.155    1608095979540
02    10.585   -5.051   -8.996 -152.836   78.960 -138.337    1608095979540
01    13.606   -2.661   -5.554   54.497    6.869 -129.193    1608095979556
02    10.576   -5.049   -9.007 -153.115   78.909 -138.615    1608095979556
01    13.608   -2.667   -5.558   54.420    6.921 -129.182    1608095979572
02    10.577   -5.054   -9.002 -152.975   78.928 -138.461    1608095979572
01    13.610   -2.676   -5.564   54.309    6.967 -129.145    1608095979587
02    10.574   -5.058   -9.003 -153.087   78.897 -138.535    1608095979587
01    13.612   -2.678   -5.566   54.272    6.994 -129.129    1608095979603
02    10.569   -5.063   -9.006 -153.126   78.844 -138.546    1608095979603
01    13.612   -2.676   -5.571   54.280    7.018 -129.102    1608095979634
02    10.575   -5.067   -9.001 -153.019   78.894 -138.412    1608095979634
01    13.613   -2.680   -5.577   54.249    7.042 -129.106    1608095979650
02    10.579   -5.067   -9.002 -152.799   78.901 -138.206    1608095979650
01    13.621   -2.680   -5.585   54.208    7.101 -129.110    1608095979665
02    10.581   -5.068   -9.007 -152.842   78.909 -138.231    1608095979665
01    13.631   -2.689   -5.579   54.024    7.094 -129.225    1608095979681
02    10.587   -5.067   -9.008 -152.715   78.938 -138.098    1608095979681
01    13.641   -2.695   -5.584   53.874    7.151 -129.243    1608095979697
02    10.591   -5.067   -9.009 -152.580   78.960 -137.941    1608095979697
01    13.650   -2.700   -5.588   53.797    7.205 -129.274    1608095979712
02    10.594   -5.065   -9.013 -152.561   78.968 -137.931    1608095979712
01    13.652   -2.710   -5.591   53.698    7.245 -129.326    1608095979728
02    10.592   -5.067   -9.020 -152.608   78.943 -137.969    1608095979728
01    13.654   -2.708   -5.594   53.720    7.279 -129.333    1608095979744
02    10.596   -5.069   -9.020 -152.362   78.953 -137.734    1608095979744
01    13.659   -2.708   -5.599   53.666    7.269 -129.330    1608095979759
02    10.598   -5.067   -9.022 -152.303   78.956 -137.685    1608095979759
01    13.666   -2.716   -5.603   53.512    7.358 -129.402    1608095979775
02    10.596   -5.072   -9.027 -152.222   78.949 -137.576    1608095979775
01    13.673   -2.729   -5.607   53.331    7.398 -129.459    1608095979790
02    10.597   -5.075   -9.029 -152.049   78.947 -137.382    1608095979790
01    13.680   -2.736   -5.613   53.144    7.443 -129.447    1608095979806
02    10.603   -5.070   -9.032 -151.996   78.985 -137.347    1608095979806
01    13.690   -2.740   -5.608   53.060    7.376 -129.514    1608095979821
02    10.603   -5.075   -9.034 -151.805   78.981 -137.117    1608095979821
01    13.694   -2.740   -5.609   53.011    7.392 -129.533    1608095979837
02    10.605   -5.075   -9.037 -151.517   78.996 -136.833    1608095979837
01    13.700   -2.738   -5.607   52.974    7.379 -129.525    1608095979853
02    10.610   -5.070   -9.040 -151.477   79.040 -136.800    1608095979853
01    13.704   -2.736   -5.612   52.962    7.360 -129.485    1608095979884
02    10.612   -5.075   -9.040 -151.398   79.069 -136.637    1608095979884
01    13.709   -2.743   -5.618   52.849    7.413 -129.466    1608095979900
02    10.619   -5.069   -9.043 -151.288   79.116 -136.551    1608095979900
01    13.721   -2.732   -5.614   52.893    7.359 -129.532    1608095979915
02    10.628   -5.063   -9.046 -151.064   79.177 -136.343    1608095979915
01    13.723   -2.751   -5.615   52.672    7.423 -129.601    1608095979931
02    10.637   -5.068   -9.042 -150.593   79.272 -135.820    1608095979931
01    13.724   -2.760   -5.617   52.586    7.374 -129.618    1608095979946
02    10.637   -5.072   -9.046 -150.371   79.248 -135.582    1608095979946
01    13.729   -2.752   -5.622   52.656    7.368 -129.564    1608095979962
02    10.645   -5.066   -9.047 -150.250   79.303 -135.510    1608095979962
01    13.729   -2.755   -5.626   52.652    7.378 -129.551    1608095979978
02    10.645   -5.068   -9.051 -150.075   79.257 -135.314    1608095979978
01    13.729   -2.763   -5.636   52.586    7.418 -129.522    1608095979993
02    10.645   -5.072   -9.053 -149.817   79.240 -135.034    1608095979993
01    13.732   -2.769   -5.638   52.517    7.427 -129.548    1608095980009
02    10.644   -5.075   -9.060 -149.991   79.216 -135.153    1608095980009
01    13.735   -2.766   -5.638   52.524    7.410 -129.563    1608095980025
02    10.643   -5.079   -9.064 -149.872   79.204 -135.001    1608095980025
01    13.736   -2.772   -5.639   52.452    7.396 -129.567    1608095980040
02    10.645   -5.077   -9.067 -149.986   79.215 -135.121    1608095980040
01    13.740   -2.772   -5.640   52.444    7.405 -129.564    1608095980056
02    10.648   -5.076   -9.066 -149.932   79.217 -135.102    1608095980056
01    13.740   -2.767   -5.643   52.487    7.397 -129.545    1608095980071
02    10.647   -5.072   -9.070 -150.205   79.199 -135.381    1608095980071
01    13.742   -2.765   -5.644   52.516    7.399 -129.521    1608095980087
02    10.647   -5.075   -9.071 -150.234   79.189 -135.386    1608095980087
01    13.745   -2.763   -5.645   52.551    7.416 -129.518    1608095980103
02    10.648   -5.071   -9.072 -150.458   79.178 -135.621    1608095980103
01    13.747   -2.767   -5.642   52.518    7.427 -129.547    1608095980134
02    10.648   -5.074   -9.072 -150.461   79.168 -135.589    1608095980134
01    13.751   -2.766   -5.639   52.525    7.438 -129.572    1608095980150
02    10.646   -5.077   -9.074 -150.505   79.133 -135.614    1608095980150
01    13.752   -2.771   -5.636   52.497    7.426 -129.594    1608095980165
02    10.646   -5.077   -9.077 -150.663   79.126 -135.763    1608095980165
01    13.750   -2.770   -5.641   52.544    7.428 -129.555    1608095980181
02    10.651   -5.075   -9.075 -150.550   79.159 -135.678    1608095980181
01    13.748   -2.771   -5.643   52.567    7.407 -129.535    1608095980196
02    10.652   -5.078   -9.075 -150.556   79.161 -135.664    1608095980196
01    13.747   -2.768   -5.643   52.639    7.391 -129.533    1608095980212
02    10.654   -5.077   -9.076 -150.462   79.164 -135.589    1608095980212
01    13.747   -2.767   -5.644   52.708    7.378 -129.566    1608095980228
02    10.655   -5.080   -9.079 -150.462   79.152 -135.591    1608095980228
01    13.746   -2.768   -5.647   52.757    7.378 -129.556    1608095980243
02    10.657   -5.087   -9.079 -150.380   79.157 -135.503    1608095980243
01    13.745   -2.767   -5.650   52.827    7.389 -129.578    1608095980259
02    10.662   -5.097   -9.076 -150.160   79.156 -135.280    1608095980259
01    13.745   -2.771   -5.656   52.810    7.444 -129.596    1608095980275
02    10.660   -5.106   -9.081 -150.103   79.128 -135.205    1608095980275
01    13.744   -2.778   -5.658   52.791    7.438 -129.633    1608095980290
02    10.652   -5.108   -9.093 -150.277   79.084 -135.371    1608095980290
01    13.749   -2.779   -5.651   52.814    7.403 -129.690    1608095980306
02    10.652   -5.107   -9.095 -150.362   79.061 -135.463    1608095980306
01    13.750   -2.780   -5.650   52.838    7.377 -129.711    1608095980321
02    10.656   -5.114   -9.088 -150.295   79.057 -135.379    1608095980321
01    13.749   -2.783   -5.654   52.819    7.393 -129.700    1608095980337
02    10.654   -5.120   -9.090 -150.380   79.029 -135.439    1608095980337
01    13.748   -2.788   -5.660   52.806    7.423 -129.690    1608095980353
02    10.654   -5.123   -9.093 -150.342   79.011 -135.402    1608095980353
01    13.748   -2.787   -5.663   52.828    7.415 -129.693    1608095980384
02    10.650   -5.120   -9.102 -150.626   78.987 -135.696    1608095980384
01    13.745   -2.795   -5.667   52.815    7.435 -129.692    1608095980400
02    10.648   -5.123   -9.107 -150.756   78.951 -135.829    1608095980400
01    13.745   -2.799   -5.664   52.818    7.437 -129.719    1608095980415
02    10.649   -5.126   -9.106 -150.681   78.936 -135.775    1608095980415
01    13.742   -2.797   -5.666   52.858    7.426 -129.705    1608095980431
02    10.646   -5.129   -9.107 -150.718   78.913 -135.799    1608095980431
01    13.742   -2.791   -5.669   52.923    7.422 -129.691    1608095980446
02    10.643   -5.134   -9.106 -150.773   78.903 -135.832    1608095980446
01    13.744   -2.791   -5.664   52.923    7.404 -129.717    1608095980462
02    10.643   -5.140   -9.101 -150.682   78.910 -135.715    1608095980462
01    13.743   -2.795   -5.664   52.901    7.435 -129.720    1608095980478
02    10.641   -5.137   -9.101 -150.841   78.919 -135.908    1608095980478
01    13.742   -2.794   -5.660   52.922    7.422 -129.722    1608095980493
02    10.639   -5.137   -9.101 -150.871   78.898 -135.948    1608095980493
01    13.739   -2.793   -5.660   52.946    7.427 -129.703    1608095980509
02    10.639   -5.133   -9.102 -151.050   78.885 -136.161    1608095980509
01    13.736   -2.791   -5.663   52.984    7.431 -129.673    1608095980525
02    10.640   -5.132   -9.102 -151.068   78.884 -136.193    1608095980525
01    13.731   -2.794   -5.666   53.002    7.458 -129.657    1608095980540
02    10.638   -5.133   -9.103 -151.091   78.866 -136.222    1608095980540
01    13.728   -2.794   -5.669   53.033    7.483 -129.666    1608095980556
02    10.636   -5.127   -9.107 -151.575   78.866 -136.799    1608095980556
01    13.724   -2.790   -5.673   53.104    7.499 -129.639    1608095980571
02    10.634   -5.130   -9.107 -151.583   78.877 -136.750    1608095980571
01    13.719   -2.795   -5.673   53.083    7.518 -129.653    1608095980587
02    10.633   -5.132   -9.104 -151.335   78.862 -136.495    1608095980587
01    13.717   -2.793   -5.672   53.127    7.509 -129.659    1608095980603
02    10.634   -5.133   -9.103 -151.236   78.861 -136.413    1608095980603
01    13.714   -2.789   -5.677   53.199    7.532 -129.644    1608095980634
02    10.633   -5.134   -9.102 -151.148   78.845 -136.328    1608095980634
01    13.716   -2.782   -5.674   53.300    7.502 -129.704    1608095980650
02    10.632   -5.138   -9.102 -151.001   78.814 -136.134    1608095980650
01    13.717   -2.781   -5.672   53.316    7.484 -129.708    1608095980666
02    10.634   -5.143   -9.101 -150.854   78.819 -135.981    1608095980666
01    13.717   -2.785   -5.676   53.265    7.521 -129.708    1608095980681
02    10.632   -5.145   -9.104 -150.847   78.819 -135.975    1608095980681
01    13.718   -2.792   -5.673   53.198    7.531 -129.764    1608095980696
02    10.633   -5.143   -9.103 -150.839   78.835 -135.996    1608095980696
01    13.718   -2.795   -5.675   53.178    7.557 -129.734    1608095980712
02    10.635   -5.141   -9.101 -150.887   78.866 -136.063    1608095980712
01    13.717   -2.796   -5.684   53.180    7.634 -129.654    1608095980728
02    10.630   -5.143   -9.108 -151.163   78.827 -136.312    1608095980728
01    13.717   -2.801   -5.682   53.155    7.673 -129.710    1608095980743
02    10.630   -5.141   -9.106 -151.125   78.800 -136.295    1608095980743
01    13.719   -2.799   -5.679   53.163    7.620 -129.706    1608095980759
02    10.628   -5.140   -9.108 -151.292   78.772 -136.462    1608095980759
01    13.720   -2.798   -5.677   53.157    7.600 -129.712    1608095980775
02    10.626   -5.137   -9.108 -151.489   78.754 -136.653    1608095980775
01    13.721   -2.798   -5.676   53.138    7.600 -129.679    1608095980790
02    10.624   -5.137   -9.106 -151.687   78.716 -136.817    1608095980790
01    13.722   -2.792   -5.675   53.182    7.578 -129.641    1608095980806
02    10.622   -5.134   -9.105 -152.085   78.696 -137.191    1608095980806
01    13.722   -2.790   -5.676   53.164    7.577 -129.611    1608095980821
02    10.624   -5.130   -9.100 -152.213   78.715 -137.307    1608095980821
01    13.722   -2.790   -5.676   53.135    7.606 -129.598    1608095980837
02    10.617   -5.130   -9.101 -152.637   78.575 -137.633    1608095980837
01    13.723   -2.791   -5.672   53.102    7.614 -129.621    1608095980853
02    10.618   -5.123   -9.097 -152.957   78.617 -138.002    1608095980853
01    13.723   -2.789   -5.670   53.098    7.608 -129.616    1608095980884
02    10.620   -5.120   -9.089 -152.833   78.614 -137.863    1608095980884
01    13.725   -2.783   -5.664   53.124    7.606 -129.628    1608095980899
02    10.618   -5.115   -9.089 -153.186   78.588 -138.207    1608095980899
01    13.719   -2.785   -5.674   53.116    7.644 -129.586    1608095980915
02    10.618   -5.115   -9.086 -153.396   78.548 -138.396    1608095980915
01    13.719   -2.788   -5.677   53.102    7.685 -129.604    1608095980931
02    10.613   -5.120   -9.086 -153.687   78.451 -138.634    1608095980931
01    13.718   -2.783   -5.680   53.131    7.714 -129.624    1608095980946
02    10.616   -5.120   -9.083 -153.953   78.432 -138.905    1608095980946
01    13.720   -2.782   -5.682   53.154    7.778 -129.677    1608095980962
02    10.616   -5.124   -9.083 -154.113   78.379 -139.023    1608095980962
01    13.721   -2.785   -5.680   53.132    7.799 -129.755    1608095980978
02    10.616   -5.124   -9.085 -154.249   78.370 -139.174    1608095980978
01    13.723   -2.781   -5.684   53.195    7.810 -129.767    1608095980993
02    10.618   -5.123   -9.087 -154.548   78.370 -139.482    1608095980993
01    13.725   -2.778   -5.682   53.238    7.775 -129.812    1608095981009
02    10.617   -5.127   -9.089 -154.853   78.344 -139.715    1608095981009
01    13.726   -2.783   -5.682   53.201    7.804 -129.839    1608095981025
02    10.617   -5.128   -9.090 -155.220   78.373 -140.064    1608095981025
01    13.725   -2.784   -5.686   53.201    7.819 -129.815    1608095981040
02    10.613   -5.129   -9.094 -156.014   78.215 -140.808    1608095981040
01    13.725   -2.784   -5.688   53.231    7.821 -129.814    1608095981056
02    10.611   -5.127   -9.095 -156.842   78.189 -141.644    1608095981056
01    13.724   -2.788   -5.688   53.214    7.830 -129.837    1608095981072
02    10.609   -5.126   -9.095 -157.777   78.138 -142.536    1608095981072
01    13.723   -2.788   -5.693   53.253    7.875 -129.871    1608095981087
02    10.610   -5.124   -9.094 -158.573   78.183 -143.355    1608095981087
01    13.722   -2.790   -5.695   53.297    7.906 -129.994    1608095981103
02    10.613   -5.122   -9.093 -159.420   78.223 -144.167    1608095981103
01    13.723   -2.793   -5.693   53.357    7.885 -130.184    1608095981134
02    10.615   -5.125   -9.091 -159.888   78.245 -144.567    1608095981134
01    13.716   -2.806   -5.701   53.385    7.973 -130.271    1608095981149
02    10.617   -5.130   -9.092 -160.578   78.172 -145.159    1608095981149
01    13.714   -2.804   -5.703   53.645    7.953 -130.470    1608095981165
02    10.620   -5.137   -9.096 -161.369   78.115 -145.942    1608095981165
01    13.701   -2.803   -5.702   54.010    7.925 -130.921    1608095981181
02    10.627   -5.134   -9.099 -162.860   78.183 -147.508    1608095981181
01    13.671   -2.796   -5.715   54.724    8.036 -131.277    1608095981196
02    10.640   -5.105   -9.111 -170.449   78.534 -155.102    1608095981196
01    13.627   -2.806   -5.718   55.260    8.073 -131.816    1608095981212
02    10.669   -5.039   -9.135 -179.852   78.928 -164.510    1608095981212
01    13.517   -2.818   -5.693   56.159    7.306 -132.742    1608095981228
02    10.730   -4.877   -9.136  165.078   78.788 -179.558    1608095981228
01    13.312   -2.819   -5.695   58.249    6.520 -133.386    1608095981243
02    10.822   -4.604   -9.057  137.520   75.770  152.733    1608095981243
01    12.984   -2.891   -5.775   61.787    6.547 -134.425    1608095981259
02    10.852   -4.342   -8.755  118.506   66.345  134.375    1608095981259
01    12.570   -3.018   -5.925   68.462    9.030 -135.382    1608095981275
02    10.918   -4.231   -7.827  107.168   51.104  126.243    1608095981275
01    12.186   -3.020   -6.116   78.226   12.767 -135.188    1608095981290
02    10.766   -4.437   -6.850  101.535   30.666  129.640    1608095981290
01    11.898   -2.857   -6.377   87.336   14.399 -133.994    1608095981306
02    10.413   -3.566   -7.189  110.312    3.403  139.614    1608095981306
01    11.749   -2.836   -6.516   92.481   15.020 -135.056    1608095981321
02    10.413   -3.456   -7.243  111.257   -0.873  137.148    1608095981321
01    11.706   -2.869   -6.564   93.544   14.999 -135.466    1608095981337
02    10.414   -3.424   -7.262  112.309   -3.017  136.082    1608095981337
01    11.706   -2.879   -6.608   92.983   14.344 -135.392    1608095981353
02    10.419   -3.386   -7.291  112.230   -4.497  135.409    1608095981353
01    11.728   -2.901   -6.631   92.065   14.164 -135.491    1608095981384
02    10.442   -3.366   -7.310  111.604   -5.103  134.750    1608095981384
01    11.739   -2.914   -6.643   91.593   14.278 -135.708    1608095981400
02    10.461   -3.386   -7.315  111.069   -5.167  134.171    1608095981400
01    11.734   -2.937   -6.646   91.022   14.538 -135.767    1608095981415
02    10.471   -3.392   -7.326  111.154   -5.420  133.866    1608095981415
01    11.725   -2.936   -6.660   90.945   14.738 -135.971    1608095981431
02    10.478   -3.389   -7.334  111.427   -5.223  133.561    1608095981431
01    11.724   -2.970   -6.637   90.717   15.047 -136.403    1608095981447
02    10.491   -3.346   -7.348  111.934   -4.700  133.478    1608095981447
01    11.704   -2.958   -6.648   91.112   14.930 -136.288    1608095981462
02    10.514   -3.333   -7.368  111.360   -3.016  133.269    1608095981462
01    11.679   -2.972   -6.655   91.285   14.837 -136.077    1608095981478
02    10.517   -3.329   -7.420  110.696   -1.391  133.825    1608095981478
01    11.678   -2.949   -6.662   91.485   14.696 -135.791    1608095981494
02    10.519   -3.358   -7.446  110.416    0.806  134.714    1608095981494
01    11.668   -2.945   -6.673   91.056   14.265 -135.573    1608095981509
02    10.497   -3.346   -7.521  111.144    2.938  135.545    1608095981509
01    11.711   -2.877   -6.635   89.731   12.578 -136.132    1608095981525
02    10.391   -3.259   -7.815  114.471    7.966  136.655    1608095981525
01    11.815   -2.772   -6.527   87.040    9.598 -137.187    1608095981540
02    10.067   -3.280   -8.607  120.083   16.479  139.644    1608095981540
01    11.985   -2.638   -6.343   82.428    5.118 -137.848    1608095981556
02     9.794   -3.836   -9.358  130.803   32.594  147.274    1608095981556
01    12.174   -2.512   -6.127   77.729    1.164 -137.079    1608095981572
02     9.859   -4.840   -9.624  145.737   51.566  160.512    1608095981572
01    12.333   -2.426   -6.009   73.765   -1.170 -135.707    1608095981587
02    10.095   -5.796   -9.515  173.384   66.386 -172.236    1608095981587
01    12.442   -2.433   -5.997   70.877   -0.861 -134.577    1608095981603
02    10.258   -6.215   -9.389 -157.335   70.933 -142.893    1608095981603
01    12.498   -2.535   -5.987   68.087    0.360 -133.624    1608095981634
02    10.299   -6.403   -9.318 -141.560   70.830 -126.428    1608095981634
01    12.516   -2.634   -5.938   65.753    0.207 -133.083    1608095981650
02    10.364   -6.532   -9.225 -126.813   68.993 -111.870    1608095981650
01    12.524   -2.655   -5.889   64.744   -0.674 -132.837    1608095981665
02    10.456   -6.602   -9.158 -116.342   67.343 -101.930    1608095981665
01    12.535   -2.663   -5.832   64.233   -1.602 -132.817    1608095981681
02    10.531   -6.655   -9.114 -110.186   66.300  -95.876    1608095981681
01    12.562   -2.633   -5.785   64.132   -2.661 -132.789    1608095981697
02    10.583   -6.696   -9.083 -106.624   65.219  -92.406    1608095981697
01    12.595   -2.627   -5.733   63.856   -3.421 -132.910    1608095981712
02    10.632   -6.730   -9.051 -104.212   64.115  -90.025    1608095981712
01    12.650   -2.582   -5.677   63.868   -4.284 -133.005    1608095981728
02    10.660   -6.770   -9.015 -103.063   62.760  -88.780    1608095981728
01    12.689   -2.563   -5.655   63.700   -4.596 -132.921    1608095981743
02    10.667   -6.802   -8.994 -103.077   61.796  -88.607    1608095981743
01    12.711   -2.556   -5.649   63.667   -4.512 -132.895    1608095981759
02    10.665   -6.819   -8.985 -103.403   61.223  -88.810    1608095981759
01    12.720   -2.557   -5.649   63.747   -4.265 -132.934    1608095981774
02    10.676   -6.811   -8.973 -103.166   61.217  -88.616    1608095981774
01    12.730   -2.548   -5.648   63.878   -4.070 -132.942    1608095981790
02    10.667   -6.798   -8.989 -103.715   61.542  -89.239    1608095981790
01    12.733   -2.560   -5.641   63.849   -3.935 -133.007    1608095981806
02    10.670   -6.763   -8.994 -103.957   62.263  -89.647    1608095981806
01    12.721   -2.563   -5.658   63.943   -3.707 -133.053    1608095981821
02    10.662   -6.658   -9.037 -105.659   64.059  -91.574    1608095981821
01    12.673   -2.593   -5.724   64.520   -2.365 -133.024    1608095981837
02    10.639   -6.384   -9.146 -112.725   69.692  -98.909    1608095981837
01    12.569   -2.683   -5.810   65.553   -0.193 -133.126    1608095981853
02    10.589   -5.756   -9.203 -144.860   78.162 -131.306    1608095981853
01    12.365   -2.856   -5.908   68.522    3.727 -133.281    1608095981884
02    10.521   -5.078   -8.825  139.351   71.980  154.218    1608095981884
01    12.061   -3.003   -6.044   74.493    7.746 -132.877    1608095981899
02    10.593   -4.783   -7.649  113.072   53.672  133.703    1608095981899
01    11.698   -3.106   -6.224   81.774   11.509 -131.793    1608095981915
02    10.407   -4.678   -6.888  104.044   24.801  134.832    1608095981915
01    11.483   -3.258   -6.272   86.552   13.857 -133.069    1608095981931
02    10.145   -3.939   -7.060  112.293    1.314  140.776    1608095981931
01    11.425   -3.073   -6.379   91.751   13.769 -133.528    1608095981946
02    10.090   -3.692   -7.067  114.485   -2.844  140.012    1608095981946
01    11.417   -2.973   -6.419   93.834   13.243 -133.928    1608095981962
02    10.076   -3.574   -7.059  115.190   -4.579  139.304    1608095981962
01    11.430   -2.926   -6.442   94.337   12.781 -134.071    1608095981979
02    10.076   -3.495   -7.070  115.169   -5.871  138.579    1608095981979
01    11.454   -2.910   -6.445   94.158   12.710 -134.369    1608095981994
02    10.105   -3.451   -7.078  115.036   -6.204  137.207    1608095981994
01    11.475   -2.893   -6.464   94.057   12.814 -134.725    1608095982010
02    10.146   -3.422   -7.090  115.264   -5.985  135.779    1608095982010
01    11.496   -2.894   -6.488   93.858   13.299 -134.911    1608095982025
02    10.188   -3.415   -7.105  115.306   -5.333  135.099    1608095982025
01    11.515   -2.913   -6.508   93.615   13.953 -135.190    1608095982041
02    10.222   -3.423   -7.120  115.224   -4.590  135.095    1608095982041
01    11.523   -2.965   -6.514   93.234   14.571 -135.528    1608095982057
02    10.248   -3.409   -7.139  115.374   -3.883  135.520    1608095982057
01    11.524   -2.994   -6.511   93.319   14.739 -135.613    1608095982072
02    10.271   -3.370   -7.190  114.959   -2.965  136.167    1608095982072
01    11.536   -2.963   -6.502   93.882   14.486 -135.587    1608095982088
02    10.319   -3.359   -7.227  114.011   -0.966  136.363    1608095982088
01    11.536   -2.939   -6.504   94.152   14.136 -135.138    1608095982104
02    10.344   -3.324   -7.330  114.014    1.464  136.893    1608095982104
01    11.548   -2.919   -6.494   93.421   13.113 -135.160    1608095982119
02    10.324   -3.237   -7.594  116.596    6.895  137.338    1608095982119
01    11.617   -2.827   -6.408   91.411   10.141 -136.079    1608095982150
02    10.148   -3.258   -8.186  121.135   15.158  139.661    1608095982150
01    11.793   -2.594   -6.201   88.046    4.901 -137.188    1608095982166
02     9.910   -3.656   -8.885  130.192   29.582  146.433    1608095982166
01    12.055   -2.328   -5.956   83.440   -0.476 -137.140    1608095982182
02     9.829   -4.476   -9.222  146.355   47.520  162.077    1608095982182
01    12.268   -2.242   -5.808   78.201   -3.636 -136.010    1608095982197
02     9.868   -5.421   -9.236  174.434   59.584 -170.014    1608095982197
01    12.438   -2.194   -5.787   74.390   -4.138 -134.486    1608095982213
02     9.957   -6.018   -9.149 -158.063   62.091 -143.095    1608095982213
01    12.570   -2.260   -5.821   70.535   -2.931 -132.961    1608095982229
02    10.020   -6.383   -9.067 -142.386   61.379 -126.848    1608095982229
01    12.635   -2.443   -5.801   66.397   -1.904 -132.120    1608095982244
02    10.107   -6.635   -8.979 -130.173   60.243 -114.550    1608095982244
01    12.626   -2.563   -5.784   63.925   -1.401 -131.444    1608095982260
02    10.204   -6.809   -8.904 -120.910   59.270 -105.597    1608095982260
01    12.579   -2.621   -5.787   63.255   -1.006 -130.833    1608095982275
02    10.269   -6.900   -8.865 -115.469   58.802 -100.461    1608095982275
01    12.542   -2.627   -5.777   63.448   -1.050 -130.632    1608095982291
02    10.305   -6.953   -8.832 -112.630   58.460  -97.762    1608095982291
01    12.518   -2.632   -5.768   63.850   -1.173 -130.710    1608095982307
02    10.343   -7.007   -8.787 -110.307   58.035  -95.482    1608095982307
01    12.512   -2.617   -5.774   64.292   -1.197 -130.771    1608095982322
02    10.360   -7.053   -8.773 -109.370   57.642  -94.574    1608095982322
01    12.514   -2.613   -5.781   64.629   -1.039 -130.926    1608095982338
02    10.380   -7.081   -8.761 -108.880   57.383  -94.068    1608095982338
01    12.522   -2.612   -5.792   64.968   -0.754 -131.102    1608095982354
02    10.386   -7.071   -8.777 -109.346   57.760  -94.508    1608095982354
01    12.522   -2.614   -5.822   65.298   -0.227 -131.182    1608095982369
02    10.367   -6.940   -8.865 -112.044   60.116  -97.449    1608095982369
01    12.505   -2.638   -5.867   65.768    0.717 -131.234    1608095982400
02    10.336   -6.724   -8.971 -118.214   64.324 -103.593    1608095982400
01    12.472   -2.683   -5.900   66.484    1.795 -131.365    1608095982416
02    10.308   -6.464   -9.045 -128.494   68.965 -113.471    1608095982416
01    12.419   -2.730   -5.922   67.653    2.750 -131.435    1608095982432
02    10.290   -6.221   -9.092 -142.740   72.423 -127.485    1608095982432
01    12.339   -2.755   -5.946   69.608    3.643 -131.417    1608095982447
02    10.306   -5.905   -9.103 -165.738   75.084 -150.849    1608095982447
01    12.170   -2.839   -6.014   73.100    5.760 -131.211    1608095982463
02    10.351   -5.373   -8.858  148.764   71.796  164.111    1608095982463
01    11.940   -2.971   -6.095   78.902    9.579 -130.503    1608095982479
02    10.463   -4.987   -7.946  116.449   55.229  136.994    1608095982479
01    11.627   -3.120   -6.199   85.694   13.302 -128.530    1608095982494
02    10.297   -4.857   -7.089  103.902   28.203  137.544    1608095982494
01    11.368   -3.257   -6.223   90.020   14.135 -128.748    1608095982510
02     9.977   -4.038   -7.232  111.219    0.896  145.787    1608095982510
01    11.270   -3.014   -6.331   96.157   13.090 -129.295    1608095982525
02     9.974   -3.743   -7.113  112.548   -2.308  142.923    1608095982525
01    11.251   -2.882   -6.392   97.829   12.224 -129.869    1608095982541
02     9.991   -3.543   -7.055  113.802   -3.615  141.649    1608095982541
01    11.294   -2.819   -6.419   97.303   11.974 -130.388    1608095982557
02    10.027   -3.425   -7.045  113.635   -4.173  141.064    1608095982557
01    11.345   -2.834   -6.420   96.161   12.310 -131.033    1608095982572
02    10.069   -3.379   -7.056  113.014   -4.088  140.314    1608095982572
01    11.376   -2.861   -6.431   95.424   12.769 -131.563    1608095982588
02    10.106   -3.373   -7.079  112.655   -3.671  139.451    1608095982588
01    11.400   -2.865   -6.453   95.227   13.280 -131.991    1608095982604
02    10.144   -3.370   -7.103  112.768   -3.090  138.438    1608095982604
01    11.412   -2.889   -6.473   95.053   14.015 -132.395    1608095982619
02    10.172   -3.389   -7.129  112.920   -2.158  137.825    1608095982619
01    11.407   -2.956   -6.485   94.720   14.906 -132.365    1608095982650
02    10.185   -3.366   -7.187  113.418   -1.388  137.803    1608095982650
01    11.395   -2.956   -6.513   95.093   15.082 -132.261    1608095982666
02    10.213   -3.379   -7.224  113.055    0.279  137.572    1608095982666
01    11.395   -2.949   -6.539   95.169   15.224 -131.974    1608095982682
02    10.239   -3.378   -7.270  113.012    2.208  138.244    1608095982682
01    11.401   -2.899   -6.598   95.285   15.256 -131.512    1608095982697
02    10.237   -3.340   -7.401  114.055    5.031  139.339    1608095982697
01    11.463   -2.853   -6.607   93.421   14.293 -132.009    1608095982713
02    10.120   -3.289   -7.797  117.885   11.013  141.280    1608095982713
01    11.601   -2.776   -6.486   89.489   11.046 -133.573    1608095982729
02     9.789   -3.549   -8.593  125.157   21.985  146.313    1608095982729
01    11.828   -2.590   -6.267   83.352    4.382 -134.755    1608095982744
02     9.631   -4.248   -9.096  138.983   39.769  157.221    1608095982744
01    12.126   -2.356   -6.069   77.652   -0.554 -133.970    1608095982760
02     9.629   -5.134   -9.232  160.360   54.724  177.917    1608095982760
01    12.368   -2.285   -6.033   72.958   -1.069 -132.773    1608095982776
02     9.710   -5.754   -9.200 -173.811   60.998 -157.141    1608095982776
01    12.502   -2.441   -6.065   68.277    0.818 -131.808    1608095982791
02     9.763   -6.184   -9.139 -156.447   61.867 -138.624    1608095982791
01    12.562   -2.596   -6.037   64.645    1.334 -131.507    1608095982807
02     9.874   -6.524   -9.047 -139.853   60.876 -122.167    1608095982807
01    12.616   -2.650   -5.972   62.332    0.319 -131.336    1608095982822
02    10.049   -6.707   -8.977 -125.771   60.011 -109.396    1608095982822
01    12.649   -2.707   -5.897   60.441   -1.123 -131.332    1608095982838
02    10.192   -6.805   -8.942 -116.824   59.616 -101.303    1608095982838
01    12.697   -2.680   -5.818   59.860   -2.826 -131.175    1608095982854
02    10.277   -6.834   -8.929 -112.717   59.199  -97.891    1608095982854
01    12.740   -2.650   -5.773   59.460   -3.791 -130.915    1608095982869
02    10.317   -6.804   -8.939 -112.105   59.434  -97.604    1608095982869
01    12.782   -2.629   -5.745   59.138   -4.111 -130.775    1608095982900
02    10.324   -6.790   -8.940 -113.078   59.542  -98.162    1608095982900
01    12.803   -2.618   -5.753   59.062   -3.840 -130.664    1608095982916
02    10.325   -6.768   -8.940 -114.175   59.659  -99.026    1608095982916
01    12.801   -2.618   -5.783   59.447   -2.999 -130.815    1608095982932
02    10.331   -6.702   -8.964 -115.748   60.645 -100.400    1608095982932
01    12.754   -2.640   -5.837   60.500   -1.339 -131.067    1608095982947
02    10.344   -6.615   -9.005 -118.044   62.761 -102.576    1608095982947
01    12.684   -2.669   -5.889   62.019    0.129 -131.474    1608095982963
02    10.369   -6.480   -9.057 -121.562   65.897 -106.345    1608095982963
01    12.603   -2.693   -5.927   63.919    1.283 -131.862    1608095982979
02    10.389   -6.303   -9.115 -129.254   70.188 -114.331    1608095982979
01    12.509   -2.717   -5.956   66.029    2.136 -132.134    1608095982994
02    10.389   -6.039   -9.161 -147.771   74.465 -133.161    1608095982994
01    12.399   -2.750   -5.989   68.570    3.239 -132.021    1608095983010
02    10.353   -5.577   -9.126  178.466   75.384 -166.734    1608095983010
01    12.221   -2.795   -6.051   72.475    4.968 -131.529    1608095983026
02    10.337   -5.011   -8.812  139.373   67.686  155.398    1608095983026
01    11.999   -2.891   -6.120   77.683    7.610 -130.527    1608095983042
02    10.399   -4.658   -8.082  119.989   53.946  140.333    1608095983042
01    11.749   -3.015   -6.159   84.201   10.643 -128.832    1608095983057
02    10.342   -4.560   -7.314  109.102   34.490  138.677    1608095983057
01    11.458   -2.949   -6.309   93.911   12.423 -126.627    1608095983072
02    10.107   -4.105   -7.180  106.859    7.073  144.586    1608095983072
01    11.266   -2.911   -6.383   99.210   12.311 -126.936    1608095983088
02    10.053   -3.724   -7.088  110.575   -1.039  143.991    1608095983088
01    11.198   -2.878   -6.448  100.700   11.849 -127.073    1608095983104
02    10.018   -3.530   -7.078  112.063   -3.782  144.105    1608095983104
01    11.213   -2.860   -6.444  100.146   11.393 -127.679    1608095983119
02    10.026   -3.442   -7.068  111.972   -4.707  143.491    1608095983119
01    11.245   -2.849   -6.422   99.407   11.024 -128.450    1608095983151
02    10.051   -3.376   -7.074  111.881   -5.172  142.420    1608095983151
01    11.270   -2.843   -6.410   98.963   10.753 -129.249    1608095983166
02    10.087   -3.336   -7.082  111.984   -5.275  140.989    1608095983166
01    11.294   -2.815   -6.403   98.989   10.663 -129.977    1608095983182
02    10.122   -3.310   -7.101  112.230   -5.232  139.513    1608095983182
01    11.317   -2.763   -6.432   99.268   10.855 -130.313    1608095983197
02    10.159   -3.269   -7.138  112.716   -4.905  138.146    1608095983197
01    11.357   -2.706   -6.479   99.404   11.645 -130.302    1608095983213
02    10.218   -3.242   -7.156  112.978   -3.681  137.287    1608095983213
01    11.375   -2.745   -6.524   98.833   13.114 -129.738    1608095983229
02    10.249   -3.171   -7.261  112.708   -2.063  137.642    1608095983229
01    11.384   -2.764   -6.575   98.609   14.477 -128.741    1608095983244
02    10.289   -3.133   -7.360  112.784    1.782  138.531    1608095983244
01    11.404   -2.761   -6.618   97.199   14.606 -128.248    1608095983260
02    10.198   -3.058   -7.679  115.848    7.964  140.538    1608095983260
01    11.536   -2.622   -6.560   93.453   11.759 -129.281    1608095983275
02     9.857   -3.185   -8.453  122.466   17.830  144.980    1608095983275
01    11.798   -2.447   -6.353   87.450    7.030 -130.763    1608095983291
02     9.631   -3.897   -9.058  134.605   34.965  154.176    1608095983291
01    12.151   -2.312   -6.076   78.175    0.672 -131.382    1608095983307
02     9.646   -4.852   -9.272  155.057   53.194  172.683    1608095983307
01    12.402   -2.289   -5.990   71.541   -1.181 -130.641    1608095983322
02     9.776   -5.640   -9.210 -173.505   63.406 -156.553    1608095983322
01    12.557   -2.357   -6.008   67.112   -0.060 -129.906    1608095983338
02     9.829   -6.201   -9.101 -149.917   62.953 -132.181    1608095983338
01    12.649   -2.514   -6.014   62.912    1.234 -129.715    1608095983354
02     9.898   -6.558   -8.970 -134.862   60.141 -116.900    1608095983354
01    12.694   -2.656   -5.974   60.109    1.449 -130.161    1608095983369
02    10.001   -6.766   -8.881 -125.372   58.232 -107.730    1608095983369
01    12.719   -2.698   -5.925   59.434    0.568 -130.434    1608095983400
02    10.104   -6.873   -8.845 -119.257   57.571 -102.125    1608095983400
01    12.727   -2.717   -5.881   59.273   -0.299 -130.617    1608095983416
02    10.198   -6.914   -8.829 -115.352   57.537  -98.630    1608095983416
01    12.733   -2.708   -5.843   59.601   -1.134 -130.806    1608095983432
02    10.271   -6.941   -8.814 -113.388   57.441  -96.768    1608095983432
01    12.737   -2.681   -5.824   60.249   -1.636 -130.969    1608095983447
02    10.311   -6.948   -8.815 -113.258   57.445  -96.601    1608095983447
01    12.747   -2.650   -5.823   60.904   -1.800 -131.114    1608095983463
02    10.327   -6.923   -8.838 -114.854   57.988  -98.096    1608095983463
01    12.756   -2.633   -5.842   61.433   -1.555 -131.313    1608095983479
02    10.324   -6.831   -8.898 -117.938   59.559 -101.120    1608095983479
01    12.764   -2.633   -5.866   61.761   -1.110 -131.536    1608095983494
02    10.322   -6.686   -8.972 -122.446   62.407 -105.501    1608095983494
01    12.762   -2.651   -5.877   61.987   -0.852 -131.893    1608095983510
02    10.322   -6.485   -9.050 -129.152   66.099 -112.097    1608095983510
01    12.741   -2.663   -5.889   62.539   -0.647 -132.137    1608095983525
02    10.336   -6.285   -9.114 -137.247   69.495 -119.993    1608095983525
01    12.703   -2.673   -5.900   63.531   -0.285 -132.440    1608095983541
02    10.372   -6.065   -9.169 -148.894   72.952 -131.737    1608095983541
01    12.632   -2.704   -5.925   65.029    0.637 -132.750    1608095983557
02    10.428   -5.684   -9.174 -175.333   75.590 -158.575    1608095983557
01    12.428   -2.832   -5.997   68.010    3.012 -132.847    1608095983572
02    10.479   -5.167   -8.858  138.639   69.448  155.995    1608095983572
01    12.081   -3.010   -6.093   75.669    7.967 -131.924    1608095983588
02    10.583   -4.848   -7.885  113.141   51.735  136.244    1608095983588
01    11.610   -3.220   -6.205   85.262   12.763 -128.988    1608095983604
02    10.352   -4.684   -7.217  104.057   22.809  139.805    1608095983604
01    11.311   -3.239   -6.269   93.365   13.511 -128.195    1608095983619
02    10.119   -3.976   -7.258  110.668    1.699  143.942    1608095983619
01    11.225   -2.930   -6.417   99.212   12.033 -127.935    1608095983650
02    10.062   -3.652   -7.187  111.979   -2.031  143.212    1608095983650
01    11.226   -2.862   -6.453   99.737   11.571 -128.009    1608095983666
02    10.057   -3.504   -7.117  111.739   -3.120  143.147    1608095983666
01    11.237   -2.883   -6.433   98.743   11.254 -128.310    1608095983682
02    10.050   -3.439   -7.090  111.012   -3.982  143.105    1608095983682
01    11.245   -2.886   -6.392   98.330   10.861 -128.908    1608095983697
02    10.053   -3.395   -7.075  110.906   -4.664  142.001    1608095983697
01    11.245   -2.872   -6.361   98.495   10.446 -129.584    1608095983713
02    10.069   -3.357   -7.068  111.387   -5.082  140.255    1608095983713
01    11.249   -2.821   -6.359   99.032   10.151 -130.053    1608095983729
02    10.098   -3.313   -7.071  112.139   -5.191  138.677    1608095983729
01    11.273   -2.738   -6.401   99.512   10.388 -130.262    1608095983744
02    10.145   -3.256   -7.094  112.760   -4.671  137.682    1608095983744
01    11.318   -2.708   -6.460   99.056   11.357 -130.319    1608095983760
02    10.198   -3.230   -7.134  112.656   -3.490  137.376    1608095983760
01    11.362   -2.728   -6.518   98.046   12.649 -130.245    1608095983775
02    10.246   -3.247   -7.170  112.001   -1.869  137.787    1608095983775
01    11.402   -2.779   -6.547   96.943   13.949 -130.342    1608095983791
02    10.284   -3.267   -7.206  111.760    0.070  138.570    1608095983791
01    11.415   -2.845   -6.571   95.998   14.719 -130.206    1608095983807
02    10.287   -3.268   -7.323  112.480    2.714  139.965    1608095983807
01    11.437   -2.839   -6.599   95.012   14.241 -130.488    1608095983822
02    10.216   -3.219   -7.608  115.683    7.614  141.357    1608095983822
01    11.542   -2.720   -6.556   92.409   11.531 -131.790    1608095983838
02     9.939   -3.305   -8.304  121.707   15.980  144.836    1608095983838
01    11.792   -2.481   -6.406   87.719    6.803 -133.322    1608095983854
02     9.640   -3.941   -9.061  134.390   32.623  154.488    1608095983854
01    12.223   -2.269   -6.163   78.814    0.732 -133.892    1608095983869
02     9.592   -4.941   -9.357  153.818   50.197  172.852    1608095983869
01    12.520   -2.320   -6.058   70.164   -1.613 -133.302    1608095983900
02     9.740   -5.854   -9.271 -174.063   61.147 -155.868    1608095983900
01    12.672   -2.448   -6.053   65.098   -0.573 -132.628    1608095983916
02     9.872   -6.424   -9.104 -147.785   61.527 -129.484    1608095983916
01    12.753   -2.570   -6.047   61.597    0.423 -131.985    1608095983932
02     9.942   -6.773   -8.976 -134.088   58.528 -115.616    1608095983932
01    12.800   -2.681   -6.007   58.758    0.129 -131.596    1608095983947
02    10.023   -6.961   -8.887 -125.343   56.243 -107.021    1608095983947
01    12.857   -2.700   -5.939   57.377   -1.395 -131.478    1608095983963
02    10.144   -7.052   -8.823 -117.928   55.071 -100.110    1608095983963
01    12.900   -2.701   -5.901   56.597   -2.270 -131.390    1608095983979
02    10.257   -7.076   -8.799 -113.211   54.837  -95.942    1608095983979
01    12.944   -2.707   -5.871   56.065   -2.653 -131.582    1608095983994
02    10.317   -7.094   -8.790 -111.698   54.756  -94.399    1608095983994
01    12.979   -2.697   -5.850   55.942   -2.836 -131.876    1608095984010
02    10.352   -7.082   -8.790 -112.021   54.987  -94.723    1608095984010
01    12.985   -2.700   -5.866   56.237   -2.520 -132.058    1608095984025
02    10.371   -7.008   -8.831 -113.847   56.288  -96.549    1608095984025
01    12.961   -2.699   -5.916   57.135   -1.494 -132.188    1608095984041
02    10.384   -6.867   -8.917 -116.945   59.227  -99.815    1608095984041
01    12.871   -2.746   -6.001   58.810    0.895 -132.447    1608095984057
02    10.417   -6.537   -9.059 -125.985   66.435 -109.360    1608095984057
01    12.728   -2.817   -6.069   61.649    3.500 -132.739    1608095984072
02    10.435   -6.165   -9.134 -152.060   73.979 -135.250    1608095984072
01    12.524   -2.925   -6.116   65.422    5.919 -132.557    1608095984088
02    10.435   -5.678   -9.077  162.260   73.700  179.230    1608095984088
01    12.236   -3.036   -6.153   71.215    8.499 -131.802    1608095984104
02    10.520   -5.125   -8.480  128.723   64.239  147.508    1608095984104
01    11.857   -3.162   -6.149   81.387   12.509 -129.341    1608095984119
02    10.515   -4.980   -7.502  107.542   42.842  136.186    1608095984119
01    11.464   -3.067   -6.258   93.391   12.781 -126.433    1608095984150
02    10.154   -4.222   -7.549  111.256    9.918  144.155    1608095984150
01    11.255   -2.928   -6.384  100.092   11.779 -126.041    1608095984166
02    10.082   -3.757   -7.420  111.429    2.672  140.952    1608095984166
01    11.192   -2.839   -6.455  101.602   11.394 -126.294    1608095984182
02    10.099   -3.492   -7.306  111.813    1.148  139.103    1608095984182
01    11.196   -2.811   -6.485  100.776   11.582 -126.600    1608095984197
02    10.133   -3.383   -7.235  111.481    1.033  138.839    1608095984197
01    11.223   -2.810   -6.490   99.621   11.922 -126.927    1608095984213
02    10.162   -3.321   -7.207  111.277    1.028  139.065    1608095984213
01    11.257   -2.811   -6.478   98.795   12.226 -127.326    1608095984229
02    10.187   -3.288   -7.198  111.099    1.064  139.146    1608095984229
01    11.282   -2.805   -6.479   98.356   12.437 -127.576    1608095984244
02    10.205   -3.266   -7.204  110.981    1.110  139.176    1608095984244
01    11.302   -2.797   -6.484   98.234   12.794 -127.857    1608095984260
02    10.225   -3.252   -7.216  111.036    1.422  139.116    1608095984260
01    11.312   -2.794   -6.504   98.428   13.542 -127.936    1608095984275
02    10.241   -3.266   -7.223  111.227    2.244  139.274    1608095984275
01    11.318   -2.779   -6.539   98.770   14.355 -127.699    1608095984291
02    10.248   -3.290   -7.239  111.521    3.382  139.959    1608095984291
01    11.328   -2.784   -6.575   98.352   15.047 -127.237    1608095984307
02    10.246   -3.306   -7.264  111.744    4.458  141.235    1608095984307
01    11.352   -2.763   -6.604   96.971   14.546 -127.543    1608095984322
02    10.216   -3.323   -7.319  111.814    5.352  142.188    1608095984322
01    11.411   -2.726   -6.609   94.655   13.478 -128.558    1608095984338
02    10.157   -3.233   -7.493  114.494    7.842  142.795    1608095984338
01    11.523   -2.648   -6.564   91.379   11.338 -130.274    1608095984354
02    10.012   -3.217   -7.870  119.370   14.067  144.595    1608095984354
01    11.771   -2.497   -6.414   86.461    7.946 -132.320    1608095984369
02     9.701   -3.490   -8.594  127.679   24.557  149.734    1608095984369
01    12.068   -2.349   -6.213   80.340    3.985 -133.432    1608095984400
02     9.564   -4.169   -9.108  140.728   39.918  159.688    1608095984400
01    12.310   -2.321   -6.054   73.739    0.589 -133.101    1608095984416
02     9.605   -5.103   -9.331  160.528   54.286  178.210    1608095984416
01    12.505   -2.313   -5.980   69.023   -0.978 -132.310    1608095984432
02     9.822   -5.855   -9.225 -168.501   63.328 -152.186    1608095984432
01    12.624   -2.391   -5.961   65.440   -0.601 -131.633    1608095984447
02     9.963   -6.312   -9.099 -146.479   63.714 -130.016    1608095984447
01    12.685   -2.487   -5.945   62.620   -0.259 -131.128    1608095984463
02    10.032   -6.606   -8.981 -134.658   61.387 -117.768    1608095984463
01    12.707   -2.551   -5.928   61.045   -0.213 -130.865    1608095984479
02    10.082   -6.789   -8.898 -128.070   59.208 -111.251    1608095984479
01    12.707   -2.593   -5.901   60.439   -0.372 -130.818    1608095984494
02    10.137   -6.885   -8.843 -123.848   58.235 -107.282    1608095984494
01    12.696   -2.612   -5.878   60.588   -0.562 -130.977    1608095984510
02    10.175   -6.950   -8.823 -121.371   57.946 -104.794    1608095984510
01    12.687   -2.588   -5.870   61.263   -0.811 -131.115    1608095984525
02    10.223   -6.985   -8.799 -119.029   57.921 -102.725    1608095984525
01    12.669   -2.592   -5.883   61.675   -0.500 -131.295    1608095984541
02    10.250   -6.918   -8.834 -119.372   59.300 -103.302    1608095984541
01    12.634   -2.608   -5.912   62.392    0.427 -131.397    1608095984557
02    10.242   -6.736   -8.927 -124.116   62.747 -108.105    1608095984557
01    12.570   -2.651   -5.957   63.453    2.110 -131.461    1608095984572
02    10.237   -6.338   -9.023 -138.043   68.624 -122.495    1608095984572
01    12.464   -2.723   -6.019   65.311    4.565 -131.274    1608095984588
02    10.241   -5.796   -8.926 -177.868   72.427 -161.806    1608095984588
01    12.262   -2.871   -6.086   68.571    7.474 -130.928    1608095984605
02    10.308   -5.256   -8.361  137.242   64.421  156.291    1608095984605
01    11.915   -3.100   -6.117   73.742   10.637 -129.677    1608095984621
02    10.297   -4.985   -7.394  111.707   43.905  140.524    1608095984621
01    11.600   -2.996   -6.206   84.962   12.393 -126.843    1608095984637
02     9.978   -4.379   -7.145  106.072    7.711  147.787    1608095984637
01    11.392   -2.855   -6.256   92.839   11.487 -126.480    1608095984652
02     9.920   -3.781   -6.969  108.576   -4.023  146.713    1608095984652
01    11.299   -2.776   -6.312   95.510   11.008 -126.400    1608095984684
02     9.916   -3.447   -6.890  110.045   -8.136  145.805    1608095984684
01    11.276   -2.761   -6.334   95.773   11.117 -126.667    1608095984699
02     9.932   -3.315   -6.858  110.211   -9.326  145.319    1608095984699
01    11.275   -2.775   -6.343   95.673   11.412 -127.107    1608095984715
02     9.956   -3.272   -6.854  110.331   -9.691  144.672    1608095984715
01    11.277   -2.781   -6.359   95.988   11.727 -127.540    1608095984730
02     9.981   -3.253   -6.874  110.883   -9.820  143.819    1608095984730
01    11.287   -2.755   -6.402   96.565   12.090 -127.927    1608095984746
02    10.015   -3.228   -6.910  111.472   -9.556  142.966    1608095984746
01    11.315   -2.723   -6.467   96.807   12.865 -128.281    1608095984762
02    10.057   -3.188   -6.977  111.607   -8.803  142.289    1608095984762
01    11.362   -2.724   -6.531   96.375   14.346 -128.361    1608095984777
02    10.138   -3.147   -7.028  111.441   -6.996  141.665    1608095984777
01    11.399   -2.774   -6.563   95.879   15.806 -128.140    1608095984793
02    10.219   -3.138   -7.117  110.888   -4.056  141.551    1608095984793
01    11.408   -2.828   -6.606   95.502   16.712 -127.441    1608095984809
02    10.227   -3.151   -7.295  110.950   -0.230  142.530    1608095984809
01    11.438   -2.822   -6.630   94.106   15.841 -127.651    1608095984824
02    10.146   -3.140   -7.612  114.008    6.041  143.568    1608095984824
01    11.540   -2.720   -6.589   91.038   12.805 -129.014    1608095984840
02     9.916   -3.267   -8.157  119.932   15.086  146.782    1608095984840
01    11.720   -2.567   -6.494   86.791    8.987 -130.439    1608095984855
02     9.642   -3.836   -8.818  129.842   28.897  153.830    1608095984855
01    12.056   -2.401   -6.345   80.041    4.757 -131.491    1608095984871
02     9.539   -4.724   -9.158  144.937   44.825  167.584    1608095984871
01    12.342   -2.392   -6.279   73.322    3.160 -131.713    1608095984887
02     9.580   -5.554   -9.188  167.624   56.337 -170.846    1608095984887
01    12.477   -2.526   -6.282   68.607    4.433 -131.460    1608095984902
02     9.643   -6.048   -9.132 -172.076   59.913 -150.892    1608095984902
01    12.529   -2.675   -6.261   65.414    5.531 -131.234    1608095984934
02     9.685   -6.324   -9.104 -160.387   60.275 -139.224    1608095984934
01    12.552   -2.740   -6.227   63.875    5.393 -130.926    1608095984949
02     9.783   -6.544   -9.060 -148.487   60.328 -127.925    1608095984949
01    12.571   -2.753   -6.193   63.206    4.589 -130.715    1608095984965
02     9.946   -6.685   -9.030 -137.237   60.847 -117.859    1608095984965
01    12.608   -2.740   -6.148   62.634    3.395 -130.839    1608095984980
02    10.103   -6.778   -8.997 -128.297   61.149 -109.854    1608095984980
01    12.669   -2.707   -6.101   61.985    2.070 -131.093    1608095984996
02    10.204   -6.842   -8.977 -123.628   61.010 -105.605    1608095984996
01    12.743   -2.681   -6.062   61.108    1.128 -131.355    1608095985012
02    10.255   -6.863   -8.974 -122.282   60.787 -104.589    1608095985012
01    12.811   -2.679   -6.037   60.264    0.756 -131.646    1608095985027
02    10.271   -6.843   -8.975 -123.169   60.935 -105.558    1608095985027
01    12.844   -2.677   -6.040   59.911    1.005 -131.749    1608095985043
02    10.246   -6.750   -9.010 -126.674   61.549 -109.261    1608095985043
01    12.813   -2.710   -6.067   60.277    2.203 -131.690    1608095985059
02    10.200   -6.511   -9.073 -136.094   64.310 -118.770    1608095985059
01    12.687   -2.788   -6.128   61.734    4.269 -131.279    1608095985074
02    10.183   -6.053   -9.057 -160.089   68.621 -142.486    1608095985074
01    12.501   -2.867   -6.179   64.786    6.486 -130.725    1608095985090
02    10.183   -5.535   -8.827  161.884   66.939 -178.852    1608095985090
01    12.327   -2.867   -6.218   68.852    7.936 -129.991    1608095985105
02    10.212   -4.915   -8.211  134.428   57.183  157.366    1608095985105
01    12.140   -2.914   -6.238   72.613    9.387 -129.324    1608095985121
02    10.154   -4.443   -7.563  117.132   38.341  147.318    1608095985121
01    11.826   -3.022   -6.276   78.603   11.695 -128.073    1608095985137
02    10.063   -4.017   -7.192  106.408   12.917  146.398    1608095985137
01    11.550   -3.121   -6.281   85.330   13.947 -127.116    1608095985152
02     9.975   -3.618   -7.057  106.837   -0.892  148.079    1608095985152
01    11.395   -2.963   -6.360   91.972   13.497 -125.838    1608095985184
02     9.925   -3.452   -6.982  108.753   -5.325  148.011    1608095985184
01    11.312   -2.883   -6.406   94.754   13.101 -125.134    1608095985199
02     9.919   -3.313   -6.980  110.560   -7.065  146.427    1608095985199
01    11.273   -2.813   -6.466   96.615   13.288 -124.705    1608095985215
02     9.941   -3.318   -6.975  111.233   -6.627  145.645    1608095985215
01    11.266   -2.796   -6.511   96.905   13.910 -124.903    1608095985230
02     9.966   -3.324   -6.996  111.623   -6.024  145.093    1608095985230
01    11.286   -2.780   -6.546   96.526   14.232 -125.583    1608095985246
02    10.001   -3.314   -7.031  111.855   -5.390  144.451    1608095985246
01    11.323   -2.766   -6.568   95.771   14.426 -126.443    1608095985262
02    10.051   -3.289   -7.055  111.909   -4.678  143.835    1608095985262
01    11.374   -2.741   -6.580   94.829   14.520 -127.292    1608095985277
02    10.103   -3.251   -7.077  111.668   -3.933  143.527    1608095985277
01    11.429   -2.746   -6.580   93.555   14.714 -128.291    1608095985293
02    10.164   -3.190   -7.112  111.598   -2.696  143.389    1608095985293
01    11.466   -2.759   -6.580   92.582   14.481 -128.697    1608095985309
02    10.200   -3.148   -7.215  111.741   -0.634  143.972    1608095985309
01    11.490   -2.753   -6.596   91.913   13.850 -128.887    1608095985324
02    10.194   -3.106   -7.411  113.247    3.298  144.452    1608095985324
01    11.573   -2.675   -6.557   89.432   10.949 -130.208    1608095985340
02    10.058   -3.110   -7.808  117.577   10.233  146.223    1608095985340
01    11.771   -2.488   -6.424   85.951    6.921 -131.621    1608095985355
02     9.702   -3.387   -8.578  125.623   20.931  151.542    1608095985355
01    12.101   -2.262   -6.225   80.319    2.220 -132.331    1608095985371
02     9.521   -4.137   -9.058  139.707   37.796  163.012    1608095985371
01    12.386   -2.190   -6.123   73.982   -0.410 -131.876    1608095985387
02     9.480   -5.100   -9.216  159.506   51.251 -178.281    1608095985387
01    12.567   -2.253   -6.146   69.068    0.139 -131.227    1608095985402
02     9.567   -5.801   -9.128 -176.384   57.773 -155.541    1608095985402
01    12.651   -2.418   -6.189   65.264    2.011 -130.814    1608095985434
02     9.595   -6.179   -9.047 -162.579   57.990 -141.553    1608095985434
01    12.649   -2.579   -6.211   62.947    3.694 -130.441    1608095985449
02     9.591   -6.373   -9.004 -155.538   57.480 -134.230    1608095985449
01    12.606   -2.657   -6.226   62.273    4.637 -130.097    1608095985465
02     9.632   -6.463   -8.993 -150.920   58.160 -130.112    1608095985465
01    12.567   -2.696   -6.218   62.200    4.862 -129.998    1608095985480
02     9.706   -6.530   -8.982 -146.291   59.256 -126.191    1608095985480
01    12.535   -2.717   -6.189   62.389    4.639 -130.110    1608095985496
02     9.797   -6.550   -8.965 -142.469   60.451 -123.184    1608095985496
01    12.504   -2.715   -6.168   62.969    4.344 -130.239    1608095985512
02     9.862   -6.468   -8.996 -142.646   61.792 -124.179    1608095985512
01    12.444   -2.717   -6.203   64.155    5.058 -129.996    1608095985527
02     9.919   -6.201   -9.037 -152.053   65.154 -133.650    1608095985527
01    12.347   -2.769   -6.245   66.005    6.649 -129.829    1608095985543
02     9.966   -5.781   -8.973 -175.513   67.357 -156.470    1608095985543
01    12.211   -2.849   -6.294   68.775    8.621 -129.363    1608095985559
02    10.071   -5.263   -8.613  153.644   64.205  174.363    1608095985559
01    11.991   -2.985   -6.318   73.141   11.211 -128.319    1608095985574
02    10.187   -4.904   -7.954  126.035   52.597  152.689    1608095985574
01    11.610   -3.129   -6.378   82.320   14.680 -125.570    1608095985590
02    10.103   -4.473   -7.451  110.864   28.439  147.108    1608095985590
01    11.361   -3.141   -6.431   90.086   15.764 -123.906    1608095985605
02     9.966   -3.825   -7.451  110.421    9.552  147.933    1608095985605
01    11.259   -2.990   -6.511   95.583   15.018 -123.565    1608095985621
02     9.953   -3.580   -7.374  109.579    3.442  146.528    1608095985621
01    11.219   -2.895   -6.544   97.883   14.157 -123.958    1608095985637
02     9.995   -3.428   -7.302  109.932    1.176  144.349    1608095985637
01    11.212   -2.847   -6.551   98.597   13.719 -124.337    1608095985652
02    10.034   -3.345   -7.266  110.209    0.215  142.768    1608095985652
01    11.214   -2.828   -6.556   98.652   13.583 -124.518    1608095985684
02    10.067   -3.313   -7.251  110.370   -0.122  141.672    1608095985684
01    11.225   -2.807   -6.566   98.838   13.668 -124.774    1608095985699
02    10.105   -3.283   -7.247  110.716   -0.164  140.793    1608095985699
01    11.239   -2.786   -6.595   98.986   14.022 -124.980    1608095985715
02    10.141   -3.262   -7.261  110.961    0.077  140.373    1608095985715
01    11.269   -2.751   -6.636   99.027   14.607 -125.156    1608095985730
02    10.185   -3.232   -7.283  111.029    0.698  140.316    1608095985730
01    11.308   -2.737   -6.684   98.487   15.455 -125.096    1608095985746
02    10.226   -3.222   -7.317  110.708    1.790  140.961    1608095985746
01    11.356   -2.751   -6.714   97.527   16.206 -125.219    1608095985762
02    10.267   -3.206   -7.365  110.701    3.522  141.958    1608095985762
01    11.404   -2.761   -6.740   96.051   16.233 -125.543    1608095985777
02    10.255   -3.197   -7.498  111.394    5.983  143.578    1608095985777
01    11.491   -2.708   -6.746   93.578   14.739 -126.875    1608095985793
02    10.176   -3.211   -7.747  114.184   10.671  145.330    1608095985793
01    11.680   -2.571   -6.690   89.898   12.219 -128.933    1608095985809
02     9.952   -3.326   -8.237  119.570   17.417  148.844    1608095985809
01    11.972   -2.478   -6.522   83.717    8.750 -131.475    1608095985824
02     9.633   -3.902   -8.928  131.241   30.961  157.770    1608095985824
01    12.256   -2.413   -6.336   76.840    4.586 -132.769    1608095985840
02     9.537   -4.798   -9.246  148.745   46.262  173.437    1608095985840
01    12.476   -2.360   -6.237   71.911    2.345 -132.716    1608095985855
02     9.619   -5.599   -9.254  173.078   56.630 -164.407    1608095985855
01    12.619   -2.393   -6.269   68.344    2.967 -132.036    1608095985871
02     9.741   -6.021   -9.173 -167.903   60.165 -146.360    1608095985871
01    12.707   -2.525   -6.281   64.858    4.117 -131.632    1608095985887
02     9.779   -6.275   -9.103 -158.617   60.458 -136.352    1608095985887
01    12.759   -2.626   -6.232   62.134    4.164 -131.681    1608095985902
02     9.794   -6.471   -9.045 -150.308   59.329 -128.043    1608095985902
01    12.769   -2.678   -6.187   60.834    3.634 -131.642    1608095985934
02     9.862   -6.623   -8.987 -142.174   58.479 -120.733    1608095985934
01    12.761   -2.693   -6.157   60.506    3.062 -131.551    1608095985949
02     9.946   -6.719   -8.951 -136.161   58.281 -115.588    1608095985949
01    12.752   -2.690   -6.133   60.720    2.652 -131.588    1608095985965
02    10.017   -6.760   -8.929 -132.581   58.414 -112.722    1608095985965
01    12.742   -2.670   -6.135   61.157    2.567 -131.566    1608095985980
02    10.065   -6.763   -8.923 -131.147   58.676 -111.748    1608095985980
01    12.736   -2.659   -6.166   61.597    3.094 -131.537    1608095985996
02    10.090   -6.716   -8.949 -132.213   59.683 -112.827    1608095985996
01    12.720   -2.688   -6.194   61.796    3.935 -131.642    1608095986012
02    10.096   -6.586   -9.012 -136.287   61.871 -117.017    1608095986012
01    12.683   -2.722   -6.218   62.430    4.830 -131.673    1608095986027
02    10.096   -6.380   -9.080 -144.850   65.014 -125.243    1608095986027
01    12.616   -2.762   -6.243   63.679    5.972 -131.551    1608095986043
02    10.097   -6.133   -9.128 -158.307   68.050 -138.497    1608095986043
01    12.514   -2.811   -6.259   65.684    7.232 -131.283    1608095986059
02    10.144   -5.761   -9.108  177.616   70.064 -163.135    1608095986059
01    12.243   -2.992   -6.293   69.195    9.721 -130.643    1608095986074
02    10.270   -5.207   -8.729  142.675   65.860  162.773    1608095986074
01    11.883   -3.072   -6.366   78.218   13.570 -128.116    1608095986090
02    10.441   -4.860   -7.674  115.066   50.881  142.014    1608095986090
01    11.567   -3.068   -6.484   88.031   16.366 -125.370    1608095986105
02    10.156   -4.451   -7.348  105.525   18.232  147.248    1608095986105
01    11.352   -3.014   -6.579   93.436   16.383 -125.410    1608095986121
02    10.106   -3.842   -7.256  108.979    7.428  144.901    1608095986121
01    11.252   -2.993   -6.624   95.444   16.032 -125.312    1608095986137
02    10.002   -3.619   -7.309  110.712    3.567  144.874    1608095986137
01    11.247   -2.890   -6.659   96.297   15.363 -125.451    1608095986152
02    10.008   -3.466   -7.302  111.599    2.539  143.371    1608095986152
01    11.275   -2.874   -6.675   95.689   15.545 -125.784    1608095986184
02    10.037   -3.398   -7.311  111.464    2.533  142.476    1608095986184
01    11.306   -2.886   -6.680   94.989   15.848 -126.238    1608095986199
02    10.068   -3.381   -7.321  111.186    2.882  141.794    1608095986199
01    11.337   -2.877   -6.687   94.581   16.107 -126.751    1608095986215
02    10.111   -3.362   -7.321  111.085    3.292  141.165    1608095986215
01    11.366   -2.862   -6.702   94.245   16.316 -127.080    1608095986230
02    10.150   -3.345   -7.324  110.963    3.737  140.923    1608095986230
01    11.402   -2.825   -6.730   93.956   16.547 -127.229    1608095986246
02    10.188   -3.303   -7.342  110.859    4.217  141.121    1608095986246
01    11.444   -2.816   -6.761   93.293   17.166 -127.243    1608095986262
02    10.221   -3.280   -7.375  110.860    5.437  141.946    1608095986262
01    11.479   -2.849   -6.781   92.114   17.612 -127.249    1608095986277
02    10.233   -3.274   -7.455  111.450    7.564  143.181    1608095986277
